,iter,Gene,Raw,Normalized,Response
0,0,NSD1,0.36000000000000004,0.3139032,1
1,0,DICER1,0.24000000000000005,0.2774135000000001,1
2,0,BIRC6,0.13,0.12463539999999998,1
3,0,SDHC,0.43999999999999995,0.32694310000000004,1
4,0,TFG,0.15000000000000002,0.09913390000000001,1
5,0,MAP2K2,0.38,0.2728158,1
6,0,TFRC,-0.31999999999999995,-0.09691350000000001,1
7,0,CREB1,0.9200000000000006,0.8230308000000002,1
8,0,POLG,-0.01,-0.0028859000000000003,1
9,0,SETD2,0.6300000000000003,0.5885065,1
10,0,NAB2,-0.48,-0.14244079999999998,1
11,0,HIF1A,1.740000000000001,1.3258330999999999,1
12,0,FLCN,-0.030000000000000006,0.028391399999999997,1
13,0,MAP2K4,1.3877787807814457e-17,0.08673860000000001,1
14,0,CNOT3,0.07,0.0657788,1
15,0,CIITA,0.08,0.04916980000000001,1
16,0,LSM14A,0.15000000000000002,0.12920030000000002,1
17,0,AKAP9,-0.009999999999999995,0.03260999999999999,1
18,0,MSN,-0.35,-0.0919517,1
19,0,BCR,-0.04000000000000001,0.073017,1
20,0,TRRAP,0.060000000000000026,0.201868,1
21,0,PPP6C,-0.11,-0.043912900000000005,1
22,0,NCOA4,-0.08000000000000002,0.0007763999999999896,1
23,0,BCL9,0.18000000000000002,0.1478518,1
24,0,PRCC,0.06999999999999999,0.06539210000000001,1
25,0,LARP4B,0.02,0.0143014,1
26,0,CHD2,0.03,0.0276951,1
27,0,ASXL1,0.16999999999999996,0.30332309999999996,1
28,0,SMARCA4,2.060000000000001,1.6203043,1
29,0,ERC1,-0.019999999999999997,-0.014917199999999999,1
30,0,DCTN1,-0.010000000000000009,0.03859840000000001,1
31,0,PIK3R1,1.2700000000000007,1.0350303000000003,1
32,0,EED,0.06000000000000001,0.07376880000000001,1
33,0,CNBP,0.03,0.0205635,1
34,0,SGK1,0.54,0.3552267,1
35,0,MLLT10,-0.3400000000000001,-0.18727229999999997,1
36,0,BRD4,1.0200000000000002,0.9157350999999999,1
37,0,RANBP2,0.26,0.28164219999999995,1
38,0,FBXO11,0.07,0.0564104,1
39,0,PML,0.27,0.19822979999999998,1
40,0,AKT2,1.1500000000000006,0.8289318000000001,1
41,0,CEP89,0.05,0.034246500000000006,1
42,0,LZTR1,0.13,0.14356619999999998,1
43,0,YWHAE,0.3,0.19988850000000002,1
44,0,DNAJB1,-0.02,0.00021849999999999994,1
45,0,PRDM2,0.07,0.05675430000000001,1
46,0,TPM4,0.52,0.37032109999999996,1
47,0,CREBBP,2.050000000000001,1.7311897000000003,1
48,0,PMS2,0.7000000000000002,0.6232349,1
49,0,DDR2,0.03,0.016706700000000005,1
50,0,FANCA,0.4,0.3424324,1
51,0,PDE4DIP,0.08,0.0650782,1
52,0,USP8,-0.05000000000000001,-0.021184100000000004,1
53,0,MYH9,-0.43000000000000005,-0.08711290000000002,1
54,0,MYC,-1.2400000000000002,-0.1801616,1
55,0,NBN,0.6300000000000001,0.510766,1
56,0,CCND3,-0.16000000000000003,-0.019698100000000007,1
57,0,TRIP11,-0.09000000000000001,-0.0621635,1
58,0,CNTRL,-0.06,-0.04737209999999999,1
59,0,PIK3CA,0.9300000000000007,0.9020673000000002,1
60,0,DDX5,0.3000000000000001,0.2963210000000001,1
61,0,PICALM,0.02,0.018253400000000006,1
62,0,RARA,-0.22000000000000006,0.04402850000000001,1
63,0,DDX6,2.0816681711721685e-17,0.10924729999999996,1
64,0,COL1A1,0.22000000000000003,0.18437569999999998,1
65,0,VHL,0.24,0.17875180000000002,1
66,0,MAPK1,1.7600000000000011,1.2335966,1
67,0,SRC,0.4200000000000004,0.40372129999999995,1
68,0,NFE2L2,0.3699999999999999,0.27131140000000004,1
69,0,MITF,-0.20000000000000004,-0.0196627,1
70,0,SMAD3,1.1600000000000008,1.1547159000000002,1
71,0,RBM15,0.13,0.1134504,1
72,0,ATR,0.7500000000000003,0.6351982000000002,1
73,0,EPAS1,0.46,0.4328925,1
74,0,TPM3,0.18000000000000002,0.15946200000000005,1
75,0,RPL10,0.13,0.1374212,1
76,0,STAG1,0.18,0.1869366,1
77,0,SBDS,-0.05,-0.016680300000000002,1
78,0,KMT2D,1.0000000000000004,0.7914266000000001,1
79,0,MED12,0.39,0.3426844,1
80,0,BCLAF1,-0.019999999999999997,0.047048,1
81,0,ASPSCR1,0.019999999999999997,0.0174188,1
82,0,CDK12,0.5600000000000002,0.45401490000000005,1
83,0,EWSR1,0.11000000000000001,0.2501253,1
84,0,NDRG1,-0.020000000000000007,-0.0025302999999999975,1
85,0,PSIP1,0.07,0.07479279999999999,1
86,0,TRIM33,0.16,0.136154,1
87,0,MTOR,0.7600000000000002,0.6939910000000001,1
88,0,ARHGAP35,0.09999999999999999,0.11990649999999999,1
89,0,POT1,0.03,0.0293553,1
90,0,EXT1,0.11,0.0863038,1
91,0,IL6ST,0.34,0.2837244,1
92,0,IDH2,0.07000000000000002,0.11619610000000004,1
93,0,SMARCE1,0.41000000000000003,0.28673740000000003,1
94,0,CRTC3,0.09,0.07272039999999999,1
95,0,TSC1,0.24000000000000002,0.2870531,1
96,0,BCOR,-0.15000000000000002,0.023881,1
97,0,SDHA,0.22000000000000003,0.1887967,1
98,0,EP300,2.3500000000000005,2.0085153,1
99,0,HNRNPA2B1,0.48999999999999994,0.34128330000000007,1
100,0,CLIP1,-0.1,-0.0624738,1
101,0,PATZ1,-0.84,-0.1604112,1
102,0,FUBP1,-0.13999999999999999,0.00027050000000000164,1
103,0,HLA-A,-0.039999999999999994,0.0375446,1
104,0,CCNC,-0.44,-0.15340730000000002,1
105,0,RPN1,-0.14,-0.0522087,1
106,0,TCF7L2,0.05000000000000003,0.11897270000000001,1
107,0,CANT1,0.020000000000000004,0.019908499999999996,1
108,0,RPL5,-0.54,-0.1468807,1
109,0,CCDC6,0.08000000000000002,0.10193859999999999,1
110,0,NCKIPSD,-0.06,-0.018389299999999997,1
111,0,SMARCD1,0.42,0.3200646,1
112,0,BCL10,0.049999999999999996,0.0861976,1
113,0,MAX,0.04000000000000001,0.08664689999999999,1
114,0,HERPUD1,-0.06,-0.013338,1
115,0,RAC1,0.06999999999999999,0.15190770000000003,1
116,0,FLNA,0.14,0.1097747,1
117,0,TFE3,-0.8300000000000001,-0.2783957,1
118,0,NCOR2,0.6500000000000002,0.5398369999999999,1
119,0,PRPF40B,0.06,0.0374973,1
120,0,BCL3,-0.13,-0.027295000000000007,1
121,0,TFPT,-0.33999999999999997,-0.10836499999999999,1
122,0,MLH1,0.7000000000000002,0.6699462000000003,1
123,0,ARHGAP5,0.14,0.1199482,1
124,0,CIC,0.01,0.0069895,1
125,0,LYN,0.8,0.6009644000000001,1
126,0,TCF12,0.34,0.2758748,1
127,0,KLF6,0.04,0.027889499999999998,1
128,0,KMT2C,0.8100000000000003,0.7170563999999999,1
129,0,PIM1,-0.15000000000000002,-0.01442410000000001,1
130,0,CCND1,1.4000000000000008,0.8491806999999996,1
131,0,MLLT1,-1.49,-0.3387031,1
132,0,MEN1,0.04999999999999998,0.07629440000000001,1
133,0,CUL3,0.21000000000000002,0.20880400000000002,1
134,0,RB1,0.6700000000000002,0.5621781,1
135,0,LPP,-0.16000000000000003,-0.03182180000000001,1
136,0,BUB1B,-0.11000000000000001,-0.028129499999999995,1
137,0,SMAD4,1.580000000000001,1.3080824000000002,1
138,0,FGFR1,0.37999999999999995,0.30652130000000005,1
139,0,TMSB4X,0.04,0.0292092,1
140,0,CDK4,1.0600000000000005,0.7511925999999999,1
141,0,MSI2,0.01,0.0078127,1
142,0,MSH6,0.9900000000000004,0.8738780000000002,1
143,0,BRAF,1.2300000000000006,1.1068427000000003,1
144,0,TCEA1,-0.08,0.004150000000000008,1
145,0,TNFAIP3,0.16999999999999998,0.14066440000000002,1
146,0,RABEP1,0.010000000000000002,0.0077892,1
147,0,GMPS,-0.06,-0.03197889999999999,1
148,0,MDM2,1.1500000000000008,0.9128699000000001,1
149,0,NSD2,0.24999999999999997,0.20061610000000002,1
150,0,CASP8,-0.36000000000000004,0.06563829999999998,1
151,0,PER1,-0.24,-0.06762580000000001,1
152,0,UBR5,0.049999999999999996,0.05542699999999998,1
153,0,EIF3E,0.020000000000000004,0.07245170000000001,1
154,0,RFWD3,0.04,0.0393502,1
155,0,BRD3,0.15,0.107326,1
156,0,PAFAH1B2,0.03,0.027642899999999998,1
157,0,EXT2,0.009999999999999995,0.019204799999999994,1
158,0,PLCG1,0.41,0.3809092,1
159,0,SF3B1,-0.7000000000000001,-0.3446709,1
160,0,ARHGEF10L,0.04,0.0217284,1
161,0,NFATC2,0.27,0.1943069,1
162,0,SDHD,0.29000000000000004,0.20308770000000004,1
163,0,PABPC1,-0.79,-0.20362750000000002,1
164,0,POLD1,-0.41,-0.07857890000000001,1
165,0,CALR,0.04,0.08629200000000001,1
166,0,PIK3CB,0.6000000000000001,0.5140719,1
167,0,PPM1D,0.32000000000000006,0.2535307,1
168,0,ATRX,1.2000000000000006,1.0426206000000002,1
169,0,DGCR8,0.21,0.1617251,1
170,0,DDX10,0.16999999999999998,0.13721,1
171,0,DROSHA,0.5700000000000002,0.45595240000000004,1
172,0,TNFRSF14,-0.19,-0.0623444,1
173,0,BCL9L,0.17,0.1269711,1
174,0,QKI,0.05,0.0381044,1
175,0,BAZ1A,0.0,0.0,1
176,0,CHD4,0.44999999999999996,0.37270030000000004,1
177,0,NSD3,0.1,0.1089527,1
178,0,NT5C2,0.17,0.09708420000000001,1
179,0,CCNB1IP1,0.13,0.0607185,1
180,0,PCBP1,-1.09,-0.29968490000000003,1
181,0,RALGDS,-0.09000000000000001,0.02075519999999999,1
182,0,ARHGEF12,-1.3877787807814457e-17,0.03295799999999999,1
183,0,HSP90AB1,1.550000000000001,1.0379084999999997,1
184,0,FOXO3,1.4400000000000008,1.0692173999999999,1
185,0,HIP1,-0.01,-0.005070599999999999,1
186,0,CDC73,0.03,0.0694476,1
187,0,NIN,-0.03,-0.016628099999999996,1
188,0,MDM4,0.10000000000000002,0.17819480000000001,1
189,0,COL3A1,0.22,0.1778616,1
190,0,CTNND1,0.11,0.157602,1
191,0,SPOP,0.15999999999999998,0.13250869999999998,1
192,0,TMEM127,-0.1,-0.0315538,1
193,0,CREB3L2,0.04000000000000001,0.027314400000000003,1
194,0,MSH2,0.9900000000000004,0.8611789999999999,1
195,0,FNBP1,0.009999999999999998,0.021884900000000002,1
196,0,ATF1,0.13,0.0824138,1
197,0,EIF1AX,-0.5700000000000001,-0.1821318,1
198,0,PMS1,0.48000000000000004,0.3737136,1
199,0,DEK,0.19999999999999998,0.16535880000000003,1
200,0,ERBB2,0.9000000000000004,0.6019238999999998,1
201,0,AKT1,0.49,0.43516010000000005,1
202,0,CHEK2,0.6000000000000001,0.6637539999999998,1
203,0,SDHB,0.43000000000000005,0.30185169999999995,1
204,0,NCOA1,0.43,0.3534878,1
205,0,CHIC2,0.09,0.0603091,1
206,0,RUNX1,0.10999999999999999,0.5684328999999998,1
207,0,STAT6,0.42000000000000004,0.36306730000000004,1
208,0,FH,-0.04000000000000001,0.008037199999999987,1
209,0,AKT3,1.1400000000000003,0.835452,1
210,0,GNAS,0.42000000000000004,0.30366799999999994,1
211,0,CTNNB1,1.630000000000001,1.1647864,1
212,0,NONO,0.38,0.3221643,1
213,0,SMARCB1,1.1200000000000003,0.8901788999999999,1
214,0,PRKAR1A,0.18000000000000002,0.2006217,1
215,0,ITGAV,-0.029999999999999992,0.03510860000000001,1
216,0,SS18,0.4,0.2734584,1
217,0,MAP2K1,1.0400000000000005,0.6431559000000001,1
218,0,SIRPA,-0.13,-0.036269499999999996,1
219,0,PPFIBP1,0.4,0.3005409,1
220,0,RPL22,-0.14999999999999997,0.1036755,1
221,0,CYLD,0.34,0.2743073,1
222,0,ARID1B,0.8700000000000001,0.6742476,1
223,0,SETDB1,0.37,0.27240169999999997,1
224,0,AFDN,-0.26999999999999996,-0.048697499999999984,1
225,0,ZRSR2,-0.13,-0.08791639999999998,1
226,0,PBRM1,1.0200000000000005,0.7773821999999997,1
227,0,XPC,0.51,0.3181646,1
228,0,ASXL2,0.26,0.19308690000000003,1
229,0,TRIM24,-0.18,-0.008252200000000005,1
230,0,SFPQ,-0.4700000000000001,-0.1653805,1
231,0,NCOA2,0.6100000000000001,0.49634860000000003,1
232,0,FOXO4,0.37,0.22589450000000005,1
233,0,LEF1,0.20999999999999996,0.17094839999999997,1
234,0,B2M,-0.51,-0.18960870000000002,1
235,0,DDIT3,-0.37,-0.0970489,1
236,0,BCL6,0.44999999999999996,0.3476909999999999,1
237,0,KRAS,-0.28,0.09881390000000001,1
238,0,FAT1,0.11,0.0853957,1
239,0,ABL2,0.030000000000000006,0.0514925,1
240,0,NF1,1.3700000000000008,1.1350227,1
241,0,BTG1,-0.06,-0.0249618,1
242,0,EIF4A2,0.12999999999999998,0.0762704,1
243,0,SET,0.17,0.1406765,1
244,0,EPS15,0.09,0.0778675,1
245,0,RNF213,0.05,0.044190799999999995,1
246,0,CTCF,1.0200000000000002,0.7061428,1
247,0,WDCP,0.24000000000000002,0.15844520000000006,1
248,0,KAT7,0.16,0.1300802,1
249,0,KDM5C,0.2,0.2001438,1
250,0,TGFBR2,0.20999999999999994,0.1701168,1
251,0,ATM,1.1100000000000008,1.1089197000000002,1
252,0,NUMA1,-0.020000000000000007,0.012505299999999995,1
253,0,STAT3,0.7900000000000005,0.8416049,1
254,0,SUB1,-0.07,-0.031669,1
255,0,NUP98,0.2299999999999999,0.22467289999999998,1
256,0,ELL,0.07,0.0387107,1
257,0,MAP3K1,0.37,0.31178410000000006,1
258,0,MALT1,0.09,0.1350673,1
259,0,XPO1,0.5800000000000003,0.4798145000000001,1
260,0,SETD1B,0.27,0.2065481,1
261,0,ETV6,-0.09999999999999999,-0.010981700000000002,1
262,0,TBL1XR1,0.23,0.15960729999999998,1
263,0,NUP214,-0.09,0.14801279999999997,1
264,0,TPR,0.09999999999999999,0.11137330000000001,1
265,0,ATIC,0.21,0.18001270000000005,1
266,0,NACA,0.2,0.12295050000000002,1
267,0,MYO5A,0.02,0.0165147,1
268,0,SMC1A,0.30999999999999994,0.4353270000000001,1
269,0,LASP1,-0.23000000000000004,-0.12344420000000002,1
270,0,ERCC5,0.45000000000000007,0.28855129999999996,1
271,0,JUN,-0.7499999999999996,-0.003931100000000003,1
272,0,THRAP3,0.11,0.08638820000000001,1
273,0,STAG2,0.21,0.28681770000000006,1
274,0,RAF1,0.56,0.5233544,1
275,0,ERCC3,0.5399999999999999,0.4773588000000001,1
276,0,SMAD2,0.4500000000000003,0.5323336,1
277,0,TAF15,0.23000000000000004,0.18910770000000002,1
278,0,ARNT,0.30000000000000004,0.28365580000000007,1
279,0,CLTC,-0.77,-0.30603379999999997,1
280,0,IKBKB,0.5100000000000001,0.47718350000000004,1
281,0,IDH1,-0.7000000000000002,-0.20603890000000005,1
282,0,SND1,0.030000000000000006,0.0281192,1
283,0,KNSTRN,0.02,0.0155714,1
284,0,RHOA,-3.410000000000001,-0.7441941000000001,1
285,0,PALB2,0.6100000000000001,0.5552927000000001,1
286,0,ARID2,0.8700000000000001,0.6754574999999998,1
287,0,EZR,-0.03999999999999999,-0.002275600000000013,1
288,0,TP53,0.3400000000000003,0.5890631999999999,1
289,0,ARAF,0.33000000000000007,0.18813820000000003,1
290,0,KIF5B,0.5700000000000001,0.4331,1
291,0,KAT6A,0.18,0.2109017,1
292,0,KTN1,-0.060000000000000005,-0.005151900000000003,1
293,0,GOLGA5,-0.08,-0.05138909999999999,1
294,0,KDM5A,0.27,0.25911049999999997,1
295,0,RAD21,0.6100000000000001,0.4953534,1
296,0,GNAQ,0.38,0.2779606,1
297,0,CAMTA1,0.08,0.058097,1
298,0,ERCC2,0.66,0.5135103,1
299,0,EZH2,1.500000000000001,1.2244698999999999,1
300,0,TOP1,0.33,0.25850710000000005,1
301,0,SRSF3,-0.39999999999999997,-0.10838800000000001,1
302,0,NPM1,0.3800000000000001,0.3191065999999999,1
303,0,BAX,-0.75,-0.1546592,1
304,0,NOTCH2,0.3,0.25590860000000004,1
305,0,TRAF7,0.02,0.013888600000000001,1
306,0,KDM6A,0.8200000000000003,0.8418904,1
307,0,SPEN,0.13999999999999999,0.1119521,1
308,0,TRIM27,-0.53,-0.16175549999999997,1
309,0,CRTC1,0.15000000000000002,0.1146922,1
310,0,EML4,0.4099999999999999,0.38534359999999995,1
311,0,USP9X,0.05,0.038167999999999994,1
312,0,PTPRK,0.0,0.0,1
313,0,CD74,-0.19,0.006600799999999997,1
314,0,CBL,0.6600000000000001,0.5681478999999999,1
315,0,ZNF384,0.03,0.0237307,1
316,0,NOTCH1,1.0700000000000005,0.8270784999999999,1
317,0,COX6C,-0.19,-0.05593670000000001,1
318,0,CHCHD7,0.03,0.0201717,1
319,0,HMGA1,-0.009999999999999998,-0.0009274999999999995,1
320,0,PTEN,1.2500000000000009,1.1866225000000001,1
321,0,FIP1L1,-0.05,-0.009767699999999997,1
322,0,JAK1,0.8900000000000003,0.7307725999999999,1
323,0,ZMYM2,0.009999999999999998,0.0108948,1
324,0,SUZ12,0.7900000000000001,0.6154055999999999,1
325,0,FUS,-1.09,-0.16128730000000002,1
326,0,BAP1,-0.36000000000000004,-0.13338840000000002,1
327,0,ZCCHC8,-0.11,-0.0264847,1
328,0,CRNKL1,0.04,0.0318572,1
329,0,RAD17,0.22,0.15956320000000002,1
330,0,ATP1A1,0.03,0.0173179,1
331,0,DNMT3A,1.0600000000000003,0.8712879000000002,1
332,0,FBXW7,0.9500000000000002,0.8388618999999999,1
333,0,WWTR1,-0.08999999999999998,-0.020598300000000007,1
334,0,CDKN1B,0.3299999999999999,0.2687948,1
335,0,KMT2A,0.49,0.47065170000000006,1
336,0,PTPN11,1.2400000000000009,1.0107298,1
337,0,STAT5B,0.7700000000000002,0.6313895999999999,1
338,0,CUX1,-0.060000000000000005,-0.040216800000000004,1
339,0,ABI1,-0.26,-0.0687469,1
340,0,BRCA1,1.8200000000000012,1.5538645999999994,1
341,0,SH2B3,0.06,0.0340993,1
342,0,AFF4,-0.23999999999999996,-0.1207909,1
343,0,NF2,0.16,0.15769049999999998,1
344,0,LMNA,0.09000000000000001,0.06515460000000001,1
345,0,TSC2,0.8400000000000003,0.6791666999999999,1
346,0,GOLPH3,-0.09,-0.06083040000000001,1
347,0,PCM1,-0.030000000000000002,-0.0238836,1
348,0,PPP2R1A,-0.41999999999999993,-0.0917496,1
349,0,ARID1A,1.750000000000001,1.4243327999999997,1
350,0,ABL1,-0.11999999999999995,0.09840850000000008,1
351,0,AFF1,0.09,0.10186569999999999,1
352,0,DAXX,-0.30000000000000004,-0.0594576,1
353,0,CBFB,0.049999999999999975,0.11916659999999998,1
354,0,CBLB,0.18,0.1538586,1
355,0,POLR2A,-0.46,0.0380777,1
356,0,PRKACA,0.20000000000000007,0.2473501999999999,1
357,0,DNM2,-0.12000000000000001,-0.050213299999999995,1
358,0,RAP1GDS1,0.04000000000000002,0.04591780000000001,1
359,0,NCOR1,0.8000000000000002,0.8453040000000002,1
360,0,NFKBIE,-0.35,-0.09737010000000001,1
361,0,DDX3X,0.32,0.2791123,1
362,0,ELK4,0.02,0.0159198,1
363,0,MLLT6,0.019999999999999997,0.027131199999999994,1
364,0,SRSF2,-3.33,-0.7219508,1
365,0,CTNNA1,0.17,0.1367823,1
366,0,RBM10,0.15000000000000002,0.1139507,1
367,0,PTPRC,-0.13000000000000006,0.06588719999999999,1
368,0,HSP90AA1,1.3900000000000006,1.0016627999999999,1
369,0,NSD1,0.24,0.1956428,0
370,0,DICER1,0.23999999999999996,0.23738499999999998,0
371,0,BIRC6,0.08,0.0662533,0
372,0,SDHC,0.25,0.18081719999999998,0
373,0,TFG,0.34,0.196855,0
374,0,MAP2K2,0.26,0.20929300000000003,0
375,0,TFRC,-0.27999999999999997,-0.13398249999999998,0
376,0,CREB1,0.8300000000000005,0.6286016,0
377,0,POLG,0.02,0.0079766,0
378,0,SETD2,0.7100000000000002,0.5881888999999998,0
379,0,NAB2,-0.38,-0.1205238,0
380,0,HIF1A,1.6100000000000008,1.1529100999999995,0
381,0,FLCN,0.03,0.029350600000000004,0
382,0,MAP2K4,-0.039999999999999994,0.061036499999999994,0
383,0,CNOT3,-0.030000000000000002,-0.006275300000000001,0
384,0,CIITA,0.09000000000000001,0.05665440000000001,0
385,0,LSM14A,0.09,0.0777833,0
386,0,AKAP9,-0.1,-0.030543700000000003,0
387,0,MSN,-0.28,-0.06054320000000002,0
388,0,BCR,0.05999999999999999,0.05734020000000001,0
389,0,TRRAP,0.01000000000000003,0.13046600000000003,0
390,0,PPP6C,-0.15000000000000002,-0.0772989,0
391,0,NCOA4,-0.15,-0.08502780000000001,0
392,0,BCL9,0.14,0.11029279999999998,0
393,0,PRCC,0.03000000000000001,0.0253986,0
394,0,LARP4B,0.0,0.0,0
395,0,CHD2,0.01,0.0074999,0
396,0,ASXL1,0.5299999999999999,0.47508940000000005,0
397,0,SMARCA4,1.3100000000000007,0.9786841000000003,0
398,0,ERC1,-0.02,-0.015423000000000001,0
399,0,DCTN1,-0.30999999999999994,-0.1399573,0
400,0,PIK3R1,1.3300000000000007,0.9577848,0
401,0,EED,-0.04000000000000001,0.02621319999999998,0
402,0,CNBP,0.01,0.0053078000000000005,0
403,0,SGK1,0.26,0.15155970000000002,0
404,0,MLLT10,-0.15,-0.0640317,0
405,0,BRD4,0.9500000000000005,0.7240392999999999,0
406,0,RANBP2,0.17,0.19869989999999998,0
407,0,FBXO11,0.05,0.0388785,0
408,0,PML,0.4,0.28956239999999994,0
409,0,AKT2,0.9900000000000003,0.6706607,0
410,0,CEP89,0.07,0.0439359,0
411,0,LZTR1,0.06,0.0710485,0
412,0,YWHAE,0.26,0.1684696,0
413,0,DNAJB1,-0.05,-0.0072569,0
414,0,PRDM2,0.02,0.0151219,0
415,0,TPM4,0.44,0.2855921,0
416,0,CREBBP,1.7900000000000011,1.4410907,0
417,0,PMS2,0.6800000000000002,0.5957081,0
418,0,DDR2,0.049999999999999996,0.0310461,0
419,0,FANCA,0.36,0.2856084,0
420,0,PDE4DIP,0.05,0.0332821,0
421,0,USP8,-0.09,-0.044303499999999996,0
422,0,MYH9,-0.23,-0.032324000000000006,0
423,0,MYC,-1.0000000000000002,-0.3803240000000001,0
424,0,NBN,0.52,0.39426310000000003,0
425,0,CCND3,-0.12000000000000001,-0.011678599999999999,0
426,0,TRIP11,-0.12,-0.0819759,0
427,0,CNTRL,-0.09000000000000001,-0.06030010000000001,0
428,0,PIK3CA,1.550000000000001,1.1332705,0
429,0,DDX5,0.33999999999999997,0.28277340000000006,0
430,0,PICALM,3.469446951953614e-18,0.0036482000000000042,0
431,0,RARA,0.49,0.3411411000000001,0
432,0,DDX6,-0.030000000000000002,0.06900999999999999,0
433,0,COL1A1,0.09999999999999999,0.1065126,0
434,0,VHL,0.16999999999999996,0.1263823,0
435,0,MAPK1,1.540000000000001,0.9834419,0
436,0,SRC,-0.6299999999999999,-0.018408000000000008,0
437,0,NFE2L2,0.23,0.16217090000000003,0
438,0,MITF,-0.29,-0.0677008,0
439,0,SMAD3,1.2100000000000009,0.9289691000000002,0
440,0,RBM15,0.060000000000000005,0.0558976,0
441,0,ATR,0.6600000000000001,0.5444883,0
442,0,EPAS1,0.38999999999999996,0.34014189999999994,0
443,0,TPM3,0.19,0.13321760000000005,0
444,0,RPL10,0.12000000000000001,0.11082890000000001,0
445,0,STAG1,0.13,0.1274057,0
446,0,SBDS,-0.05,-0.0184459,0
447,0,KMT2D,0.9200000000000004,0.6790662000000001,0
448,0,MED12,0.28,0.22557410000000003,0
449,0,BCLAF1,-0.020000000000000004,0.027433600000000006,0
450,0,ASPSCR1,-0.01,0.0047743,0
451,0,CDK12,0.33999999999999997,0.250712,0
452,0,EWSR1,0.43999999999999995,0.3429159,0
453,0,NDRG1,-0.039999999999999994,-0.013264200000000004,0
454,0,PSIP1,-0.15000000000000002,-0.0753953,0
455,0,TRIM33,0.029999999999999992,0.034686,0
456,0,MTOR,1.2700000000000007,0.9054565000000001,0
457,0,ARHGAP35,0.09999999999999999,0.1323951,0
458,0,POT1,-0.060000000000000005,-0.011721700000000002,0
459,0,EXT1,0.1,0.061746,0
460,0,IL6ST,0.27,0.21090970000000003,0
461,0,IDH2,-0.03,0.030302799999999998,0
462,0,SMARCE1,0.46,0.29497719999999994,0
463,0,CRTC3,0.09,0.0681821,0
464,0,TSC1,0.33999999999999997,0.28704330000000006,0
465,0,BCOR,-0.16999999999999998,-0.014926699999999998,0
466,0,SDHA,0.23,0.1346599,0
467,0,EP300,1.6000000000000012,1.2604881,0
468,0,HNRNPA2B1,0.14,0.15618559999999998,0
469,0,CLIP1,-0.09999999999999999,-0.051902500000000004,0
470,0,PATZ1,-0.5,-0.13302000000000003,0
471,0,FUBP1,-0.16,-0.011739999999999999,0
472,0,HLA-A,-0.19,-0.005891899999999992,0
473,0,CCNC,-0.07,-0.0257004,0
474,0,RPN1,-0.27,-0.07425509999999999,0
475,0,TCF7L2,0.05999999999999996,0.09115720000000002,0
476,0,CANT1,0.09000000000000001,0.05361770000000001,0
477,0,RPL5,-0.59,-0.15784469999999998,0
478,0,CCDC6,-0.030000000000000013,0.042444,0
479,0,NCKIPSD,0.03,0.016629,0
480,0,SMARCD1,0.47,0.33651240000000004,0
481,0,BCL10,-0.009999999999999995,0.0223793,0
482,0,MAX,0.019999999999999997,0.0249766,0
483,0,HERPUD1,0.0,0.0,0
484,0,RAC1,-0.010000000000000002,0.0857301,0
485,0,FLNA,0.08,0.08660470000000002,0
486,0,TFE3,-0.43000000000000005,-0.1845849,0
487,0,NCOR2,0.7500000000000002,0.5581778,0
488,0,PRPF40B,-0.05,-0.025497899999999997,0
489,0,BCL3,-0.06,-0.017472699999999997,0
490,0,TFPT,-0.27999999999999997,-0.09356279999999999,0
491,0,MLH1,0.8700000000000001,0.7169398000000001,0
492,0,ARHGAP5,0.11,0.1035801,0
493,0,CIC,0.01,0.0071695,0
494,0,LYN,0.8400000000000003,0.6005732,0
495,0,TCF12,0.26999999999999996,0.2047482,0
496,0,KLF6,0.04,0.0239341,0
497,0,KMT2C,1.0100000000000002,0.7814120999999999,0
498,0,PIM1,-0.12000000000000002,-0.03322949999999999,0
499,0,CCND1,1.5000000000000009,0.9343047,0
500,0,MLLT1,-1.01,-0.306219,0
501,0,MEN1,-0.04000000000000001,0.004364600000000003,0
502,0,CUL3,0.16,0.1466249,0
503,0,RB1,0.6700000000000002,0.5075692,0
504,0,LPP,-0.05999999999999999,-0.015595699999999997,0
505,0,BUB1B,-0.15999999999999998,-0.0823237,0
506,0,SMAD4,1.3800000000000008,1.0269099999999998,0
507,0,FGFR1,0.22000000000000003,0.15852380000000002,0
508,0,TMSB4X,0.04,0.0311512,0
509,0,CDK4,0.48,0.33306300000000005,0
510,0,MSI2,0.01,0.007301,0
511,0,MSH6,0.9100000000000005,0.7168325999999997,0
512,0,BRAF,1.0400000000000005,0.9070138999999999,0
513,0,TCEA1,-0.10999999999999999,-0.019169199999999997,0
514,0,TNFAIP3,0.14,0.1259385,0
515,0,RABEP1,0.0,-0.0025035000000000023,0
516,0,GMPS,-0.06,-0.03761340000000001,0
517,0,MDM2,1.2500000000000007,0.8513717999999997,0
518,0,NSD2,0.16999999999999998,0.12106669999999999,0
519,0,CASP8,-0.04000000000000001,0.1631215,0
520,0,PER1,-0.19,-0.05287089999999999,0
521,0,UBR5,-0.05000000000000001,-0.020885099999999997,0
522,0,EIF3E,-0.05,0.060398600000000024,0
523,0,RFWD3,0.020000000000000004,0.024799700000000004,0
524,0,BRD3,0.09999999999999998,0.0922139,0
525,0,PAFAH1B2,0.02,0.016433800000000002,0
526,0,EXT2,0.010000000000000009,0.003687900000000001,0
527,0,PLCG1,0.54,0.3851613,0
528,0,SF3B1,-0.28,-0.11693889999999998,0
529,0,ARHGEF10L,0.02,0.0106888,0
530,0,NFATC2,0.2,0.14177959999999998,0
531,0,SDHD,0.24000000000000002,0.13994579999999998,0
532,0,PABPC1,-1.01,-0.23797549999999998,0
533,0,POLD1,-0.29,-0.059990600000000005,0
534,0,CALR,0.04999999999999999,0.0395405,0
535,0,PIK3CB,0.44000000000000006,0.4084943,0
536,0,PPM1D,0.17,0.1328029,0
537,0,ATRX,0.9400000000000005,0.7476863999999999,0
538,0,DGCR8,0.15,0.0949561,0
539,0,DDX10,0.14,0.0954758,0
540,0,DROSHA,0.41000000000000003,0.29628,0
541,0,TNFRSF14,-0.13,-0.0477204,0
542,0,BCL9L,0.14,0.10285249999999999,0
543,0,QKI,-0.06,-0.038056900000000005,0
544,0,BAZ1A,0.01,0.0070253,0
545,0,CHD4,0.12999999999999998,0.1271816,0
546,0,NSD3,0.060000000000000005,0.05686839999999999,0
547,0,NT5C2,0.16,0.09208820000000001,0
548,0,CCNB1IP1,0.11000000000000001,0.0509188,0
549,0,PCBP1,-0.78,-0.2346949,0
550,0,RALGDS,0.13,0.09858230000000001,0
551,0,ARHGEF12,-0.030000000000000006,0.0029350999999999995,0
552,0,HSP90AB1,1.0200000000000005,0.7113216000000001,0
553,0,FOXO3,1.3200000000000005,0.9236463999999999,0
554,0,HIP1,-0.02,-0.012733000000000001,0
555,0,CDC73,-0.15,-0.023969699999999997,0
556,0,NIN,0.03,0.021496699999999997,0
557,0,MDM4,0.12000000000000001,0.1577942,0
558,0,COL3A1,0.15,0.1319188,0
559,0,CTNND1,0.12000000000000001,0.13754660000000002,0
560,0,SPOP,0.009999999999999998,0.0313622,0
561,0,TMEM127,0.08,0.06520519999999999,0
562,0,CREB3L2,0.09999999999999999,0.061840599999999996,0
563,0,MSH2,0.9300000000000004,0.7085916999999998,0
564,0,FNBP1,0.01,0.012511699999999999,0
565,0,ATF1,0.030000000000000006,0.02144930000000001,0
566,0,EIF1AX,-0.47,-0.22131389999999998,0
567,0,PMS1,0.49000000000000005,0.3711272,0
568,0,DEK,0.11000000000000001,0.1085493,0
569,0,ERBB2,1.0400000000000005,0.6799798000000001,0
570,0,AKT1,1.0800000000000005,0.6819879,0
571,0,CHEK2,0.2700000000000001,0.3076506,0
572,0,SDHB,0.37999999999999995,0.2398025,0
573,0,NCOA1,0.45,0.319679,0
574,0,CHIC2,0.060000000000000005,0.036116800000000004,0
575,0,RUNX1,0.42000000000000015,0.6359741,0
576,0,STAT6,0.27,0.18769750000000002,0
577,0,FH,-0.25,-0.09776839999999998,0
578,0,AKT3,1.0400000000000003,0.7134625,0
579,0,GNAS,0.21,0.1359441,0
580,0,CTNNB1,1.4800000000000009,0.9879190999999999,0
581,0,NONO,0.09,0.07160259999999999,0
582,0,SMARCB1,0.8700000000000003,0.6370382999999998,0
583,0,PRKAR1A,0.11,0.10030279999999998,0
584,0,ITGAV,0.02,0.029183900000000006,0
585,0,SS18,0.38,0.2476551,0
586,0,MAP2K1,1.0800000000000005,0.6824140000000001,0
587,0,SIRPA,0.0,0.00033799999999999976,0
588,0,PPFIBP1,0.38,0.2531133,0
589,0,RPL22,-0.25,0.083403,0
590,0,CYLD,0.30000000000000004,0.2371576,0
591,0,ARID1B,0.69,0.5124531999999999,0
592,0,SETDB1,0.3,0.2184019,0
593,0,AFDN,-0.33999999999999997,-0.11876990000000003,0
594,0,ZRSR2,0.30000000000000004,0.21963909999999998,0
595,0,PBRM1,0.9100000000000004,0.6619626999999999,0
596,0,XPC,0.5700000000000001,0.3768979,0
597,0,ASXL2,0.24000000000000002,0.1616706,0
598,0,TRIM24,-0.19,-0.07285319999999999,0
599,0,SFPQ,-0.05000000000000001,0.021783799999999985,0
600,0,NCOA2,0.52,0.36651330000000004,0
601,0,FOXO4,0.36000000000000004,0.24003080000000004,0
602,0,LEF1,0.10999999999999999,0.0944167,0
603,0,B2M,-0.5100000000000001,-0.1988608,0
604,0,DDIT3,-0.36,-0.09388969999999999,0
605,0,BCL6,0.6200000000000001,0.4421104,0
606,0,KRAS,-1.4300000000000006,-0.3836218999999999,0
607,0,FAT1,0.04,0.04014859999999999,0
608,0,ABL2,0.09000000000000001,0.06660750000000001,0
609,0,NF1,0.8000000000000004,0.6666861,0
610,0,BTG1,-0.03,-0.015607799999999998,0
611,0,EIF4A2,0.10999999999999999,0.09154640000000001,0
612,0,SET,0.17,0.14861199999999997,0
613,0,EPS15,0.03,0.030889600000000003,0
614,0,RNF213,0.04,0.0312716,0
615,0,CTCF,0.9400000000000004,0.685487,0
616,0,WDCP,0.07,0.05494879999999999,0
617,0,KAT7,0.11,0.08945140000000001,0
618,0,KDM5C,0.17,0.15209629999999996,0
619,0,TGFBR2,0.24000000000000002,0.18152630000000003,0
620,0,ATM,1.3900000000000008,1.1061042999999997,0
621,0,NUMA1,-0.019999999999999997,-0.0030580999999999985,0
622,0,STAT3,1.4100000000000008,1.1004117000000002,0
623,0,SUB1,-0.29000000000000004,-0.10268669999999999,0
624,0,NUP98,0.10000000000000002,0.1171626,0
625,0,ELL,0.009999999999999998,0.0171123,0
626,0,MAP3K1,0.39999999999999997,0.32033069999999997,0
627,0,MALT1,0.12000000000000001,0.1411508,0
628,0,XPO1,0.32000000000000006,0.26554490000000003,0
629,0,SETD1B,0.16,0.11735290000000001,0
630,0,ETV6,-0.15000000000000002,-0.05081479999999999,0
631,0,TBL1XR1,0.19000000000000003,0.1259774,0
632,0,NUP214,-0.00999999999999999,0.0956943,0
633,0,TPR,0.09999999999999999,0.09654789999999999,0
634,0,ATIC,0.009999999999999992,0.027934799999999996,0
635,0,NACA,0.24,0.1645332,0
636,0,MYO5A,0.009999999999999998,0.008743299999999999,0
637,0,SMC1A,0.5600000000000002,0.4684421000000001,0
638,0,LASP1,-0.21000000000000002,-0.1209131,0
639,0,ERCC5,0.42999999999999994,0.2848452,0
640,0,JUN,0.09,0.21294670000000004,0
641,0,THRAP3,0.06999999999999999,0.05983670000000001,0
642,0,STAG2,0.44999999999999996,0.3652188,0
643,0,RAF1,1.1100000000000003,0.7835312,0
644,0,ERCC3,0.5599999999999999,0.44629260000000004,0
645,0,SMAD2,0.4800000000000001,0.46604530000000005,0
646,0,TAF15,0.16000000000000003,0.1363324,0
647,0,ARNT,0.30999999999999994,0.24738110000000002,0
648,0,CLTC,-0.52,-0.2829317,0
649,0,IKBKB,0.5200000000000002,0.43061189999999994,0
650,0,IDH1,-0.67,-0.19651280000000002,0
651,0,SND1,-0.04,-0.0220433,0
652,0,KNSTRN,0.03,0.0250518,0
653,0,RHOA,-1.4300000000000002,-0.37656020000000023,0
654,0,PALB2,0.5299999999999999,0.4688168,0
655,0,ARID2,0.76,0.5775264,0
656,0,EZR,-0.10000000000000002,-1.3799999999994372e-05,0
657,0,TP53,-1.2099999999999997,-0.2002184,0
658,0,ARAF,0.39,0.2218673,0
659,0,KIF5B,0.4499999999999999,0.32222700000000004,0
660,0,KAT6A,0.18999999999999997,0.18707370000000004,0
661,0,KTN1,-0.09999999999999999,-0.0304674,0
662,0,GOLGA5,-0.13,-0.08726380000000002,0
663,0,KDM5A,0.22999999999999998,0.20725269999999998,0
664,0,RAD21,0.46000000000000013,0.3496151,0
665,0,GNAQ,0.13999999999999999,0.0984509,0
666,0,CAMTA1,0.0,0.0006331000000000002,0
667,0,ERCC2,0.65,0.45201559999999996,0
668,0,EZH2,1.750000000000001,1.1251311,0
669,0,TOP1,0.13,0.10912990000000002,0
670,0,SRSF3,-0.2,-0.0578914,0
671,0,NPM1,-0.18,0.08658490000000003,0
672,0,BAX,-0.52,-0.1617846,0
673,0,NOTCH2,0.26,0.20720070000000002,0
674,0,TRAF7,0.04,0.0319288,0
675,0,KDM6A,0.8500000000000003,0.7137427000000001,0
676,0,SPEN,0.11,0.0838026,0
677,0,TRIM27,-0.47,-0.1637474,0
678,0,CRTC1,0.13,0.0988517,0
679,0,EML4,0.2900000000000001,0.23380439999999994,0
680,0,USP9X,-0.09,-0.0554168,0
681,0,PTPRK,0.01,0.007156200000000001,0
682,0,CD74,-0.22,-0.0416251,0
683,0,CBL,0.6200000000000001,0.46854070000000003,0
684,0,ZNF384,-0.08,-0.041607599999999995,0
685,0,NOTCH1,0.9700000000000004,0.705311,0
686,0,COX6C,-0.12,-0.050889199999999996,0
687,0,CHCHD7,0.03,0.020210699999999998,0
688,0,HMGA1,-0.14,-0.06321329999999999,0
689,0,PTEN,1.470000000000001,1.1986953,0
690,0,FIP1L1,-0.029999999999999992,-0.018102599999999986,0
691,0,JAK1,0.8100000000000003,0.6348758999999999,0
692,0,ZMYM2,-0.07,-0.047551399999999994,0
693,0,SUZ12,0.8400000000000003,0.6175021000000002,0
694,0,FUS,-0.12,0.13248509999999997,0
695,0,BAP1,-0.029999999999999992,0.011985599999999997,0
696,0,ZCCHC8,-0.07,-0.0211001,0
697,0,CRNKL1,-0.04,-0.0244032,0
698,0,RAD17,0.16999999999999998,0.1216352,0
699,0,ATP1A1,-0.019999999999999997,-0.009969099999999998,0
700,0,DNMT3A,0.8800000000000004,0.6601158,0
701,0,FBXW7,1.0600000000000005,0.8089279000000001,0
702,0,WWTR1,-0.049999999999999996,-0.025380299999999995,0
703,0,CDKN1B,0.6000000000000001,0.3807788,0
704,0,KMT2A,0.44000000000000006,0.3736866,0
705,0,PTPN11,0.9400000000000004,0.708901,0
706,0,STAT5B,0.6600000000000001,0.5043871000000001,0
707,0,CUX1,-0.12000000000000001,-0.08204260000000001,0
708,0,ABI1,-0.4,-0.13519179999999997,0
709,0,BRCA1,1.7000000000000013,1.3374229000000002,0
710,0,SH2B3,0.07,0.04824579999999999,0
711,0,AFF4,0.04999999999999999,0.052835599999999996,0
712,0,NF2,-0.009999999999999993,0.05481960000000001,0
713,0,LMNA,0.010000000000000004,0.030932800000000003,0
714,0,TSC2,0.5700000000000001,0.4679315,0
715,0,GOLPH3,-0.1,-0.0633528,0
716,0,PCM1,-0.06,-0.0391698,0
717,0,PPP2R1A,-0.48,-0.16301410000000002,0
718,0,ARID1A,1.8000000000000012,1.3102877000000004,0
719,0,ABL1,0.20999999999999996,0.20126020000000014,0
720,0,AFF1,0.21000000000000002,0.17652680000000004,0
721,0,DAXX,-0.27999999999999997,-0.07095889999999999,0
722,0,CBFB,0.11999999999999998,0.10279600000000001,0
723,0,CBLB,0.13,0.10267559999999999,0
724,0,POLR2A,0.09000000000000002,0.21207540000000003,0
725,0,PRKACA,0.28,0.22572509999999998,0
726,0,DNM2,-0.12000000000000001,-0.0496407,0
727,0,RAP1GDS1,-0.08,-0.027172300000000003,0
728,0,NCOR1,0.8700000000000002,0.7626903,0
729,0,NFKBIE,-0.26,-0.0901131,0
730,0,DDX3X,0.1,0.10513929999999999,0
731,0,ELK4,0.02,0.0143914,0
732,0,MLLT6,0.12000000000000001,0.09904140000000002,0
733,0,SRSF2,-1.3499999999999996,-0.37924669999999994,0
734,0,CTNNA1,0.1,0.0763233,0
735,0,RBM10,0.21,0.1474097,0
736,0,PTPRC,0.12,0.12366180000000002,0
737,0,HSP90AA1,1.1000000000000005,0.7301394000000003,0
738,1,NSD1,0.34,0.2973249,1
739,1,DICER1,0.24000000000000002,0.2695463,1
740,1,BIRC6,0.10999999999999999,0.10758850000000002,1
741,1,SDHC,0.37,0.29428810000000005,1
742,1,TFG,0.13,0.0844994,1
743,1,MAP2K2,0.35,0.23522690000000002,1
744,1,TFRC,-0.27,-0.08815790000000001,1
745,1,CREB1,0.8200000000000003,0.7438531,1
746,1,POLG,-0.01,-0.0028978,1
747,1,SETD2,0.5400000000000003,0.5154446,1
748,1,NAB2,-0.52,-0.15138839999999998,1
749,1,HIF1A,1.6400000000000008,1.2715484999999997,1
750,1,FLCN,-0.030000000000000006,0.028227100000000005,1
751,1,MAP2K4,0.11000000000000001,0.1454651,1
752,1,CNOT3,0.039999999999999994,0.0439725,1
753,1,CIITA,0.09000000000000001,0.0551198,1
754,1,LSM14A,0.14,0.114317,1
755,1,AKAP9,-0.08,0.014314800000000003,1
756,1,MSN,-0.13,-0.034793,1
757,1,BCR,-0.11,0.0322099,1
758,1,TRRAP,0.07000000000000006,0.19632319999999998,1
759,1,PPP6C,-0.13,-0.05621750000000001,1
760,1,NCOA4,-0.12,-0.0353854,1
761,1,BCL9,0.19,0.15818209999999996,1
762,1,PRCC,0.14,0.10020989999999999,1
763,1,LARP4B,0.02,0.014149400000000001,1
764,1,CHD2,0.02,0.0176942,1
765,1,ASXL1,0.42000000000000004,0.41415890000000005,1
766,1,SMARCA4,1.930000000000001,1.5112024999999993,1
767,1,ERC1,-0.03,-0.0226914,1
768,1,DCTN1,-6.938893903907228e-18,0.0346064,1
769,1,PIK3R1,1.0800000000000005,0.9194691000000002,1
770,1,EED,0.18,0.1344706,1
771,1,CNBP,0.02,0.012008399999999999,1
772,1,SGK1,0.5,0.347864,1
773,1,MLLT10,-0.17999999999999997,-0.094171,1
774,1,BRD4,0.9700000000000003,0.8504307999999996,1
775,1,RANBP2,0.26,0.2635121,1
776,1,FBXO11,0.06,0.0483234,1
777,1,PML,0.37,0.24061470000000001,1
778,1,AKT2,1.1900000000000006,0.871125,1
779,1,CEP89,0.05,0.0305145,1
780,1,LZTR1,0.14,0.1298535,1
781,1,YWHAE,0.3,0.1929057,1
782,1,DNAJB1,-0.039999999999999994,-0.008163399999999994,1
783,1,PRDM2,0.06,0.0488624,1
784,1,TPM4,0.53,0.37365260000000006,1
785,1,CREBBP,1.930000000000001,1.6030627,1
786,1,PMS2,0.76,0.6712084,1
787,1,DDR2,0.020000000000000004,0.014947800000000004,1
788,1,FANCA,0.39999999999999997,0.3362318,1
789,1,PDE4DIP,0.09,0.0721986,1
790,1,USP8,-0.030000000000000006,-0.012565200000000006,1
791,1,MYH9,-0.49,-0.12693539999999998,1
792,1,MYC,-1.6800000000000006,-0.3660384000000001,1
793,1,NBN,0.6200000000000001,0.5018381000000001,1
794,1,CCND3,-0.06,0.015365600000000004,1
795,1,TRIP11,-0.1,-0.0767671,1
796,1,CNTRL,-0.08,-0.062015299999999995,1
797,1,PIK3CA,1.1500000000000008,1.0326057000000006,1
798,1,DDX5,0.3799999999999999,0.3558372999999999,1
799,1,PICALM,3.469446951953614e-18,0.004534199999999999,1
800,1,RARA,-0.18000000000000002,0.0254946,1
801,1,DDX6,0.030000000000000013,0.1155775,1
802,1,COL1A1,0.26,0.2277608,1
803,1,VHL,0.24000000000000002,0.1733977,1
804,1,MAPK1,1.8500000000000012,1.3115246,1
805,1,SRC,-0.09999999999999996,0.20834429999999993,1
806,1,NFE2L2,0.32000000000000006,0.25956809999999997,1
807,1,MITF,-0.13,-0.0016782000000000047,1
808,1,SMAD3,1.3000000000000007,1.1976502999999998,1
809,1,RBM15,0.1,0.08622519999999999,1
810,1,ATR,0.7300000000000002,0.6034476000000001,1
811,1,EPAS1,0.37999999999999995,0.38233770000000006,1
812,1,TPM3,0.20000000000000007,0.1860629,1
813,1,RPL10,0.09000000000000001,0.10685940000000002,1
814,1,STAG1,0.1,0.1443971,1
815,1,SBDS,-0.06,-0.0198201,1
816,1,KMT2D,0.9700000000000004,0.7865576000000002,1
817,1,MED12,0.39,0.3434189,1
818,1,BCLAF1,-0.05,0.0221938,1
819,1,ASPSCR1,-0.020000000000000004,0.004304900000000004,1
820,1,CDK12,0.49,0.3893213,1
821,1,EWSR1,0.37,0.36016099999999995,1
822,1,NDRG1,3.469446951953614e-18,0.0139981,1
823,1,PSIP1,-0.010000000000000002,0.007024900000000004,1
824,1,TRIM33,0.12000000000000001,0.10436150000000001,1
825,1,MTOR,0.8600000000000003,0.7535836000000002,1
826,1,ARHGAP35,0.19,0.1622959,1
827,1,POT1,-0.01,0.006579999999999998,1
828,1,EXT1,0.1,0.07545500000000001,1
829,1,IL6ST,0.33,0.27808320000000003,1
830,1,IDH2,-0.18999999999999995,-0.04057649999999997,1
831,1,SMARCE1,0.46,0.3227485,1
832,1,CRTC3,0.09,0.0735471,1
833,1,TSC1,0.37,0.3335639,1
834,1,BCOR,-0.09,0.016263600000000003,1
835,1,SDHA,0.25999999999999995,0.19439640000000002,1
836,1,EP300,2.3600000000000008,1.9619614999999997,1
837,1,HNRNPA2B1,0.55,0.4067005,1
838,1,CLIP1,-0.15,-0.0827522,1
839,1,PATZ1,-0.6000000000000001,-0.1467315,1
840,1,FUBP1,-0.04,0.0328349,1
841,1,HLA-A,-0.04000000000000001,0.030527299999999983,1
842,1,CCNC,-0.25,-0.1064033,1
843,1,RPN1,-0.17,-0.06066910000000001,1
844,1,TCF7L2,0.030000000000000006,0.09101390000000001,1
845,1,CANT1,0.08000000000000002,0.04323880000000001,1
846,1,RPL5,-0.76,-0.2282887,1
847,1,CCDC6,0.01999999999999999,0.06582760000000003,1
848,1,NCKIPSD,-0.03,-0.010889999999999999,1
849,1,SMARCD1,0.41000000000000003,0.34433499999999995,1
850,1,BCL10,-0.030000000000000006,0.0424236,1
851,1,MAX,0.06000000000000002,0.079704,1
852,1,HERPUD1,0.0,0.0,1
853,1,RAC1,-0.12000000000000006,0.05670639999999999,1
854,1,FLNA,0.13,0.11132279999999999,1
855,1,TFE3,-0.6699999999999999,-0.2522563,1
856,1,NCOR2,0.6300000000000001,0.5409491,1
857,1,PRPF40B,0.02,0.0162692,1
858,1,BCL3,-0.20000000000000004,-0.04596720000000001,1
859,1,TFPT,-0.35,-0.1183091,1
860,1,MLH1,0.7700000000000002,0.7062925000000001,1
861,1,ARHGAP5,0.15,0.12896559999999999,1
862,1,CIC,0.0,0.0,1
863,1,LYN,0.7400000000000001,0.5581906,1
864,1,TCF12,0.33,0.2636807,1
865,1,KLF6,0.05,0.0338605,1
866,1,KMT2C,0.9800000000000004,0.8136378999999996,1
867,1,PIM1,-0.1,-0.011457100000000015,1
868,1,CCND1,1.0900000000000005,0.7338659999999999,1
869,1,MLLT1,-1.3900000000000001,-0.3603921,1
870,1,MEN1,-0.07,-0.002467900000000016,1
871,1,CUL3,0.07999999999999997,0.14047739999999997,1
872,1,RB1,0.7100000000000001,0.5556884999999999,1
873,1,LPP,-0.09,-0.022626,1
874,1,BUB1B,-0.16,-0.06084819999999999,1
875,1,SMAD4,1.620000000000001,1.3235340999999998,1
876,1,FGFR1,0.29,0.26646110000000006,1
877,1,TMSB4X,0.03,0.0220824,1
878,1,CDK4,1.0400000000000005,0.7338405,1
879,1,MSI2,0.01,0.0079091,1
880,1,MSH6,0.9900000000000004,0.8318956,1
881,1,BRAF,1.3000000000000007,1.1216384000000001,1
882,1,TCEA1,-0.15,-0.03023759999999999,1
883,1,TNFAIP3,0.19,0.1612602,1
884,1,RABEP1,-0.020000000000000004,-0.013812099999999997,1
885,1,GMPS,-0.09999999999999999,-0.03836930000000001,1
886,1,MDM2,1.1700000000000008,0.9100826999999999,1
887,1,NSD2,0.19999999999999998,0.1466762,1
888,1,CASP8,-0.23,0.0763043,1
889,1,PER1,-0.24,-0.0758435,1
890,1,UBR5,0.05,0.054228200000000004,1
891,1,EIF3E,-0.009999999999999988,0.04469410000000001,1
892,1,RFWD3,0.020000000000000004,0.0259658,1
893,1,BRD3,0.1,0.0752692,1
894,1,PAFAH1B2,0.03,0.027498899999999996,1
895,1,EXT2,0.03,0.0219904,1
896,1,PLCG1,0.53,0.43545150000000005,1
897,1,SF3B1,-0.52,-0.22804110000000002,1
898,1,ARHGEF10L,0.03,0.0143361,1
899,1,NFATC2,0.23,0.1733643,1
900,1,SDHD,0.26,0.20715610000000007,1
901,1,PABPC1,-0.81,-0.2000614,1
902,1,POLD1,-0.31999999999999995,-0.07120950000000001,1
903,1,CALR,-0.01999999999999999,0.05356460000000001,1
904,1,PIK3CB,0.7500000000000002,0.6113597000000001,1
905,1,PPM1D,0.26,0.20045370000000004,1
906,1,ATRX,0.9900000000000004,0.8398549000000002,1
907,1,DGCR8,0.18,0.1398191,1
908,1,DDX10,0.16,0.12214639999999999,1
909,1,DROSHA,0.5,0.394885,1
910,1,TNFRSF14,-0.16,-0.04573719999999999,1
911,1,BCL9L,0.14,0.107683,1
912,1,QKI,0.009999999999999998,0.0091832,1
913,1,BAZ1A,0.01,0.0075187000000000006,1
914,1,CHD4,0.43000000000000005,0.3579864000000001,1
915,1,NSD3,0.12,0.11716339999999999,1
916,1,NT5C2,0.16000000000000003,0.0962686,1
917,1,CCNB1IP1,0.15000000000000002,0.07049180000000001,1
918,1,PCBP1,-0.8799999999999999,-0.226066,1
919,1,RALGDS,-0.13,0.023716600000000004,1
920,1,ARHGEF12,-0.010000000000000009,0.023468399999999993,1
921,1,HSP90AB1,0.9300000000000004,0.6939549000000002,1
922,1,FOXO3,1.5000000000000009,1.1175508,1
923,1,HIP1,-0.02,-0.0127442,1
924,1,CDC73,0.07000000000000002,0.09175199999999999,1
925,1,NIN,-0.019999999999999993,-0.0139325,1
926,1,MDM4,0.14,0.17870179999999997,1
927,1,COL3A1,0.25,0.20896160000000003,1
928,1,CTNND1,0.11999999999999998,0.13938369999999997,1
929,1,SPOP,0.08,0.09507709999999998,1
930,1,TMEM127,0.12,0.06226330000000001,1
931,1,CREB3L2,0.16,0.10856410000000001,1
932,1,MSH2,0.9700000000000004,0.8236669,1
933,1,FNBP1,0.019999999999999997,0.0286091,1
934,1,ATF1,0.12,0.0882779,1
935,1,EIF1AX,-0.49000000000000005,-0.1954747,1
936,1,PMS1,0.52,0.4191443,1
937,1,DEK,0.16000000000000003,0.1367051,1
938,1,ERBB2,0.8200000000000003,0.5397565999999999,1
939,1,AKT1,0.8400000000000001,0.5864860999999998,1
940,1,CHEK2,0.6000000000000001,0.6264355000000001,1
941,1,SDHB,0.4,0.2949298,1
942,1,NCOA1,0.36,0.29566729999999997,1
943,1,CHIC2,0.08,0.0534912,1
944,1,RUNX1,0.07000000000000003,0.5565450000000001,1
945,1,STAT6,0.39,0.359195,1
946,1,FH,-0.06000000000000001,-0.00038909999999998945,1
947,1,AKT3,1.1700000000000006,0.8572145999999999,1
948,1,GNAS,0.38,0.2651651,1
949,1,CTNNB1,1.2800000000000007,0.9589372999999998,1
950,1,NONO,0.3500000000000001,0.2950173,1
951,1,SMARCB1,1.0200000000000005,0.7895262999999998,1
952,1,PRKAR1A,0.19,0.1825504,1
953,1,ITGAV,-0.05000000000000001,0.034242799999999976,1
954,1,SS18,0.42000000000000004,0.2998403,1
955,1,MAP2K1,0.9400000000000002,0.6195987999999999,1
956,1,SIRPA,-0.06,-0.013607399999999995,1
957,1,PPFIBP1,0.42,0.3127997,1
958,1,RPL22,-0.10999999999999999,0.10611920000000002,1
959,1,CYLD,0.33,0.26883819999999997,1
960,1,ARID1B,0.81,0.6322218,1
961,1,SETDB1,0.31,0.2312059,1
962,1,AFDN,-0.38,-0.1057453,1
963,1,ZRSR2,-0.04000000000000001,-0.024772900000000007,1
964,1,PBRM1,0.9900000000000004,0.7476763000000001,1
965,1,XPC,0.53,0.35576450000000004,1
966,1,ASXL2,0.27,0.1967457,1
967,1,TRIM24,-0.12000000000000001,-0.0111774,1
968,1,SFPQ,-0.30999999999999994,-0.04457339999999997,1
969,1,NCOA2,0.6300000000000001,0.5114993000000001,1
970,1,FOXO4,0.27,0.1881316,1
971,1,LEF1,0.21,0.18597830000000004,1
972,1,B2M,-0.2899999999999999,-0.12500270000000002,1
973,1,DDIT3,-0.32,-0.1164984,1
974,1,BCL6,0.21999999999999997,0.245808,1
975,1,KRAS,-0.06999999999999997,0.10381619999999998,1
976,1,FAT1,0.14,0.1107454,1
977,1,ABL2,0.11000000000000001,0.0830873,1
978,1,NF1,1.2900000000000007,1.0352164000000001,1
979,1,BTG1,-0.06,-0.0257376,1
980,1,EIF4A2,0.039999999999999994,0.0250918,1
981,1,SET,0.13,0.1085111,1
982,1,EPS15,0.1,0.0870206,1
983,1,RNF213,0.06,0.0513036,1
984,1,CTCF,0.9300000000000003,0.6479507999999999,1
985,1,WDCP,0.21,0.13545000000000004,1
986,1,KAT7,0.16999999999999998,0.14470350000000004,1
987,1,KDM5C,0.24000000000000002,0.2200516,1
988,1,TGFBR2,0.09000000000000001,0.17811819999999998,1
989,1,ATM,0.9000000000000006,0.9133121,1
990,1,NUMA1,0.030000000000000006,0.032862600000000006,1
991,1,STAT3,0.54,0.6849226999999997,1
992,1,SUB1,-0.15999999999999998,-0.0697204,1
993,1,NUP98,0.19999999999999998,0.20150599999999996,1
994,1,ELL,0.19000000000000003,0.095516,1
995,1,MAP3K1,0.3500000000000001,0.2965791,1
996,1,MALT1,0.11999999999999998,0.1528522,1
997,1,XPO1,0.47000000000000014,0.3847575,1
998,1,SETD1B,0.23,0.1818015,1
999,1,ETV6,-0.08000000000000002,-0.0014791000000000058,1
1000,1,TBL1XR1,0.21000000000000002,0.1516264,1
1001,1,NUP214,-0.03999999999999995,0.1401265,1
1002,1,TPR,0.09999999999999999,0.0857989,1
1003,1,ATIC,0.18000000000000002,0.1561943,1
1004,1,NACA,0.2,0.11247230000000001,1
1005,1,MYO5A,0.02,0.0143636,1
1006,1,SMC1A,0.32000000000000006,0.39947250000000006,1
1007,1,LASP1,-0.26,-0.12813180000000002,1
1008,1,ERCC5,0.4,0.25158110000000006,1
1009,1,JUN,-0.43999999999999984,0.040857799999999986,1
1010,1,THRAP3,0.049999999999999996,0.0417426,1
1011,1,STAG2,0.26000000000000006,0.2842969,1
1012,1,RAF1,0.7700000000000004,0.6115386,1
1013,1,ERCC3,0.55,0.4769991,1
1014,1,SMAD2,0.23000000000000015,0.4263936000000001,1
1015,1,TAF15,0.21000000000000002,0.178047,1
1016,1,ARNT,0.27,0.23620510000000003,1
1017,1,CLTC,-0.75,-0.35866030000000004,1
1018,1,IKBKB,0.53,0.48326940000000007,1
1019,1,IDH1,-0.5,-0.16301609999999997,1
1020,1,SND1,0.03,0.035739,1
1021,1,KNSTRN,0.02,0.015086599999999999,1
1022,1,RHOA,-3.4200000000000013,-0.7836451000000001,1
1023,1,PALB2,0.6600000000000001,0.5696705000000001,1
1024,1,ARID2,0.8300000000000001,0.6512242,1
1025,1,EZR,-0.19000000000000003,-0.05832539999999998,1
1026,1,TP53,-0.5599999999999997,0.11129049999999999,1
1027,1,ARAF,0.36000000000000004,0.20403759999999999,1
1028,1,KIF5B,0.5000000000000001,0.3788606,1
1029,1,KAT6A,0.20999999999999996,0.22689919999999997,1
1030,1,KTN1,-0.08,-0.010013700000000002,1
1031,1,GOLGA5,-0.08,-0.0558959,1
1032,1,KDM5A,0.28,0.2657546,1
1033,1,RAD21,0.5800000000000001,0.48340649999999996,1
1034,1,GNAQ,0.2899999999999999,0.22823150000000006,1
1035,1,CAMTA1,0.07,0.053698300000000004,1
1036,1,ERCC2,0.68,0.5201622,1
1037,1,EZH2,1.7000000000000013,1.2917493999999998,1
1038,1,TOP1,0.26,0.20963149999999994,1
1039,1,SRSF3,-0.23000000000000007,-0.031825800000000015,1
1040,1,NPM1,0.12000000000000005,0.1482482,1
1041,1,BAX,-0.76,-0.17050890000000002,1
1042,1,NOTCH2,0.3,0.2531659,1
1043,1,TRAF7,0.02,0.01494,1
1044,1,KDM6A,0.8100000000000003,0.8401865,1
1045,1,SPEN,0.13999999999999999,0.11043049999999999,1
1046,1,TRIM27,-0.43,-0.1457848,1
1047,1,CRTC1,0.16,0.12592740000000002,1
1048,1,EML4,0.30000000000000004,0.29369900000000004,1
1049,1,USP9X,-0.039999999999999994,-0.030422800000000003,1
1050,1,PTPRK,0.0,0.0,1
1051,1,CD74,-0.15999999999999998,-0.004608399999999999,1
1052,1,CBL,0.6100000000000001,0.5232394999999997,1
1053,1,ZNF384,0.03,0.0234601,1
1054,1,NOTCH1,1.2300000000000006,0.9136838,1
1055,1,COX6C,-0.14,-0.0451835,1
1056,1,CHCHD7,0.03,0.020279099999999998,1
1057,1,HMGA1,-0.1,-0.034749600000000005,1
1058,1,PTEN,1.2100000000000009,1.1307786000000004,1
1059,1,FIP1L1,-0.03,-0.0092117,1
1060,1,JAK1,0.8300000000000003,0.6958885,1
1061,1,ZMYM2,-0.009999999999999997,-0.005506799999999999,1
1062,1,SUZ12,0.7900000000000003,0.6192139,1
1063,1,FUS,-0.35000000000000003,0.07308069999999998,1
1064,1,BAP1,-0.34,-0.1421503,1
1065,1,ZCCHC8,-0.1,-0.024926000000000004,1
1066,1,CRNKL1,0.0,-0.0002621999999999989,1
1067,1,RAD17,0.17,0.1273164,1
1068,1,ATP1A1,0.019999999999999997,0.013586299999999999,1
1069,1,DNMT3A,1.0700000000000003,0.8750998999999998,1
1070,1,FBXW7,1.0000000000000004,0.8661786000000001,1
1071,1,WWTR1,-0.21,-0.08592300000000001,1
1072,1,CDKN1B,0.3600000000000001,0.27303160000000004,1
1073,1,KMT2A,0.37,0.39570349999999993,1
1074,1,PTPN11,1.0200000000000007,0.8453570000000002,1
1075,1,STAT5B,0.6400000000000002,0.5475282,1
1076,1,CUX1,-0.07,-0.0471185,1
1077,1,ABI1,-0.31000000000000005,-0.08868770000000001,1
1078,1,BRCA1,1.9200000000000015,1.5370359999999998,1
1079,1,SH2B3,0.09,0.0549401,1
1080,1,AFF4,-0.17,-0.07114109999999998,1
1081,1,NF2,0.12000000000000001,0.13135200000000002,1
1082,1,LMNA,0.09,0.06496760000000001,1
1083,1,TSC2,0.9100000000000001,0.7256459000000001,1
1084,1,GOLPH3,-0.07,-0.04764210000000001,1
1085,1,PCM1,-0.05,-0.038835800000000004,1
1086,1,PPP2R1A,-0.5700000000000001,-0.17497920000000003,1
1087,1,ARID1A,1.720000000000001,1.3711635,1
1088,1,ABL1,-0.11999999999999997,0.09294819999999993,1
1089,1,AFF1,0.11000000000000001,0.1192502,1
1090,1,DAXX,-0.49,-0.12972360000000002,1
1091,1,CBFB,0.13000000000000003,0.13928159999999998,1
1092,1,CBLB,0.17,0.1495409,1
1093,1,POLR2A,-0.31000000000000005,0.06935570000000002,1
1094,1,PRKACA,0.05000000000000016,0.2342421,1
1095,1,DNM2,-0.11000000000000001,-0.0454259,1
1096,1,RAP1GDS1,0.04000000000000002,0.053411400000000005,1
1097,1,NCOR1,0.8200000000000002,0.8669745999999999,1
1098,1,NFKBIE,-0.43000000000000005,-0.1265129,1
1099,1,DDX3X,0.34,0.29384369999999993,1
1100,1,ELK4,0.02,0.0168302,1
1101,1,MLLT6,0.09,0.06953060000000001,1
1102,1,SRSF2,-2.69,-0.6595017,1
1103,1,CTNNA1,0.15,0.11484939999999999,1
1104,1,RBM10,0.19000000000000003,0.14028710000000003,1
1105,1,PTPRC,0.019999999999999997,0.1104241,1
1106,1,HSP90AA1,0.9000000000000004,0.6634077,1
1107,1,NSD1,0.2,0.16851919999999998,0
1108,1,DICER1,0.19000000000000003,0.20774659999999998,0
1109,1,BIRC6,0.08,0.0636194,0
1110,1,SDHC,0.22,0.1690547,0
1111,1,TFG,0.36000000000000004,0.20759029999999998,0
1112,1,MAP2K2,0.27,0.20335590000000003,0
1113,1,TFRC,-0.27,-0.1292754,0
1114,1,CREB1,0.8000000000000004,0.5721719000000002,0
1115,1,POLG,0.02,0.0073998,0
1116,1,SETD2,0.7200000000000002,0.5947415,0
1117,1,NAB2,-0.27,-0.10216910000000001,0
1118,1,HIF1A,1.620000000000001,1.1399805999999997,0
1119,1,FLCN,0.039999999999999994,0.038985000000000006,0
1120,1,MAP2K4,-0.020000000000000004,0.0692005,0
1121,1,CNOT3,-0.06,-0.019652599999999996,0
1122,1,CIITA,0.09000000000000001,0.056430999999999995,0
1123,1,LSM14A,0.08,0.0739312,0
1124,1,AKAP9,-0.07,-0.0172586,0
1125,1,MSN,-0.37000000000000005,-0.0791252,0
1126,1,BCR,0.05,0.050258399999999995,0
1127,1,TRRAP,0.030000000000000027,0.11823149999999998,0
1128,1,PPP6C,-0.15000000000000002,-0.07525960000000001,0
1129,1,NCOA4,-0.19,-0.1036127,0
1130,1,BCL9,0.14,0.1119814,0
1131,1,PRCC,0.04000000000000001,0.03420350000000001,0
1132,1,LARP4B,0.0,0.0,0
1133,1,CHD2,0.01,0.007558700000000001,0
1134,1,ASXL1,0.5800000000000001,0.5149999000000001,0
1135,1,SMARCA4,1.2500000000000007,0.9344273,0
1136,1,ERC1,-0.019999999999999997,-0.013734999999999997,0
1137,1,DCTN1,-0.26999999999999996,-0.12430310000000001,0
1138,1,PIK3R1,1.3700000000000008,0.9483238,0
1139,1,EED,0.029999999999999985,0.0526792,0
1140,1,CNBP,0.02,0.011778,0
1141,1,SGK1,0.23000000000000004,0.13928330000000003,0
1142,1,MLLT10,-0.10999999999999997,-0.038055900000000004,0
1143,1,BRD4,0.9900000000000004,0.7401862,0
1144,1,RANBP2,0.13000000000000003,0.20829059999999994,0
1145,1,FBXO11,0.05,0.040439,0
1146,1,PML,0.3299999999999999,0.25236450000000005,0
1147,1,AKT2,0.9600000000000002,0.6401638000000001,0
1148,1,CEP89,0.07,0.0412211,0
1149,1,LZTR1,0.04,0.062303000000000004,0
1150,1,YWHAE,0.22000000000000003,0.1350497,0
1151,1,DNAJB1,-0.05,-0.008895800000000002,0
1152,1,PRDM2,0.02,0.0146668,0
1153,1,TPM4,0.48000000000000004,0.3118085,0
1154,1,CREBBP,1.830000000000001,1.4555499,0
1155,1,PMS2,0.6300000000000001,0.5690141,0
1156,1,DDR2,0.049999999999999996,0.0317592,0
1157,1,FANCA,0.31,0.2584725,0
1158,1,PDE4DIP,0.05,0.0325355,0
1159,1,USP8,-0.09000000000000001,-0.0381195,0
1160,1,MYH9,-0.23,-0.03316940000000001,0
1161,1,MYC,-0.8500000000000001,-0.27906629999999993,0
1162,1,NBN,0.54,0.40495770000000003,0
1163,1,CCND3,-0.08000000000000002,0.009387099999999985,0
1164,1,TRIP11,-0.14,-0.08833059999999998,0
1165,1,CNTRL,-0.049999999999999996,-0.03553819999999999,0
1166,1,PIK3CA,1.550000000000001,1.0758845,0
1167,1,DDX5,0.36,0.3025936000000001,0
1168,1,PICALM,0.0,0.004163400000000001,0
1169,1,RARA,0.45000000000000007,0.32087180000000004,0
1170,1,DDX6,3.469446951953614e-18,0.0686226,0
1171,1,COL1A1,0.07999999999999999,0.10601779999999998,0
1172,1,VHL,0.15000000000000005,0.10407640000000001,0
1173,1,MAPK1,1.6600000000000008,1.0773578000000004,0
1174,1,SRC,-0.20999999999999996,0.10458679999999995,0
1175,1,NFE2L2,0.26,0.19000670000000003,0
1176,1,MITF,-0.24000000000000002,-0.04534859999999998,0
1177,1,SMAD3,1.2200000000000009,0.9127614000000002,0
1178,1,RBM15,0.07,0.0561537,0
1179,1,ATR,0.6700000000000003,0.5696637000000002,0
1180,1,EPAS1,0.38999999999999996,0.3577099,0
1181,1,TPM3,0.25,0.1750226,0
1182,1,RPL10,0.13,0.1116192,0
1183,1,STAG1,0.15000000000000002,0.13578669999999998,0
1184,1,SBDS,-0.03,-0.0114352,0
1185,1,KMT2D,0.9200000000000004,0.6730362999999999,0
1186,1,MED12,0.26,0.20983330000000003,0
1187,1,BCLAF1,-0.039999999999999994,0.01691940000000001,0
1188,1,ASPSCR1,0.04000000000000001,0.03063900000000001,0
1189,1,CDK12,0.29,0.2031212,0
1190,1,EWSR1,0.43999999999999995,0.35061129999999996,0
1191,1,NDRG1,-0.009999999999999998,0.0017076,0
1192,1,PSIP1,-0.08999999999999998,-0.038415700000000004,0
1193,1,TRIM33,0.020000000000000004,0.02900690000000001,0
1194,1,MTOR,1.2700000000000007,0.9027338000000003,0
1195,1,ARHGAP35,0.15000000000000005,0.1437628,0
1196,1,POT1,-0.04000000000000001,-0.0006957999999999999,0
1197,1,EXT1,0.1,0.060862000000000006,0
1198,1,IL6ST,0.29000000000000004,0.217287,0
1199,1,IDH2,0.030000000000000006,0.066649,0
1200,1,SMARCE1,0.4,0.23309590000000002,0
1201,1,CRTC3,0.09,0.0663348,0
1202,1,TSC1,0.25,0.24130179999999996,0
1203,1,BCOR,-0.16,-0.0245725,0
1204,1,SDHA,0.23,0.14870000000000003,0
1205,1,EP300,1.6300000000000012,1.2921512,0
1206,1,HNRNPA2B1,0.31,0.24865959999999998,0
1207,1,CLIP1,-0.12,-0.0656179,0
1208,1,PATZ1,-0.49,-0.1259323,0
1209,1,FUBP1,-0.18,-0.013442400000000007,0
1210,1,HLA-A,-0.18000000000000005,0.008454399999999987,0
1211,1,CCNC,-0.05,-0.0166636,0
1212,1,RPN1,-0.22000000000000003,-0.061594199999999995,0
1213,1,TCF7L2,0.07999999999999999,0.09723199999999999,0
1214,1,CANT1,0.09,0.05270059999999999,0
1215,1,RPL5,-0.63,-0.1736268,0
1216,1,CCDC6,-0.029999999999999985,0.0305632,0
1217,1,NCKIPSD,0.020000000000000004,0.015491300000000003,0
1218,1,SMARCD1,0.41,0.27288830000000003,0
1219,1,BCL10,0.019999999999999997,0.033420800000000014,0
1220,1,MAX,-0.02,0.010481600000000004,0
1221,1,HERPUD1,0.02,0.0084248,0
1222,1,RAC1,-0.07999999999999996,0.07450889999999998,0
1223,1,FLNA,0.08000000000000002,0.085872,0
1224,1,TFE3,-0.42000000000000004,-0.17927770000000004,0
1225,1,NCOR2,0.7200000000000002,0.5205923,0
1226,1,PRPF40B,-0.03,-0.016432000000000002,0
1227,1,BCL3,-0.05000000000000002,-0.0040997000000000065,0
1228,1,TFPT,-0.23,-0.0849834,0
1229,1,MLH1,0.8200000000000001,0.6692705,0
1230,1,ARHGAP5,0.12000000000000001,0.09877990000000002,0
1231,1,CIC,0.0,0.0,0
1232,1,LYN,0.9900000000000003,0.6857135,0
1233,1,TCF12,0.27999999999999997,0.2073013,0
1234,1,KLF6,0.04,0.0220178,0
1235,1,KMT2C,1.0200000000000002,0.7884951,0
1236,1,PIM1,-0.15000000000000002,-0.04770479999999999,0
1237,1,CCND1,1.3600000000000008,0.8387176000000001,0
1238,1,MLLT1,-0.8900000000000001,-0.2621805,0
1239,1,MEN1,0.04000000000000001,0.052289400000000014,0
1240,1,CUL3,0.09999999999999999,0.12813680000000005,0
1241,1,RB1,0.63,0.48189400000000016,0
1242,1,LPP,-0.07,-0.024898600000000003,0
1243,1,BUB1B,-0.17,-0.0839207,0
1244,1,SMAD4,1.4400000000000008,1.0717037999999999,0
1245,1,FGFR1,0.21,0.14868050000000002,0
1246,1,TMSB4X,0.04,0.0307388,0
1247,1,CDK4,0.6100000000000002,0.41640259999999996,0
1248,1,MSI2,0.01,0.0069717,0
1249,1,MSH6,0.8600000000000003,0.6437581,0
1250,1,BRAF,0.9700000000000003,0.8831156,0
1251,1,TCEA1,-0.09999999999999998,-0.01771669999999999,0
1252,1,TNFAIP3,0.1,0.10359009999999999,0
1253,1,RABEP1,0.0,-0.0017855999999999948,0
1254,1,GMPS,-0.08000000000000002,-0.044266900000000005,0
1255,1,MDM2,1.2200000000000006,0.8713668000000002,0
1256,1,NSD2,0.15999999999999998,0.1090685,0
1257,1,CASP8,0.05999999999999996,0.21234740000000002,0
1258,1,PER1,-0.26999999999999996,-0.05003089999999998,0
1259,1,UBR5,-0.049999999999999996,-0.011703299999999996,0
1260,1,EIF3E,-0.08999999999999998,0.04926580000000001,0
1261,1,RFWD3,0.04,0.0361948,0
1262,1,BRD3,0.09999999999999998,0.0851087,0
1263,1,PAFAH1B2,0.02,0.0155524,0
1264,1,EXT2,0.020000000000000004,0.009802000000000005,0
1265,1,PLCG1,0.53,0.3738786,0
1266,1,SF3B1,-0.28,-0.1141107,0
1267,1,ARHGEF10L,0.02,0.0108592,0
1268,1,NFATC2,0.2,0.14384349999999999,0
1269,1,SDHD,0.24000000000000005,0.1338519,0
1270,1,PABPC1,-0.79,-0.20059950000000001,0
1271,1,POLD1,-0.4,-0.0805575,0
1272,1,CALR,0.049999999999999975,0.041557299999999985,0
1273,1,PIK3CB,0.5499999999999999,0.45177510000000004,0
1274,1,PPM1D,0.18000000000000002,0.1349415,0
1275,1,ATRX,0.9300000000000004,0.7481950999999999,0
1276,1,DGCR8,0.15,0.0914165,0
1277,1,DDX10,0.11000000000000001,0.0719099,0
1278,1,DROSHA,0.42000000000000004,0.30203990000000003,0
1279,1,TNFRSF14,-0.12,-0.04268039999999999,0
1280,1,BCL9L,0.15,0.10282190000000001,0
1281,1,QKI,-0.11,-0.0653921,0
1282,1,BAZ1A,0.01,0.0068869000000000005,0
1283,1,CHD4,0.16,0.13758890000000001,0
1284,1,NSD3,0.039999999999999994,0.05306789999999999,0
1285,1,NT5C2,0.16,0.09113629999999999,0
1286,1,CCNB1IP1,0.1,0.04171419999999999,0
1287,1,PCBP1,-0.78,-0.2252051,0
1288,1,RALGDS,0.13,0.09992899999999999,0
1289,1,ARHGEF12,-0.009999999999999998,0.00023940000000000072,0
1290,1,HSP90AB1,0.8600000000000003,0.5884509,0
1291,1,FOXO3,1.3000000000000007,0.8905867999999999,0
1292,1,HIP1,-0.02,-0.0123196,0
1293,1,CDC73,-0.18000000000000002,-0.03811840000000001,0
1294,1,NIN,0.009999999999999998,0.009258,0
1295,1,MDM4,0.10999999999999999,0.15621019999999997,0
1296,1,COL3A1,0.13,0.1219209,0
1297,1,CTNND1,0.12000000000000001,0.13020620000000002,0
1298,1,SPOP,-0.020000000000000004,0.007813600000000004,0
1299,1,TMEM127,0.06999999999999999,0.061127400000000005,0
1300,1,CREB3L2,0.11,0.0701654,0
1301,1,MSH2,0.8700000000000003,0.6332017999999999,0
1302,1,FNBP1,-0.019999999999999997,-0.006137600000000002,0
1303,1,ATF1,0.010000000000000002,0.009165999999999999,0
1304,1,EIF1AX,-0.38000000000000006,-0.17844219999999997,0
1305,1,PMS1,0.45000000000000007,0.34352610000000006,0
1306,1,DEK,0.08,0.08475630000000002,0
1307,1,ERBB2,1.0700000000000005,0.6727586999999999,0
1308,1,AKT1,0.7700000000000005,0.5126915000000001,0
1309,1,CHEK2,0.20000000000000007,0.33978909999999996,0
1310,1,SDHB,0.41000000000000003,0.2545109,0
1311,1,NCOA1,0.42000000000000004,0.2900238,0
1312,1,CHIC2,0.04,0.017955000000000002,0
1313,1,RUNX1,0.7000000000000005,0.7198315,0
1314,1,STAT6,0.30000000000000004,0.2120135,0
1315,1,FH,-0.19,-0.0688893,0
1316,1,AKT3,0.9500000000000002,0.6356414,0
1317,1,GNAS,0.25999999999999995,0.1632432,0
1318,1,CTNNB1,1.4000000000000008,0.9554443999999999,0
1319,1,NONO,0.14,0.0891142,0
1320,1,SMARCB1,0.9100000000000001,0.6610430999999999,0
1321,1,PRKAR1A,0.09,0.0964343,0
1322,1,ITGAV,0.030000000000000006,0.030375399999999997,0
1323,1,SS18,0.38,0.23534829999999998,0
1324,1,MAP2K1,1.0400000000000005,0.6380806,0
1325,1,SIRPA,-0.01,-0.0047253,0
1326,1,PPFIBP1,0.4,0.2639341,0
1327,1,RPL22,-0.15,0.0708385,0
1328,1,CYLD,0.28,0.21390750000000003,0
1329,1,ARID1B,0.6699999999999999,0.49352699999999994,0
1330,1,SETDB1,0.31,0.216005,0
1331,1,AFDN,-0.29,-0.10746590000000002,0
1332,1,ZRSR2,0.30000000000000004,0.2171631,0
1333,1,PBRM1,0.9200000000000004,0.6486352,0
1334,1,XPC,0.6200000000000001,0.41618530000000004,0
1335,1,ASXL2,0.25,0.1648307,0
1336,1,TRIM24,-0.19,-0.07476279999999999,0
1337,1,SFPQ,-0.15000000000000002,-0.01979030000000001,0
1338,1,NCOA2,0.5100000000000001,0.34581200000000006,0
1339,1,FOXO4,0.43000000000000005,0.27352659999999995,0
1340,1,LEF1,0.14999999999999997,0.1339905,0
1341,1,B2M,-0.62,-0.22094289999999997,0
1342,1,DDIT3,-0.37,-0.0974362,0
1343,1,BCL6,0.6000000000000001,0.4338387,0
1344,1,KRAS,-1.1800000000000004,-0.2860565,0
1345,1,FAT1,0.05000000000000001,0.052173599999999994,0
1346,1,ABL2,0.09000000000000001,0.0638139,0
1347,1,NF1,0.8300000000000003,0.689386,0
1348,1,BTG1,-0.01,-0.0057671,0
1349,1,EIF4A2,0.11000000000000001,0.0820397,0
1350,1,SET,0.17,0.1473471,0
1351,1,EPS15,0.019999999999999997,0.0231907,0
1352,1,RNF213,0.03,0.0232662,0
1353,1,CTCF,0.8000000000000003,0.5606624,0
1354,1,WDCP,0.15999999999999998,0.099021,0
1355,1,KAT7,0.11999999999999998,0.0937416,0
1356,1,KDM5C,0.17,0.1463553,0
1357,1,TGFBR2,0.22999999999999995,0.15652710000000003,0
1358,1,ATM,1.3200000000000007,1.0442420000000001,0
1359,1,NUMA1,-0.029999999999999992,-0.007435400000000003,0
1360,1,STAT3,1.590000000000001,1.2294190999999999,0
1361,1,SUB1,-0.21999999999999997,-0.0801676,0
1362,1,NUP98,0.06999999999999999,0.09990269999999997,0
1363,1,ELL,-0.060000000000000026,-0.0072268,0
1364,1,MAP3K1,0.41,0.30822469999999996,0
1365,1,MALT1,0.17,0.14103170000000004,0
1366,1,XPO1,0.3400000000000001,0.2802573,0
1367,1,SETD1B,0.1,0.0702202,0
1368,1,ETV6,-0.13999999999999999,-0.03831819999999999,0
1369,1,TBL1XR1,0.19,0.1228627,0
1370,1,NUP214,0.02000000000000001,0.09533710000000002,0
1371,1,TPR,0.06999999999999999,0.0868333,0
1372,1,ATIC,0.05000000000000001,0.048024899999999995,0
1373,1,NACA,0.22000000000000003,0.1443655,0
1374,1,MYO5A,0.0,0.0014289999999999997,0
1375,1,SMC1A,0.6100000000000001,0.4863266,0
1376,1,LASP1,-0.21,-0.1187964,0
1377,1,ERCC5,0.43000000000000005,0.2822764,0
1378,1,JUN,0.3099999999999999,0.3451373999999999,0
1379,1,THRAP3,0.06,0.0517306,0
1380,1,STAG2,0.55,0.4143050999999999,0
1381,1,RAF1,1.1000000000000003,0.7602072,0
1382,1,ERCC3,0.53,0.42358359999999995,0
1383,1,SMAD2,0.54,0.4827116000000001,0
1384,1,TAF15,0.16000000000000003,0.1355223,0
1385,1,ARNT,0.26,0.21482550000000006,0
1386,1,CLTC,-0.5200000000000001,-0.2885528000000001,0
1387,1,IKBKB,0.5400000000000003,0.4255745999999999,0
1388,1,IDH1,-0.37,-0.09876400000000003,0
1389,1,SND1,-0.019999999999999997,-0.0119872,0
1390,1,KNSTRN,0.03,0.0234723,0
1391,1,RHOA,-1.1800000000000002,-0.29224049999999996,0
1392,1,PALB2,0.5,0.4466262,0
1393,1,ARID2,0.7700000000000002,0.5546776999999999,0
1394,1,EZR,-0.15,-0.022654399999999998,0
1395,1,TP53,-1.1800000000000002,-0.20644449999999995,0
1396,1,ARAF,0.36,0.19579379999999996,0
1397,1,KIF5B,0.41,0.29305810000000004,0
1398,1,KAT6A,0.19999999999999998,0.18333490000000002,0
1399,1,KTN1,-0.08,-0.022862499999999994,0
1400,1,GOLGA5,-0.14,-0.0875953,0
1401,1,KDM5A,0.25,0.21272660000000002,0
1402,1,RAD21,0.4400000000000001,0.34063980000000005,0
1403,1,GNAQ,0.09999999999999999,0.07414749999999999,0
1404,1,CAMTA1,0.01,0.0059033,0
1405,1,ERCC2,0.59,0.4136052,0
1406,1,EZH2,1.8600000000000012,1.2151155,0
1407,1,TOP1,0.16999999999999998,0.12899489999999997,0
1408,1,SRSF3,-0.41000000000000003,-0.13187819999999997,0
1409,1,NPM1,-0.06,0.11906480000000003,0
1410,1,BAX,-0.41999999999999993,-0.1299935,0
1411,1,NOTCH2,0.27999999999999997,0.2234085,0
1412,1,TRAF7,0.03,0.0224334,0
1413,1,KDM6A,0.8400000000000004,0.7122977000000001,0
1414,1,SPEN,0.11,0.08178339999999999,0
1415,1,TRIM27,-0.44,-0.1517775,0
1416,1,CRTC1,0.15000000000000002,0.116398,0
1417,1,EML4,0.22,0.18189370000000002,0
1418,1,USP9X,-0.06999999999999999,-0.0431298,0
1419,1,PTPRK,0.01,0.006799500000000001,0
1420,1,CD74,-0.12,-0.0053450999999999985,0
1421,1,CBL,0.5499999999999999,0.40716429999999987,0
1422,1,ZNF384,-0.08,-0.0405552,0
1423,1,NOTCH1,1.0600000000000005,0.7913920999999997,0
1424,1,COX6C,-0.12,-0.0529206,0
1425,1,CHCHD7,0.03,0.0198402,0
1426,1,HMGA1,-0.11,-0.051691100000000004,0
1427,1,PTEN,1.4400000000000008,1.1814090000000002,0
1428,1,FIP1L1,-0.060000000000000005,-0.0364314,0
1429,1,JAK1,0.8100000000000003,0.6190498999999999,0
1430,1,ZMYM2,-0.09000000000000001,-0.0632418,0
1431,1,SUZ12,0.7400000000000002,0.5081603,0
1432,1,FUS,-0.15000000000000002,0.12996999999999997,0
1433,1,BAP1,0.07999999999999999,0.07540480000000001,0
1434,1,ZCCHC8,-0.09,-0.022397399999999998,0
1435,1,CRNKL1,-0.049999999999999996,-0.027061899999999993,0
1436,1,RAD17,0.14,0.09869760000000001,0
1437,1,ATP1A1,-0.03,-0.0146661,0
1438,1,DNMT3A,0.9400000000000004,0.6852412000000001,0
1439,1,FBXW7,1.0300000000000002,0.7903955000000001,0
1440,1,WWTR1,-0.1,-0.0535101,0
1441,1,CDKN1B,0.6200000000000001,0.388277,0
1442,1,KMT2A,0.41000000000000003,0.34332999999999997,0
1443,1,PTPN11,0.8700000000000003,0.6399927,0
1444,1,STAT5B,0.6600000000000001,0.4950413,0
1445,1,CUX1,-0.07999999999999999,-0.0516323,0
1446,1,ABI1,-0.33,-0.1157967,0
1447,1,BRCA1,1.6000000000000012,1.2768951999999998,0
1448,1,SH2B3,0.030000000000000006,0.027984200000000004,0
1449,1,AFF4,0.05,0.0439876,0
1450,1,NF2,0.029999999999999992,0.0730362,0
1451,1,LMNA,0.029999999999999978,0.047634399999999986,0
1452,1,TSC2,0.5800000000000001,0.45875269999999985,0
1453,1,GOLPH3,-0.09,-0.0545417,0
1454,1,PCM1,-0.05,-0.0338464,0
1455,1,PPP2R1A,-0.6300000000000001,-0.21405359999999998,0
1456,1,ARID1A,1.820000000000001,1.3199229000000001,0
1457,1,ABL1,0.020000000000000087,0.10271779999999998,0
1458,1,AFF1,0.23,0.1838833,0
1459,1,DAXX,-0.3799999999999999,-0.0918194,0
1460,1,CBFB,0.11999999999999998,0.0976741,0
1461,1,CBLB,0.14,0.10787569999999999,0
1462,1,POLR2A,-0.04000000000000005,0.13999780000000003,0
1463,1,PRKACA,0.28,0.22083930000000002,0
1464,1,DNM2,-0.09000000000000001,-0.0424365,0
1465,1,RAP1GDS1,-0.06,-0.032754599999999995,0
1466,1,NCOR1,0.7900000000000003,0.7052488000000001,0
1467,1,NFKBIE,-0.18,-0.0668921,0
1468,1,DDX3X,0.13,0.13028619999999996,0
1469,1,ELK4,0.02,0.0146634,0
1470,1,MLLT6,0.12,0.0914738,0
1471,1,SRSF2,-1.0699999999999998,-0.28269559999999994,0
1472,1,CTNNA1,0.1,0.0729477,0
1473,1,RBM10,0.2,0.14062100000000002,0
1474,1,PTPRC,0.12,0.1209856,0
1475,1,HSP90AA1,0.9700000000000005,0.6375432000000003,0
1476,2,NSD1,0.35000000000000003,0.3045776,1
1477,2,DICER1,0.23999999999999996,0.2897268,1
1478,2,BIRC6,0.16999999999999998,0.1555573,1
1479,2,SDHC,0.4,0.31548279999999995,1
1480,2,TFG,0.24,0.14949369999999998,1
1481,2,MAP2K2,0.29,0.2069201,1
1482,2,TFRC,-0.26,-0.10266210000000003,1
1483,2,CREB1,0.9600000000000005,0.8474421,1
1484,2,POLG,0.0,0.0,1
1485,2,SETD2,0.6400000000000003,0.5940996,1
1486,2,NAB2,-0.5900000000000001,-0.15702729999999998,1
1487,2,HIF1A,1.710000000000001,1.3306504000000001,1
1488,2,FLCN,-0.05999999999999999,0.01772810000000001,1
1489,2,MAP2K4,0.07000000000000002,0.1382581,1
1490,2,CNOT3,0.04999999999999999,0.05026359999999999,1
1491,2,CIITA,0.07999999999999999,0.0500518,1
1492,2,LSM14A,0.16,0.133565,1
1493,2,AKAP9,-0.05,0.01938929999999999,1
1494,2,MSN,-0.17000000000000004,-0.041108700000000005,1
1495,2,BCR,-0.11000000000000001,0.02867759999999999,1
1496,2,TRRAP,0.050000000000000044,0.22735220000000003,1
1497,2,PPP6C,-0.10999999999999999,-0.0509181,1
1498,2,NCOA4,-0.11000000000000001,-0.020103500000000007,1
1499,2,BCL9,0.19,0.1613036,1
1500,2,PRCC,0.11,0.08047560000000001,1
1501,2,LARP4B,0.04,0.0316248,1
1502,2,CHD2,0.02,0.0182934,1
1503,2,ASXL1,0.27,0.3516697,1
1504,2,SMARCA4,1.9800000000000013,1.5674248,1
1505,2,ERC1,-0.01,-0.0081015,1
1506,2,DCTN1,-0.03,0.019331799999999993,1
1507,2,PIK3R1,1.0200000000000005,0.9022627999999999,1
1508,2,EED,0.2,0.140932,1
1509,2,CNBP,0.02,0.012752600000000001,1
1510,2,SGK1,0.49,0.33449829999999997,1
1511,2,MLLT10,-0.17,-0.08298819999999998,1
1512,2,BRD4,0.9300000000000005,0.8636034,1
1513,2,RANBP2,0.35,0.3201009,1
1514,2,FBXO11,0.08,0.0642874,1
1515,2,PML,0.42999999999999994,0.2850344000000001,1
1516,2,AKT2,1.1600000000000004,0.8472856999999999,1
1517,2,CEP89,0.07,0.0483867,1
1518,2,LZTR1,0.08,0.11210880000000001,1
1519,2,YWHAE,0.25,0.1633393,1
1520,2,DNAJB1,-0.07,-0.018962600000000003,1
1521,2,PRDM2,0.07,0.0599205,1
1522,2,TPM4,0.51,0.35804620000000004,1
1523,2,CREBBP,1.9800000000000013,1.6410569999999993,1
1524,2,PMS2,0.76,0.6844636999999999,1
1525,2,DDR2,-0.009999999999999998,-0.005499399999999995,1
1526,2,FANCA,0.38999999999999996,0.33039740000000006,1
1527,2,PDE4DIP,0.08,0.06534179999999999,1
1528,2,USP8,-0.049999999999999996,-0.020597500000000005,1
1529,2,MYH9,-0.42000000000000004,-0.1127178,1
1530,2,MYC,-1.4600000000000006,-0.36607470000000003,1
1531,2,NBN,0.6300000000000001,0.519028,1
1532,2,CCND3,-0.07000000000000002,0.005894499999999987,1
1533,2,TRIP11,-0.1,-0.07372909999999999,1
1534,2,CNTRL,-0.06,-0.04910690000000001,1
1535,2,PIK3CA,1.1800000000000008,1.0871973000000004,1
1536,2,DDX5,0.4000000000000001,0.38695570000000007,1
1537,2,PICALM,0.02,0.018868199999999995,1
1538,2,RARA,-0.13,0.048417600000000005,1
1539,2,DDX6,0.020000000000000028,0.1257928,1
1540,2,COL1A1,0.23,0.1996441,1
1541,2,VHL,0.28,0.20425630000000003,1
1542,2,MAPK1,1.860000000000001,1.3643784000000008,1
1543,2,SRC,0.25999999999999995,0.3400160999999999,1
1544,2,NFE2L2,0.38,0.2747554,1
1545,2,MITF,-0.16000000000000003,-0.025038599999999998,1
1546,2,SMAD3,1.2700000000000007,1.1921796,1
1547,2,RBM15,0.12,0.09925780000000001,1
1548,2,ATR,0.76,0.6368195000000001,1
1549,2,EPAS1,0.41,0.42474179999999995,1
1550,2,TPM3,0.15000000000000002,0.1189631,1
1551,2,RPL10,0.060000000000000026,0.10649140000000001,1
1552,2,STAG1,0.16,0.1627075,1
1553,2,SBDS,-0.08,-0.0237582,1
1554,2,KMT2D,1.0300000000000002,0.8425444999999999,1
1555,2,MED12,0.39999999999999997,0.3357446,1
1556,2,BCLAF1,-0.029999999999999992,0.03620670000000001,1
1557,2,ASPSCR1,-0.039999999999999994,-0.010594200000000002,1
1558,2,CDK12,0.56,0.4565839,1
1559,2,EWSR1,0.21,0.28748660000000015,1
1560,2,NDRG1,-0.06999999999999999,-0.0293512,1
1561,2,PSIP1,0.06999999999999999,0.07595570000000001,1
1562,2,TRIM33,0.1,0.0932205,1
1563,2,MTOR,1.0200000000000005,0.8789845999999999,1
1564,2,ARHGAP35,0.18000000000000002,0.1613302,1
1565,2,POT1,0.02,0.026409600000000002,1
1566,2,EXT1,0.11,0.08446350000000001,1
1567,2,IL6ST,0.35000000000000003,0.30332349999999997,1
1568,2,IDH2,-0.08999999999999998,0.0018265999999999933,1
1569,2,SMARCE1,0.35000000000000003,0.2350759,1
1570,2,CRTC3,0.09999999999999999,0.08379220000000001,1
1571,2,TSC1,0.33,0.32661140000000005,1
1572,2,BCOR,-0.06999999999999998,0.018220600000000003,1
1573,2,SDHA,0.26,0.197244,1
1574,2,EP300,2.45,2.0867548,1
1575,2,HNRNPA2B1,0.54,0.38782300000000003,1
1576,2,CLIP1,-0.09000000000000001,-0.04627300000000001,1
1577,2,PATZ1,-0.63,-0.1496625,1
1578,2,FUBP1,-0.06999999999999999,0.031175,1
1579,2,HLA-A,-0.09000000000000001,0.015775099999999993,1
1580,2,CCNC,-0.16,-0.06884320000000001,1
1581,2,RPN1,-0.18,-0.0631312,1
1582,2,TCF7L2,0.08000000000000003,0.13840319999999998,1
1583,2,CANT1,0.0,0.01582230000000001,1
1584,2,RPL5,-0.5900000000000001,-0.15843130000000002,1
1585,2,CCDC6,0.11000000000000001,0.11503739999999998,1
1586,2,NCKIPSD,-0.030000000000000002,-0.004471199999999998,1
1587,2,SMARCD1,0.49000000000000005,0.38976710000000003,1
1588,2,BCL10,0.049999999999999996,0.07552320000000001,1
1589,2,MAX,0.06999999999999999,0.0965074,1
1590,2,HERPUD1,-0.01,-0.0031343,1
1591,2,RAC1,0.13999999999999996,0.18887849999999998,1
1592,2,FLNA,0.15000000000000002,0.1133255,1
1593,2,TFE3,-0.7200000000000001,-0.2678139,1
1594,2,NCOR2,0.6400000000000001,0.5398829999999999,1
1595,2,PRPF40B,0.049999999999999996,0.0356244,1
1596,2,BCL3,-0.13,-0.011909699999999997,1
1597,2,TFPT,-0.35000000000000003,-0.11078650000000001,1
1598,2,MLH1,0.8800000000000001,0.7909231000000002,1
1599,2,ARHGAP5,0.12999999999999998,0.11871050000000001,1
1600,2,CIC,0.0,0.0,1
1601,2,LYN,0.78,0.5954848,1
1602,2,TCF12,0.36000000000000004,0.30155509999999996,1
1603,2,KLF6,0.05,0.0355221,1
1604,2,KMT2C,0.9800000000000004,0.8552866,1
1605,2,PIM1,-0.10999999999999999,-0.013942300000000005,1
1606,2,CCND1,1.1200000000000006,0.6991848,1
1607,2,MLLT1,-1.4200000000000004,-0.35057269999999996,1
1608,2,MEN1,-0.17,-0.057570800000000005,1
1609,2,CUL3,0.09000000000000001,0.14866920000000003,1
1610,2,RB1,0.6900000000000002,0.5668382,1
1611,2,LPP,-0.10999999999999999,-0.026724999999999995,1
1612,2,BUB1B,-0.15000000000000002,-0.056821100000000006,1
1613,2,SMAD4,1.4900000000000009,1.2723690000000003,1
1614,2,FGFR1,0.32,0.2910829,1
1615,2,TMSB4X,0.03,0.0216159,1
1616,2,CDK4,1.0900000000000005,0.7316844000000001,1
1617,2,MSI2,0.01,0.0079021,1
1618,2,MSH6,1.0300000000000005,0.8723641,1
1619,2,BRAF,1.3700000000000006,1.1885106999999997,1
1620,2,TCEA1,-0.16000000000000003,-0.0315173,1
1621,2,TNFAIP3,0.13,0.1101464,1
1622,2,RABEP1,0.0,2.2800000000003373e-05,1
1623,2,GMPS,-0.09000000000000002,-0.0440943,1
1624,2,MDM2,1.1100000000000008,0.9017464000000002,1
1625,2,NSD2,0.22999999999999998,0.17252499999999998,1
1626,2,CASP8,-0.25000000000000006,0.0721389,1
1627,2,PER1,-0.2,-0.0761906,1
1628,2,UBR5,-0.030000000000000006,0.0129292,1
1629,2,EIF3E,0.009999999999999995,0.0539437,1
1630,2,RFWD3,0.020000000000000004,0.0258924,1
1631,2,BRD3,0.1,0.0717496,1
1632,2,PAFAH1B2,0.03,0.027389099999999996,1
1633,2,EXT2,0.009999999999999995,0.01641350000000001,1
1634,2,PLCG1,0.5399999999999999,0.43803200000000003,1
1635,2,SF3B1,-0.5,-0.23497400000000004,1
1636,2,ARHGEF10L,0.03,0.0146511,1
1637,2,NFATC2,0.25,0.1877085,1
1638,2,SDHD,0.32999999999999996,0.25643710000000003,1
1639,2,PABPC1,-0.9800000000000002,-0.25484260000000003,1
1640,2,POLD1,-0.30000000000000004,-0.07450290000000002,1
1641,2,CALR,0.020000000000000018,0.07240089999999999,1
1642,2,PIK3CB,0.6100000000000001,0.5317373,1
1643,2,PPM1D,0.30000000000000004,0.2348962,1
1644,2,ATRX,0.9700000000000004,0.8579782000000001,1
1645,2,DGCR8,0.2,0.1585917,1
1646,2,DDX10,0.2,0.159614,1
1647,2,DROSHA,0.5300000000000001,0.43275510000000006,1
1648,2,TNFRSF14,-0.19,-0.05536869999999999,1
1649,2,BCL9L,0.16000000000000003,0.12544560000000002,1
1650,2,QKI,0.04,0.031442399999999995,1
1651,2,BAZ1A,0.01,0.007723799999999999,1
1652,2,CHD4,0.43000000000000005,0.3907772,1
1653,2,NSD3,0.1,0.1216638,1
1654,2,NT5C2,0.15000000000000002,0.08917430000000003,1
1655,2,CCNB1IP1,0.15000000000000002,0.06878200000000001,1
1656,2,PCBP1,-1.05,-0.2797352,1
1657,2,RALGDS,-0.09999999999999999,0.03205680000000001,1
1658,2,ARHGEF12,0.0,0.0356379,1
1659,2,HSP90AB1,0.9900000000000002,0.6819472,1
1660,2,FOXO3,1.550000000000001,1.1915956999999997,1
1661,2,HIP1,-0.009999999999999998,-0.0021668,1
1662,2,CDC73,0.02999999999999999,0.08059740000000001,1
1663,2,NIN,0.0,-0.000154899999999996,1
1664,2,MDM4,0.06,0.15785459999999998,1
1665,2,COL3A1,0.24,0.19903140000000002,1
1666,2,CTNND1,0.1,0.14728259999999999,1
1667,2,SPOP,0.09,0.0988411,1
1668,2,TMEM127,0.060000000000000005,0.04517499999999999,1
1669,2,CREB3L2,0.19999999999999998,0.13484960000000001,1
1670,2,MSH2,1.0000000000000004,0.8535768,1
1671,2,FNBP1,0.03,0.03661180000000001,1
1672,2,ATF1,0.15,0.1101547,1
1673,2,EIF1AX,-0.42999999999999994,-0.1766819,1
1674,2,PMS1,0.5199999999999999,0.4175795,1
1675,2,DEK,0.15,0.1361037,1
1676,2,ERBB2,0.8900000000000003,0.5535499,1
1677,2,AKT1,0.63,0.48639230000000006,1
1678,2,CHEK2,0.5700000000000003,0.5816354000000001,1
1679,2,SDHB,0.42000000000000004,0.318725,1
1680,2,NCOA1,0.36999999999999994,0.31598640000000006,1
1681,2,CHIC2,0.09,0.0652726,1
1682,2,RUNX1,0.02999999999999988,0.6195084000000003,1
1683,2,STAT6,0.35,0.3298354,1
1684,2,FH,-0.020000000000000004,0.023808999999999997,1
1685,2,AKT3,1.1600000000000004,0.8507650999999999,1
1686,2,GNAS,0.36,0.2623769,1
1687,2,CTNNB1,1.4600000000000009,1.0159240999999994,1
1688,2,NONO,0.32000000000000006,0.2686589,1
1689,2,SMARCB1,1.0200000000000005,0.8108464000000001,1
1690,2,PRKAR1A,0.22,0.2088284,1
1691,2,ITGAV,-0.029999999999999995,0.0405103,1
1692,2,SS18,0.44,0.32871400000000006,1
1693,2,MAP2K1,1.1000000000000003,0.6856394,1
1694,2,SIRPA,-0.08,-0.010645599999999998,1
1695,2,PPFIBP1,0.4,0.2964837,1
1696,2,RPL22,-0.26,0.1069079,1
1697,2,CYLD,0.30000000000000004,0.24089980000000003,1
1698,2,ARID1B,0.8800000000000001,0.7032959999999999,1
1699,2,SETDB1,0.33,0.24390030000000001,1
1700,2,AFDN,-0.4,-0.11262269999999999,1
1701,2,ZRSR2,-0.04000000000000001,-0.028305100000000003,1
1702,2,PBRM1,1.0500000000000005,0.819943,1
1703,2,XPC,0.51,0.3243337,1
1704,2,ASXL2,0.29000000000000004,0.2160564,1
1705,2,TRIM24,-0.12000000000000001,0.03276000000000001,1
1706,2,SFPQ,-0.45000000000000007,-0.1423653,1
1707,2,NCOA2,0.5700000000000001,0.4938442,1
1708,2,FOXO4,0.38,0.24263829999999995,1
1709,2,LEF1,0.18,0.2043832,1
1710,2,B2M,-0.24000000000000005,-0.11344519999999998,1
1711,2,DDIT3,-0.28,-0.09488089999999999,1
1712,2,BCL6,0.3500000000000001,0.2875806,1
1713,2,KRAS,-0.16000000000000014,0.12007820000000001,1
1714,2,FAT1,0.13,0.098232,1
1715,2,ABL2,0.010000000000000007,0.033939899999999995,1
1716,2,NF1,1.3000000000000007,1.0834291999999999,1
1717,2,BTG1,-0.06,-0.0264486,1
1718,2,EIF4A2,-0.010000000000000009,-0.0063772000000000065,1
1719,2,SET,0.18,0.1459158,1
1720,2,EPS15,0.09,0.0787393,1
1721,2,RNF213,0.05,0.044328799999999995,1
1722,2,CTCF,1.0600000000000003,0.7491529000000001,1
1723,2,WDCP,0.25,0.15842670000000003,1
1724,2,KAT7,0.19,0.16277550000000002,1
1725,2,KDM5C,0.20000000000000004,0.1879058,1
1726,2,TGFBR2,0.25000000000000006,0.22073790000000007,1
1727,2,ATM,1.0800000000000007,1.0626515,1
1728,2,NUMA1,0.05,0.05271819999999999,1
1729,2,STAT3,0.8200000000000005,0.8098925,1
1730,2,SUB1,-0.08,-0.034196700000000003,1
1731,2,NUP98,0.2299999999999999,0.24783799999999997,1
1732,2,ELL,0.14,0.0722668,1
1733,2,MAP3K1,0.36000000000000004,0.2971096000000001,1
1734,2,MALT1,0.13000000000000003,0.14292080000000004,1
1735,2,XPO1,0.5900000000000002,0.48571259999999994,1
1736,2,SETD1B,0.28,0.2280866,1
1737,2,ETV6,-0.01999999999999999,0.030630300000000013,1
1738,2,TBL1XR1,0.23,0.165227,1
1739,2,NUP214,-0.2,0.11166969999999996,1
1740,2,TPR,0.15,0.12350169999999999,1
1741,2,ATIC,0.12000000000000001,0.14110970000000003,1
1742,2,NACA,0.22999999999999998,0.1531421,1
1743,2,MYO5A,0.01,0.0081639,1
1744,2,SMC1A,0.30000000000000004,0.40269450000000007,1
1745,2,LASP1,-0.25,-0.12689050000000002,1
1746,2,ERCC5,0.47,0.2995382,1
1747,2,JUN,-0.8499999999999999,-0.10974280000000006,1
1748,2,THRAP3,0.06,0.0493537,1
1749,2,STAG2,0.23000000000000004,0.27101890000000006,1
1750,2,RAF1,0.7500000000000003,0.5934931,1
1751,2,ERCC3,0.57,0.4899126000000001,1
1752,2,SMAD2,0.4900000000000002,0.55028,1
1753,2,TAF15,0.21000000000000002,0.17509290000000005,1
1754,2,ARNT,0.19,0.19746129999999998,1
1755,2,CLTC,-0.61,-0.24998100000000006,1
1756,2,IKBKB,0.33999999999999997,0.43173059999999996,1
1757,2,IDH1,-0.6300000000000001,-0.186552,1
1758,2,SND1,0.02000000000000001,0.032961800000000006,1
1759,2,KNSTRN,0.02,0.0153148,1
1760,2,RHOA,-3.11,-0.7036512,1
1761,2,PALB2,0.63,0.5591787,1
1762,2,ARID2,0.8800000000000001,0.7196347,1
1763,2,EZR,-0.14,-0.04429050000000001,1
1764,2,TP53,-0.06000000000000008,0.36524869999999987,1
1765,2,ARAF,0.42,0.2387784,1
1766,2,KIF5B,0.6000000000000001,0.4563608,1
1767,2,KAT6A,0.18000000000000002,0.22515359999999998,1
1768,2,KTN1,-0.09999999999999999,-0.0074113999999999985,1
1769,2,GOLGA5,-0.05999999999999999,-0.0390227,1
1770,2,KDM5A,0.30000000000000004,0.2859603,1
1771,2,RAD21,0.5800000000000001,0.48630720000000005,1
1772,2,GNAQ,0.31999999999999995,0.2481521000000001,1
1773,2,CAMTA1,0.060000000000000005,0.04676520000000001,1
1774,2,ERCC2,0.66,0.5217318,1
1775,2,EZH2,1.490000000000001,1.2109112999999998,1
1776,2,TOP1,0.27,0.21466570000000004,1
1777,2,SRSF3,-0.30000000000000004,-0.0804766,1
1778,2,NPM1,0.16999999999999998,0.16897350000000005,1
1779,2,BAX,-0.7300000000000001,-0.1593949,1
1780,2,NOTCH2,0.29000000000000004,0.2474674,1
1781,2,TRAF7,0.02,0.0140686,1
1782,2,KDM6A,0.8200000000000003,0.8731388000000002,1
1783,2,SPEN,0.15,0.12276150000000001,1
1784,2,TRIM27,-0.54,-0.1679819,1
1785,2,CRTC1,0.15,0.11912730000000002,1
1786,2,EML4,0.18,0.2631888000000001,1
1787,2,USP9X,0.02,0.014013600000000001,1
1788,2,PTPRK,0.0,0.0,1
1789,2,CD74,-0.18000000000000005,-0.02359660000000001,1
1790,2,CBL,0.5700000000000001,0.5172391000000001,1
1791,2,ZNF384,0.04,0.0316246,1
1792,2,NOTCH1,1.1500000000000006,0.8229631000000002,1
1793,2,COX6C,-0.14,-0.04254899999999999,1
1794,2,CHCHD7,0.03,0.0190536,1
1795,2,HMGA1,-0.060000000000000005,-0.021374000000000004,1
1796,2,PTEN,0.9900000000000008,1.052815,1
1797,2,FIP1L1,-0.06,-0.015013899999999997,1
1798,2,JAK1,0.9500000000000004,0.7947456,1
1799,2,ZMYM2,-0.009999999999999997,-0.0055262,1
1800,2,SUZ12,0.9100000000000004,0.6931342000000001,1
1801,2,FUS,-0.69,-0.04689590000000002,1
1802,2,BAP1,-0.34,-0.1458831,1
1803,2,ZCCHC8,-0.07,-0.0219625,1
1804,2,CRNKL1,0.01,0.007339699999999999,1
1805,2,RAD17,0.2,0.15568600000000002,1
1806,2,ATP1A1,0.01,0.0070886000000000005,1
1807,2,DNMT3A,0.9500000000000004,0.8376498999999998,1
1808,2,FBXW7,1.0200000000000005,0.8748333000000004,1
1809,2,WWTR1,-0.09999999999999999,-0.0344799,1
1810,2,CDKN1B,0.41,0.3188251,1
1811,2,KMT2A,0.4,0.4193403000000001,1
1812,2,PTPN11,0.9800000000000006,0.9051673,1
1813,2,STAT5B,0.7600000000000002,0.635966,1
1814,2,CUX1,-0.09000000000000001,-0.055538599999999994,1
1815,2,ABI1,-0.33999999999999997,-0.09288980000000001,1
1816,2,BRCA1,1.7700000000000011,1.453096,1
1817,2,SH2B3,0.09999999999999999,0.06094139999999999,1
1818,2,AFF4,-0.08999999999999997,-0.03876709999999997,1
1819,2,NF2,0.15000000000000002,0.1444949,1
1820,2,LMNA,0.04000000000000001,0.04181199999999999,1
1821,2,TSC2,0.8100000000000003,0.6729379,1
1822,2,GOLPH3,-0.039999999999999994,-0.028868199999999997,1
1823,2,PCM1,-0.04,-0.0314382,1
1824,2,PPP2R1A,-0.29,-0.0728086,1
1825,2,ARID1A,1.8500000000000012,1.5074265,1
1826,2,ABL1,-0.6100000000000001,-0.04820830000000005,1
1827,2,AFF1,0.1,0.1175895,1
1828,2,DAXX,-0.65,-0.17692549999999999,1
1829,2,CBFB,0.07000000000000002,0.14049749999999997,1
1830,2,CBLB,0.18,0.1604001,1
1831,2,POLR2A,-0.41,0.0674546,1
1832,2,PRKACA,0.2600000000000001,0.3021800999999999,1
1833,2,DNM2,-0.1,-0.0305144,1
1834,2,RAP1GDS1,0.039999999999999994,0.0763415,1
1835,2,NCOR1,0.9100000000000003,0.9404065,1
1836,2,NFKBIE,-0.43000000000000005,-0.1186326,1
1837,2,DDX3X,0.31,0.28845580000000004,1
1838,2,ELK4,0.03,0.0258504,1
1839,2,MLLT6,0.09999999999999999,0.08041019999999999,1
1840,2,SRSF2,-3.08,-0.6929576,1
1841,2,CTNNA1,0.17,0.1319496,1
1842,2,RBM10,0.15000000000000002,0.1121975,1
1843,2,PTPRC,0.05999999999999999,0.12669950000000002,1
1844,2,HSP90AA1,0.9000000000000004,0.6153692,1
1845,2,NSD1,0.22999999999999998,0.1874095,0
1846,2,DICER1,0.23999999999999996,0.22893609999999998,0
1847,2,BIRC6,0.09000000000000001,0.0704767,0
1848,2,SDHC,0.24999999999999994,0.1817122,0
1849,2,TFG,0.35000000000000003,0.1993526,0
1850,2,MAP2K2,0.26,0.18981519999999996,0
1851,2,TFRC,-0.26,-0.13143,0
1852,2,CREB1,0.8600000000000004,0.6640029,0
1853,2,POLG,0.02,0.0077932,0
1854,2,SETD2,0.7000000000000003,0.5905003,0
1855,2,NAB2,-0.32,-0.1107062,0
1856,2,HIF1A,1.640000000000001,1.1780449,0
1857,2,FLCN,0.03,0.0323057,0
1858,2,MAP2K4,-0.030000000000000013,0.0690994,0
1859,2,CNOT3,-0.010000000000000002,0.010486500000000003,0
1860,2,CIITA,0.07,0.0441488,0
1861,2,LSM14A,0.1,0.08747289999999999,0
1862,2,AKAP9,-0.049999999999999996,-0.012724499999999998,0
1863,2,MSN,-0.30999999999999994,-0.07676670000000001,0
1864,2,BCR,0.009999999999999997,0.032248700000000005,0
1865,2,TRRAP,2.0816681711721685e-17,0.15081819999999996,0
1866,2,PPP6C,-0.17,-0.0872115,0
1867,2,NCOA4,-0.15,-0.08407919999999999,0
1868,2,BCL9,0.14,0.10921900000000001,0
1869,2,PRCC,0.010000000000000005,0.0115133,0
1870,2,LARP4B,0.0,0.0,0
1871,2,CHD2,0.01,0.0077684,0
1872,2,ASXL1,0.46000000000000013,0.45444500000000004,0
1873,2,SMARCA4,1.3300000000000007,1.0256490999999999,0
1874,2,ERC1,-0.02,-0.015348,0
1875,2,DCTN1,-0.2899999999999999,-0.138221,0
1876,2,PIK3R1,1.3000000000000007,0.9371190999999999,0
1877,2,EED,-0.10000000000000002,0.006566000000000011,0
1878,2,CNBP,0.02,0.0114214,0
1879,2,SGK1,0.28,0.16446909999999998,0
1880,2,MLLT10,-0.049999999999999996,-0.0091914,0
1881,2,BRD4,1.0200000000000005,0.7814179000000001,0
1882,2,RANBP2,0.21000000000000002,0.22840060000000004,0
1883,2,FBXO11,0.04,0.0313684,0
1884,2,PML,0.33999999999999997,0.25181359999999997,0
1885,2,AKT2,0.9800000000000003,0.6761695000000001,0
1886,2,CEP89,0.07,0.0427699,0
1887,2,LZTR1,0.08,0.0855073,0
1888,2,YWHAE,0.22999999999999998,0.15100860000000002,0
1889,2,DNAJB1,-0.039999999999999994,-0.007476,0
1890,2,PRDM2,0.03,0.022626100000000003,0
1891,2,TPM4,0.45,0.289424,0
1892,2,CREBBP,1.870000000000001,1.5137044999999991,0
1893,2,PMS2,0.6700000000000002,0.5903842,0
1894,2,DDR2,0.05,0.0316911,0
1895,2,FANCA,0.33,0.27598609999999996,0
1896,2,PDE4DIP,0.04,0.026142099999999998,0
1897,2,USP8,-0.09,-0.042181699999999996,0
1898,2,MYH9,-0.27999999999999997,-0.0566868,0
1899,2,MYC,-1.3000000000000005,-0.5351011000000001,0
1900,2,NBN,0.51,0.3809657,0
1901,2,CCND3,-0.12000000000000001,-0.010677600000000006,0
1902,2,TRIP11,-0.12000000000000002,-0.08479610000000001,0
1903,2,CNTRL,-0.09000000000000001,-0.0612439,0
1904,2,PIK3CA,1.590000000000001,1.1557592999999995,0
1905,2,DDX5,0.31999999999999995,0.26931849999999996,0
1906,2,PICALM,3.469446951953614e-18,0.0033157000000000048,0
1907,2,RARA,0.5400000000000001,0.36455270000000006,0
1908,2,DDX6,-0.07,0.0533842,0
1909,2,COL1A1,0.04999999999999999,0.0859809,0
1910,2,VHL,0.18000000000000002,0.1292037,0
1911,2,MAPK1,1.580000000000001,1.0217150000000004,0
1912,2,SRC,-0.28,0.09821610000000006,0
1913,2,NFE2L2,0.22,0.16207239999999998,0
1914,2,MITF,-0.33999999999999997,-0.08031170000000001,0
1915,2,SMAD3,1.2100000000000009,0.9290421,0
1916,2,RBM15,0.07,0.06257679999999999,0
1917,2,ATR,0.7000000000000003,0.5750690000000002,0
1918,2,EPAS1,0.36999999999999994,0.3389274,0
1919,2,TPM3,0.18000000000000002,0.12634430000000002,0
1920,2,RPL10,0.11,0.1045653,0
1921,2,STAG1,0.15000000000000002,0.13642829999999997,0
1922,2,SBDS,-0.05,-0.0184018,0
1923,2,KMT2D,0.9500000000000004,0.7014594000000001,0
1924,2,MED12,0.29000000000000004,0.230412,0
1925,2,BCLAF1,-0.029999999999999992,0.02529569999999999,0
1926,2,ASPSCR1,0.019999999999999997,0.019464600000000002,0
1927,2,CDK12,0.3,0.22077210000000003,0
1928,2,EWSR1,0.42999999999999994,0.34321060000000003,0
1929,2,NDRG1,-0.039999999999999994,-0.017387800000000002,0
1930,2,PSIP1,-0.12000000000000001,-0.052851100000000005,0
1931,2,TRIM33,0.03,0.0336372,0
1932,2,MTOR,1.2600000000000007,0.9181512000000001,0
1933,2,ARHGAP35,0.11,0.13481769999999998,0
1934,2,POT1,-0.05,-0.008768200000000004,0
1935,2,EXT1,0.11,0.0717706,0
1936,2,IL6ST,0.28,0.2162956,0
1937,2,IDH2,0.04000000000000001,0.0677113,0
1938,2,SMARCE1,0.39,0.24178990000000003,0
1939,2,CRTC3,0.09,0.0708292,0
1940,2,TSC1,0.32,0.28586599999999995,0
1941,2,BCOR,-0.12,-0.007702599999999997,0
1942,2,SDHA,0.24000000000000002,0.14865469999999997,0
1943,2,EP300,1.6100000000000012,1.3281108999999995,0
1944,2,HNRNPA2B1,0.17,0.16482509999999997,0
1945,2,CLIP1,-0.11,-0.0617787,0
1946,2,PATZ1,-0.42,-0.1193795,0
1947,2,FUBP1,-0.12000000000000002,-0.005150200000000003,0
1948,2,HLA-A,-0.14,0.014785100000000002,0
1949,2,CCNC,-0.030000000000000002,-0.009114799999999998,0
1950,2,RPN1,-0.26,-0.0708488,0
1951,2,TCF7L2,0.09000000000000001,0.11414880000000002,0
1952,2,CANT1,0.08000000000000002,0.0465054,0
1953,2,RPL5,-0.63,-0.1791664,0
1954,2,CCDC6,0.060000000000000026,0.08302670000000001,0
1955,2,NCKIPSD,0.019999999999999997,0.012153499999999998,0
1956,2,SMARCD1,0.45,0.30974090000000004,0
1957,2,BCL10,0.010000000000000002,0.030112599999999993,0
1958,2,MAX,-0.019999999999999993,0.005354099999999997,0
1959,2,HERPUD1,0.02,0.0084124,0
1960,2,RAC1,0.030000000000000013,0.11450969999999998,0
1961,2,FLNA,0.05,0.0659362,0
1962,2,TFE3,-0.42000000000000004,-0.1800089,0
1963,2,NCOR2,0.7000000000000002,0.5201519,0
1964,2,PRPF40B,-0.02,-0.0086405,0
1965,2,BCL3,-0.029999999999999992,-0.004366099999999993,0
1966,2,TFPT,-0.28,-0.0874236,0
1967,2,MLH1,0.88,0.7128653,0
1968,2,ARHGAP5,0.12000000000000001,0.1053586,0
1969,2,CIC,0.01,0.007057099999999999,0
1970,2,LYN,0.8400000000000001,0.6084403,0
1971,2,TCF12,0.27999999999999997,0.2214637,0
1972,2,KLF6,0.04,0.0242075,0
1973,2,KMT2C,0.9700000000000002,0.7709729,0
1974,2,PIM1,-0.19,-0.0635696,0
1975,2,CCND1,1.620000000000001,1.0025414,0
1976,2,MLLT1,-0.9200000000000002,-0.2836252999999999,0
1977,2,MEN1,-0.030000000000000006,0.012814300000000004,0
1978,2,CUL3,0.12000000000000002,0.14649990000000002,0
1979,2,RB1,0.63,0.4918284000000001,0
1980,2,LPP,-0.08,-0.022775000000000004,0
1981,2,BUB1B,-0.18,-0.0931638,0
1982,2,SMAD4,1.4700000000000009,1.0813778000000003,0
1983,2,FGFR1,0.21999999999999997,0.148373,0
1984,2,TMSB4X,0.04,0.0316212,0
1985,2,CDK4,0.6000000000000001,0.4092199,0
1986,2,MSI2,0.0,0.0,0
1987,2,MSH6,0.9600000000000006,0.7437878000000001,0
1988,2,BRAF,1.1700000000000006,0.9701764000000003,0
1989,2,TCEA1,-0.08,-0.009565299999999995,0
1990,2,TNFAIP3,0.13,0.12021679999999998,0
1991,2,RABEP1,0.010000000000000002,0.006211700000000004,0
1992,2,GMPS,-0.07,-0.039393899999999996,0
1993,2,MDM2,1.2300000000000006,0.9160679999999999,0
1994,2,NSD2,0.18,0.1262275,0
1995,2,CASP8,0.08,0.21955659999999996,0
1996,2,PER1,-0.21999999999999997,-0.0545084,0
1997,2,UBR5,-0.07999999999999997,-0.03822930000000001,0
1998,2,EIF3E,-0.09,0.05105260000000002,0
1999,2,RFWD3,0.04,0.037295100000000005,0
2000,2,BRD3,0.08999999999999998,0.0797714,0
2001,2,PAFAH1B2,0.02,0.016487,0
2002,2,EXT2,0.009999999999999995,0.010295600000000002,0
2003,2,PLCG1,0.55,0.4006894000000001,0
2004,2,SF3B1,-0.25,-0.09917669999999999,0
2005,2,ARHGEF10L,0.02,0.010621799999999999,0
2006,2,NFATC2,0.19,0.1360673,0
2007,2,SDHD,0.28,0.15515330000000002,0
2008,2,PABPC1,-0.98,-0.2295925,0
2009,2,POLD1,-0.22000000000000003,-0.04306829999999999,0
2010,2,CALR,0.019999999999999993,0.02276530000000001,0
2011,2,PIK3CB,0.5700000000000001,0.46197960000000005,0
2012,2,PPM1D,0.18000000000000002,0.14058650000000003,0
2013,2,ATRX,0.9500000000000005,0.7526148,0
2014,2,DGCR8,0.17,0.1109601,0
2015,2,DDX10,0.10999999999999999,0.0747779,0
2016,2,DROSHA,0.41000000000000003,0.3044318,0
2017,2,TNFRSF14,-0.15000000000000002,-0.05491240000000001,0
2018,2,BCL9L,0.13,0.09018630000000001,0
2019,2,QKI,-0.05,-0.03247,0
2020,2,BAZ1A,0.02,0.0154924,0
2021,2,CHD4,0.16999999999999996,0.15358629999999998,0
2022,2,NSD3,0.04,0.041995500000000005,0
2023,2,NT5C2,0.17,0.0968301,0
2024,2,CCNB1IP1,0.11000000000000001,0.0491239,0
2025,2,PCBP1,-0.79,-0.2501064,0
2026,2,RALGDS,0.15,0.11203189999999999,0
2027,2,ARHGEF12,-0.04,-0.004162600000000001,0
2028,2,HSP90AB1,1.0100000000000002,0.6939276000000001,0
2029,2,FOXO3,1.3200000000000005,0.9429183000000001,0
2030,2,HIP1,-0.02,-0.0127382,0
2031,2,CDC73,-0.13999999999999996,-0.005582600000000001,0
2032,2,NIN,0.019999999999999997,0.014442499999999999,0
2033,2,MDM4,0.14,0.17936649999999998,0
2034,2,COL3A1,0.13999999999999999,0.1300776,0
2035,2,CTNND1,0.15999999999999998,0.1583735,0
2036,2,SPOP,-0.030000000000000002,0.0033266000000000025,0
2037,2,TMEM127,0.04000000000000001,0.0466749,0
2038,2,CREB3L2,0.05000000000000001,0.033606,0
2039,2,MSH2,0.9300000000000004,0.7101036000000002,0
2040,2,FNBP1,0.01,0.011797300000000002,0
2041,2,ATF1,0.020000000000000004,0.0157628,0
2042,2,EIF1AX,-0.46,-0.21342630000000004,0
2043,2,PMS1,0.51,0.38753499999999996,0
2044,2,DEK,0.09,0.0947714,0
2045,2,ERBB2,1.0500000000000005,0.6814689000000002,0
2046,2,AKT1,0.9600000000000004,0.6078480999999999,0
2047,2,CHEK2,0.35,0.37596,0
2048,2,SDHB,0.41000000000000003,0.2644126,0
2049,2,NCOA1,0.45,0.3305679000000001,0
2050,2,CHIC2,0.05,0.027733200000000006,0
2051,2,RUNX1,0.5000000000000003,0.6741308,0
2052,2,STAT6,0.31999999999999995,0.23844619999999997,0
2053,2,FH,-0.18000000000000002,-0.06189620000000001,0
2054,2,AKT3,1.0200000000000002,0.7071128999999999,0
2055,2,GNAS,0.25,0.15700230000000004,0
2056,2,CTNNB1,1.4600000000000009,1.0199944999999995,0
2057,2,NONO,0.11000000000000001,0.07609909999999999,0
2058,2,SMARCB1,0.8900000000000003,0.6681904,0
2059,2,PRKAR1A,0.11,0.0987665,0
2060,2,ITGAV,0.039999999999999994,0.040831900000000004,0
2061,2,SS18,0.38,0.2480993,0
2062,2,MAP2K1,1.0000000000000004,0.630713,0
2063,2,SIRPA,-0.020000000000000004,-0.005531700000000005,0
2064,2,PPFIBP1,0.39,0.26070699999999997,0
2065,2,RPL22,-0.29,0.061524599999999985,0
2066,2,CYLD,0.28,0.22531340000000002,0
2067,2,ARID1B,0.7,0.5197713,0
2068,2,SETDB1,0.32,0.23159989999999997,0
2069,2,AFDN,-0.42000000000000004,-0.12787359999999998,0
2070,2,ZRSR2,0.2800000000000001,0.20589670000000002,0
2071,2,PBRM1,0.9100000000000004,0.6649690000000001,0
2072,2,XPC,0.5700000000000001,0.377374,0
2073,2,ASXL2,0.23000000000000004,0.1539645,0
2074,2,TRIM24,-0.28,-0.11414909999999999,0
2075,2,SFPQ,-0.08,0.012843299999999981,0
2076,2,NCOA2,0.5100000000000001,0.36291120000000004,0
2077,2,FOXO4,0.44000000000000006,0.2809254,0
2078,2,LEF1,0.04999999999999999,0.06998089999999998,0
2079,2,B2M,-0.56,-0.217333,0
2080,2,DDIT3,-0.38,-0.09597220000000001,0
2081,2,BCL6,0.55,0.40082400000000007,0
2082,2,KRAS,-1.4100000000000006,-0.37431019999999987,0
2083,2,FAT1,0.05000000000000001,0.057140800000000005,0
2084,2,ABL2,0.1,0.07370800000000001,0
2085,2,NF1,0.8100000000000003,0.6530226000000001,0
2086,2,BTG1,-0.03,-0.015355500000000001,0
2087,2,EIF4A2,0.12,0.09436820000000001,0
2088,2,SET,0.15000000000000002,0.1338503,0
2089,2,EPS15,0.020000000000000004,0.0248704,0
2090,2,RNF213,0.03,0.0237072,0
2091,2,CTCF,0.9400000000000004,0.6866634000000001,0
2092,2,WDCP,0.11,0.08040819999999999,0
2093,2,KAT7,0.11999999999999998,0.09617529999999999,0
2094,2,KDM5C,0.18000000000000002,0.16137020000000002,0
2095,2,TGFBR2,0.15999999999999998,0.12622580000000003,0
2096,2,ATM,1.520000000000001,1.1678412999999996,0
2097,2,NUMA1,-0.039999999999999994,-0.0114469,0
2098,2,STAT3,1.540000000000001,1.1940782,0
2099,2,SUB1,-0.23,-0.0863707,0
2100,2,NUP98,0.09,0.09930619999999998,0
2101,2,ELL,-0.08,-0.015930000000000014,0
2102,2,MAP3K1,0.33999999999999997,0.28779230000000006,0
2103,2,MALT1,0.20000000000000004,0.17072890000000002,0
2104,2,XPO1,0.31000000000000005,0.2573324,0
2105,2,SETD1B,0.18,0.1368115,0
2106,2,ETV6,-0.09999999999999999,-0.010695999999999994,0
2107,2,TBL1XR1,0.20000000000000004,0.13400669999999998,0
2108,2,NUP214,-0.060000000000000005,0.08219049999999996,0
2109,2,TPR,0.1,0.09493779999999999,0
2110,2,ATIC,0.03999999999999999,0.04715410000000001,0
2111,2,NACA,0.24,0.1682883,0
2112,2,MYO5A,0.009999999999999998,0.008731200000000005,0
2113,2,SMC1A,0.5700000000000001,0.4607221,0
2114,2,LASP1,-0.2,-0.1147137,0
2115,2,ERCC5,0.44999999999999996,0.2957768,0
2116,2,JUN,-0.17,0.11591039999999998,0
2117,2,THRAP3,0.1,0.08333849999999998,0
2118,2,STAG2,0.48999999999999994,0.3923364999999999,0
2119,2,RAF1,1.1100000000000003,0.7794032000000001,0
2120,2,ERCC3,0.55,0.436452,0
2121,2,SMAD2,0.5700000000000002,0.5218657999999999,0
2122,2,TAF15,0.19000000000000003,0.1507222,0
2123,2,ARNT,0.25,0.2215232,0
2124,2,CLTC,-0.5900000000000001,-0.3240319000000001,0
2125,2,IKBKB,0.49000000000000027,0.43707650000000003,0
2126,2,IDH1,-0.6100000000000001,-0.1770683,0
2127,2,SND1,-0.019999999999999997,-0.0109538,0
2128,2,KNSTRN,0.03,0.025063799999999997,0
2129,2,RHOA,-1.42,-0.36587260000000005,0
2130,2,PALB2,0.5800000000000001,0.4908144,0
2131,2,ARID2,0.76,0.5746479,0
2132,2,EZR,-0.11000000000000001,-0.0041277999999999836,0
2133,2,TP53,-1.16,-0.26141429999999993,0
2134,2,ARAF,0.41000000000000003,0.23028350000000003,0
2135,2,KIF5B,0.43,0.30922530000000004,0
2136,2,KAT6A,0.19999999999999998,0.1935487,0
2137,2,KTN1,-0.11,-0.030599299999999996,0
2138,2,GOLGA5,-0.14,-0.09438640000000001,0
2139,2,KDM5A,0.24,0.21985,0
2140,2,RAD21,0.44000000000000006,0.33564669999999996,0
2141,2,GNAQ,0.12,0.0870899,0
2142,2,CAMTA1,0.01,0.0071795,0
2143,2,ERCC2,0.62,0.4319736,0
2144,2,EZH2,1.740000000000001,1.1231577999999998,0
2145,2,TOP1,0.07000000000000002,0.068059,0
2146,2,SRSF3,-0.18,-0.050607,0
2147,2,NPM1,-0.21000000000000002,0.053533,0
2148,2,BAX,-0.47,-0.14305889999999996,0
2149,2,NOTCH2,0.27,0.214412,0
2150,2,TRAF7,0.03,0.0231711,0
2151,2,KDM6A,0.8600000000000003,0.7411374000000002,0
2152,2,SPEN,0.11000000000000001,0.08318049999999999,0
2153,2,TRIM27,-0.5700000000000001,-0.18000059999999996,0
2154,2,CRTC1,0.14,0.1103755,0
2155,2,EML4,0.3100000000000001,0.2594924,0
2156,2,USP9X,-0.06999999999999998,-0.045939499999999994,0
2157,2,PTPRK,0.01,0.007195399999999999,0
2158,2,CD74,-0.26,-0.05024339999999999,0
2159,2,CBL,0.6700000000000002,0.48952640000000014,0
2160,2,ZNF384,-0.07,-0.0363298,0
2161,2,NOTCH1,0.9800000000000004,0.7164482000000001,0
2162,2,COX6C,-0.13,-0.05311260000000001,0
2163,2,CHCHD7,0.03,0.0199371,0
2164,2,HMGA1,-0.11,-0.0512765,0
2165,2,PTEN,1.4700000000000009,1.2098983000000003,0
2166,2,FIP1L1,-0.03,-0.01635169999999999,0
2167,2,JAK1,0.7500000000000002,0.6046902000000001,0
2168,2,ZMYM2,-0.06999999999999999,-0.05124720000000001,0
2169,2,SUZ12,0.7900000000000003,0.5528447000000001,0
2170,2,FUS,-0.10000000000000003,0.1355542,0
2171,2,BAP1,0.10999999999999997,0.09632109999999999,0
2172,2,ZCCHC8,-0.06,-0.0194244,0
2173,2,CRNKL1,-0.04,-0.0244444,0
2174,2,RAD17,0.1,0.0743041,0
2175,2,ATP1A1,0.0,0.0002508000000000007,0
2176,2,DNMT3A,0.8700000000000006,0.6617372000000001,0
2177,2,FBXW7,0.9700000000000003,0.7527462000000004,0
2178,2,WWTR1,-0.09,-0.0483682,0
2179,2,CDKN1B,0.6300000000000001,0.40518579999999993,0
2180,2,KMT2A,0.51,0.4238335999999999,0
2181,2,PTPN11,0.8800000000000003,0.6820528000000002,0
2182,2,STAT5B,0.6900000000000002,0.5426183000000001,0
2183,2,CUX1,-0.12,-0.0791835,0
2184,2,ABI1,-0.38000000000000006,-0.1290295,0
2185,2,BRCA1,1.7200000000000013,1.3560462999999998,0
2186,2,SH2B3,0.030000000000000002,0.025340299999999996,0
2187,2,AFF4,0.06999999999999999,0.0662722,0
2188,2,NF2,0.03999999999999998,0.08818309999999999,0
2189,2,LMNA,1.214306433183765e-17,0.0263477,0
2190,2,TSC2,0.5900000000000001,0.47773340000000003,0
2191,2,GOLPH3,-0.11,-0.06760719999999999,0
2192,2,PCM1,-0.07,-0.046764499999999994,0
2193,2,PPP2R1A,-0.35000000000000003,-0.1230932,0
2194,2,ARID1A,1.7000000000000008,1.231222,0
2195,2,ABL1,0.12000000000000012,0.1418825,0
2196,2,AFF1,0.22000000000000003,0.1810349,0
2197,2,DAXX,-0.26,-0.055051600000000006,0
2198,2,CBFB,0.10999999999999997,0.09146149999999999,0
2199,2,CBLB,0.13,0.1000481,0
2200,2,POLR2A,0.05999999999999997,0.19238710000000006,0
2201,2,PRKACA,0.29,0.2328171,0
2202,2,DNM2,-0.11,-0.046382099999999996,0
2203,2,RAP1GDS1,-0.06000000000000001,-0.0240596,0
2204,2,NCOR1,0.9200000000000003,0.7979199000000002,0
2205,2,NFKBIE,-0.24,-0.08929519999999999,0
2206,2,DDX3X,0.1,0.10336719999999999,0
2207,2,ELK4,0.02,0.014587600000000001,0
2208,2,MLLT6,0.13,0.099826,0
2209,2,SRSF2,-1.37,-0.3742129,0
2210,2,CTNNA1,0.11,0.083239,0
2211,2,RBM10,0.21,0.1434438,0
2212,2,PTPRC,0.17,0.1497632,0
2213,2,HSP90AA1,0.9700000000000004,0.6423169999999999,0
2214,3,NSD1,0.31,0.2642038,1
2215,3,DICER1,0.19000000000000006,0.2344189,1
2216,3,BIRC6,0.11,0.1014238,1
2217,3,SDHC,0.41000000000000003,0.3053936000000001,1
2218,3,TFG,0.16,0.1059599,1
2219,3,MAP2K2,0.41,0.29047389999999995,1
2220,3,TFRC,-0.21000000000000005,-0.08784850000000001,1
2221,3,CREB1,0.9800000000000005,0.8014074,1
2222,3,POLG,-0.01,-0.0031934000000000003,1
2223,3,SETD2,0.6100000000000004,0.5511465999999997,1
2224,3,NAB2,-0.43,-0.1431593,1
2225,3,HIF1A,1.630000000000001,1.2290273,1
2226,3,FLCN,-0.019999999999999997,0.026554800000000003,1
2227,3,MAP2K4,0.07,0.1109182,1
2228,3,CNOT3,0.04999999999999999,0.05162260000000001,1
2229,3,CIITA,0.1,0.0647655,1
2230,3,LSM14A,0.14,0.1137209,1
2231,3,AKAP9,-0.039999999999999994,0.008394899999999997,1
2232,3,MSN,-0.26,-0.0828139,1
2233,3,BCR,-0.030000000000000006,0.039495499999999996,1
2234,3,TRRAP,0.02999999999999999,0.17761109999999997,1
2235,3,PPP6C,-0.12,-0.050841899999999995,1
2236,3,NCOA4,-0.09000000000000001,-0.036868500000000005,1
2237,3,BCL9,0.19000000000000003,0.1485327,1
2238,3,PRCC,0.13,0.1046306,1
2239,3,LARP4B,0.02,0.0141788,1
2240,3,CHD2,0.02,0.017578800000000002,1
2241,3,ASXL1,0.46000000000000013,0.4328399000000001,1
2242,3,SMARCA4,1.9400000000000013,1.5336900000000002,1
2243,3,ERC1,-0.02,-0.0154314,1
2244,3,DCTN1,-0.03000000000000001,0.022935999999999984,1
2245,3,PIK3R1,1.3200000000000007,1.0542737,1
2246,3,EED,0.19999999999999998,0.13425040000000002,1
2247,3,CNBP,0.02,0.0120492,1
2248,3,SGK1,0.5,0.34580229999999995,1
2249,3,MLLT10,-0.05,-0.012527999999999997,1
2250,3,BRD4,0.9800000000000002,0.8403622999999998,1
2251,3,RANBP2,0.27,0.2604527,1
2252,3,FBXO11,0.08,0.0651535,1
2253,3,PML,0.37,0.26428060000000003,1
2254,3,AKT2,1.0900000000000003,0.7768003000000001,1
2255,3,CEP89,0.06,0.0364038,1
2256,3,LZTR1,0.10999999999999999,0.1149202,1
2257,3,YWHAE,0.26,0.1618989,1
2258,3,DNAJB1,-0.06,-0.021415700000000003,1
2259,3,PRDM2,0.06,0.04737380000000001,1
2260,3,TPM4,0.49000000000000005,0.3363266000000001,1
2261,3,CREBBP,1.8400000000000012,1.4926266000000004,1
2262,3,PMS2,0.8000000000000003,0.6972425,1
2263,3,DDR2,0.0,0.0049838999999999994,1
2264,3,FANCA,0.43,0.3540358,1
2265,3,PDE4DIP,0.07,0.052798700000000004,1
2266,3,USP8,-0.04,-0.021129900000000004,1
2267,3,MYH9,-0.47000000000000003,-0.13412230000000003,1
2268,3,MYC,-1.4900000000000004,-0.31399489999999997,1
2269,3,NBN,0.6100000000000001,0.48872299999999996,1
2270,3,CCND3,-0.04000000000000001,0.03233939999999999,1
2271,3,TRIP11,-0.11,-0.0795251,1
2272,3,CNTRL,-0.1,-0.0709229,1
2273,3,PIK3CA,1.2500000000000009,1.0816826999999998,1
2274,3,DDX5,0.37,0.3461364,1
2275,3,PICALM,3.469446951953614e-18,0.003920200000000002,1
2276,3,RARA,0.1,0.14643179999999997,1
2277,3,DDX6,0.07000000000000002,0.12182200000000003,1
2278,3,COL1A1,0.26,0.2327663,1
2279,3,VHL,0.21000000000000005,0.14296340000000002,1
2280,3,MAPK1,1.780000000000001,1.2416724999999997,1
2281,3,SRC,0.7400000000000004,0.5628735000000002,1
2282,3,NFE2L2,0.30000000000000004,0.24436239999999998,1
2283,3,MITF,-0.13,-0.013703000000000003,1
2284,3,SMAD3,1.330000000000001,1.1268237000000003,1
2285,3,RBM15,0.09,0.0757345,1
2286,3,ATR,0.7200000000000002,0.5884497000000001,1
2287,3,EPAS1,0.26,0.30967310000000003,1
2288,3,TPM3,0.11000000000000003,0.11077190000000002,1
2289,3,RPL10,0.11000000000000001,0.1213217,1
2290,3,STAG1,0.10000000000000002,0.12804390000000002,1
2291,3,SBDS,-0.09,-0.028867500000000004,1
2292,3,KMT2D,1.0300000000000002,0.8339540000000001,1
2293,3,MED12,0.35000000000000003,0.2941115,1
2294,3,BCLAF1,-0.09,0.0028946999999999983,1
2295,3,ASPSCR1,0.029999999999999992,0.023366499999999995,1
2296,3,CDK12,0.5,0.39751859999999994,1
2297,3,EWSR1,0.31000000000000005,0.32015150000000003,1
2298,3,NDRG1,-0.05,-0.019505600000000005,1
2299,3,PSIP1,0.04,0.05039350000000001,1
2300,3,TRIM33,0.08,0.07130159999999999,1
2301,3,MTOR,1.0000000000000004,0.8341752000000001,1
2302,3,ARHGAP35,0.15000000000000002,0.14389380000000002,1
2303,3,POT1,0.0,0.013762400000000001,1
2304,3,EXT1,0.1,0.06842200000000001,1
2305,3,IL6ST,0.31,0.2536979,1
2306,3,IDH2,-0.19999999999999998,-0.03780079999999999,1
2307,3,SMARCE1,0.36000000000000004,0.2589979,1
2308,3,CRTC3,0.09,0.0781665,1
2309,3,TSC1,0.36,0.3376051,1
2310,3,BCOR,-0.1,0.0087144,1
2311,3,SDHA,0.26,0.19097460000000002,1
2312,3,EP300,2.2000000000000006,1.7617753000000005,1
2313,3,HNRNPA2B1,0.5800000000000001,0.41421919999999995,1
2314,3,CLIP1,-0.13999999999999999,-0.0738388,1
2315,3,PATZ1,-0.42000000000000004,-0.1234459,1
2316,3,FUBP1,-0.08999999999999998,0.022420700000000016,1
2317,3,HLA-A,-0.039999999999999994,0.036082699999999995,1
2318,3,CCNC,-0.48000000000000004,-0.1648483,1
2319,3,RPN1,-0.24,-0.0824879,1
2320,3,TCF7L2,-0.01999999999999999,0.06510010000000002,1
2321,3,CANT1,0.030000000000000013,0.0349934,1
2322,3,RPL5,-0.8200000000000001,-0.21061700000000003,1
2323,3,CCDC6,0.020000000000000004,0.05420599999999998,1
2324,3,NCKIPSD,-0.009999999999999998,0.0009067000000000016,1
2325,3,SMARCD1,0.46,0.37524119999999994,1
2326,3,BCL10,0.06,0.0794399,1
2327,3,MAX,0.06000000000000001,0.07544640000000001,1
2328,3,HERPUD1,0.01,0.0033936,1
2329,3,RAC1,-0.009999999999999992,0.1295989,1
2330,3,FLNA,0.25000000000000006,0.18562209999999998,1
2331,3,TFE3,-0.59,-0.23933339999999997,1
2332,3,NCOR2,0.6500000000000001,0.5386378,1
2333,3,PRPF40B,0.04,0.028266499999999996,1
2334,3,BCL3,-0.15000000000000002,-0.029374600000000004,1
2335,3,TFPT,-0.32,-0.102703,1
2336,3,MLH1,0.9800000000000001,0.8369958,1
2337,3,ARHGAP5,0.15,0.123198,1
2338,3,CIC,0.0,0.0,1
2339,3,LYN,0.8200000000000002,0.5860864000000001,1
2340,3,TCF12,0.31,0.24150530000000003,1
2341,3,KLF6,0.05,0.0314018,1
2342,3,KMT2C,0.9000000000000004,0.7535656000000003,1
2343,3,PIM1,-0.08999999999999997,-0.008133900000000006,1
2344,3,CCND1,1.4500000000000008,0.9171513000000003,1
2345,3,MLLT1,-0.9800000000000002,-0.2994271,1
2346,3,MEN1,0.07,0.07726549999999999,1
2347,3,CUL3,0.04999999999999998,0.11368799999999998,1
2348,3,RB1,0.6300000000000001,0.49636420000000003,1
2349,3,LPP,-0.19,-0.0528416,1
2350,3,BUB1B,-0.23,-0.0940521,1
2351,3,SMAD4,1.620000000000001,1.2809620999999998,1
2352,3,FGFR1,0.2799999999999999,0.22391620000000007,1
2353,3,TMSB4X,0.03,0.0209058,1
2354,3,CDK4,0.9000000000000004,0.6391144999999998,1
2355,3,MSI2,0.01,0.0077457,1
2356,3,MSH6,1.0600000000000005,0.9090367,1
2357,3,BRAF,1.2200000000000004,1.0332601000000003,1
2358,3,TCEA1,-0.07000000000000002,0.011087699999999997,1
2359,3,TNFAIP3,0.11000000000000001,0.11186450000000002,1
2360,3,RABEP1,-0.02,-0.0150958,1
2361,3,GMPS,-0.06000000000000001,-0.020040799999999998,1
2362,3,MDM2,1.2300000000000006,0.9669656000000001,1
2363,3,NSD2,0.19000000000000003,0.1359795,1
2364,3,CASP8,-0.07000000000000002,0.14381349999999998,1
2365,3,PER1,-0.21999999999999997,-0.0681763,1
2366,3,UBR5,0.01000000000000001,0.03512849999999999,1
2367,3,EIF3E,-0.060000000000000005,0.030266699999999997,1
2368,3,RFWD3,0.030000000000000002,0.032076,1
2369,3,BRD3,0.11,0.0860458,1
2370,3,PAFAH1B2,0.03,0.026886,1
2371,3,EXT2,0.020000000000000004,0.014131600000000015,1
2372,3,PLCG1,0.58,0.44658230000000004,1
2373,3,SF3B1,-0.58,-0.2384657,1
2374,3,ARHGEF10L,0.03,0.015110699999999998,1
2375,3,NFATC2,0.18,0.12762489999999999,1
2376,3,SDHD,0.25999999999999995,0.18038230000000002,1
2377,3,PABPC1,-0.7200000000000001,-0.2018162,1
2378,3,POLD1,-0.11000000000000001,-0.019633000000000005,1
2379,3,CALR,0.04999999999999998,0.075574,1
2380,3,PIK3CB,0.7800000000000002,0.6099680999999998,1
2381,3,PPM1D,0.27,0.2079732,1
2382,3,ATRX,0.9900000000000004,0.8327990999999998,1
2383,3,DGCR8,0.16999999999999998,0.1301254,1
2384,3,DDX10,0.16,0.1252333,1
2385,3,DROSHA,0.51,0.40039500000000006,1
2386,3,TNFRSF14,-0.12,-0.0317097,1
2387,3,BCL9L,0.14,0.1063235,1
2388,3,QKI,0.0,0.0013904999999999994,1
2389,3,BAZ1A,0.01,0.0077433,1
2390,3,CHD4,0.33999999999999997,0.2957333999999999,1
2391,3,NSD3,0.12,0.12268050000000001,1
2392,3,NT5C2,0.17,0.10877520000000002,1
2393,3,CCNB1IP1,0.09,0.0472332,1
2394,3,PCBP1,-0.74,-0.22674169999999993,1
2395,3,RALGDS,-0.020000000000000018,0.06313440000000001,1
2396,3,ARHGEF12,-0.010000000000000002,0.02031389999999999,1
2397,3,HSP90AB1,0.9800000000000002,0.7002852,1
2398,3,FOXO3,1.3500000000000008,0.9787434000000002,1
2399,3,HIP1,-0.02,-0.0134949,1
2400,3,CDC73,0.08,0.09678959999999999,1
2401,3,NIN,0.009999999999999998,0.007811000000000002,1
2402,3,MDM4,0.08,0.15537260000000003,1
2403,3,COL3A1,0.23,0.19092430000000002,1
2404,3,CTNND1,0.16,0.1656295,1
2405,3,SPOP,0.12000000000000001,0.1143923,1
2406,3,TMEM127,0.16000000000000003,0.09303630000000002,1
2407,3,CREB3L2,0.07,0.0455069,1
2408,3,MSH2,1.0700000000000005,0.9095180999999999,1
2409,3,FNBP1,0.02,0.0192707,1
2410,3,ATF1,0.13,0.08741689999999999,1
2411,3,EIF1AX,-0.5499999999999999,-0.2217581,1
2412,3,PMS1,0.6,0.47254409999999997,1
2413,3,DEK,0.19,0.1637914,1
2414,3,ERBB2,0.8900000000000003,0.5812175000000002,1
2415,3,AKT1,0.8700000000000003,0.5853321999999997,1
2416,3,CHEK2,0.55,0.5912731999999999,1
2417,3,SDHB,0.42000000000000004,0.3122275,1
2418,3,NCOA1,0.38999999999999996,0.30016260000000006,1
2419,3,CHIC2,0.07,0.044135,1
2420,3,RUNX1,0.08000000000000007,0.5576973,1
2421,3,STAT6,0.4,0.336549,1
2422,3,FH,-0.12000000000000002,-0.03616900000000002,1
2423,3,AKT3,1.1200000000000006,0.8156696000000001,1
2424,3,GNAS,0.3400000000000001,0.2390275,1
2425,3,CTNNB1,1.1100000000000005,0.8279004,1
2426,3,NONO,0.33999999999999997,0.27765190000000006,1
2427,3,SMARCB1,1.0100000000000005,0.7645774999999998,1
2428,3,PRKAR1A,0.18,0.1720067,1
2429,3,ITGAV,0.020000000000000007,0.04938640000000001,1
2430,3,SS18,0.4,0.2799465,1
2431,3,MAP2K1,0.9400000000000004,0.5796878999999999,1
2432,3,SIRPA,-0.07,-0.007248400000000002,1
2433,3,PPFIBP1,0.41,0.30627970000000004,1
2434,3,RPL22,-0.18000000000000002,0.11612940000000002,1
2435,3,CYLD,0.29000000000000004,0.2281342,1
2436,3,ARID1B,0.79,0.6051432000000001,1
2437,3,SETDB1,0.31,0.22847320000000002,1
2438,3,AFDN,-0.2899999999999999,-0.0711704,1
2439,3,ZRSR2,0.039999999999999994,0.03259839999999999,1
2440,3,PBRM1,1.0000000000000004,0.7598204000000001,1
2441,3,XPC,0.51,0.3171377,1
2442,3,ASXL2,0.25,0.17699779999999998,1
2443,3,TRIM24,-0.21,-0.0537014,1
2444,3,SFPQ,-0.30999999999999994,-0.0633859,1
2445,3,NCOA2,0.6700000000000002,0.5266535,1
2446,3,FOXO4,0.36,0.24881749999999997,1
2447,3,LEF1,0.08999999999999998,0.14407910000000002,1
2448,3,B2M,-0.33,-0.13579279999999996,1
2449,3,DDIT3,-0.25,-0.10056620000000001,1
2450,3,BCL6,0.30000000000000004,0.26753499999999997,1
2451,3,KRAS,-0.8900000000000001,-0.17408329999999997,1
2452,3,FAT1,0.11,0.0858066,1
2453,3,ABL2,0.04,0.04222089999999999,1
2454,3,NF1,1.3200000000000007,1.0421045999999996,1
2455,3,BTG1,-0.03,-0.0155118,1
2456,3,EIF4A2,0.019999999999999997,0.013018600000000002,1
2457,3,SET,0.17,0.13724340000000002,1
2458,3,EPS15,0.08000000000000002,0.07104540000000001,1
2459,3,RNF213,0.05,0.0433181,1
2460,3,CTCF,0.9600000000000003,0.6657541,1
2461,3,WDCP,0.29000000000000004,0.19266510000000003,1
2462,3,KAT7,0.14,0.1164757,1
2463,3,KDM5C,0.21000000000000005,0.1915845,1
2464,3,TGFBR2,0.12999999999999998,0.14640809999999999,1
2465,3,ATM,1.1500000000000008,1.0487142000000003,1
2466,3,NUMA1,-0.010000000000000004,0.006764099999999998,1
2467,3,STAT3,0.6600000000000004,0.7594362000000004,1
2468,3,SUB1,-0.16,-0.0705696,1
2469,3,NUP98,0.17,0.17307840000000002,1
2470,3,ELL,0.010000000000000005,0.005606900000000008,1
2471,3,MAP3K1,0.46,0.35521690000000006,1
2472,3,MALT1,0.13,0.14200720000000003,1
2473,3,XPO1,0.46000000000000013,0.3839345,1
2474,3,SETD1B,0.19999999999999998,0.1544843,1
2475,3,ETV6,-0.13999999999999999,-0.025981099999999993,1
2476,3,TBL1XR1,0.22,0.16097499999999998,1
2477,3,NUP214,0.00999999999999999,0.16396170000000002,1
2478,3,TPR,0.09,0.08258180000000001,1
2479,3,ATIC,0.18,0.17519789999999996,1
2480,3,NACA,0.2,0.1148093,1
2481,3,MYO5A,0.0,8.989999999999866e-05,1
2482,3,SMC1A,0.3800000000000001,0.42699000000000004,1
2483,3,LASP1,-0.21000000000000002,-0.11267060000000001,1
2484,3,ERCC5,0.43,0.25396490000000005,1
2485,3,JUN,-0.9199999999999999,-0.13140980000000005,1
2486,3,THRAP3,0.06,0.0473381,1
2487,3,STAG2,0.37,0.33868489999999996,1
2488,3,RAF1,0.9400000000000004,0.6957122,1
2489,3,ERCC3,0.62,0.5290502,1
2490,3,SMAD2,0.49000000000000027,0.5377446,1
2491,3,TAF15,0.16,0.1491321,1
2492,3,ARNT,0.22000000000000003,0.198947,1
2493,3,CLTC,-0.75,-0.35218210000000005,1
2494,3,IKBKB,0.47000000000000003,0.44962729999999995,1
2495,3,IDH1,-0.5099999999999999,-0.14044659999999998,1
2496,3,SND1,6.938893903907228e-18,0.0305492,1
2497,3,KNSTRN,0.02,0.014731399999999999,1
2498,3,RHOA,-2.6100000000000008,-0.6549502000000001,1
2499,3,PALB2,0.7600000000000002,0.6442533,1
2500,3,ARID2,0.8300000000000001,0.6479045999999999,1
2501,3,EZR,-0.21,-0.0636146,1
2502,3,TP53,0.1300000000000001,0.4094175000000001,1
2503,3,ARAF,0.4,0.23815790000000006,1
2504,3,KIF5B,0.4800000000000001,0.35047389999999995,1
2505,3,KAT6A,0.25,0.24261110000000002,1
2506,3,KTN1,-0.05,0.0028669999999999998,1
2507,3,GOLGA5,-0.09000000000000001,-0.057689,1
2508,3,KDM5A,0.28,0.25485069999999993,1
2509,3,RAD21,0.56,0.4583152,1
2510,3,GNAQ,0.27,0.2115165,1
2511,3,CAMTA1,0.07,0.052707000000000004,1
2512,3,ERCC2,0.7,0.5555825999999999,1
2513,3,EZH2,1.460000000000001,1.1404361,1
2514,3,TOP1,0.28,0.2194656,1
2515,3,SRSF3,-0.59,-0.15501440000000002,1
2516,3,NPM1,0.13999999999999999,0.1774315999999999,1
2517,3,BAX,-0.61,-0.1592016,1
2518,3,NOTCH2,0.3,0.2485173,1
2519,3,TRAF7,0.02,0.013536999999999999,1
2520,3,KDM6A,0.8200000000000002,0.8554157999999998,1
2521,3,SPEN,0.13,0.1014886,1
2522,3,TRIM27,-0.54,-0.17046989999999998,1
2523,3,CRTC1,0.16,0.1294522,1
2524,3,EML4,0.26,0.2595171,1
2525,3,USP9X,-0.1,-0.0701873,1
2526,3,PTPRK,0.0,0.0,1
2527,3,CD74,-0.08,0.03888079999999998,1
2528,3,CBL,0.51,0.43213329999999994,1
2529,3,ZNF384,0.02,0.0151463,1
2530,3,NOTCH1,1.0400000000000005,0.8173556000000002,1
2531,3,COX6C,-0.16999999999999998,-0.044939,1
2532,3,CHCHD7,0.01,0.0057402,1
2533,3,HMGA1,-0.08,-0.0357937,1
2534,3,PTEN,1.5100000000000011,1.3148965000000001,1
2535,3,FIP1L1,-0.03,-0.014906199999999998,1
2536,3,JAK1,0.7900000000000003,0.6405424999999999,1
2537,3,ZMYM2,-0.03,-0.019497599999999997,1
2538,3,SUZ12,0.8500000000000003,0.6499709,1
2539,3,FUS,-0.41,0.026116699999999993,1
2540,3,BAP1,-0.19000000000000003,-0.0842524,1
2541,3,ZCCHC8,-0.09,-0.024926399999999998,1
2542,3,CRNKL1,0.009999999999999998,0.008428000000000001,1
2543,3,RAD17,0.16,0.11120250000000001,1
2544,3,ATP1A1,0.01,0.0087999,1
2545,3,DNMT3A,1.0100000000000002,0.8248675999999998,1
2546,3,FBXW7,0.7600000000000003,0.6829027,1
2547,3,WWTR1,-0.2,-0.0718147,1
2548,3,CDKN1B,0.44,0.29116660000000005,1
2549,3,KMT2A,0.5000000000000001,0.46155820000000003,1
2550,3,PTPN11,0.9900000000000004,0.8070052,1
2551,3,STAT5B,0.7500000000000002,0.5772583,1
2552,3,CUX1,-0.14,-0.08633079999999999,1
2553,3,ABI1,-0.32000000000000006,-0.10323080000000001,1
2554,3,BRCA1,1.9400000000000013,1.5902378000000001,1
2555,3,SH2B3,0.049999999999999996,0.028778,1
2556,3,AFF4,0.06999999999999999,0.06587640000000002,1
2557,3,NF2,0.08,0.11305359999999999,1
2558,3,LMNA,0.13,0.09406219999999998,1
2559,3,TSC2,0.8400000000000003,0.6648769999999999,1
2560,3,GOLPH3,-0.08,-0.0505989,1
2561,3,PCM1,-0.03,-0.024170999999999998,1
2562,3,PPP2R1A,-0.36,-0.0903386,1
2563,3,ARID1A,1.8000000000000012,1.4130509999999994,1
2564,3,ABL1,-0.14999999999999997,0.09354520000000001,1
2565,3,AFF1,0.19999999999999996,0.1734447,1
2566,3,DAXX,-0.49,-0.13266360000000002,1
2567,3,CBFB,0.11,0.11889279999999999,1
2568,3,CBLB,0.17,0.1481747,1
2569,3,POLR2A,-0.08,0.16856160000000003,1
2570,3,PRKACA,0.08000000000000014,0.19650480000000006,1
2571,3,DNM2,-0.09,-0.0418815,1
2572,3,RAP1GDS1,0.020000000000000018,0.04410649999999999,1
2573,3,NCOR1,0.9900000000000003,0.8992387,1
2574,3,NFKBIE,-0.39,-0.12226970000000001,1
2575,3,DDX3X,0.25,0.23063499999999995,1
2576,3,ELK4,0.03,0.0250143,1
2577,3,MLLT6,0.14,0.1016232,1
2578,3,SRSF2,-2.42,-0.6248281,1
2579,3,CTNNA1,0.16,0.1257176,1
2580,3,RBM10,0.15,0.11581190000000002,1
2581,3,PTPRC,0.03999999999999998,0.111325,1
2582,3,HSP90AA1,0.6700000000000002,0.5447259999999999,1
2583,3,NSD1,0.26,0.225703,0
2584,3,DICER1,0.3400000000000001,0.30997280000000005,0
2585,3,BIRC6,0.10999999999999999,0.09320459999999998,0
2586,3,SDHC,0.34,0.23464649999999998,0
2587,3,TFG,0.29,0.1643626,0
2588,3,MAP2K2,0.25,0.19615849999999999,0
2589,3,TFRC,-0.22999999999999998,-0.10723869999999999,0
2590,3,CREB1,0.9400000000000005,0.7378932999999999,0
2591,3,POLG,0.01,0.0033665,0
2592,3,SETD2,0.7600000000000002,0.6556894,0
2593,3,NAB2,-0.37,-0.11627100000000001,0
2594,3,HIF1A,1.5600000000000007,1.1577976,0
2595,3,FLCN,0.03,0.0328562,0
2596,3,MAP2K4,0.06000000000000002,0.1118467,0
2597,3,CNOT3,0.030000000000000002,0.031379699999999996,0
2598,3,CIITA,0.08,0.049713499999999994,0
2599,3,LSM14A,0.11,0.0908902,0
2600,3,AKAP9,-0.04,-0.0011439999999999922,0
2601,3,MSN,-0.38,-0.09620659999999999,0
2602,3,BCR,0.030000000000000013,0.04865119999999999,0
2603,3,TRRAP,-0.01999999999999998,0.1250329,0
2604,3,PPP6C,-0.16,-0.07945060000000001,0
2605,3,NCOA4,-0.14999999999999997,-0.0800813,0
2606,3,BCL9,0.15,0.12458960000000001,0
2607,3,PRCC,0.04,0.034382399999999994,0
2608,3,LARP4B,0.01,0.0058152,0
2609,3,CHD2,0.01,0.0079455,0
2610,3,ASXL1,0.41000000000000014,0.4233539999999999,0
2611,3,SMARCA4,1.3000000000000007,0.9932915999999999,0
2612,3,ERC1,-0.01,-0.0081663,0
2613,3,DCTN1,-0.26000000000000006,-0.12105939999999998,0
2614,3,PIK3R1,1.2700000000000007,0.9576671999999999,0
2615,3,EED,-0.04000000000000001,0.0261774,0
2616,3,CNBP,0.0,0.0,0
2617,3,SGK1,0.25,0.14525380000000002,0
2618,3,MLLT10,-0.23,-0.1154566,0
2619,3,BRD4,0.9800000000000005,0.778775,0
2620,3,RANBP2,0.19999999999999996,0.24616059999999995,0
2621,3,FBXO11,0.08,0.06452980000000001,0
2622,3,PML,0.41000000000000003,0.27939949999999997,0
2623,3,AKT2,0.9500000000000003,0.6698295999999999,0
2624,3,CEP89,0.07,0.0439458,0
2625,3,LZTR1,0.06,0.0761305,0
2626,3,YWHAE,0.27,0.1661084,0
2627,3,DNAJB1,-0.09000000000000001,-0.0239841,0
2628,3,PRDM2,0.03,0.0224274,0
2629,3,TPM4,0.4800000000000001,0.3180129,0
2630,3,CREBBP,1.8600000000000014,1.5557192000000002,0
2631,3,PMS2,0.5300000000000001,0.5132454,0
2632,3,DDR2,0.049999999999999996,0.0308016,0
2633,3,FANCA,0.35,0.28702720000000004,0
2634,3,PDE4DIP,0.060000000000000005,0.042269100000000004,0
2635,3,USP8,-0.1,-0.0451379,0
2636,3,MYH9,-0.23,-0.0353861,0
2637,3,MYC,-1.2700000000000007,-0.4927015999999998,0
2638,3,NBN,0.54,0.42469180000000006,0
2639,3,CCND3,-0.14,-0.006154300000000004,0
2640,3,TRIP11,-0.12,-0.0830404,0
2641,3,CNTRL,-0.07,-0.0467871,0
2642,3,PIK3CA,1.690000000000001,1.2348522,0
2643,3,DDX5,0.3800000000000001,0.3206655999999999,0
2644,3,PICALM,3.469446951953614e-18,0.003069800000000001,0
2645,3,RARA,0.44000000000000006,0.3169912000000001,0
2646,3,DDX6,-0.08000000000000002,0.054423499999999986,0
2647,3,COL1A1,0.12,0.1190518,0
2648,3,VHL,0.2,0.1437807,0
2649,3,MAPK1,1.5600000000000007,1.0263185000000001,0
2650,3,SRC,-0.39,0.04694159999999997,0
2651,3,NFE2L2,0.30000000000000004,0.2049189,0
2652,3,MITF,-0.32,-0.0741291,0
2653,3,SMAD3,1.2200000000000009,0.9608318999999997,0
2654,3,RBM15,0.05,0.049882699999999995,0
2655,3,ATR,0.7100000000000003,0.6043082,0
2656,3,EPAS1,0.46,0.39856779999999997,0
2657,3,TPM3,0.13000000000000003,0.10744750000000004,0
2658,3,RPL10,0.14,0.12037210000000001,0
2659,3,STAG1,0.18,0.1727693,0
2660,3,SBDS,-0.02,-0.0083795,0
2661,3,KMT2D,0.9700000000000004,0.7305361000000001,0
2662,3,MED12,0.33,0.268849,0
2663,3,BCLAF1,-0.019999999999999997,0.0362197,0
2664,3,ASPSCR1,-0.030000000000000002,-0.008966500000000002,0
2665,3,CDK12,0.36,0.2707879,0
2666,3,EWSR1,0.44999999999999996,0.3749453,0
2667,3,NDRG1,-0.05,-0.0173619,0
2668,3,PSIP1,-0.15000000000000002,-0.077635,0
2669,3,TRIM33,0.03,0.0359243,0
2670,3,MTOR,1.0600000000000005,0.7980981000000003,0
2671,3,ARHGAP35,0.1,0.13034949999999998,0
2672,3,POT1,-0.04000000000000001,-0.00044270000000000247,0
2673,3,EXT1,0.11,0.0766392,0
2674,3,IL6ST,0.31,0.24656279999999997,0
2675,3,IDH2,0.14,0.09802910000000001,0
2676,3,SMARCE1,0.39,0.23936570000000001,0
2677,3,CRTC3,0.09,0.0688644,0
2678,3,TSC1,0.33,0.2983428,0
2679,3,BCOR,-0.23999999999999996,-0.009858699999999995,0
2680,3,SDHA,0.25,0.1505944,0
2681,3,EP300,1.8500000000000012,1.5119530999999988,0
2682,3,HNRNPA2B1,0.24000000000000002,0.1953666,0
2683,3,CLIP1,-0.09,-0.047957,0
2684,3,PATZ1,-0.51,-0.13618370000000002,0
2685,3,FUBP1,-0.21000000000000002,-0.027140300000000006,0
2686,3,HLA-A,-0.22999999999999998,-0.012119000000000005,0
2687,3,CCNC,-0.030000000000000002,-0.009616500000000004,0
2688,3,RPN1,-0.23000000000000004,-0.0743553,0
2689,3,TCF7L2,0.10000000000000002,0.1332215,0
2690,3,CANT1,0.07,0.0442212,0
2691,3,RPL5,-0.6,-0.1778381,0
2692,3,CCDC6,0.009999999999999995,0.050628999999999987,0
2693,3,NCKIPSD,0.03,0.0171746,0
2694,3,SMARCD1,0.41,0.2916735,0
2695,3,BCL10,0.05000000000000001,0.06534590000000001,0
2696,3,MAX,0.010000000000000005,0.028003300000000002,0
2697,3,HERPUD1,0.01,0.0037472,0
2698,3,RAC1,0.04999999999999999,0.1023272,0
2699,3,FLNA,0.08,0.0810852,0
2700,3,TFE3,-0.4600000000000001,-0.1930943,0
2701,3,NCOR2,0.7400000000000002,0.5634214,0
2702,3,PRPF40B,0.009999999999999998,0.008135699999999997,0
2703,3,BCL3,-0.060000000000000005,-0.013133499999999996,0
2704,3,TFPT,-0.27999999999999997,-0.09265799999999999,0
2705,3,MLH1,0.8,0.6914361000000001,0
2706,3,ARHGAP5,0.14,0.1174472,0
2707,3,CIC,-0.01,-0.0063971,0
2708,3,LYN,0.81,0.5909627000000001,0
2709,3,TCF12,0.32,0.2533793,0
2710,3,KLF6,0.05,0.0292131,0
2711,3,KMT2C,0.9700000000000004,0.8118479,0
2712,3,PIM1,-0.18,-0.06618369999999998,0
2713,3,CCND1,1.2500000000000007,0.7786744000000002,0
2714,3,MLLT1,-1.3200000000000003,-0.34710810000000003,0
2715,3,MEN1,0.039999999999999994,0.0704757,0
2716,3,CUL3,0.16,0.14622480000000002,0
2717,3,RB1,0.72,0.5482969999999999,0
2718,3,LPP,-0.07999999999999999,-0.018007799999999997,0
2719,3,BUB1B,-0.14,-0.07094389999999999,0
2720,3,SMAD4,1.3300000000000007,1.0359462000000006,0
2721,3,FGFR1,0.26,0.1712097,0
2722,3,TMSB4X,0.04,0.031212,0
2723,3,CDK4,0.5900000000000001,0.3884135,0
2724,3,MSI2,0.01,0.007887100000000001,0
2725,3,MSH6,0.8900000000000003,0.6971400999999998,0
2726,3,BRAF,0.9200000000000004,0.8666339,0
2727,3,TCEA1,-0.08,-0.0027401000000000014,0
2728,3,TNFAIP3,0.15000000000000002,0.1346265,0
2729,3,RABEP1,0.009999999999999998,0.005474900000000001,0
2730,3,GMPS,-0.08000000000000002,-0.041970600000000004,0
2731,3,MDM2,1.320000000000001,0.94365,0
2732,3,NSD2,0.19,0.1338844,0
2733,3,CASP8,-0.19,0.1110639,0
2734,3,PER1,-0.24999999999999994,-0.049668499999999983,0
2735,3,UBR5,-0.039999999999999994,-0.005904899999999998,0
2736,3,EIF3E,-0.06000000000000001,0.045084600000000016,0
2737,3,RFWD3,0.030000000000000002,0.0318475,0
2738,3,BRD3,0.12,0.1043827,0
2739,3,PAFAH1B2,0.02,0.0161396,0
2740,3,EXT2,-0.009999999999999995,0.005353200000000016,0
2741,3,PLCG1,0.5,0.3868247999999999,0
2742,3,SF3B1,-0.29000000000000004,-0.11149810000000002,0
2743,3,ARHGEF10L,0.02,0.0100438,0
2744,3,NFATC2,0.18,0.1284725,0
2745,3,SDHD,0.29,0.16217550000000003,0
2746,3,PABPC1,-0.88,-0.20810700000000001,0
2747,3,POLD1,-0.36999999999999994,-0.08426039999999999,0
2748,3,CALR,0.039999999999999994,0.0346485,0
2749,3,PIK3CB,0.38,0.38760450000000013,0
2750,3,PPM1D,0.21000000000000002,0.163542,0
2751,3,ATRX,0.9200000000000006,0.7688200999999998,0
2752,3,DGCR8,0.16,0.10654590000000001,0
2753,3,DDX10,0.1,0.06659889999999999,0
2754,3,DROSHA,0.45000000000000007,0.3332388,0
2755,3,TNFRSF14,-0.16,-0.051406400000000005,0
2756,3,BCL9L,0.13,0.0941859,0
2757,3,QKI,-0.04,-0.0265622,0
2758,3,BAZ1A,0.01,0.0070402,0
2759,3,CHD4,0.13999999999999999,0.15027080000000004,0
2760,3,NSD3,0.1,0.090724,0
2761,3,NT5C2,0.17,0.0968746,0
2762,3,CCNB1IP1,0.11000000000000001,0.0507258,0
2763,3,PCBP1,-0.9400000000000002,-0.26830380000000004,0
2764,3,RALGDS,0.12,0.08892119999999999,0
2765,3,ARHGEF12,-0.04,-0.0009610000000000053,0
2766,3,HSP90AB1,1.1800000000000006,0.7768393000000001,0
2767,3,FOXO3,1.3700000000000006,0.9741645999999998,0
2768,3,HIP1,-0.01,-0.006614200000000001,0
2769,3,CDC73,-0.09999999999999999,0.003689600000000003,0
2770,3,NIN,0.03,0.023850199999999995,0
2771,3,MDM4,0.08,0.1553319,0
2772,3,COL3A1,0.13999999999999999,0.1256798,0
2773,3,CTNND1,0.05000000000000002,0.11034280000000002,0
2774,3,SPOP,0.03,0.046781600000000007,0
2775,3,TMEM127,0.06,0.05774109999999999,0
2776,3,CREB3L2,0.12,0.0725417,0
2777,3,MSH2,0.9300000000000004,0.6984526999999998,0
2778,3,FNBP1,-0.009999999999999998,0.005558000000000002,0
2779,3,ATF1,0.039999999999999994,0.028768199999999994,0
2780,3,EIF1AX,-0.5,-0.23044530000000005,0
2781,3,PMS1,0.45,0.35485029999999995,0
2782,3,DEK,0.15000000000000002,0.12766550000000002,0
2783,3,ERBB2,1.1300000000000003,0.7507402,0
2784,3,AKT1,1.0900000000000005,0.6895488999999998,0
2785,3,CHEK2,0.20000000000000012,0.3403955,0
2786,3,SDHB,0.4,0.25629609999999997,0
2787,3,NCOA1,0.43000000000000005,0.31117059999999996,0
2788,3,CHIC2,0.039999999999999994,0.0229674,0
2789,3,RUNX1,0.5000000000000004,0.6550093999999999,0
2790,3,STAT6,0.24000000000000002,0.1755396,0
2791,3,FH,-0.23,-0.08183109999999999,0
2792,3,AKT3,1.0800000000000005,0.7459180999999998,0
2793,3,GNAS,0.24,0.16023799999999996,0
2794,3,CTNNB1,1.3300000000000007,0.9242950999999997,0
2795,3,NONO,0.19,0.1372989,0
2796,3,SMARCB1,0.8800000000000003,0.6635687000000001,0
2797,3,PRKAR1A,0.12000000000000001,0.10766250000000001,0
2798,3,ITGAV,0.05,0.04939239999999999,0
2799,3,SS18,0.39,0.2539199,0
2800,3,MAP2K1,1.1200000000000006,0.7010928000000001,0
2801,3,SIRPA,0.01,0.005766599999999999,0
2802,3,PPFIBP1,0.37,0.2430104,0
2803,3,RPL22,-0.15,0.08935900000000002,0
2804,3,CYLD,0.31000000000000005,0.2444243,0
2805,3,ARID1B,0.72,0.539296,0
2806,3,SETDB1,0.33,0.23889719999999998,0
2807,3,AFDN,-0.39,-0.1380606,0
2808,3,ZRSR2,0.25,0.18675459999999997,0
2809,3,PBRM1,0.9300000000000004,0.6936224,0
2810,3,XPC,0.5700000000000001,0.3817216,0
2811,3,ASXL2,0.24000000000000002,0.1622042,0
2812,3,TRIM24,-0.18999999999999997,-0.06450610000000001,0
2813,3,SFPQ,-0.11000000000000001,-0.008719600000000015,0
2814,3,NCOA2,0.56,0.3995625999999999,0
2815,3,FOXO4,0.41000000000000003,0.2642683,0
2816,3,LEF1,0.21,0.15266610000000003,0
2817,3,B2M,-0.5900000000000001,-0.21617230000000007,0
2818,3,DDIT3,-0.42,-0.10506460000000001,0
2819,3,BCL6,0.6200000000000001,0.4373519,0
2820,3,KRAS,-1.7000000000000004,-0.4763910999999999,0
2821,3,FAT1,0.04,0.04599779999999999,0
2822,3,ABL2,0.10000000000000002,0.07161490000000001,0
2823,3,NF1,0.8600000000000003,0.7241475,0
2824,3,BTG1,-0.04,-0.0193496,0
2825,3,EIF4A2,0.13999999999999999,0.09412240000000001,0
2826,3,SET,0.15000000000000002,0.1333482,0
2827,3,EPS15,0.060000000000000005,0.0551893,0
2828,3,RNF213,0.04,0.0322491,0
2829,3,CTCF,0.9600000000000004,0.6956719,0
2830,3,WDCP,0.09999999999999999,0.06987339999999997,0
2831,3,KAT7,0.12000000000000001,0.09607210000000001,0
2832,3,KDM5C,0.15999999999999998,0.1524524,0
2833,3,TGFBR2,0.18999999999999997,0.15265300000000004,0
2834,3,ATM,1.3500000000000008,1.0962612000000003,0
2835,3,NUMA1,0.010000000000000002,0.015700199999999997,0
2836,3,STAT3,1.4000000000000008,1.1356647000000002,0
2837,3,SUB1,-0.21,-0.07802429999999999,0
2838,3,NUP98,0.09000000000000002,0.12352930000000001,0
2839,3,ELL,-0.07000000000000002,-0.019447500000000006,0
2840,3,MAP3K1,0.30999999999999994,0.27348609999999995,0
2841,3,MALT1,0.10999999999999999,0.12420670000000002,0
2842,3,XPO1,0.36,0.289109,0
2843,3,SETD1B,0.17,0.1282327,0
2844,3,ETV6,-0.09000000000000001,-0.011157300000000007,0
2845,3,TBL1XR1,0.22,0.15183000000000002,0
2846,3,NUP214,0.060000000000000005,0.1528291,0
2847,3,TPR,0.09,0.10576199999999998,0
2848,3,ATIC,-0.029999999999999985,0.017213300000000015,0
2849,3,NACA,0.22000000000000003,0.1433358,0
2850,3,MYO5A,0.009999999999999998,0.008957399999999999,0
2851,3,SMC1A,0.4900000000000001,0.4446465,0
2852,3,LASP1,-0.23,-0.1293936,0
2853,3,ERCC5,0.48,0.310172,0
2854,3,JUN,-0.19999999999999998,0.07664539999999999,0
2855,3,THRAP3,0.1,0.08256029999999999,0
2856,3,STAG2,0.47,0.38506290000000004,0
2857,3,RAF1,1.0100000000000005,0.7321231000000001,0
2858,3,ERCC3,0.47000000000000003,0.3978987,0
2859,3,SMAD2,0.43000000000000016,0.48388380000000003,0
2860,3,TAF15,0.17000000000000004,0.14484059999999999,0
2861,3,ARNT,0.29999999999999993,0.2603494,0
2862,3,CLTC,-0.56,-0.28651599999999994,0
2863,3,IKBKB,0.5700000000000001,0.49863299999999994,0
2864,3,IDH1,-0.7200000000000002,-0.22508620000000001,0
2865,3,SND1,-0.03,-0.0088301,0
2866,3,KNSTRN,0.03,0.0254073,0
2867,3,RHOA,-1.9100000000000004,-0.5022275000000002,0
2868,3,PALB2,0.58,0.5098172,0
2869,3,ARID2,0.75,0.5687509000000002,0
2870,3,EZR,-0.09,-0.01359509999999999,0
2871,3,TP53,-0.9099999999999996,0.03265319999999994,0
2872,3,ARAF,0.42000000000000004,0.23819420000000002,0
2873,3,KIF5B,0.42999999999999994,0.3081771,0
2874,3,KAT6A,0.16,0.17008210000000004,0
2875,3,KTN1,-0.1,-0.030192600000000003,0
2876,3,GOLGA5,-0.11,-0.076279,0
2877,3,KDM5A,0.25,0.23394679999999998,0
2878,3,RAD21,0.44,0.36401930000000005,0
2879,3,GNAQ,0.16000000000000003,0.1102345,0
2880,3,CAMTA1,0.03,0.0178897,0
2881,3,ERCC2,0.62,0.44028280000000003,0
2882,3,EZH2,1.8700000000000012,1.2388095,0
2883,3,TOP1,0.11000000000000001,0.09252170000000001,0
2884,3,SRSF3,-0.3400000000000001,-0.1039116,0
2885,3,NPM1,0.040000000000000015,0.17019569999999995,0
2886,3,BAX,-0.6300000000000001,-0.16948860000000002,0
2887,3,NOTCH2,0.26,0.2094583,0
2888,3,TRAF7,0.03,0.023618399999999998,0
2889,3,KDM6A,0.9100000000000004,0.819535,0
2890,3,SPEN,0.11,0.08425759999999999,0
2891,3,TRIM27,-0.47000000000000003,-0.16234930000000003,0
2892,3,CRTC1,0.15000000000000002,0.11287540000000001,0
2893,3,EML4,0.2900000000000001,0.24093249999999997,0
2894,3,USP9X,-0.04,-0.0230814,0
2895,3,PTPRK,0.01,0.0072144,0
2896,3,CD74,-0.18000000000000002,-0.02141499999999999,0
2897,3,CBL,0.5900000000000001,0.4484097999999999,0
2898,3,ZNF384,-0.039999999999999994,-0.018633699999999996,0
2899,3,NOTCH1,1.1400000000000006,0.8301786,0
2900,3,COX6C,-0.14,-0.052857100000000004,0
2901,3,CHCHD7,0.03,0.0193374,0
2902,3,HMGA1,-0.09,-0.0401196,0
2903,3,PTEN,1.5400000000000011,1.2755186000000005,0
2904,3,FIP1L1,-0.020000000000000004,-0.012187400000000001,0
2905,3,JAK1,0.7800000000000002,0.6348185000000001,0
2906,3,ZMYM2,-0.05999999999999999,-0.04185319999999999,0
2907,3,SUZ12,0.8500000000000003,0.6047396000000002,0
2908,3,FUS,-0.15999999999999998,0.13251180000000004,0
2909,3,BAP1,0.03,0.0474059,0
2910,3,ZCCHC8,-0.06,-0.018858,0
2911,3,CRNKL1,-0.02,-0.011036999999999998,0
2912,3,RAD17,0.16,0.11611050000000002,0
2913,3,ATP1A1,0.0,0.002835100000000002,0
2914,3,DNMT3A,0.8800000000000003,0.7170613999999998,0
2915,3,FBXW7,0.9200000000000004,0.7449885,0
2916,3,WWTR1,-0.05999999999999999,-0.0218577,0
2917,3,CDKN1B,0.6000000000000001,0.3794587000000001,0
2918,3,KMT2A,0.48000000000000015,0.41480490000000003,0
2919,3,PTPN11,0.8700000000000003,0.7020964,0
2920,3,STAT5B,0.7000000000000002,0.5357537,0
2921,3,CUX1,-0.08,-0.0565342,0
2922,3,ABI1,-0.32000000000000006,-0.1226469,0
2923,3,BRCA1,1.7500000000000013,1.3985742000000003,0
2924,3,SH2B3,0.060000000000000005,0.04379,0
2925,3,AFF4,-0.07,-0.025487000000000003,0
2926,3,NF2,0.02999999999999999,0.07891390000000001,0
2927,3,LMNA,6.938893903907228e-18,0.016726499999999988,0
2928,3,TSC2,0.5000000000000001,0.43262889999999987,0
2929,3,GOLPH3,-0.1,-0.058617,0
2930,3,PCM1,-0.05,-0.0346578,0
2931,3,PPP2R1A,-0.43000000000000005,-0.14059609999999997,0
2932,3,ARID1A,1.8100000000000012,1.3389244,0
2933,3,ABL1,0.3800000000000001,0.29493820000000004,0
2934,3,AFF1,0.18000000000000005,0.1461057,0
2935,3,DAXX,-0.38999999999999996,-0.10875039999999998,0
2936,3,CBFB,0.10999999999999999,0.10543670000000001,0
2937,3,CBLB,0.14,0.1124406,0
2938,3,POLR2A,0.12000000000000002,0.24566799999999997,0
2939,3,PRKACA,0.29000000000000004,0.23550679999999996,0
2940,3,DNM2,-0.11000000000000001,-0.039785100000000004,0
2941,3,RAP1GDS1,-0.07,-0.0336153,0
2942,3,NCOR1,0.9500000000000004,0.8457049999999999,0
2943,3,NFKBIE,-0.29,-0.100525,0
2944,3,DDX3X,0.16,0.14050320000000002,0
2945,3,ELK4,0.02,0.0157334,0
2946,3,MLLT6,0.11000000000000001,0.08916160000000001,0
2947,3,SRSF2,-1.5400000000000003,-0.44453839999999994,0
2948,3,CTNNA1,0.11,0.0823405,0
2949,3,RBM10,0.19,0.12876340000000003,0
2950,3,PTPRC,0.13,0.1257016,0
2951,3,HSP90AA1,1.1800000000000004,0.7670092999999998,0
2952,4,NSD1,0.32,0.28120219999999996,1
2953,4,DICER1,0.14999999999999994,0.2266227,1
2954,4,BIRC6,0.10999999999999999,0.11041300000000001,1
2955,4,SDHC,0.4099999999999999,0.31321839999999995,1
2956,4,TFG,0.17,0.1204327,1
2957,4,MAP2K2,0.34,0.2307171,1
2958,4,TFRC,-0.23,-0.08664670000000001,1
2959,4,CREB1,0.9300000000000005,0.7632618000000001,1
2960,4,POLG,-0.02,-0.0057352,1
2961,4,SETD2,0.6200000000000003,0.5700944999999998,1
2962,4,NAB2,-0.53,-0.1471772,1
2963,4,HIF1A,1.590000000000001,1.2201579,1
2964,4,FLCN,-0.07,0.014302799999999997,1
2965,4,MAP2K4,0.07,0.11612830000000002,1
2966,4,CNOT3,0.07,0.061364499999999995,1
2967,4,CIITA,0.11,0.0716294,1
2968,4,LSM14A,0.14,0.11313019999999999,1
2969,4,AKAP9,-0.07,0.006292099999999988,1
2970,4,MSN,-0.33,-0.09529550000000002,1
2971,4,BCR,-0.020000000000000018,0.045706300000000005,1
2972,4,TRRAP,0.12000000000000002,0.23076320000000006,1
2973,4,PPP6C,-0.15,-0.062112200000000006,1
2974,4,NCOA4,-0.10000000000000002,-0.029039900000000007,1
2975,4,BCL9,0.2,0.15721279999999999,1
2976,4,PRCC,0.09,0.0740575,1
2977,4,LARP4B,0.03,0.021672,1
2978,4,CHD2,0.02,0.017664,1
2979,4,ASXL1,0.32000000000000006,0.37941539999999996,1
2980,4,SMARCA4,1.8200000000000012,1.4330260999999995,1
2981,4,ERC1,-0.02,-0.015282,1
2982,4,DCTN1,-0.010000000000000009,0.031246999999999997,1
2983,4,PIK3R1,1.3000000000000007,1.0566359,1
2984,4,EED,0.18000000000000002,0.1293059,1
2985,4,CNBP,0.02,0.011779999999999999,1
2986,4,SGK1,0.44999999999999996,0.29627699999999996,1
2987,4,MLLT10,-0.09,-0.03472390000000001,1
2988,4,BRD4,1.0400000000000005,0.9114759,1
2989,4,RANBP2,0.23999999999999996,0.2465396,1
2990,4,FBXO11,0.07,0.0556885,1
2991,4,PML,0.33999999999999997,0.23869890000000002,1
2992,4,AKT2,1.1300000000000006,0.8200075999999998,1
2993,4,CEP89,0.05,0.033587,1
2994,4,LZTR1,0.08,0.11209519999999999,1
2995,4,YWHAE,0.15,0.1066068,1
2996,4,DNAJB1,-0.09000000000000001,-0.028685300000000004,1
2997,4,PRDM2,0.07,0.058103,1
2998,4,TPM4,0.5100000000000001,0.349076,1
2999,4,CREBBP,1.9500000000000013,1.6047596999999996,1
3000,4,PMS2,0.8500000000000003,0.7307682999999999,1
3001,4,DDR2,0.010000000000000002,0.003410800000000002,1
3002,4,FANCA,0.37999999999999995,0.3305681,1
3003,4,PDE4DIP,0.08,0.06215659999999999,1
3004,4,USP8,-0.07,-0.029745600000000014,1
3005,4,MYH9,-0.6,-0.16763050000000002,1
3006,4,MYC,-1.7500000000000004,-0.38161080000000003,1
3007,4,NBN,0.6100000000000001,0.49032420000000004,1
3008,4,CCND3,0.009999999999999998,0.0488644,1
3009,4,TRIP11,-0.06999999999999999,-0.050323999999999994,1
3010,4,CNTRL,-0.05,-0.0407184,1
3011,4,PIK3CA,1.350000000000001,1.1430879,1
3012,4,DDX5,0.21999999999999992,0.2641519,1
3013,4,PICALM,-0.009999999999999998,-0.002177700000000001,1
3014,4,RARA,-0.15,0.04410580000000001,1
3015,4,DDX6,0.05000000000000002,0.12160369999999998,1
3016,4,COL1A1,0.18000000000000002,0.16520540000000003,1
3017,4,VHL,0.28,0.21687089999999998,1
3018,4,MAPK1,1.740000000000001,1.2160432,1
3019,4,SRC,0.22,0.3503986,1
3020,4,NFE2L2,0.36,0.2452314,1
3021,4,MITF,-0.22,-0.05156150000000001,1
3022,4,SMAD3,1.1800000000000008,1.1625793000000002,1
3023,4,RBM15,0.11000000000000001,0.09458989999999999,1
3024,4,ATR,0.7800000000000002,0.6511901,1
3025,4,EPAS1,0.35,0.3649042,1
3026,4,TPM3,0.18000000000000002,0.13245479999999998,1
3027,4,RPL10,0.12,0.1309456,1
3028,4,STAG1,0.14,0.1728059,1
3029,4,SBDS,-0.06,-0.0212748,1
3030,4,KMT2D,1.0100000000000002,0.8192387000000001,1
3031,4,MED12,0.36,0.32488380000000006,1
3032,4,BCLAF1,-0.05,0.028931799999999987,1
3033,4,ASPSCR1,0.009999999999999988,0.0161832,1
3034,4,CDK12,0.53,0.4241913,1
3035,4,EWSR1,0.3,0.30477649999999995,1
3036,4,NDRG1,-0.05,-0.013158299999999998,1
3037,4,PSIP1,0.07,0.06193420000000001,1
3038,4,TRIM33,0.1,0.09495989999999999,1
3039,4,MTOR,1.1700000000000004,0.9380556,1
3040,4,ARHGAP35,0.18,0.15298839999999997,1
3041,4,POT1,-0.01,-0.0016351000000000013,1
3042,4,EXT1,0.11,0.0798765,1
3043,4,IL6ST,0.33,0.275807,1
3044,4,IDH2,-0.08999999999999993,0.003200099999999993,1
3045,4,SMARCE1,0.37,0.24800389999999997,1
3046,4,CRTC3,0.09,0.0744722,1
3047,4,TSC1,0.27,0.2934159,1
3048,4,BCOR,-0.06999999999999998,0.019031600000000003,1
3049,4,SDHA,0.25,0.19008920000000007,1
3050,4,EP300,2.3400000000000007,1.9189091,1
3051,4,HNRNPA2B1,0.4799999999999999,0.33450129999999995,1
3052,4,CLIP1,-0.13,-0.06754570000000001,1
3053,4,PATZ1,-0.39,-0.1169086,1
3054,4,FUBP1,-0.15000000000000002,-0.00843719999999999,1
3055,4,HLA-A,-0.039999999999999994,0.04803980000000001,1
3056,4,CCNC,-0.26,-0.1044182,1
3057,4,RPN1,-0.23,-0.0682141,1
3058,4,TCF7L2,0.05,0.12356840000000001,1
3059,4,CANT1,-0.04999999999999999,0.0034150000000000152,1
3060,4,RPL5,-0.5399999999999999,-0.13511099999999998,1
3061,4,CCDC6,0.08,0.09678599999999998,1
3062,4,NCKIPSD,-0.07,-0.021728700000000004,1
3063,4,SMARCD1,0.43000000000000005,0.35590089999999996,1
3064,4,BCL10,0.03,0.0674748,1
3065,4,MAX,0.039999999999999994,0.074369,1
3066,4,HERPUD1,-0.03,-0.0086325,1
3067,4,RAC1,0.09999999999999999,0.1637115,1
3068,4,FLNA,0.19,0.1312954,1
3069,4,TFE3,-0.81,-0.275694,1
3070,4,NCOR2,0.5300000000000001,0.48079769999999994,1
3071,4,PRPF40B,0.05,0.0332399,1
3072,4,BCL3,-0.02999999999999999,0.015800200000000007,1
3073,4,TFPT,-0.27,-0.0938808,1
3074,4,MLH1,0.85,0.7557058999999999,1
3075,4,ARHGAP5,0.15,0.1219072,1
3076,4,CIC,0.0,0.0,1
3077,4,LYN,0.77,0.5952919999999999,1
3078,4,TCF12,0.36000000000000004,0.28904820000000003,1
3079,4,KLF6,0.04,0.0272832,1
3080,4,KMT2C,0.9200000000000004,0.7997102,1
3081,4,PIM1,-0.12000000000000002,-0.019577500000000008,1
3082,4,CCND1,1.0400000000000007,0.7024808999999999,1
3083,4,MLLT1,-1.1400000000000001,-0.32250700000000004,1
3084,4,MEN1,0.049999999999999975,0.06253539999999999,1
3085,4,CUL3,0.14000000000000004,0.15041539999999998,1
3086,4,RB1,0.7000000000000002,0.5310152999999999,1
3087,4,LPP,-0.1,-0.024119100000000004,1
3088,4,BUB1B,-0.18000000000000002,-0.0679115,1
3089,4,SMAD4,1.570000000000001,1.2877680999999996,1
3090,4,FGFR1,0.2,0.2085011,1
3091,4,TMSB4X,0.04,0.031792,1
3092,4,CDK4,1.1000000000000005,0.7729962,1
3093,4,MSI2,0.01,0.0077161,1
3094,4,MSH6,1.0700000000000005,0.8893133000000001,1
3095,4,BRAF,1.0500000000000007,0.9744490999999998,1
3096,4,TCEA1,-0.04000000000000001,0.02287850000000001,1
3097,4,TNFAIP3,0.13,0.12146680000000001,1
3098,4,RABEP1,0.010000000000000002,0.007831400000000002,1
3099,4,GMPS,-0.09000000000000002,-0.04845210000000001,1
3100,4,MDM2,1.1600000000000008,0.8761053000000002,1
3101,4,NSD2,0.21000000000000002,0.15492019999999998,1
3102,4,CASP8,-0.36000000000000004,0.054353000000000026,1
3103,4,PER1,-0.22000000000000003,-0.07208020000000001,1
3104,4,UBR5,-0.020000000000000004,0.026193300000000003,1
3105,4,EIF3E,-0.010000000000000009,0.05592580000000001,1
3106,4,RFWD3,0.04,0.0377093,1
3107,4,BRD3,0.17,0.1231573,1
3108,4,PAFAH1B2,0.03,0.0261087,1
3109,4,EXT2,0.009999999999999995,0.015383499999999994,1
3110,4,PLCG1,0.54,0.4403678,1
3111,4,SF3B1,-0.6200000000000001,-0.2823320000000001,1
3112,4,ARHGEF10L,0.03,0.0168675,1
3113,4,NFATC2,0.25,0.1882582,1
3114,4,SDHD,0.28,0.20278410000000002,1
3115,4,PABPC1,-0.8600000000000001,-0.20129830000000004,1
3116,4,POLD1,-0.12999999999999998,-0.021945199999999998,1
3117,4,CALR,-0.009999999999999998,0.04558380000000001,1
3118,4,PIK3CB,0.7600000000000002,0.6311272,1
3119,4,PPM1D,0.32000000000000006,0.252031,1
3120,4,ATRX,0.9600000000000004,0.8391288999999998,1
3121,4,DGCR8,0.19,0.14594590000000002,1
3122,4,DDX10,0.16,0.1217659,1
3123,4,DROSHA,0.54,0.4252184,1
3124,4,TNFRSF14,-0.11,-0.0415766,1
3125,4,BCL9L,0.13,0.09377049999999999,1
3126,4,QKI,0.03,0.022950699999999997,1
3127,4,BAZ1A,0.01,0.007666,1
3128,4,CHD4,0.3999999999999999,0.3514516000000001,1
3129,4,NSD3,0.1,0.1086192,1
3130,4,NT5C2,0.15000000000000002,0.08463300000000001,1
3131,4,CCNB1IP1,0.13,0.06143080000000001,1
3132,4,PCBP1,-0.9199999999999998,-0.23094160000000002,1
3133,4,RALGDS,-0.07,0.049491099999999996,1
3134,4,ARHGEF12,-0.010000000000000009,0.021547900000000002,1
3135,4,HSP90AB1,0.9400000000000002,0.6958711999999998,1
3136,4,FOXO3,1.4700000000000009,1.0964635999999999,1
3137,4,HIP1,-0.019999999999999997,-0.010822899999999998,1
3138,4,CDC73,0.09,0.1067284,1
3139,4,NIN,-0.03,-0.016729300000000003,1
3140,4,MDM4,0.11,0.16582269999999996,1
3141,4,COL3A1,0.22,0.178257,1
3142,4,CTNND1,0.16,0.16067879999999998,1
3143,4,SPOP,0.05000000000000001,0.0794367,1
3144,4,TMEM127,0.12000000000000001,0.07245280000000001,1
3145,4,CREB3L2,0.13,0.08467260000000001,1
3146,4,MSH2,0.9700000000000004,0.8456263000000002,1
3147,4,FNBP1,-0.01,0.024742,1
3148,4,ATF1,0.16,0.112527,1
3149,4,EIF1AX,-0.5500000000000002,-0.2126617,1
3150,4,PMS1,0.63,0.4973343,1
3151,4,DEK,0.18000000000000002,0.1525188,1
3152,4,ERBB2,0.8300000000000003,0.5362776,1
3153,4,AKT1,-0.1399999999999999,0.1676484,1
3154,4,CHEK2,0.6500000000000001,0.6702663999999999,1
3155,4,SDHB,0.43000000000000005,0.3175635,1
3156,4,NCOA1,0.45999999999999996,0.37091979999999997,1
3157,4,CHIC2,0.07,0.042784,1
3158,4,RUNX1,-0.11000000000000004,0.49170869999999983,1
3159,4,STAT6,0.39,0.3544138,1
3160,4,FH,-0.049999999999999975,0.007730900000000006,1
3161,4,AKT3,1.0900000000000003,0.7892555000000002,1
3162,4,GNAS,0.3600000000000001,0.2527262,1
3163,4,CTNNB1,1.530000000000001,1.0691767000000003,1
3164,4,NONO,0.3,0.2566638,1
3165,4,SMARCB1,1.0200000000000005,0.7876501000000001,1
3166,4,PRKAR1A,0.2,0.1865511,1
3167,4,ITGAV,0.009999999999999998,0.0415296,1
3168,4,SS18,0.4,0.2799264,1
3169,4,MAP2K1,1.0200000000000005,0.6185558,1
3170,4,SIRPA,-0.019999999999999997,-0.004050800000000004,1
3171,4,PPFIBP1,0.39,0.27623629999999993,1
3172,4,RPL22,-0.24,0.1077554,1
3173,4,CYLD,0.33,0.2676832,1
3174,4,ARID1B,0.8500000000000001,0.6660513999999997,1
3175,4,SETDB1,0.34,0.24939390000000003,1
3176,4,AFDN,-0.33000000000000007,-0.08627360000000002,1
3177,4,ZRSR2,-0.09000000000000001,-0.0502002,1
3178,4,PBRM1,1.0000000000000004,0.7473592000000001,1
3179,4,XPC,0.5,0.3180755,1
3180,4,ASXL2,0.29000000000000004,0.2099757,1
3181,4,TRIM24,-0.15,-0.01786720000000001,1
3182,4,SFPQ,-0.36,-0.0805469,1
3183,4,NCOA2,0.5800000000000001,0.4856751,1
3184,4,FOXO4,0.3899999999999999,0.25300059999999996,1
3185,4,LEF1,0.21,0.17620459999999993,1
3186,4,B2M,-0.33999999999999997,-0.11663000000000001,1
3187,4,DDIT3,-0.21000000000000002,-0.07833649999999999,1
3188,4,BCL6,0.28,0.25193769999999993,1
3189,4,KRAS,-0.4,0.02704459999999998,1
3190,4,FAT1,0.13,0.09278420000000001,1
3191,4,ABL2,0.08,0.0644092,1
3192,4,NF1,1.2700000000000007,1.0520059999999998,1
3193,4,BTG1,-0.03,-0.015452700000000002,1
3194,4,EIF4A2,0.09999999999999999,0.0608575,1
3195,4,SET,0.18,0.1476286,1
3196,4,EPS15,0.08000000000000002,0.0710926,1
3197,4,RNF213,0.06,0.0516048,1
3198,4,CTCF,1.1200000000000006,0.79257,1
3199,4,WDCP,0.23,0.1451269,1
3200,4,KAT7,0.16999999999999998,0.14208239999999997,1
3201,4,KDM5C,0.2,0.1923392,1
3202,4,TGFBR2,0.23,0.2278011,1
3203,4,ATM,1.0300000000000007,1.0018160999999999,1
3204,4,NUMA1,0.07,0.0627535,1
3205,4,STAT3,0.7300000000000003,0.7886394000000001,1
3206,4,SUB1,-0.08,-0.035410300000000006,1
3207,4,NUP98,0.13999999999999999,0.1851198,1
3208,4,ELL,0.07,0.040290200000000005,1
3209,4,MAP3K1,0.4699999999999999,0.3640129000000001,1
3210,4,MALT1,0.15000000000000002,0.16366300000000003,1
3211,4,XPO1,0.5400000000000001,0.4370461,1
3212,4,SETD1B,0.28,0.22017629999999996,1
3213,4,ETV6,-0.09000000000000001,-0.002975999999999997,1
3214,4,TBL1XR1,0.24,0.1686242,1
3215,4,NUP214,-0.03999999999999997,0.1540745,1
3216,4,TPR,0.13,0.10449050000000001,1
3217,4,ATIC,0.13,0.152455,1
3218,4,NACA,0.22999999999999998,0.144941,1
3219,4,MYO5A,0.01,0.0069769,1
3220,4,SMC1A,0.3400000000000001,0.419684,1
3221,4,LASP1,-0.29000000000000004,-0.1413292,1
3222,4,ERCC5,0.44999999999999996,0.29270180000000007,1
3223,4,JUN,-1.0899999999999999,-0.2008447,1
3224,4,THRAP3,0.05999999999999999,0.049434300000000014,1
3225,4,STAG2,0.3199999999999999,0.31931699999999996,1
3226,4,RAF1,0.9400000000000004,0.7072589,1
3227,4,ERCC3,0.58,0.5071273000000001,1
3228,4,SMAD2,0.5700000000000003,0.5760804,1
3229,4,TAF15,0.19,0.1562954,1
3230,4,ARNT,0.24,0.23112969999999997,1
3231,4,CLTC,-0.6800000000000002,-0.3121902,1
3232,4,IKBKB,0.48000000000000015,0.4423692,1
3233,4,IDH1,-0.7200000000000002,-0.2139627,1
3234,4,SND1,0.02,0.0376853,1
3235,4,KNSTRN,0.02,0.0146904,1
3236,4,RHOA,-2.3400000000000007,-0.6018717000000001,1
3237,4,PALB2,0.7600000000000002,0.6300058000000002,1
3238,4,ARID2,0.8700000000000001,0.6803127000000001,1
3239,4,EZR,-0.09000000000000001,-0.009193100000000003,1
3240,4,TP53,0.12999999999999998,0.4319903999999999,1
3241,4,ARAF,0.39999999999999997,0.22610249999999998,1
3242,4,KIF5B,0.49000000000000005,0.3644616,1
3243,4,KAT6A,0.21999999999999997,0.2392811,1
3244,4,KTN1,-0.039999999999999994,0.006273800000000004,1
3245,4,GOLGA5,-0.08,-0.048242,1
3246,4,KDM5A,0.25,0.24895380000000003,1
3247,4,RAD21,0.56,0.4676019,1
3248,4,GNAQ,0.31000000000000005,0.2293726,1
3249,4,CAMTA1,0.07,0.051753099999999996,1
3250,4,ERCC2,0.7200000000000001,0.5572406,1
3251,4,EZH2,1.470000000000001,1.1691150000000001,1
3252,4,TOP1,0.28,0.23870920000000007,1
3253,4,SRSF3,-0.3399999999999999,-0.06250290000000001,1
3254,4,NPM1,0.29000000000000004,0.2699532,1
3255,4,BAX,-0.6900000000000001,-0.1592867,1
3256,4,NOTCH2,0.28,0.2343169,1
3257,4,TRAF7,0.02,0.013818200000000001,1
3258,4,KDM6A,0.7400000000000003,0.8018431999999998,1
3259,4,SPEN,0.13999999999999999,0.108582,1
3260,4,TRIM27,-0.42000000000000004,-0.1428816,1
3261,4,CRTC1,0.14,0.1102718,1
3262,4,EML4,0.18,0.2297228,1
3263,4,USP9X,0.009999999999999998,0.0066915999999999955,1
3264,4,PTPRK,0.0,0.0,1
3265,4,CD74,-0.18,0.0027791999999999956,1
3266,4,CBL,0.53,0.48264640000000003,1
3267,4,ZNF384,0.04,0.0307511,1
3268,4,NOTCH1,1.2000000000000006,0.8828196,1
3269,4,COX6C,-0.14,-0.048128500000000005,1
3270,4,CHCHD7,0.02,0.011888000000000001,1
3271,4,HMGA1,-0.07,-0.02783450000000001,1
3272,4,PTEN,1.4000000000000008,1.2464570999999993,1
3273,4,FIP1L1,-0.049999999999999996,-0.023709199999999996,1
3274,4,JAK1,0.8700000000000003,0.7336453999999999,1
3275,4,ZMYM2,0.03,0.0258037,1
3276,4,SUZ12,0.8200000000000003,0.6291211000000001,1
3277,4,FUS,-0.43999999999999995,0.0053193000000000025,1
3278,4,BAP1,-0.24000000000000002,-0.1018897,1
3279,4,ZCCHC8,-0.08,-0.022355999999999997,1
3280,4,CRNKL1,0.019999999999999997,0.014609899999999995,1
3281,4,RAD17,0.18000000000000002,0.1316658,1
3282,4,ATP1A1,0.0,0.0016764999999999992,1
3283,4,DNMT3A,1.0700000000000005,0.8703152000000001,1
3284,4,FBXW7,0.8100000000000003,0.7362112000000002,1
3285,4,WWTR1,-0.12,-0.043324399999999985,1
3286,4,CDKN1B,0.42000000000000004,0.3194706,1
3287,4,KMT2A,0.43,0.43251139999999993,1
3288,4,PTPN11,1.1900000000000004,0.9193148000000001,1
3289,4,STAT5B,0.6400000000000003,0.5579008999999999,1
3290,4,CUX1,-0.10000000000000002,-0.0603595,1
3291,4,ABI1,-0.28,-0.0768531,1
3292,4,BRCA1,1.9400000000000013,1.5410667,1
3293,4,SH2B3,0.08,0.0458846,1
3294,4,AFF4,0.010000000000000009,0.027974699999999974,1
3295,4,NF2,0.19,0.1689554,1
3296,4,LMNA,0.049999999999999996,0.038945300000000016,1
3297,4,TSC2,0.7500000000000003,0.6194626,1
3298,4,GOLPH3,-0.039999999999999994,-0.027159199999999994,1
3299,4,PCM1,-0.030000000000000002,-0.0231385,1
3300,4,PPP2R1A,-0.36,-0.08281299999999998,1
3301,4,ARID1A,1.8300000000000012,1.4684818000000002,1
3302,4,ABL1,-0.14000000000000007,0.10105979999999995,1
3303,4,AFF1,0.1,0.11235040000000002,1
3304,4,DAXX,-0.38,-0.09319170000000002,1
3305,4,CBFB,0.11000000000000001,0.1273635,1
3306,4,CBLB,0.17,0.14779,1
3307,4,POLR2A,-0.16999999999999998,0.1471103,1
3308,4,PRKACA,0.25999999999999995,0.28882019999999997,1
3309,4,DNM2,-0.09999999999999999,-0.0404412,1
3310,4,RAP1GDS1,0.0,0.027959899999999996,1
3311,4,NCOR1,0.9400000000000003,0.8935081000000001,1
3312,4,NFKBIE,-0.35000000000000003,-0.10450229999999999,1
3313,4,DDX3X,0.25,0.22846329999999998,1
3314,4,ELK4,0.03,0.0247608,1
3315,4,MLLT6,0.08,0.06631,1
3316,4,SRSF2,-2.660000000000001,-0.6309285,1
3317,4,CTNNA1,0.14,0.1076728,1
3318,4,RBM10,0.18000000000000002,0.1278385,1
3319,4,PTPRC,-0.06000000000000001,0.0654015,1
3320,4,HSP90AA1,0.9100000000000004,0.6086399,1
3321,4,NSD1,0.26,0.2196635,0
3322,4,DICER1,0.30000000000000004,0.2834348,0
3323,4,BIRC6,0.07,0.0622731,0
3324,4,SDHC,0.33000000000000007,0.21333409999999997,0
3325,4,TFG,0.26,0.1404804,0
3326,4,MAP2K2,0.27,0.2157367,0
3327,4,TFRC,-0.21000000000000002,-0.10918380000000003,0
3328,4,CREB1,0.8600000000000003,0.6409050000000002,0
3329,4,POLG,0.01,0.0037543,0
3330,4,SETD2,0.7400000000000002,0.6331876,0
3331,4,NAB2,-0.37,-0.1209082,0
3332,4,HIF1A,1.590000000000001,1.1391928,0
3333,4,FLCN,0.04,0.03769429999999999,0
3334,4,MAP2K4,-0.049999999999999975,0.055527200000000006,0
3335,4,CNOT3,6.938893903907228e-18,0.016422,0
3336,4,CIITA,0.07999999999999999,0.0507053,0
3337,4,LSM14A,0.1,0.0857642,0
3338,4,AKAP9,-0.07999999999999999,-0.023993099999999993,0
3339,4,MSN,-0.36,-0.0863456,0
3340,4,BCR,0.030000000000000013,0.05294760000000002,0
3341,4,TRRAP,0.08,0.17827840000000006,0
3342,4,PPP6C,-0.17,-0.082804,0
3343,4,NCOA4,-0.23,-0.12921510000000003,0
3344,4,BCL9,0.16,0.12635960000000002,0
3345,4,PRCC,0.08,0.055591,0
3346,4,LARP4B,-0.01,-0.0052616,0
3347,4,CHD2,0.01,0.0080024,0
3348,4,ASXL1,0.5099999999999999,0.4764567,0
3349,4,SMARCA4,1.3000000000000007,1.0210295,0
3350,4,ERC1,-0.02,-0.0150414,0
3351,4,DCTN1,-0.21,-0.0860595,0
3352,4,PIK3R1,1.4300000000000008,1.0169788,0
3353,4,EED,0.019999999999999976,0.05249909999999999,0
3354,4,CNBP,0.01,0.00538,0
3355,4,SGK1,0.31,0.1831725,0
3356,4,MLLT10,-0.09000000000000001,-0.030231300000000006,0
3357,4,BRD4,1.0000000000000004,0.7808310999999998,0
3358,4,RANBP2,0.16999999999999998,0.2170023,0
3359,4,FBXO11,0.07,0.0570207,0
3360,4,PML,0.4,0.27159269999999996,0
3361,4,AKT2,0.9400000000000003,0.6464355999999999,0
3362,4,CEP89,0.06,0.037267,0
3363,4,LZTR1,0.05,0.0728249,0
3364,4,YWHAE,0.3400000000000001,0.2188426,0
3365,4,DNAJB1,-0.05,-0.007338299999999999,0
3366,4,PRDM2,0.05,0.040275,0
3367,4,TPM4,0.43000000000000005,0.2723974,0
3368,4,CREBBP,1.8100000000000014,1.4858081,0
3369,4,PMS2,0.6300000000000001,0.5685111,0
3370,4,DDR2,0.049999999999999996,0.0311782,0
3371,4,FANCA,0.36,0.28721470000000004,0
3372,4,PDE4DIP,0.05,0.034220799999999996,0
3373,4,USP8,-0.07,-0.034424899999999994,0
3374,4,MYH9,-0.22,-0.032918100000000006,0
3375,4,MYC,-1.6200000000000008,-0.6171308,0
3376,4,NBN,0.53,0.3967208,0
3377,4,CCND3,-0.08,0.014625499999999993,0
3378,4,TRIP11,-0.11000000000000001,-0.07689380000000001,0
3379,4,CNTRL,-0.049999999999999996,-0.037471399999999995,0
3380,4,PIK3CA,1.580000000000001,1.1500578,0
3381,4,DDX5,0.41000000000000014,0.32653429999999994,0
3382,4,PICALM,-0.009999999999999998,-0.002921099999999996,0
3383,4,RARA,0.44000000000000006,0.2924547,0
3384,4,DDX6,-0.02,0.07448520000000002,0
3385,4,COL1A1,0.08,0.0936854,0
3386,4,VHL,0.28,0.2020312,0
3387,4,MAPK1,1.4100000000000008,0.9139168000000001,0
3388,4,SRC,-0.43000000000000005,0.02603450000000003,0
3389,4,NFE2L2,0.22999999999999998,0.16381519999999997,0
3390,4,MITF,-0.30000000000000004,-0.06486549999999999,0
3391,4,SMAD3,1.2100000000000009,0.9375309,0
3392,4,RBM15,0.08,0.068249,0
3393,4,ATR,0.7100000000000003,0.5961316999999999,0
3394,4,EPAS1,0.46,0.38542489999999996,0
3395,4,TPM3,0.2,0.1435744,0
3396,4,RPL10,0.13999999999999999,0.1213566,0
3397,4,STAG1,0.14,0.14716230000000002,0
3398,4,SBDS,-0.04,-0.014928299999999999,0
3399,4,KMT2D,0.9800000000000004,0.7366057,0
3400,4,MED12,0.30000000000000004,0.2510088,0
3401,4,BCLAF1,-0.03,0.03969449999999999,0
3402,4,ASPSCR1,0.009999999999999997,0.010904500000000004,0
3403,4,CDK12,0.33999999999999997,0.24890480000000004,0
3404,4,EWSR1,0.47,0.37926030000000005,0
3405,4,NDRG1,-0.07,-0.027528599999999997,0
3406,4,PSIP1,-0.17,-0.0764869,0
3407,4,TRIM33,0.05,0.04354210000000001,0
3408,4,MTOR,1.1300000000000006,0.8479413999999997,0
3409,4,ARHGAP35,0.06999999999999999,0.11213150000000001,0
3410,4,POT1,-0.020000000000000004,0.0022927999999999985,0
3411,4,EXT1,0.12,0.0873612,0
3412,4,IL6ST,0.29000000000000004,0.22092269999999997,0
3413,4,IDH2,0.24000000000000002,0.18121179999999998,0
3414,4,SMARCE1,0.46,0.2763345,0
3415,4,CRTC3,0.09,0.0662379,0
3416,4,TSC1,0.31,0.2779311,0
3417,4,BCOR,-0.15999999999999998,-0.012253599999999996,0
3418,4,SDHA,0.24,0.14005890000000001,0
3419,4,EP300,1.8300000000000012,1.4503555000000006,0
3420,4,HNRNPA2B1,0.17,0.17608449999999998,0
3421,4,CLIP1,-0.09,-0.0498985,0
3422,4,PATZ1,-0.56,-0.1337588,0
3423,4,FUBP1,-0.19999999999999998,-0.028485700000000003,0
3424,4,HLA-A,-0.14,0.006626199999999999,0
3425,4,CCNC,-0.13,-0.048404300000000004,0
3426,4,RPN1,-0.25,-0.0717564,0
3427,4,TCF7L2,-0.030000000000000006,0.05621169999999999,0
3428,4,CANT1,0.07,0.0396938,0
3429,4,RPL5,-0.59,-0.1647331,0
3430,4,CCDC6,0.010000000000000009,0.04347,0
3431,4,NCKIPSD,0.04,0.0228966,0
3432,4,SMARCD1,0.42,0.28907439999999995,0
3433,4,BCL10,0.04000000000000001,0.0492606,0
3434,4,MAX,-0.019999999999999993,0.009858399999999998,0
3435,4,HERPUD1,0.03,0.0127257,0
3436,4,RAC1,-0.040000000000000036,0.0806192,0
3437,4,FLNA,0.03000000000000001,0.0789717,0
3438,4,TFE3,-0.4900000000000001,-0.19850980000000001,0
3439,4,NCOR2,0.7300000000000002,0.5459628,0
3440,4,PRPF40B,-0.010000000000000002,-0.0015981000000000033,0
3441,4,BCL3,-0.1,-0.028046100000000004,0
3442,4,TFPT,-0.25,-0.0870648,0
3443,4,MLH1,0.8500000000000001,0.7083628,0
3444,4,ARHGAP5,0.1,0.0940755,0
3445,4,CIC,0.0,0.0,0
3446,4,LYN,0.9300000000000002,0.6656352000000001,0
3447,4,TCF12,0.31,0.24475909999999998,0
3448,4,KLF6,0.04,0.0229835,0
3449,4,KMT2C,1.0000000000000004,0.8127910999999999,0
3450,4,PIM1,-0.18000000000000002,-0.06353919999999999,0
3451,4,CCND1,1.2200000000000006,0.7460402000000004,0
3452,4,MLLT1,-0.8700000000000001,-0.26016919999999993,0
3453,4,MEN1,0.05,0.06959860000000002,0
3454,4,CUL3,0.13000000000000003,0.1391842,0
3455,4,RB1,0.6300000000000001,0.5081538,0
3456,4,LPP,-0.07,-0.0175781,0
3457,4,BUB1B,-0.13,-0.061765,0
3458,4,SMAD4,1.4000000000000008,1.0568156000000002,0
3459,4,FGFR1,0.24999999999999997,0.1760857,0
3460,4,TMSB4X,0.04,0.0315604,0
3461,4,CDK4,0.5200000000000001,0.35879150000000004,0
3462,4,MSI2,0.01,0.0070436,0
3463,4,MSH6,0.9000000000000005,0.6989848000000001,0
3464,4,BRAF,0.9200000000000005,0.8406301,0
3465,4,TCEA1,-0.020000000000000004,0.02053320000000001,0
3466,4,TNFAIP3,0.1,0.09955789999999999,0
3467,4,RABEP1,0.009999999999999998,0.0056586,0
3468,4,GMPS,-0.08000000000000002,-0.046297300000000007,0
3469,4,MDM2,1.3100000000000007,0.8974919999999998,0
3470,4,NSD2,0.19,0.13311800000000001,0
3471,4,CASP8,0.07999999999999997,0.20440100000000003,0
3472,4,PER1,-0.23999999999999994,-0.040582400000000005,0
3473,4,UBR5,-0.039999999999999994,-0.004723499999999989,0
3474,4,EIF3E,-0.039999999999999994,0.06159670000000002,0
3475,4,RFWD3,0.030000000000000002,0.030575,0
3476,4,BRD3,0.13999999999999999,0.11325539999999999,0
3477,4,PAFAH1B2,0.03,0.0248082,0
3478,4,EXT2,0.009999999999999995,0.021112599999999995,0
3479,4,PLCG1,0.5900000000000001,0.416939,0
3480,4,SF3B1,-0.32,-0.1258985,0
3481,4,ARHGEF10L,0.02,0.010648200000000002,0
3482,4,NFATC2,0.21000000000000002,0.1459467,0
3483,4,SDHD,0.26,0.13642740000000003,0
3484,4,PABPC1,-0.8500000000000001,-0.20638439999999997,0
3485,4,POLD1,-0.29000000000000004,-0.0630826,0
3486,4,CALR,0.039999999999999994,0.03828700000000001,0
3487,4,PIK3CB,0.51,0.43600380000000005,0
3488,4,PPM1D,0.20000000000000004,0.1499403,0
3489,4,ATRX,1.0400000000000005,0.8437051000000002,0
3490,4,DGCR8,0.17,0.1106398,0
3491,4,DDX10,0.14,0.0935357,0
3492,4,DROSHA,0.43000000000000005,0.32226089999999996,0
3493,4,TNFRSF14,-0.12000000000000001,-0.0399019,0
3494,4,BCL9L,0.14,0.10178820000000001,0
3495,4,QKI,-0.04,-0.0248653,0
3496,4,BAZ1A,0.01,0.0073287000000000005,0
3497,4,CHD4,0.25000000000000006,0.2378171,0
3498,4,NSD3,0.08,0.0753008,0
3499,4,NT5C2,0.17,0.0906852,0
3500,4,CCNB1IP1,0.1,0.0445308,0
3501,4,PCBP1,-0.74,-0.2295389,0
3502,4,RALGDS,0.15,0.1028859,0
3503,4,ARHGEF12,-0.04,-0.009961600000000001,0
3504,4,HSP90AB1,1.2400000000000004,0.7988035999999995,0
3505,4,FOXO3,1.2600000000000007,0.8713187000000002,0
3506,4,HIP1,-0.02,-0.0131176,0
3507,4,CDC73,-0.03999999999999998,0.030654400000000005,0
3508,4,NIN,0.03,0.0217971,0
3509,4,MDM4,0.1,0.1598411,0
3510,4,COL3A1,0.13,0.1160259,0
3511,4,CTNND1,0.07,0.11377840000000002,0
3512,4,SPOP,0.019999999999999997,0.0313699,0
3513,4,TMEM127,0.05,0.05449750000000001,0
3514,4,CREB3L2,0.049999999999999996,0.0296101,0
3515,4,MSH2,0.9400000000000004,0.6777275,0
3516,4,FNBP1,-0.019999999999999997,-0.005094900000000001,0
3517,4,ATF1,0.020000000000000004,0.011653800000000011,0
3518,4,EIF1AX,-0.5900000000000001,-0.24514519999999995,0
3519,4,PMS1,0.48000000000000004,0.37287279999999995,0
3520,4,DEK,0.11,0.10139209999999999,0
3521,4,ERBB2,1.0800000000000005,0.6769706000000002,0
3522,4,AKT1,1.3200000000000007,0.8083370999999998,0
3523,4,CHEK2,0.28,0.39683530000000006,0
3524,4,SDHB,0.39999999999999997,0.25089730000000005,0
3525,4,NCOA1,0.4100000000000001,0.291054,0
3526,4,CHIC2,0.03,0.016252199999999998,0
3527,4,RUNX1,0.5000000000000003,0.6287583,0
3528,4,STAT6,0.26,0.1799659,0
3529,4,FH,-0.14,-0.041970700000000014,0
3530,4,AKT3,1.1000000000000003,0.7435613999999999,0
3531,4,GNAS,0.26,0.1740797,0
3532,4,CTNNB1,1.3900000000000008,0.9236230000000001,0
3533,4,NONO,0.11,0.0787339,0
3534,4,SMARCB1,0.9800000000000004,0.7277823,0
3535,4,PRKAR1A,0.11,0.1003071,0
3536,4,ITGAV,0.04,0.0412473,0
3537,4,SS18,0.39,0.24913429999999998,0
3538,4,MAP2K1,1.1100000000000005,0.6934943,0
3539,4,SIRPA,0.0,0.0016259000000000013,0
3540,4,PPFIBP1,0.35,0.2269754,0
3541,4,RPL22,-0.13999999999999999,0.07138750000000002,0
3542,4,CYLD,0.27,0.20654950000000002,0
3543,4,ARID1B,0.6799999999999999,0.5021042,0
3544,4,SETDB1,0.33,0.24068580000000003,0
3545,4,AFDN,-0.33,-0.1183493,0
3546,4,ZRSR2,0.27999999999999997,0.2102246,0
3547,4,PBRM1,0.9700000000000004,0.7116994,0
3548,4,XPC,0.6000000000000001,0.4036879,0
3549,4,ASXL2,0.25,0.16817000000000001,0
3550,4,TRIM24,-0.18,-0.0666168,0
3551,4,SFPQ,-0.11,0.014805499999999978,0
3552,4,NCOA2,0.55,0.39471209999999995,0
3553,4,FOXO4,0.43000000000000005,0.27471899999999994,0
3554,4,LEF1,0.10999999999999997,0.1000319,0
3555,4,B2M,-0.65,-0.24164309999999997,0
3556,4,DDIT3,-0.39,-0.09551280000000001,0
3557,4,BCL6,0.52,0.36684360000000005,0
3558,4,KRAS,-1.6400000000000006,-0.4185946000000001,0
3559,4,FAT1,0.040000000000000015,0.0521223,0
3560,4,ABL2,0.09000000000000001,0.0667492,0
3561,4,NF1,0.7900000000000004,0.6495607,0
3562,4,BTG1,-0.03,-0.0151914,0
3563,4,EIF4A2,0.07,0.0630451,0
3564,4,SET,0.16,0.1388731,0
3565,4,EPS15,0.03,0.03102830000000001,0
3566,4,RNF213,0.04,0.0301163,0
3567,4,CTCF,0.9700000000000004,0.7018028,0
3568,4,WDCP,0.10000000000000003,0.0647489,0
3569,4,KAT7,0.12999999999999998,0.1044697,0
3570,4,KDM5C,0.15,0.14888279999999998,0
3571,4,TGFBR2,0.26,0.17239220000000002,0
3572,4,ATM,1.580000000000001,1.2183329000000003,0
3573,4,NUMA1,-0.009999999999999997,0.007778999999999995,0
3574,4,STAT3,1.5200000000000007,1.2032932000000003,0
3575,4,SUB1,-0.24000000000000002,-0.09139,0
3576,4,NUP98,0.07999999999999997,0.10619090000000006,0
3577,4,ELL,-0.08,-0.009991399999999994,0
3578,4,MAP3K1,0.3499999999999999,0.290789,0
3579,4,MALT1,0.12,0.12757839999999998,0
3580,4,XPO1,0.33000000000000007,0.2711121,0
3581,4,SETD1B,0.17,0.1209404,0
3582,4,ETV6,-0.08999999999999998,-0.0017095000000000018,0
3583,4,TBL1XR1,0.20000000000000004,0.1353398,0
3584,4,NUP214,0.05000000000000001,0.12184000000000002,0
3585,4,TPR,0.1,0.10947419999999997,0
3586,4,ATIC,0.019999999999999997,0.0340644,0
3587,4,NACA,0.23,0.15571050000000003,0
3588,4,MYO5A,0.009999999999999998,0.0083383,0
3589,4,SMC1A,0.5800000000000001,0.5011138999999999,0
3590,4,LASP1,-0.22000000000000003,-0.12317109999999998,0
3591,4,ERCC5,0.5,0.3404367,0
3592,4,JUN,-0.21000000000000005,0.11730460000000004,0
3593,4,THRAP3,0.11000000000000001,0.09174569999999999,0
3594,4,STAG2,0.52,0.40470039999999996,0
3595,4,RAF1,1.1500000000000006,0.8178772999999999,0
3596,4,ERCC3,0.5,0.42287830000000004,0
3597,4,SMAD2,0.4800000000000002,0.47550040000000016,0
3598,4,TAF15,0.17000000000000004,0.1416028,0
3599,4,ARNT,0.29000000000000004,0.2452724,0
3600,4,CLTC,-0.6100000000000001,-0.3475055,0
3601,4,IKBKB,0.5500000000000003,0.44928689999999993,0
3602,4,IDH1,-0.79,-0.20941100000000007,0
3603,4,SND1,3.469446951953614e-18,0.004294800000000002,0
3604,4,KNSTRN,0.03,0.024045,0
3605,4,RHOA,-1.4100000000000001,-0.33826,0
3606,4,PALB2,0.6000000000000001,0.516991,0
3607,4,ARID2,0.7600000000000002,0.5685471999999998,0
3608,4,EZR,-0.08,-0.0009437999999999998,0
3609,4,TP53,-0.8699999999999999,0.11049479999999988,0
3610,4,ARAF,0.41000000000000003,0.22531470000000003,0
3611,4,KIF5B,0.4099999999999999,0.2975845,0
3612,4,KAT6A,0.18999999999999997,0.18594879999999997,0
3613,4,KTN1,-0.11,-0.0376262,0
3614,4,GOLGA5,-0.10999999999999999,-0.07791529999999999,0
3615,4,KDM5A,0.18,0.1740103,0
3616,4,RAD21,0.47000000000000003,0.37224140000000006,0
3617,4,GNAQ,0.12,0.08546830000000001,0
3618,4,CAMTA1,0.01,0.0055692,0
3619,4,ERCC2,0.6100000000000001,0.44102250000000004,0
3620,4,EZH2,1.7600000000000011,1.1509239999999998,0
3621,4,TOP1,0.21,0.15545989999999996,0
3622,4,SRSF3,-0.43999999999999995,-0.13594960000000003,0
3623,4,NPM1,0.07,0.1874123,0
3624,4,BAX,-0.55,-0.1630981,0
3625,4,NOTCH2,0.26,0.20541400000000004,0
3626,4,TRAF7,0.03,0.0230955,0
3627,4,KDM6A,0.8200000000000003,0.7210688000000001,0
3628,4,SPEN,0.13999999999999999,0.1048074,0
3629,4,TRIM27,-0.41000000000000003,-0.149394,0
3630,4,CRTC1,0.15000000000000002,0.1124665,0
3631,4,EML4,0.26000000000000006,0.22585020000000003,0
3632,4,USP9X,-0.06999999999999999,-0.04436709999999999,0
3633,4,PTPRK,0.01,0.0070101,0
3634,4,CD74,-0.09000000000000002,0.015990699999999997,0
3635,4,CBL,0.5700000000000001,0.43219949999999996,0
3636,4,ZNF384,-0.049999999999999996,-0.024661699999999998,0
3637,4,NOTCH1,0.9700000000000005,0.7238408000000001,0
3638,4,COX6C,-0.16,-0.06240640000000001,0
3639,4,CHCHD7,0.03,0.0206139,0
3640,4,HMGA1,-0.11,-0.050742,0
3641,4,PTEN,1.530000000000001,1.2242162999999997,0
3642,4,FIP1L1,-0.030000000000000006,-0.019045300000000005,0
3643,4,JAK1,0.7800000000000002,0.6141907,0
3644,4,ZMYM2,-0.05,-0.036147900000000004,0
3645,4,SUZ12,0.7400000000000002,0.526459,0
3646,4,FUS,-0.09000000000000002,0.1518612,0
3647,4,BAP1,0.010000000000000007,0.037934,0
3648,4,ZCCHC8,-0.07,-0.021875000000000002,0
3649,4,CRNKL1,-0.019999999999999997,-0.012876299999999997,0
3650,4,RAD17,0.12000000000000001,0.08584439999999997,0
3651,4,ATP1A1,0.01,0.0067572,0
3652,4,DNMT3A,0.7700000000000005,0.6419309,0
3653,4,FBXW7,0.9900000000000003,0.7719870999999998,0
3654,4,WWTR1,-0.03,-0.010468799999999997,0
3655,4,CDKN1B,0.6100000000000001,0.3683351,0
3656,4,KMT2A,0.5700000000000002,0.4745457,0
3657,4,PTPN11,0.9300000000000004,0.7137589999999998,0
3658,4,STAT5B,0.7500000000000002,0.5783364999999999,0
3659,4,CUX1,-0.09,-0.0628629,0
3660,4,ABI1,-0.37,-0.1374839,0
3661,4,BRCA1,1.8000000000000014,1.4049996000000002,0
3662,4,SH2B3,0.019999999999999997,0.017264699999999997,0
3663,4,AFF4,0.13,0.0967114,0
3664,4,NF2,-0.05000000000000002,0.043176000000000006,0
3665,4,LMNA,0.09000000000000001,0.0696008,0
3666,4,TSC2,0.5500000000000002,0.4545297,0
3667,4,GOLPH3,-0.09,-0.0572994,0
3668,4,PCM1,-0.05,-0.0345237,0
3669,4,PPP2R1A,-0.27,-0.07462969999999998,0
3670,4,ARID1A,1.790000000000001,1.3056945,0
3671,4,ABL1,-0.029999999999999985,0.07812010000000003,0
3672,4,AFF1,0.30000000000000004,0.23145580000000002,0
3673,4,DAXX,-0.11999999999999998,-0.010039799999999998,0
3674,4,CBFB,0.09999999999999999,0.08975620000000001,0
3675,4,CBLB,0.14,0.1092461,0
3676,4,POLR2A,0.03999999999999995,0.1998045,0
3677,4,PRKACA,0.36000000000000004,0.29354349999999996,0
3678,4,DNM2,-0.11000000000000001,-0.0502799,0
3679,4,RAP1GDS1,-0.049999999999999996,-0.022876599999999997,0
3680,4,NCOR1,0.8600000000000003,0.8200677,0
3681,4,NFKBIE,-0.24000000000000002,-0.0850424,0
3682,4,DDX3X,0.11,0.1106687,0
3683,4,ELK4,0.02,0.0153066,0
3684,4,MLLT6,0.11000000000000001,0.090635,0
3685,4,SRSF2,-1.27,-0.3707652,0
3686,4,CTNNA1,0.11,0.0822579,0
3687,4,RBM10,0.23000000000000004,0.1574327,0
3688,4,PTPRC,0.13999999999999999,0.1330823,0
3689,4,HSP90AA1,1.2300000000000006,0.8019310000000001,0
3690,5,NSD1,0.36000000000000004,0.3053712,1
3691,5,DICER1,0.30000000000000004,0.303246,1
3692,5,BIRC6,0.13,0.12010749999999999,1
3693,5,SDHC,0.41000000000000003,0.30303100000000005,1
3694,5,TFG,0.2,0.11944450000000001,1
3695,5,MAP2K2,0.36999999999999994,0.2339885,1
3696,5,TFRC,-0.29,-0.1301623,1
3697,5,CREB1,0.9000000000000005,0.7895838,1
3698,5,POLG,-0.02,-0.0058774000000000005,1
3699,5,SETD2,0.7100000000000004,0.6481167999999999,1
3700,5,NAB2,-0.54,-0.1523105,1
3701,5,HIF1A,1.700000000000001,1.3216579999999996,1
3702,5,FLCN,-0.04000000000000001,0.006699899999999995,1
3703,5,MAP2K4,0.05,0.11428490000000001,1
3704,5,CNOT3,0.06,0.0610314,1
3705,5,CIITA,0.07,0.0411571,1
3706,5,LSM14A,0.15,0.1263514,1
3707,5,AKAP9,-0.010000000000000009,0.0299819,1
3708,5,MSN,-0.30999999999999994,-0.09846830000000002,1
3709,5,BCR,-0.010000000000000012,0.07962959999999998,1
3710,5,TRRAP,-0.05999999999999997,0.17616210000000007,1
3711,5,PPP6C,-0.13,-0.054557499999999995,1
3712,5,NCOA4,-0.12,-0.047774899999999995,1
3713,5,BCL9,0.20000000000000004,0.16063230000000003,1
3714,5,PRCC,0.11,0.08171150000000002,1
3715,5,LARP4B,0.03,0.021953399999999998,1
3716,5,CHD2,0.02,0.0179816,1
3717,5,ASXL1,0.30000000000000004,0.3712722,1
3718,5,SMARCA4,1.7800000000000011,1.3988545999999997,1
3719,5,ERC1,-0.019999999999999997,-0.015178299999999997,1
3720,5,DCTN1,-0.010000000000000002,0.037288699999999994,1
3721,5,PIK3R1,1.2300000000000006,1.0181444000000002,1
3722,5,EED,0.07000000000000002,0.0631806,1
3723,5,CNBP,0.01,0.0055236,1
3724,5,SGK1,0.49,0.3332064,1
3725,5,MLLT10,-0.19999999999999996,-0.10749879999999999,1
3726,5,BRD4,0.9200000000000004,0.8237259999999998,1
3727,5,RANBP2,0.36,0.3341454,1
3728,5,FBXO11,0.06,0.0508358,1
3729,5,PML,0.46,0.31358270000000005,1
3730,5,AKT2,1.1800000000000006,0.8567042,1
3731,5,CEP89,0.019999999999999997,0.012424199999999996,1
3732,5,LZTR1,0.11,0.125696,1
3733,5,YWHAE,0.2,0.1236672,1
3734,5,DNAJB1,-0.09,-0.030127599999999997,1
3735,5,PRDM2,0.06,0.04994640000000001,1
3736,5,TPM4,0.5,0.3551083,1
3737,5,CREBBP,2.0400000000000014,1.6917267999999994,1
3738,5,PMS2,0.7800000000000002,0.6711078000000001,1
3739,5,DDR2,0.020000000000000004,0.011890199999999997,1
3740,5,FANCA,0.39000000000000007,0.3363051,1
3741,5,PDE4DIP,0.06999999999999999,0.0544063,1
3742,5,USP8,-0.039999999999999994,-0.022908500000000002,1
3743,5,MYH9,-0.3400000000000001,-0.0935404,1
3744,5,MYC,-1.1800000000000004,-0.20157510000000015,1
3745,5,NBN,0.6000000000000001,0.4890599,1
3746,5,CCND3,-0.15000000000000005,-0.025045899999999996,1
3747,5,TRIP11,-0.09,-0.0662309,1
3748,5,CNTRL,-0.09,-0.0655731,1
3749,5,PIK3CA,1.1800000000000008,1.0878135999999996,1
3750,5,DDX5,0.36000000000000004,0.32948160000000004,1
3751,5,PICALM,0.010000000000000002,0.011984700000000001,1
3752,5,RARA,0.12,0.14046460000000002,1
3753,5,DDX6,0.02000000000000001,0.11021790000000001,1
3754,5,COL1A1,0.22999999999999998,0.19710500000000003,1
3755,5,VHL,0.28,0.21425560000000005,1
3756,5,MAPK1,1.700000000000001,1.2167462,1
3757,5,SRC,0.9200000000000006,0.6305755000000001,1
3758,5,NFE2L2,0.29000000000000004,0.2282639,1
3759,5,MITF,-0.18,-0.0247363,1
3760,5,SMAD3,1.400000000000001,1.2547431000000002,1
3761,5,RBM15,0.09,0.0779909,1
3762,5,ATR,0.7300000000000003,0.6322266000000001,1
3763,5,EPAS1,0.37,0.3733954,1
3764,5,TPM3,0.09000000000000002,0.08861949999999999,1
3765,5,RPL10,0.11000000000000001,0.1198507,1
3766,5,STAG1,0.13,0.14784360000000002,1
3767,5,SBDS,-0.06,-0.0207132,1
3768,5,KMT2D,1.0100000000000005,0.8082385000000001,1
3769,5,MED12,0.35000000000000003,0.3077073,1
3770,5,BCLAF1,-0.09000000000000001,0.009599399999999994,1
3771,5,ASPSCR1,-0.049999999999999996,-0.0230173,1
3772,5,CDK12,0.52,0.4307271,1
3773,5,EWSR1,0.36999999999999994,0.36301250000000007,1
3774,5,NDRG1,-0.060000000000000005,-0.0151701,1
3775,5,PSIP1,0.04,0.0439361,1
3776,5,TRIM33,0.12000000000000001,0.10453529999999998,1
3777,5,MTOR,1.1100000000000005,0.9090023,1
3778,5,ARHGAP35,0.15000000000000002,0.146489,1
3779,5,POT1,-0.03,-0.007118499999999999,1
3780,5,EXT1,0.11,0.0844888,1
3781,5,IL6ST,0.32,0.2732151,1
3782,5,IDH2,0.25000000000000006,0.19515070000000004,1
3783,5,SMARCE1,0.36000000000000004,0.23984660000000002,1
3784,5,CRTC3,0.09,0.0771714,1
3785,5,TSC1,0.35000000000000003,0.3321369,1
3786,5,BCOR,-0.09000000000000001,0.023820400000000012,1
3787,5,SDHA,0.21,0.18161339999999998,1
3788,5,EP300,2.2700000000000005,1.9693298999999993,1
3789,5,HNRNPA2B1,0.44,0.31220520000000007,1
3790,5,CLIP1,-0.11999999999999998,-0.0716539,1
3791,5,PATZ1,-0.7200000000000001,-0.1563518,1
3792,5,FUBP1,-0.06,0.021227,1
3793,5,HLA-A,-0.13,0.0007856000000000113,1
3794,5,CCNC,-0.29000000000000004,-0.1191709,1
3795,5,RPN1,-0.25,-0.0757297,1
3796,5,TCF7L2,0.019999999999999997,0.09152480000000003,1
3797,5,CANT1,-0.06,-0.0028819999999999957,1
3798,5,RPL5,-0.7500000000000001,-0.21198480000000003,1
3799,5,CCDC6,0.1,0.10369559999999999,1
3800,5,NCKIPSD,-0.05,-0.023314300000000003,1
3801,5,SMARCD1,0.38,0.3263523,1
3802,5,BCL10,0.030000000000000006,0.0704772,1
3803,5,MAX,0.08,0.1018937,1
3804,5,HERPUD1,-0.06,-0.0130272,1
3805,5,RAC1,0.05999999999999999,0.1148266,1
3806,5,FLNA,0.22999999999999998,0.16331819999999997,1
3807,5,TFE3,-0.62,-0.2522776,1
3808,5,NCOR2,0.7100000000000002,0.6009752,1
3809,5,PRPF40B,0.03,0.020240100000000004,1
3810,5,BCL3,-0.16,-0.026647399999999995,1
3811,5,TFPT,-0.37,-0.1023933,1
3812,5,MLH1,0.9100000000000001,0.7803135000000001,1
3813,5,ARHGAP5,0.09000000000000001,0.1040311,1
3814,5,CIC,0.0,0.0,1
3815,5,LYN,0.86,0.6414289000000001,1
3816,5,TCF12,0.35000000000000003,0.2844964,1
3817,5,KLF6,0.05,0.0326715,1
3818,5,KMT2C,0.9900000000000004,0.8361689999999999,1
3819,5,PIM1,-0.06999999999999998,0.00024199999999999916,1
3820,5,CCND1,1.2400000000000007,0.7545832999999998,1
3821,5,MLLT1,-1.4200000000000002,-0.3657692,1
3822,5,MEN1,-0.14,-0.045554899999999995,1
3823,5,CUL3,0.08999999999999997,0.14942919999999998,1
3824,5,RB1,0.6399999999999999,0.5259476999999999,1
3825,5,LPP,-0.15,-0.040570999999999996,1
3826,5,BUB1B,-0.15,-0.04149370000000001,1
3827,5,SMAD4,1.580000000000001,1.2900783,1
3828,5,FGFR1,0.26999999999999996,0.2459878,1
3829,5,TMSB4X,0.04,0.0325524,1
3830,5,CDK4,0.9700000000000004,0.6948035999999997,1
3831,5,MSI2,0.01,0.008186,1
3832,5,MSH6,1.0400000000000005,0.9259340000000003,1
3833,5,BRAF,1.3100000000000007,1.1663245999999998,1
3834,5,TCEA1,-0.15,-0.022949899999999995,1
3835,5,TNFAIP3,0.14,0.1296232,1
3836,5,RABEP1,0.010000000000000002,0.007748000000000001,1
3837,5,GMPS,-0.14,-0.062111300000000015,1
3838,5,MDM2,0.9700000000000006,0.8370224000000002,1
3839,5,NSD2,0.21999999999999997,0.172037,1
3840,5,CASP8,-0.030000000000000013,0.15008829999999998,1
3841,5,PER1,-0.21999999999999997,-0.0695726,1
3842,5,UBR5,-0.010000000000000002,0.024582800000000002,1
3843,5,EIF3E,0.010000000000000002,0.05002229999999999,1
3844,5,RFWD3,0.030000000000000002,0.032050600000000005,1
3845,5,BRD3,0.08,0.0609818,1
3846,5,PAFAH1B2,0.02,0.0174208,1
3847,5,EXT2,0.009999999999999995,0.018505800000000003,1
3848,5,PLCG1,0.41,0.38726029999999995,1
3849,5,SF3B1,-0.64,-0.3031886000000001,1
3850,5,ARHGEF10L,0.04,0.0224328,1
3851,5,NFATC2,0.23,0.16940819999999998,1
3852,5,SDHD,0.28,0.20041540000000005,1
3853,5,PABPC1,-0.95,-0.2334037,1
3854,5,POLD1,-0.23000000000000004,-0.0443201,1
3855,5,CALR,0.04,0.06434789999999999,1
3856,5,PIK3CB,0.7300000000000002,0.6129800000000001,1
3857,5,PPM1D,0.29000000000000004,0.22480940000000002,1
3858,5,ATRX,0.9700000000000004,0.8554940000000001,1
3859,5,DGCR8,0.15,0.12385379999999999,1
3860,5,DDX10,0.16999999999999998,0.1282963,1
3861,5,DROSHA,0.5700000000000001,0.46036150000000003,1
3862,5,TNFRSF14,-0.19,-0.061886800000000006,1
3863,5,BCL9L,0.14,0.1079485,1
3864,5,QKI,0.04,0.03175410000000001,1
3865,5,BAZ1A,0.01,0.0074757,1
3866,5,CHD4,0.26000000000000006,0.24075440000000004,1
3867,5,NSD3,0.13999999999999999,0.1332679,1
3868,5,NT5C2,0.17,0.09327180000000002,1
3869,5,CCNB1IP1,0.13,0.0596679,1
3870,5,PCBP1,-0.8900000000000001,-0.23786629999999997,1
3871,5,RALGDS,-0.009999999999999995,0.05426790000000001,1
3872,5,ARHGEF12,-0.049999999999999996,0.011111400000000007,1
3873,5,HSP90AB1,0.9800000000000004,0.6925276000000001,1
3874,5,FOXO3,1.4500000000000008,1.0958400999999998,1
3875,5,HIP1,-0.03,-0.0196771,1
3876,5,CDC73,0.030000000000000006,0.0663976,1
3877,5,NIN,-0.010000000000000002,-0.0013482000000000077,1
3878,5,MDM4,0.09,0.16629190000000002,1
3879,5,COL3A1,0.21,0.1747187,1
3880,5,CTNND1,0.16,0.17583520000000002,1
3881,5,SPOP,0.08,0.0890878,1
3882,5,TMEM127,0.039999999999999994,0.019719599999999997,1
3883,5,CREB3L2,0.05000000000000001,0.0346066,1
3884,5,MSH2,0.9800000000000004,0.8632175,1
3885,5,FNBP1,0.009999999999999998,0.021698199999999997,1
3886,5,ATF1,0.16000000000000003,0.1119243,1
3887,5,EIF1AX,-0.6000000000000001,-0.2209853,1
3888,5,PMS1,0.6000000000000001,0.4618533,1
3889,5,DEK,0.15,0.12858819999999999,1
3890,5,ERBB2,1.2100000000000006,0.8099015999999999,1
3891,5,AKT1,1.1800000000000006,0.7404567,1
3892,5,CHEK2,0.64,0.6516291000000001,1
3893,5,SDHB,0.43000000000000005,0.30324090000000004,1
3894,5,NCOA1,0.4099999999999999,0.33647489999999997,1
3895,5,CHIC2,0.1,0.0699126,1
3896,5,RUNX1,0.18000000000000005,0.6206691999999999,1
3897,5,STAT6,0.42000000000000004,0.3632606,1
3898,5,FH,-0.06,0.003738300000000014,1
3899,5,AKT3,1.0700000000000005,0.7952279000000001,1
3900,5,GNAS,0.35,0.2567649,1
3901,5,CTNNB1,1.1100000000000005,0.8120904,1
3902,5,NONO,0.3500000000000001,0.30186670000000004,1
3903,5,SMARCB1,0.9800000000000004,0.7617295000000002,1
3904,5,PRKAR1A,0.19999999999999998,0.1846743,1
3905,5,ITGAV,-0.030000000000000006,0.0337303,1
3906,5,SS18,0.43,0.31065000000000004,1
3907,5,MAP2K1,1.0800000000000005,0.66122,1
3908,5,SIRPA,-0.05,-0.0108658,1
3909,5,PPFIBP1,0.41,0.2971393,1
3910,5,RPL22,-0.15,0.09397359999999999,1
3911,5,CYLD,0.30000000000000004,0.24513770000000001,1
3912,5,ARID1B,0.8300000000000001,0.639808,1
3913,5,SETDB1,0.33,0.24158870000000002,1
3914,5,AFDN,-0.41000000000000003,-0.1261304,1
3915,5,ZRSR2,-0.009999999999999995,-0.0019482000000000006,1
3916,5,PBRM1,0.9700000000000004,0.7463691,1
3917,5,XPC,0.4,0.23365010000000003,1
3918,5,ASXL2,0.28,0.2050328,1
3919,5,TRIM24,-0.31,-0.0364199,1
3920,5,SFPQ,-0.15000000000000002,0.005741899999999994,1
3921,5,NCOA2,0.6500000000000001,0.5389026,1
3922,5,FOXO4,0.33999999999999997,0.2070901,1
3923,5,LEF1,0.22999999999999998,0.19267330000000002,1
3924,5,B2M,-0.48000000000000004,-0.18695119999999996,1
3925,5,DDIT3,-0.35,-0.1041309,1
3926,5,BCL6,0.3700000000000001,0.30473059999999996,1
3927,5,KRAS,-0.5700000000000001,-0.08790739999999998,1
3928,5,FAT1,0.1,0.07553260000000002,1
3929,5,ABL2,0.04,0.054879599999999994,1
3930,5,NF1,1.4100000000000006,1.1517354,1
3931,5,BTG1,-0.06,-0.026684999999999997,1
3932,5,EIF4A2,0.030000000000000006,0.019568200000000004,1
3933,5,SET,0.16999999999999998,0.14115509999999998,1
3934,5,EPS15,0.07,0.0627084,1
3935,5,RNF213,0.04,0.0345124,1
3936,5,CTCF,1.0100000000000005,0.6970773000000001,1
3937,5,WDCP,0.19999999999999998,0.11616130000000001,1
3938,5,KAT7,0.13999999999999999,0.12088689999999999,1
3939,5,KDM5C,0.19,0.17607589999999998,1
3940,5,TGFBR2,0.12999999999999995,0.1627913,1
3941,5,ATM,1.0000000000000007,1.0292438999999998,1
3942,5,NUMA1,-0.020000000000000004,-0.0008450000000000063,1
3943,5,STAT3,1.2500000000000007,1.0610487000000002,1
3944,5,SUB1,-0.09,-0.0410378,1
3945,5,NUP98,0.18999999999999997,0.21200789999999994,1
3946,5,ELL,0.029999999999999995,0.014718899999999997,1
3947,5,MAP3K1,0.32000000000000006,0.28509769999999995,1
3948,5,MALT1,0.13999999999999999,0.1571922,1
3949,5,XPO1,0.53,0.4445479,1
3950,5,SETD1B,0.25,0.2060927,1
3951,5,ETV6,-0.1,-0.020619399999999986,1
3952,5,TBL1XR1,0.24000000000000002,0.17546640000000002,1
3953,5,NUP214,0.009999999999999992,0.19070529999999994,1
3954,5,TPR,0.11000000000000001,0.10402689999999999,1
3955,5,ATIC,0.04000000000000002,0.10551470000000002,1
3956,5,NACA,0.22,0.1351436,1
3957,5,MYO5A,0.02,0.013911199999999999,1
3958,5,SMC1A,0.3700000000000001,0.4310170000000001,1
3959,5,LASP1,-0.22,-0.119801,1
3960,5,ERCC5,0.4100000000000001,0.23961120000000002,1
3961,5,JUN,-1.0299999999999998,-0.1760782,1
3962,5,THRAP3,0.09,0.0717747,1
3963,5,STAG2,0.22000000000000006,0.27440649999999994,1
3964,5,RAF1,0.9700000000000004,0.7311149,1
3965,5,ERCC3,0.5599999999999999,0.4768572,1
3966,5,SMAD2,0.5600000000000003,0.5810433999999999,1
3967,5,TAF15,0.2,0.16154380000000002,1
3968,5,ARNT,0.25,0.2177154,1
3969,5,CLTC,-0.75,-0.33447309999999997,1
3970,5,IKBKB,0.3700000000000002,0.4032725,1
3971,5,IDH1,-0.5500000000000002,-0.1664303,1
3972,5,SND1,0.010000000000000005,0.03578049999999999,1
3973,5,KNSTRN,0.01,0.007109900000000001,1
3974,5,RHOA,-2.8800000000000012,-0.7100461,1
3975,5,PALB2,0.7200000000000002,0.6248638,1
3976,5,ARID2,0.8500000000000001,0.6696645,1
3977,5,EZR,-0.13999999999999999,-0.047372100000000014,1
3978,5,TP53,-0.31999999999999995,0.1712942,1
3979,5,ARAF,0.42000000000000004,0.2491171,1
3980,5,KIF5B,0.54,0.4082502,1
3981,5,KAT6A,0.17999999999999997,0.21371310000000002,1
3982,5,KTN1,-0.12000000000000001,-0.016954900000000002,1
3983,5,GOLGA5,-0.07,-0.0512368,1
3984,5,KDM5A,0.31999999999999995,0.2907351,1
3985,5,RAD21,0.6000000000000001,0.4953393000000001,1
3986,5,GNAQ,0.2800000000000001,0.2333501,1
3987,5,CAMTA1,0.07,0.052484,1
3988,5,ERCC2,0.71,0.5456898,1
3989,5,EZH2,1.380000000000001,1.1107149,1
3990,5,TOP1,0.29000000000000004,0.2335122,1
3991,5,SRSF3,-0.33999999999999986,-0.06850389999999999,1
3992,5,NPM1,-0.019999999999999993,0.08764849999999998,1
3993,5,BAX,-0.6900000000000001,-0.1775179,1
3994,5,NOTCH2,0.28,0.2371961,1
3995,5,TRAF7,0.02,0.0143946,1
3996,5,KDM6A,0.9900000000000003,0.9720215000000003,1
3997,5,SPEN,0.13999999999999999,0.1116086,1
3998,5,TRIM27,-0.8,-0.2031176,1
3999,5,CRTC1,0.16,0.1290807,1
4000,5,EML4,0.3400000000000001,0.3247068999999999,1
4001,5,USP9X,0.01,0.009475700000000004,1
4002,5,PTPRK,0.0,0.0,1
4003,5,CD74,-0.13,0.019671700000000014,1
4004,5,CBL,0.6100000000000001,0.5350915000000002,1
4005,5,ZNF384,0.02,0.016265599999999998,1
4006,5,NOTCH1,1.1600000000000006,0.8407482,1
4007,5,COX6C,-0.15999999999999998,-0.0436721,1
4008,5,CHCHD7,0.02,0.0116856,1
4009,5,HMGA1,-0.08000000000000002,-0.0358556,1
4010,5,PTEN,1.390000000000001,1.2825435000000003,1
4011,5,FIP1L1,-0.06,-0.016445599999999998,1
4012,5,JAK1,0.8200000000000003,0.6957058,1
4013,5,ZMYM2,-0.009999999999999997,-0.004700899999999996,1
4014,5,SUZ12,0.8600000000000003,0.6841436000000001,1
4015,5,FUS,-0.42000000000000004,0.0305116,1
4016,5,BAP1,-0.44999999999999996,-0.18297310000000003,1
4017,5,ZCCHC8,-0.05,-0.0169875,1
4018,5,CRNKL1,0.009999999999999998,0.006986599999999999,1
4019,5,RAD17,0.18,0.1382443,1
4020,5,ATP1A1,0.0,0.0013466999999999993,1
4021,5,DNMT3A,1.0300000000000007,0.8325726000000002,1
4022,5,FBXW7,1.0200000000000005,0.8657568000000002,1
4023,5,WWTR1,-0.20000000000000004,-0.08404710000000001,1
4024,5,CDKN1B,0.47000000000000003,0.313493,1
4025,5,KMT2A,0.2899999999999999,0.3463942,1
4026,5,PTPN11,1.1000000000000008,0.9275114000000001,1
4027,5,STAT5B,0.7600000000000002,0.6160812,1
4028,5,CUX1,-0.1,-0.06604499999999999,1
4029,5,ABI1,-0.19,-0.0608736,1
4030,5,BRCA1,1.7800000000000011,1.4607442000000002,1
4031,5,SH2B3,0.09,0.059224200000000005,1
4032,5,AFF4,-0.12,-0.0633475,1
4033,5,NF2,0.11,0.1322606,1
4034,5,LMNA,0.029999999999999992,0.0287916,1
4035,5,TSC2,0.8500000000000001,0.6875846,1
4036,5,GOLPH3,-0.08,-0.052516,1
4037,5,PCM1,-0.04,-0.0310067,1
4038,5,PPP2R1A,-0.27,-0.075781,1
4039,5,ARID1A,1.880000000000001,1.4990465000000004,1
4040,5,ABL1,-0.3299999999999999,0.002192099999999992,1
4041,5,AFF1,0.039999999999999994,0.0671858,1
4042,5,DAXX,-0.5800000000000001,-0.1439303,1
4043,5,CBFB,0.049999999999999996,0.12480130000000002,1
4044,5,CBLB,0.17,0.14930790000000002,1
4045,5,POLR2A,-0.24999999999999997,0.11817880000000001,1
4046,5,PRKACA,0.15,0.21755890000000006,1
4047,5,DNM2,-0.09,-0.048048799999999996,1
4048,5,RAP1GDS1,-0.03999999999999998,0.019131700000000015,1
4049,5,NCOR1,0.8000000000000003,0.8899889,1
4050,5,NFKBIE,-0.4,-0.1258074,1
4051,5,DDX3X,0.29000000000000004,0.26453550000000003,1
4052,5,ELK4,0.02,0.016372,1
4053,5,MLLT6,-0.009999999999999998,0.005504000000000002,1
4054,5,SRSF2,-2.7600000000000002,-0.6680674,1
4055,5,CTNNA1,0.14,0.11140370000000001,1
4056,5,RBM10,0.12999999999999998,0.09463490000000001,1
4057,5,PTPRC,0.06,0.11812529999999999,1
4058,5,HSP90AA1,0.6000000000000003,0.4630412999999999,1
4059,5,NSD1,0.26,0.21848040000000002,0
4060,5,DICER1,0.24999999999999997,0.241712,0
4061,5,BIRC6,0.07,0.062853,0
4062,5,SDHC,0.33000000000000007,0.23082199999999997,0
4063,5,TFG,0.31,0.17957330000000002,0
4064,5,MAP2K2,0.25,0.1925978,0
4065,5,TFRC,-0.26,-0.1285986,0
4066,5,CREB1,0.9000000000000005,0.6955501999999999,0
4067,5,POLG,0.02,0.007924,0
4068,5,SETD2,0.7400000000000002,0.6299007000000002,0
4069,5,NAB2,-0.38,-0.1246221,0
4070,5,HIF1A,1.5800000000000007,1.1406543999999998,0
4071,5,FLCN,0.03,0.0342446,0
4072,5,MAP2K4,0.019999999999999997,0.0933628,0
4073,5,CNOT3,-0.03,0.004707100000000006,0
4074,5,CIITA,0.08,0.050635,0
4075,5,LSM14A,0.1,0.0845302,0
4076,5,AKAP9,-0.039999999999999994,-0.0012726999999999981,0
4077,5,MSN,-0.38,-0.0991445,0
4078,5,BCR,0.030000000000000006,0.04369119999999999,0
4079,5,TRRAP,5.898059818321144e-17,0.12829279999999998,0
4080,5,PPP6C,-0.16,-0.0774568,0
4081,5,NCOA4,-0.15999999999999998,-0.0851773,0
4082,5,BCL9,0.16,0.12297989999999999,0
4083,5,PRCC,0.010000000000000005,0.008947499999999997,0
4084,5,LARP4B,0.01,0.0058305,0
4085,5,CHD2,0.01,0.0075967,0
4086,5,ASXL1,0.4400000000000001,0.43653280000000005,0
4087,5,SMARCA4,1.4100000000000008,1.0767556999999996,0
4088,5,ERC1,-0.01,-0.007420800000000001,0
4089,5,DCTN1,-0.25999999999999995,-0.1203748,0
4090,5,PIK3R1,1.2400000000000007,0.9136446000000003,0
4091,5,EED,-0.09000000000000001,0.001508600000000004,0
4092,5,CNBP,0.0,0.0,0
4093,5,SGK1,0.26999999999999996,0.16132430000000003,0
4094,5,MLLT10,-0.1,-0.039709499999999995,0
4095,5,BRD4,0.9600000000000004,0.7441272999999999,0
4096,5,RANBP2,0.14999999999999997,0.212388,0
4097,5,FBXO11,0.04,0.0335665,0
4098,5,PML,0.37,0.26843229999999996,0
4099,5,AKT2,0.9900000000000003,0.6894777999999999,0
4100,5,CEP89,0.06,0.03582300000000001,0
4101,5,LZTR1,0.03,0.0665595,0
4102,5,YWHAE,0.23,0.1471482,0
4103,5,DNAJB1,-0.05,-0.006791299999999997,0
4104,5,PRDM2,0.04,0.0303846,0
4105,5,TPM4,0.48000000000000004,0.3066145,0
4106,5,CREBBP,1.9100000000000013,1.5629239,0
4107,5,PMS2,0.6100000000000001,0.5623191000000001,0
4108,5,DDR2,0.049999999999999996,0.0334422,0
4109,5,FANCA,0.37,0.295802,0
4110,5,PDE4DIP,0.04,0.0268172,0
4111,5,USP8,-0.08,-0.0385409,0
4112,5,MYH9,-0.30000000000000004,-0.07029710000000002,0
4113,5,MYC,-1.2900000000000003,-0.49775359999999985,0
4114,5,NBN,0.51,0.3805688,0
4115,5,CCND3,-0.09000000000000001,0.007824400000000002,0
4116,5,TRIP11,-0.13,-0.08911670000000001,0
4117,5,CNTRL,-0.06,-0.0445516,0
4118,5,PIK3CA,1.640000000000001,1.2054338999999996,0
4119,5,DDX5,0.43000000000000005,0.3275095,0
4120,5,PICALM,3.469446951953614e-18,0.003010200000000001,0
4121,5,RARA,0.52,0.3627242,0
4122,5,DDX6,0.009999999999999992,0.06974189999999997,0
4123,5,COL1A1,0.09000000000000001,0.10072650000000001,0
4124,5,VHL,0.12999999999999998,0.0982319,0
4125,5,MAPK1,1.5700000000000007,1.0204273000000004,0
4126,5,SRC,-0.24,0.1148905,0
4127,5,NFE2L2,0.23,0.16330220000000004,0
4128,5,MITF,-0.32999999999999996,-0.06746200000000002,0
4129,5,SMAD3,1.1600000000000008,0.9137668,0
4130,5,RBM15,0.07,0.05956189999999999,0
4131,5,ATR,0.7000000000000003,0.5915906,0
4132,5,EPAS1,0.37,0.3424622,0
4133,5,TPM3,0.26,0.1707558,0
4134,5,RPL10,0.13,0.12298520000000002,0
4135,5,STAG1,0.12,0.1259487,0
4136,5,SBDS,-0.06,-0.021159999999999998,0
4137,5,KMT2D,0.9800000000000004,0.7501429,0
4138,5,MED12,0.30000000000000004,0.24245990000000006,0
4139,5,BCLAF1,1.734723475976807e-18,0.04549479999999999,0
4140,5,ASPSCR1,1.734723475976807e-18,0.007335900000000006,0
4141,5,CDK12,0.31,0.23535279999999997,0
4142,5,EWSR1,0.3999999999999999,0.3346894000000001,0
4143,5,NDRG1,-0.06,-0.021237000000000002,0
4144,5,PSIP1,-0.16,-0.0751917,0
4145,5,TRIM33,0.049999999999999996,0.046925999999999995,0
4146,5,MTOR,1.1300000000000006,0.8440075000000001,0
4147,5,ARHGAP35,0.08,0.1316628,0
4148,5,POT1,-0.04,-0.0023123000000000015,0
4149,5,EXT1,0.1,0.063016,0
4150,5,IL6ST,0.3,0.23189320000000002,0
4151,5,IDH2,0.15999999999999998,0.12650250000000002,0
4152,5,SMARCE1,0.41000000000000003,0.2502012,0
4153,5,CRTC3,0.09,0.06509380000000001,0
4154,5,TSC1,0.32,0.2824484,0
4155,5,BCOR,-0.14999999999999997,-0.012699599999999991,0
4156,5,SDHA,0.21,0.13272979999999998,0
4157,5,EP300,1.640000000000001,1.3199516999999998,0
4158,5,HNRNPA2B1,0.29000000000000004,0.2300582,0
4159,5,CLIP1,-0.08999999999999998,-0.0519263,0
4160,5,PATZ1,-0.55,-0.14199630000000002,0
4161,5,FUBP1,-0.13,-0.006406199999999992,0
4162,5,HLA-A,-0.21000000000000002,-0.020420099999999997,0
4163,5,CCNC,-0.04,-0.0166221,0
4164,5,RPN1,-0.24,-0.07744519999999999,0
4165,5,TCF7L2,0.03000000000000002,0.08030669999999998,0
4166,5,CANT1,0.09000000000000001,0.0531775,0
4167,5,RPL5,-0.5800000000000001,-0.17039769999999999,0
4168,5,CCDC6,-0.009999999999999995,0.049055299999999996,0
4169,5,NCKIPSD,0.04,0.022756000000000002,0
4170,5,SMARCD1,0.46,0.3288420000000001,0
4171,5,BCL10,0.05000000000000001,0.06286220000000001,0
4172,5,MAX,0.019999999999999997,0.028154199999999994,0
4173,5,HERPUD1,0.02,0.0078902,0
4174,5,RAC1,0.01999999999999999,0.09869739999999996,0
4175,5,FLNA,0.030000000000000006,0.0543531,0
4176,5,TFE3,-0.45000000000000007,-0.1805298,0
4177,5,NCOR2,0.7200000000000002,0.5356785,0
4178,5,PRPF40B,-0.03,-0.0041812999999999954,0
4179,5,BCL3,-0.05,-0.009577399999999995,0
4180,5,TFPT,-0.27,-0.0902655,0
4181,5,MLH1,0.8300000000000001,0.6980539,0
4182,5,ARHGAP5,0.14,0.1163054,0
4183,5,CIC,0.0,0.0,0
4184,5,LYN,0.8300000000000001,0.5950491,0
4185,5,TCF12,0.3,0.228268,0
4186,5,KLF6,0.05,0.0279793,0
4187,5,KMT2C,0.9200000000000004,0.7662895999999999,0
4188,5,PIM1,-0.17,-0.060102199999999995,0
4189,5,CCND1,1.3800000000000008,0.8448981000000002,0
4190,5,MLLT1,-0.9800000000000002,-0.2978226,0
4191,5,MEN1,-1.734723475976807e-17,0.034273399999999996,0
4192,5,CUL3,0.12,0.13277700000000003,0
4193,5,RB1,0.7200000000000002,0.5617711999999999,0
4194,5,LPP,-0.09,-0.0224985,0
4195,5,BUB1B,-0.15000000000000002,-0.0764992,0
4196,5,SMAD4,1.4200000000000008,1.0760695,0
4197,5,FGFR1,0.26,0.19888,0
4198,5,TMSB4X,0.04,0.031438799999999996,0
4199,5,CDK4,0.6300000000000001,0.44340700000000005,0
4200,5,MSI2,0.01,0.0072548000000000005,0
4201,5,MSH6,0.9800000000000006,0.7596708999999999,0
4202,5,BRAF,1.0100000000000005,0.9007637000000001,0
4203,5,TCEA1,-0.05,0.010068199999999996,0
4204,5,TNFAIP3,0.05,0.0879284,0
4205,5,RABEP1,0.02,0.013270800000000001,0
4206,5,GMPS,-0.07,-0.040114300000000006,0
4207,5,MDM2,1.2400000000000007,0.8896795999999998,0
4208,5,NSD2,0.12999999999999998,0.08963759999999998,0
4209,5,CASP8,-0.03,0.16252589999999997,0
4210,5,PER1,-0.24,-0.048196400000000014,0
4211,5,UBR5,-0.04999999999999999,-0.018432099999999993,0
4212,5,EIF3E,1.3877787807814457e-17,0.0721761,0
4213,5,RFWD3,0.04,0.0368571,0
4214,5,BRD3,0.09999999999999999,0.08754719999999999,0
4215,5,PAFAH1B2,0.02,0.0167054,0
4216,5,EXT2,0.010000000000000009,0.006241300000000005,0
4217,5,PLCG1,0.5700000000000001,0.4198448000000001,0
4218,5,SF3B1,-0.28,-0.09745530000000001,0
4219,5,ARHGEF10L,0.02,0.0100036,0
4220,5,NFATC2,0.21000000000000002,0.1546111,0
4221,5,SDHD,0.28,0.15658390000000003,0
4222,5,PABPC1,-0.88,-0.21842170000000002,0
4223,5,POLD1,-0.33,-0.08174760000000002,0
4224,5,CALR,0.0,0.0137603,0
4225,5,PIK3CB,0.41000000000000003,0.3835854000000001,0
4226,5,PPM1D,0.21000000000000002,0.1650555,0
4227,5,ATRX,0.9200000000000006,0.7506949,0
4228,5,DGCR8,0.17,0.11207239999999999,0
4229,5,DDX10,0.14,0.09634380000000001,0
4230,5,DROSHA,0.42000000000000004,0.30583619999999995,0
4231,5,TNFRSF14,-0.11,-0.0458741,0
4232,5,BCL9L,0.13999999999999999,0.0974071,0
4233,5,QKI,-0.05,-0.030163299999999997,0
4234,5,BAZ1A,0.01,0.0074164,0
4235,5,CHD4,0.2,0.18207320000000005,0
4236,5,NSD3,0.020000000000000007,0.0370867,0
4237,5,NT5C2,0.16,0.09247540000000001,0
4238,5,CCNB1IP1,0.11,0.0487684,0
4239,5,PCBP1,-0.79,-0.2517082,0
4240,5,RALGDS,0.15,0.1068508,0
4241,5,ARHGEF12,-0.049999999999999996,-0.006557200000000003,0
4242,5,HSP90AB1,1.1700000000000004,0.7875788,0
4243,5,FOXO3,1.3100000000000005,0.9211582,0
4244,5,HIP1,0.01,0.0073863,0
4245,5,CDC73,-0.13,0.0012646000000000011,0
4246,5,NIN,0.01,0.008217699999999998,0
4247,5,MDM4,0.11000000000000001,0.16394789999999998,0
4248,5,COL3A1,0.13999999999999999,0.12591940000000001,0
4249,5,CTNND1,0.09,0.1255796,0
4250,5,SPOP,-5.204170427930421e-18,0.0199184,0
4251,5,TMEM127,0.05,0.05087490000000001,0
4252,5,CREB3L2,0.11,0.0645537,0
4253,5,MSH2,0.9200000000000004,0.6940206999999999,0
4254,5,FNBP1,-0.019999999999999997,-0.0087169,0
4255,5,ATF1,0.04999999999999999,0.028977899999999997,0
4256,5,EIF1AX,-0.53,-0.23077510000000004,0
4257,5,PMS1,0.48000000000000004,0.3735633,0
4258,5,DEK,0.13,0.11356110000000001,0
4259,5,ERBB2,1.0600000000000003,0.6926444999999998,0
4260,5,AKT1,1.2400000000000007,0.7882432000000001,0
4261,5,CHEK2,0.29000000000000004,0.3641372,0
4262,5,SDHB,0.42000000000000004,0.26725709999999997,0
4263,5,NCOA1,0.41000000000000003,0.29714260000000003,0
4264,5,CHIC2,0.039999999999999994,0.020253800000000002,0
4265,5,RUNX1,0.4800000000000002,0.6960414999999998,0
4266,5,STAT6,0.30999999999999994,0.22630429999999999,0
4267,5,FH,-0.21000000000000002,-0.0745016,0
4268,5,AKT3,1.1000000000000005,0.7552619,0
4269,5,GNAS,0.22999999999999998,0.1566702,0
4270,5,CTNNB1,1.4000000000000008,0.9637766999999999,0
4271,5,NONO,0.09000000000000001,0.0631693,0
4272,5,SMARCB1,1.0100000000000005,0.7635314999999998,0
4273,5,PRKAR1A,0.13,0.11312730000000001,0
4274,5,ITGAV,3.469446951953614e-18,0.020673999999999994,0
4275,5,SS18,0.42,0.2759258,0
4276,5,MAP2K1,1.1300000000000006,0.7062881999999997,0
4277,5,SIRPA,0.0,0.0010386000000000006,0
4278,5,PPFIBP1,0.41,0.2763184,0
4279,5,RPL22,-0.28,0.0832685,0
4280,5,CYLD,0.30000000000000004,0.2366167,0
4281,5,ARID1B,0.71,0.5288049,0
4282,5,SETDB1,0.32,0.2319951,0
4283,5,AFDN,-0.37000000000000005,-0.12800649999999997,0
4284,5,ZRSR2,0.3500000000000001,0.26164149999999997,0
4285,5,PBRM1,0.9700000000000004,0.7295042999999999,0
4286,5,XPC,0.6100000000000001,0.4195973,0
4287,5,ASXL2,0.22999999999999998,0.1582787,0
4288,5,TRIM24,-0.23,-0.09313260000000001,0
4289,5,SFPQ,-0.07999999999999999,0.015205400000000004,0
4290,5,NCOA2,0.5300000000000001,0.3796166,0
4291,5,FOXO4,0.37,0.2434633,0
4292,5,LEF1,0.16999999999999998,0.13986389999999999,0
4293,5,B2M,-0.59,-0.21575900000000003,0
4294,5,DDIT3,-0.37,-0.0959484,0
4295,5,BCL6,0.5000000000000001,0.3537102999999999,0
4296,5,KRAS,-1.7000000000000006,-0.45692249999999995,0
4297,5,FAT1,0.06999999999999999,0.05707100000000001,0
4298,5,ABL2,0.08,0.0626897,0
4299,5,NF1,0.8200000000000004,0.6687573000000001,0
4300,5,BTG1,-0.02,-0.010620600000000001,0
4301,5,EIF4A2,0.09,0.07107910000000002,0
4302,5,SET,0.15,0.1332082,0
4303,5,EPS15,0.010000000000000002,0.0179427,0
4304,5,RNF213,0.04,0.030627699999999997,0
4305,5,CTCF,0.9600000000000004,0.7025362,0
4306,5,WDCP,0.07999999999999999,0.0580813,0
4307,5,KAT7,0.13,0.10491500000000002,0
4308,5,KDM5C,0.15,0.1412335,0
4309,5,TGFBR2,0.21000000000000005,0.1551575,0
4310,5,ATM,1.4700000000000009,1.1606415,0
4311,5,NUMA1,-0.01999999999999999,-0.0010834000000000043,0
4312,5,STAT3,1.4400000000000006,1.1567229999999997,0
4313,5,SUB1,-0.25,-0.09245310000000001,0
4314,5,NUP98,0.10999999999999999,0.1211445,0
4315,5,ELL,-0.050000000000000024,-0.00786760000000001,0
4316,5,MAP3K1,0.29999999999999993,0.2650419,0
4317,5,MALT1,0.10000000000000002,0.1377194,0
4318,5,XPO1,0.35,0.28269089999999997,0
4319,5,SETD1B,0.17,0.1245545,0
4320,5,ETV6,-0.10999999999999999,-0.018116899999999995,0
4321,5,TBL1XR1,0.21000000000000002,0.1430807,0
4322,5,NUP214,-0.020000000000000025,0.115433,0
4323,5,TPR,0.09,0.09800539999999998,0
4324,5,ATIC,0.05000000000000001,0.05562930000000002,0
4325,5,NACA,0.22000000000000003,0.14552330000000002,0
4326,5,MYO5A,0.0,0.0013282999999999993,0
4327,5,SMC1A,0.56,0.4785765,0
4328,5,LASP1,-0.19,-0.1125428,0
4329,5,ERCC5,0.45999999999999996,0.30730250000000003,0
4330,5,JUN,-0.08999999999999996,0.1293881,0
4331,5,THRAP3,0.08,0.06776009999999999,0
4332,5,STAG2,0.4800000000000001,0.3873462999999999,0
4333,5,RAF1,1.0800000000000003,0.7744221999999998,0
4334,5,ERCC3,0.52,0.4299166,0
4335,5,SMAD2,0.5500000000000002,0.5254044000000001,0
4336,5,TAF15,0.16000000000000003,0.13520300000000002,0
4337,5,ARNT,0.29999999999999993,0.24623100000000006,0
4338,5,CLTC,-0.5800000000000001,-0.31133,0
4339,5,IKBKB,0.5500000000000003,0.46374610000000016,0
4340,5,IDH1,-0.6500000000000001,-0.1973749,0
4341,5,SND1,-0.019999999999999997,-0.009373900000000004,0
4342,5,KNSTRN,0.03,0.0248556,0
4343,5,RHOA,-1.6400000000000001,-0.41616569999999997,0
4344,5,PALB2,0.6000000000000001,0.5129598000000001,0
4345,5,ARID2,0.7200000000000002,0.5567254000000001,0
4346,5,EZR,-0.05,0.011085399999999999,0
4347,5,TP53,-1.7099999999999997,-0.4158869,0
4348,5,ARAF,0.39,0.22182770000000002,0
4349,5,KIF5B,0.4499999999999999,0.3231029000000001,0
4350,5,KAT6A,0.18,0.18347300000000002,0
4351,5,KTN1,-0.09,-0.0288384,0
4352,5,GOLGA5,-0.10999999999999999,-0.07647319999999999,0
4353,5,KDM5A,0.22999999999999998,0.21496740000000003,0
4354,5,RAD21,0.47000000000000003,0.3682126,0
4355,5,GNAQ,0.11000000000000001,0.09349109999999998,0
4356,5,CAMTA1,0.02,0.0116157,0
4357,5,ERCC2,0.61,0.4332267000000001,0
4358,5,EZH2,2.010000000000001,1.3697773,0
4359,5,TOP1,0.23,0.17582339999999996,0
4360,5,SRSF3,-0.19,-0.05436580000000003,0
4361,5,NPM1,6.938893903907228e-18,0.1543329,0
4362,5,BAX,-0.55,-0.16707930000000001,0
4363,5,NOTCH2,0.25,0.1995962,0
4364,5,TRAF7,0.03,0.023407499999999998,0
4365,5,KDM6A,0.9300000000000003,0.8020487999999999,0
4366,5,SPEN,0.13,0.1005455,0
4367,5,TRIM27,-0.49,-0.16576580000000002,0
4368,5,CRTC1,0.14,0.1049419,0
4369,5,EML4,0.2800000000000001,0.2404953,0
4370,5,USP9X,-0.060000000000000005,-0.0376944,0
4371,5,PTPRK,0.01,0.006796,0
4372,5,CD74,-0.11000000000000001,0.0036210999999999882,0
4373,5,CBL,0.6800000000000002,0.5139551,0
4374,5,ZNF384,-0.06,-0.033007800000000004,0
4375,5,NOTCH1,1.0800000000000005,0.8094953,0
4376,5,COX6C,-0.14,-0.0514323,0
4377,5,CHCHD7,0.02,0.012633000000000002,0
4378,5,HMGA1,-0.12,-0.051608799999999996,0
4379,5,PTEN,1.360000000000001,1.1681219,0
4380,5,FIP1L1,-0.03,-0.01997939999999999,0
4381,5,JAK1,0.7300000000000002,0.5967017,0
4382,5,ZMYM2,-0.05,-0.0361684,0
4383,5,SUZ12,0.79,0.5489583,0
4384,5,FUS,-0.12000000000000004,0.14102049999999997,0
4385,5,BAP1,0.12,0.0994361,0
4386,5,ZCCHC8,-0.07,-0.020993700000000004,0
4387,5,CRNKL1,-0.04,-0.0241532,0
4388,5,RAD17,0.13999999999999999,0.10136,0
4389,5,ATP1A1,0.0,-0.00023259999999999774,0
4390,5,DNMT3A,0.8100000000000005,0.6451621999999999,0
4391,5,FBXW7,0.9000000000000002,0.7311304999999997,0
4392,5,WWTR1,-0.019999999999999997,-0.0072326000000000005,0
4393,5,CDKN1B,0.53,0.3418647,0
4394,5,KMT2A,0.4900000000000001,0.41744449999999994,0
4395,5,PTPN11,0.9800000000000004,0.7432182999999999,0
4396,5,STAT5B,0.7000000000000002,0.5361846,0
4397,5,CUX1,-0.11,-0.07667780000000002,0
4398,5,ABI1,-0.42000000000000004,-0.1540872,0
4399,5,BRCA1,1.7500000000000013,1.3967741000000002,0
4400,5,SH2B3,0.04,0.0270366,0
4401,5,AFF4,0.06999999999999999,0.058686699999999994,0
4402,5,NF2,0.010000000000000002,0.06893289999999999,0
4403,5,LMNA,0.01000000000000001,0.02440860000000001,0
4404,5,TSC2,0.5199999999999999,0.4336998000000001,0
4405,5,GOLPH3,-0.09999999999999999,-0.0634646,0
4406,5,PCM1,-0.07999999999999999,-0.05290940000000001,0
4407,5,PPP2R1A,-0.51,-0.17499330000000002,0
4408,5,ARID1A,1.7000000000000008,1.2571769000000004,0
4409,5,ABL1,0.11999999999999995,0.1548522,0
4410,5,AFF1,0.24,0.18927300000000002,0
4411,5,DAXX,-0.28,-0.06023540000000001,0
4412,5,CBFB,0.10999999999999997,0.0951724,0
4413,5,CBLB,0.13,0.10079930000000001,0
4414,5,POLR2A,0.02999999999999997,0.1839399,0
4415,5,PRKACA,0.33,0.2554688,0
4416,5,DNM2,-0.11,-0.05177810000000001,0
4417,5,RAP1GDS1,-0.09,-0.02706420000000001,0
4418,5,NCOR1,0.8800000000000002,0.7961878999999998,0
4419,5,NFKBIE,-0.29,-0.0916845,0
4420,5,DDX3X,0.15000000000000002,0.1360752,0
4421,5,ELK4,0.02,0.015034400000000002,0
4422,5,MLLT6,0.11000000000000001,0.0832214,0
4423,5,SRSF2,-1.4300000000000002,-0.39504100000000003,0
4424,5,CTNNA1,0.12,0.0889964,0
4425,5,RBM10,0.16,0.11816310000000003,0
4426,5,PTPRC,0.11000000000000001,0.1170389,0
4427,5,HSP90AA1,1.1600000000000006,0.7778202999999998,0
4428,6,NSD1,0.32,0.2813556,1
4429,6,DICER1,0.3500000000000001,0.3394243,1
4430,6,BIRC6,0.09999999999999999,0.09865399999999998,1
4431,6,SDHC,0.36000000000000004,0.28843040000000003,1
4432,6,TFG,0.16,0.10119020000000001,1
4433,6,MAP2K2,0.29,0.21803470000000003,1
4434,6,TFRC,-0.30000000000000004,-0.12304670000000004,1
4435,6,CREB1,0.7800000000000004,0.7029126000000001,1
4436,6,POLG,-0.01,-0.0029749999999999998,1
4437,6,SETD2,0.7200000000000002,0.6647606999999999,1
4438,6,NAB2,-0.62,-0.1563654,1
4439,6,HIF1A,1.6700000000000008,1.3251526999999996,1
4440,6,FLCN,-0.06000000000000001,0.00937509999999998,1
4441,6,MAP2K4,0.1,0.1430952,1
4442,6,CNOT3,0.09000000000000001,0.07888250000000001,1
4443,6,CIITA,0.09,0.056800500000000004,1
4444,6,LSM14A,0.16,0.130975,1
4445,6,AKAP9,-0.05,0.0191017,1
4446,6,MSN,-0.21999999999999995,-0.0773446,1
4447,6,BCR,-0.07999999999999999,0.0384521,1
4448,6,TRRAP,-0.029999999999999985,0.1932555,1
4449,6,PPP6C,-0.17,-0.0699897,1
4450,6,NCOA4,-0.15,-0.04737899999999999,1
4451,6,BCL9,0.17,0.13426180000000001,1
4452,6,PRCC,0.09,0.07435969999999999,1
4453,6,LARP4B,0.03,0.0223683,1
4454,6,CHD2,0.02,0.0182534,1
4455,6,ASXL1,0.19999999999999996,0.2925192,1
4456,6,SMARCA4,1.7600000000000011,1.4391869999999998,1
4457,6,ERC1,-0.02,-0.0158026,1
4458,6,DCTN1,0.02000000000000001,0.03706980000000001,1
4459,6,PIK3R1,1.2700000000000007,1.0492846000000002,1
4460,6,EED,0.07000000000000002,0.0642647,1
4461,6,CNBP,0.0,0.0,1
4462,6,SGK1,0.48,0.33010259999999997,1
4463,6,MLLT10,-0.30000000000000004,-0.18099590000000002,1
4464,6,BRD4,0.9600000000000004,0.8782429,1
4465,6,RANBP2,0.31,0.2979510000000001,1
4466,6,FBXO11,0.06,0.05120820000000001,1
4467,6,PML,0.2899999999999999,0.2226364,1
4468,6,AKT2,1.2000000000000006,0.8991484000000002,1
4469,6,CEP89,0.05,0.0317712,1
4470,6,LZTR1,0.06,0.09913349999999999,1
4471,6,YWHAE,0.21000000000000002,0.1265486,1
4472,6,DNAJB1,-0.06999999999999999,-0.0231158,1
4473,6,PRDM2,0.05,0.042201,1
4474,6,TPM4,0.51,0.36652440000000003,1
4475,6,CREBBP,1.8300000000000012,1.5920862999999998,1
4476,6,PMS2,0.6900000000000002,0.6340325,1
4477,6,DDR2,0.02,0.011211800000000003,1
4478,6,FANCA,0.39000000000000007,0.33978939999999996,1
4479,6,PDE4DIP,0.08,0.0636844,1
4480,6,USP8,-0.049999999999999996,-0.024454399999999998,1
4481,6,MYH9,-0.49,-0.14718400000000004,1
4482,6,MYC,-0.8799999999999999,-0.1794089,1
4483,6,NBN,0.5800000000000001,0.48154329999999995,1
4484,6,CCND3,-0.15,-0.0139748,1
4485,6,TRIP11,-0.09,-0.06894890000000001,1
4486,6,CNTRL,-0.09999999999999999,-0.07574829999999999,1
4487,6,PIK3CA,1.3200000000000012,1.1452837,1
4488,6,DDX5,0.24999999999999997,0.2638667000000001,1
4489,6,PICALM,-0.009999999999999998,-0.0010251999999999935,1
4490,6,RARA,-0.11000000000000003,0.0474212,1
4491,6,DDX6,2.0816681711721685e-17,0.1038283,1
4492,6,COL1A1,0.21,0.1815572,1
4493,6,VHL,0.24999999999999997,0.19555840000000002,1
4494,6,MAPK1,1.850000000000001,1.3301378,1
4495,6,SRC,0.21000000000000002,0.31757670000000005,1
4496,6,NFE2L2,0.35,0.266155,1
4497,6,MITF,-0.18999999999999997,-0.027412599999999992,1
4498,6,SMAD3,1.290000000000001,1.2409291,1
4499,6,RBM15,0.08,0.0733945,1
4500,6,ATR,0.7500000000000002,0.6405137000000001,1
4501,6,EPAS1,0.39,0.38682289999999997,1
4502,6,TPM3,0.20000000000000004,0.16560380000000002,1
4503,6,RPL10,0.05,0.09658000000000001,1
4504,6,STAG1,0.15,0.16260940000000002,1
4505,6,SBDS,-0.11000000000000001,-0.0312962,1
4506,6,KMT2D,1.0400000000000003,0.8540543000000002,1
4507,6,MED12,0.36000000000000004,0.3117628,1
4508,6,BCLAF1,-0.05,0.0167376,1
4509,6,ASPSCR1,0.0,0.008698400000000005,1
4510,6,CDK12,0.49,0.4032464000000001,1
4511,6,EWSR1,0.23,0.3038873,1
4512,6,NDRG1,-0.06999999999999999,-0.021888700000000004,1
4513,6,PSIP1,0.05000000000000001,0.04839040000000001,1
4514,6,TRIM33,0.13999999999999999,0.12090700000000001,1
4515,6,MTOR,0.9600000000000005,0.8233835,1
4516,6,ARHGAP35,0.17,0.15099159999999998,1
4517,6,POT1,-0.010000000000000002,0.012232400000000001,1
4518,6,EXT1,0.11,0.0882849,1
4519,6,IL6ST,0.32,0.2739518,1
4520,6,IDH2,-0.019999999999999983,0.021523299999999995,1
4521,6,SMARCE1,0.38,0.2610421,1
4522,6,CRTC3,0.09999999999999999,0.0818506,1
4523,6,TSC1,0.39,0.3514713,1
4524,6,BCOR,-0.13,0.0028122999999999967,1
4525,6,SDHA,0.25,0.2108497,1
4526,6,EP300,2.240000000000001,1.9357529,1
4527,6,HNRNPA2B1,0.52,0.3719935999999999,1
4528,6,CLIP1,-0.12000000000000001,-0.0721898,1
4529,6,PATZ1,-0.56,-0.15415630000000002,1
4530,6,FUBP1,-0.09,-0.0012185000000000008,1
4531,6,HLA-A,-0.06000000000000001,0.022485499999999995,1
4532,6,CCNC,-0.22,-0.1009335,1
4533,6,RPN1,-0.24,-0.07825180000000001,1
4534,6,TCF7L2,0.06000000000000001,0.1191918,1
4535,6,CANT1,0.020000000000000004,0.023864800000000005,1
4536,6,RPL5,-0.7200000000000001,-0.2099207,1
4537,6,CCDC6,0.07000000000000002,0.0879965,1
4538,6,NCKIPSD,-0.06,-0.0117923,1
4539,6,SMARCD1,0.42000000000000004,0.35101740000000003,1
4540,6,BCL10,-0.030000000000000006,0.040003800000000006,1
4541,6,MAX,0.08,0.0947951,1
4542,6,HERPUD1,-0.01,-0.0028005000000000005,1
4543,6,RAC1,0.03,0.1236923,1
4544,6,FLNA,0.12999999999999998,0.09781640000000003,1
4545,6,TFE3,-0.7300000000000001,-0.2700987,1
4546,6,NCOR2,0.6700000000000003,0.562312,1
4547,6,PRPF40B,0.02,0.01618,1
4548,6,BCL3,-0.09000000000000004,-0.008202699999999999,1
4549,6,TFPT,-0.4,-0.1172345,1
4550,6,MLH1,0.8900000000000001,0.7880912,1
4551,6,ARHGAP5,0.09999999999999999,0.10480779999999999,1
4552,6,CIC,0.0,0.0,1
4553,6,LYN,0.7100000000000001,0.5522671,1
4554,6,TCF12,0.35000000000000003,0.2864554,1
4555,6,KLF6,0.06,0.0393982,1
4556,6,KMT2C,0.9100000000000004,0.8081553,1
4557,6,PIM1,-0.12,-0.028404799999999994,1
4558,6,CCND1,1.2100000000000006,0.7719499000000003,1
4559,6,MLLT1,-1.5300000000000002,-0.3990172,1
4560,6,MEN1,-0.10999999999999999,-0.035473500000000005,1
4561,6,CUL3,0.08000000000000004,0.1366343,1
4562,6,RB1,0.7000000000000002,0.5688823000000001,1
4563,6,LPP,-0.12000000000000001,-0.020599999999999993,1
4564,6,BUB1B,-0.15,-0.060008699999999984,1
4565,6,SMAD4,1.550000000000001,1.3136847999999999,1
4566,6,FGFR1,0.35000000000000003,0.298034,1
4567,6,TMSB4X,0.03,0.0228639,1
4568,6,CDK4,0.9800000000000005,0.7229186,1
4569,6,MSI2,0.01,0.0079988,1
4570,6,MSH6,0.9800000000000004,0.8745189000000001,1
4571,6,BRAF,1.2400000000000007,1.1076853999999998,1
4572,6,TCEA1,-0.10999999999999999,-0.013366199999999996,1
4573,6,TNFAIP3,0.13,0.11669790000000001,1
4574,6,RABEP1,0.0,0.0007324000000000011,1
4575,6,GMPS,-0.08999999999999998,-0.04035859999999999,1
4576,6,MDM2,1.1700000000000008,0.9525440999999998,1
4577,6,NSD2,0.21,0.16823649999999998,1
4578,6,CASP8,-0.37000000000000005,0.021093899999999985,1
4579,6,PER1,-0.25999999999999995,-0.07887489999999997,1
4580,6,UBR5,0.039999999999999994,0.05576690000000001,1
4581,6,EIF3E,0.0,0.04955940000000001,1
4582,6,RFWD3,0.03,0.0286567,1
4583,6,BRD3,0.13,0.09771729999999999,1
4584,6,PAFAH1B2,0.03,0.026540099999999997,1
4585,6,EXT2,0.009999999999999995,0.017387899999999998,1
4586,6,PLCG1,0.42,0.4023348,1
4587,6,SF3B1,-0.61,-0.2909855,1
4588,6,ARHGEF10L,0.04,0.021091600000000002,1
4589,6,NFATC2,0.24,0.1799975,1
4590,6,SDHD,0.27,0.19133189999999997,1
4591,6,PABPC1,-1.0700000000000003,-0.26317060000000003,1
4592,6,POLD1,-0.25000000000000006,-0.07338020000000002,1
4593,6,CALR,-0.04999999999999999,0.026260499999999992,1
4594,6,PIK3CB,0.5100000000000001,0.4733234,1
4595,6,PPM1D,0.28,0.22705920000000002,1
4596,6,ATRX,1.0300000000000005,0.9076535000000001,1
4597,6,DGCR8,0.19,0.15463659999999999,1
4598,6,DDX10,0.16999999999999998,0.1341757,1
4599,6,DROSHA,0.52,0.42211360000000003,1
4600,6,TNFRSF14,-0.14,-0.05364240000000001,1
4601,6,BCL9L,0.13999999999999999,0.10080220000000002,1
4602,6,QKI,0.02,0.017255599999999996,1
4603,6,BAZ1A,0.01,0.0076244,1
4604,6,CHD4,0.37,0.3461992,1
4605,6,NSD3,0.16,0.1429295,1
4606,6,NT5C2,0.17,0.10321070000000002,1
4607,6,CCNB1IP1,0.16999999999999998,0.0845736,1
4608,6,PCBP1,-1.03,-0.2633947,1
4609,6,RALGDS,-0.08,0.032694799999999996,1
4610,6,ARHGEF12,-0.039999999999999994,0.015590700000000006,1
4611,6,HSP90AB1,1.0800000000000005,0.7638505,1
4612,6,FOXO3,1.4200000000000008,1.0902425999999996,1
4613,6,HIP1,-0.01,-0.0070052000000000005,1
4614,6,CDC73,-0.019999999999999997,0.03453220000000001,1
4615,6,NIN,-0.009999999999999995,-0.005909300000000003,1
4616,6,MDM4,0.14,0.18090230000000002,1
4617,6,COL3A1,0.22,0.1833438,1
4618,6,CTNND1,0.10999999999999999,0.1401031,1
4619,6,SPOP,0.12999999999999998,0.11478029999999999,1
4620,6,TMEM127,0.049999999999999996,0.02453109999999999,1
4621,6,CREB3L2,0.13,0.08996680000000001,1
4622,6,MSH2,0.9300000000000004,0.8386899999999999,1
4623,6,FNBP1,0.009999999999999998,0.022082899999999996,1
4624,6,ATF1,0.16,0.1198166,1
4625,6,EIF1AX,-0.52,-0.2119998,1
4626,6,PMS1,0.57,0.45546010000000003,1
4627,6,DEK,0.21,0.16918330000000004,1
4628,6,ERBB2,0.9200000000000005,0.6290239,1
4629,6,AKT1,0.5900000000000001,0.42497759999999996,1
4630,6,CHEK2,0.6300000000000001,0.6870889,1
4631,6,SDHB,0.42000000000000004,0.31020039999999993,1
4632,6,NCOA1,0.48,0.3886872,1
4633,6,CHIC2,0.07,0.04434010000000001,1
4634,6,RUNX1,0.08000000000000004,0.5869829999999999,1
4635,6,STAT6,0.42000000000000004,0.3767805,1
4636,6,FH,-0.029999999999999985,0.04275109999999997,1
4637,6,AKT3,1.1200000000000006,0.8394860999999999,1
4638,6,GNAS,0.36,0.26473330000000006,1
4639,6,CTNNB1,1.3400000000000007,0.9984259999999996,1
4640,6,NONO,0.32000000000000006,0.2792216,1
4641,6,SMARCB1,0.9100000000000004,0.7642341999999999,1
4642,6,PRKAR1A,0.22000000000000003,0.2050222,1
4643,6,ITGAV,-0.029999999999999992,0.0423599,1
4644,6,SS18,0.39,0.27938989999999997,1
4645,6,MAP2K1,0.9500000000000002,0.6075695,1
4646,6,SIRPA,-0.07,-0.0280541,1
4647,6,PPFIBP1,0.38999999999999996,0.28479750000000004,1
4648,6,RPL22,-0.18999999999999997,0.08999560000000001,1
4649,6,CYLD,0.30000000000000004,0.24286519999999998,1
4650,6,ARID1B,0.8400000000000001,0.6795053,1
4651,6,SETDB1,0.32,0.2402865,1
4652,6,AFDN,-0.41000000000000003,-0.1249033,1
4653,6,ZRSR2,-0.07999999999999999,-0.0590397,1
4654,6,PBRM1,0.9800000000000004,0.7663845999999999,1
4655,6,XPC,0.46,0.2955528,1
4656,6,ASXL2,0.28,0.21017160000000001,1
4657,6,TRIM24,-0.13999999999999999,0.003494300000000011,1
4658,6,SFPQ,-0.4600000000000001,-0.1486696,1
4659,6,NCOA2,0.5800000000000001,0.4946315,1
4660,6,FOXO4,0.22000000000000003,0.1576851,1
4661,6,LEF1,0.22999999999999998,0.1895119,1
4662,6,B2M,-0.35,-0.1431992,1
4663,6,DDIT3,-0.34,-0.1190532,1
4664,6,BCL6,0.3500000000000001,0.2862499,1
4665,6,KRAS,-0.6799999999999999,-0.13540780000000002,1
4666,6,FAT1,0.11,0.0820862,1
4667,6,ABL2,0.07,0.06787710000000001,1
4668,6,NF1,1.3300000000000007,1.1093535999999997,1
4669,6,BTG1,-0.06,-0.0264276,1
4670,6,EIF4A2,0.05,0.030736400000000004,1
4671,6,SET,0.15,0.12845800000000002,1
4672,6,EPS15,0.08000000000000002,0.0723897,1
4673,6,RNF213,0.04,0.0349856,1
4674,6,CTCF,1.0200000000000005,0.7414981000000002,1
4675,6,WDCP,0.21,0.12905090000000002,1
4676,6,KAT7,0.15,0.129086,1
4677,6,KDM5C,0.19,0.1739659,1
4678,6,TGFBR2,0.11999999999999995,0.1646443,1
4679,6,ATM,1.1500000000000008,1.1122083000000003,1
4680,6,NUMA1,0.020000000000000004,0.0233704,1
4681,6,STAT3,0.8400000000000004,0.8370732000000001,1
4682,6,SUB1,-0.14,-0.06066529999999999,1
4683,6,NUP98,0.19,0.1974829,1
4684,6,ELL,0.07000000000000002,0.03604720000000001,1
4685,6,MAP3K1,0.30999999999999994,0.2773174,1
4686,6,MALT1,0.12000000000000001,0.1476556,1
4687,6,XPO1,0.5500000000000002,0.45897930000000003,1
4688,6,SETD1B,0.25,0.21013160000000003,1
4689,6,ETV6,-0.15999999999999998,-0.0534207,1
4690,6,TBL1XR1,0.21000000000000002,0.15278999999999998,1
4691,6,NUP214,-0.08999999999999996,0.14247360000000003,1
4692,6,TPR,0.12,0.10520109999999999,1
4693,6,ATIC,0.16,0.15884310000000004,1
4694,6,NACA,0.22,0.13061060000000002,1
4695,6,MYO5A,0.03,0.0224063,1
4696,6,SMC1A,0.21000000000000002,0.36582090000000017,1
4697,6,LASP1,-0.24,-0.12553609999999998,1
4698,6,ERCC5,0.43000000000000005,0.2713433,1
4699,6,JUN,-0.7599999999999998,-0.13570320000000008,1
4700,6,THRAP3,0.06,0.051114400000000004,1
4701,6,STAG2,0.21000000000000002,0.2594608,1
4702,6,RAF1,0.8000000000000004,0.6297394,1
4703,6,ERCC3,0.5800000000000001,0.5046142,1
4704,6,SMAD2,0.3600000000000001,0.4809831999999996,1
4705,6,TAF15,0.21000000000000002,0.1745834,1
4706,6,ARNT,0.37,0.31788970000000005,1
4707,6,CLTC,-0.74,-0.34140889999999996,1
4708,6,IKBKB,0.5200000000000001,0.49381660000000005,1
4709,6,IDH1,-0.6700000000000002,-0.2380528,1
4710,6,SND1,-1.734723475976807e-18,0.0226069,1
4711,6,KNSTRN,0.02,0.0150614,1
4712,6,RHOA,-3.350000000000001,-0.7895943,1
4713,6,PALB2,0.6600000000000001,0.5875451,1
4714,6,ARID2,0.8400000000000001,0.676804,1
4715,6,EZR,-0.18000000000000002,-0.061089899999999996,1
4716,6,TP53,-0.6899999999999996,0.04697130000000002,1
4717,6,ARAF,0.37000000000000005,0.20886310000000002,1
4718,6,KIF5B,0.5000000000000001,0.3822438999999999,1
4719,6,KAT6A,0.16000000000000003,0.20192030000000002,1
4720,6,KTN1,-0.11,-0.008719299999999998,1
4721,6,GOLGA5,-0.07,-0.051808,1
4722,6,KDM5A,0.28,0.268038,1
4723,6,RAD21,0.5499999999999999,0.46575639999999996,1
4724,6,GNAQ,0.2799999999999999,0.21784590000000004,1
4725,6,CAMTA1,0.07,0.0511022,1
4726,6,ERCC2,0.7099999999999999,0.5536696999999999,1
4727,6,EZH2,1.440000000000001,1.2111376999999999,1
4728,6,TOP1,0.23000000000000007,0.19233620000000004,1
4729,6,SRSF3,-0.18000000000000002,-0.01421429999999999,1
4730,6,NPM1,0.06000000000000007,0.1413658,1
4731,6,BAX,-0.8600000000000001,-0.18856250000000002,1
4732,6,NOTCH2,0.29000000000000004,0.2446904,1
4733,6,TRAF7,0.02,0.015044,1
4734,6,KDM6A,0.9100000000000004,0.9061231000000002,1
4735,6,SPEN,0.13,0.10393999999999999,1
4736,6,TRIM27,-0.54,-0.1785034,1
4737,6,CRTC1,0.16,0.1234673,1
4738,6,EML4,0.36,0.33666209999999996,1
4739,6,USP9X,0.009999999999999998,0.006475499999999999,1
4740,6,PTPRK,0.0,0.0,1
4741,6,CD74,-0.24000000000000002,-0.026766000000000012,1
4742,6,CBL,0.6200000000000001,0.5406247999999999,1
4743,6,ZNF384,0.02,0.0161862,1
4744,6,NOTCH1,1.1600000000000006,0.8624985,1
4745,6,COX6C,-0.19000000000000003,-0.050970600000000005,1
4746,6,CHCHD7,0.02,0.0124662,1
4747,6,HMGA1,-0.07,-0.029680400000000003,1
4748,6,PTEN,0.9300000000000008,1.0034593,1
4749,6,FIP1L1,-0.039999999999999994,-0.017941699999999994,1
4750,6,JAK1,0.8800000000000003,0.7453769,1
4751,6,ZMYM2,0.01,0.011094500000000002,1
4752,6,SUZ12,0.9300000000000004,0.7140158,1
4753,6,FUS,-0.45000000000000007,-0.014504400000000021,1
4754,6,BAP1,-0.36000000000000004,-0.1614774,1
4755,6,ZCCHC8,-0.05,-0.01745,1
4756,6,CRNKL1,0.019999999999999997,0.015203099999999999,1
4757,6,RAD17,0.18000000000000002,0.1320254,1
4758,6,ATP1A1,0.01,0.0070718000000000005,1
4759,6,DNMT3A,1.0100000000000005,0.8587054,1
4760,6,FBXW7,1.0200000000000002,0.8781761999999999,1
4761,6,WWTR1,-0.18000000000000002,-0.07666470000000002,1
4762,6,CDKN1B,0.4900000000000001,0.33653560000000005,1
4763,6,KMT2A,0.29,0.33449109999999993,1
4764,6,PTPN11,1.1800000000000006,0.9597396000000001,1
4765,6,STAT5B,0.7900000000000003,0.6574707999999999,1
4766,6,CUX1,-0.08,-0.0548517,1
4767,6,ABI1,-0.37,-0.10812589999999998,1
4768,6,BRCA1,1.8100000000000012,1.5346957999999995,1
4769,6,SH2B3,0.08,0.048233200000000004,1
4770,6,AFF4,-0.19000000000000003,-0.11281670000000002,1
4771,6,NF2,0.11,0.1327999,1
4772,6,LMNA,0.09,0.05955809999999999,1
4773,6,TSC2,0.7800000000000002,0.6458962999999999,1
4774,6,GOLPH3,-0.07,-0.0473118,1
4775,6,PCM1,-0.04,-0.0313128,1
4776,6,PPP2R1A,-0.29000000000000004,-0.08795069999999999,1
4777,6,ARID1A,1.930000000000001,1.5721477,1
4778,6,ABL1,-0.06000000000000002,0.10301500000000002,1
4779,6,AFF1,-6.938893903907228e-18,0.038609500000000005,1
4780,6,DAXX,-0.57,-0.1551489,1
4781,6,CBFB,0.060000000000000005,0.1231453,1
4782,6,CBLB,0.17,0.1487248,1
4783,6,POLR2A,-0.22999999999999995,0.10787029999999997,1
4784,6,PRKACA,0.26,0.3176091999999998,1
4785,6,DNM2,-0.11000000000000001,-0.0495192,1
4786,6,RAP1GDS1,-0.039999999999999994,0.02132410000000002,1
4787,6,NCOR1,1.0400000000000003,0.9786701999999998,1
4788,6,NFKBIE,-0.38,-0.1140639,1
4789,6,DDX3X,0.29999999999999993,0.2617297,1
4790,6,ELK4,0.02,0.016639,1
4791,6,MLLT6,0.06,0.0465242,1
4792,6,SRSF2,-3.1499999999999995,-0.7351021,1
4793,6,CTNNA1,0.13,0.1023319,1
4794,6,RBM10,0.15,0.1140513,1
4795,6,PTPRC,0.06000000000000002,0.12397099999999998,1
4796,6,HSP90AA1,0.7200000000000002,0.5632502,1
4797,6,NSD1,0.2,0.1651458,0
4798,6,DICER1,0.17,0.19036320000000004,0
4799,6,BIRC6,0.060000000000000005,0.0547322,0
4800,6,SDHC,0.3,0.20160489999999998,0
4801,6,TFG,0.37,0.2124851,0
4802,6,MAP2K2,0.25,0.1649586,0
4803,6,TFRC,-0.28,-0.1329987,0
4804,6,CREB1,0.8800000000000003,0.617276,0
4805,6,POLG,0.02,0.0083128,0
4806,6,SETD2,0.6200000000000002,0.5094717999999999,0
4807,6,NAB2,-0.25,-0.09024839999999999,0
4808,6,HIF1A,1.6400000000000008,1.0969535,0
4809,6,FLCN,0.04,0.041379500000000013,0
4810,6,MAP2K4,0.07999999999999999,0.08927139999999999,0
4811,6,CNOT3,-0.1,-0.0370409,0
4812,6,CIITA,0.12000000000000001,0.0850013,0
4813,6,LSM14A,0.049999999999999996,0.050766,0
4814,6,AKAP9,-0.08000000000000002,-0.0198794,0
4815,6,MSN,-0.2,-0.00834940000000001,0
4816,6,BCR,-0.02,0.008389699999999998,0
4817,6,TRRAP,0.05000000000000002,0.08511289999999998,0
4818,6,PPP6C,-0.16,-0.0800244,0
4819,6,NCOA4,-0.25,-0.1295027,0
4820,6,BCL9,0.13,0.0962639,0
4821,6,PRCC,3.469446951953614e-18,0.008844700000000006,0
4822,6,LARP4B,0.0,0.0,0
4823,6,CHD2,0.01,0.0073995,0
4824,6,ASXL1,0.6600000000000001,0.5236669,0
4825,6,SMARCA4,1.530000000000001,1.0915039999999998,0
4826,6,ERC1,-0.03,-0.0208239,0
4827,6,DCTN1,-0.30999999999999994,-0.13998329999999998,0
4828,6,PIK3R1,1.4200000000000008,0.9271103000000002,0
4829,6,EED,0.09999999999999999,0.0917386,0
4830,6,CNBP,0.02,0.011143400000000001,0
4831,6,SGK1,0.24,0.1339094,0
4832,6,MLLT10,0.039999999999999994,0.04453729999999999,0
4833,6,BRD4,1.0000000000000004,0.7242985,0
4834,6,RANBP2,0.05999999999999994,0.16165600000000002,0
4835,6,FBXO11,0.060000000000000005,0.0470847,0
4836,6,PML,0.2799999999999999,0.23540940000000002,0
4837,6,AKT2,0.9700000000000002,0.6283384999999999,0
4838,6,CEP89,0.09,0.056286,0
4839,6,LZTR1,0.06999999999999999,0.06823230000000001,0
4840,6,YWHAE,0.23,0.14539849999999999,0
4841,6,DNAJB1,0.0,0.014794200000000004,0
4842,6,PRDM2,0.03,0.022324899999999998,0
4843,6,TPM4,0.48000000000000004,0.31325119999999995,0
4844,6,CREBBP,1.710000000000001,1.3321551,0
4845,6,PMS2,0.6700000000000002,0.5671535,0
4846,6,DDR2,0.04,0.0263158,0
4847,6,FANCA,0.33999999999999997,0.26664000000000004,0
4848,6,PDE4DIP,0.04,0.024642400000000002,0
4849,6,USP8,-0.1,-0.05148780000000001,0
4850,6,MYH9,-0.30000000000000004,-0.06390560000000002,0
4851,6,MYC,-1.4400000000000004,-0.5032579,0
4852,6,NBN,0.5,0.3550078000000001,0
4853,6,CCND3,0.06,0.0709782,0
4854,6,TRIP11,-0.16,-0.09462780000000001,0
4855,6,CNTRL,-0.05,-0.0317567,0
4856,6,PIK3CA,1.4200000000000008,0.9229513,0
4857,6,DDX5,0.23,0.21827649999999998,0
4858,6,PICALM,-0.02,-0.008499200000000005,0
4859,6,RARA,0.48999999999999994,0.36326600000000003,0
4860,6,DDX6,0.029999999999999992,0.058492899999999994,0
4861,6,COL1A1,0.09999999999999999,0.11555649999999999,0
4862,6,VHL,0.10000000000000002,0.07671,0
4863,6,MAPK1,1.1900000000000006,0.7072375,0
4864,6,SRC,-0.07000000000000005,0.19622649999999991,0
4865,6,NFE2L2,0.15999999999999998,0.09879679999999999,0
4866,6,MITF,-0.24000000000000002,-0.0479923,0
4867,6,SMAD3,1.1400000000000008,0.8156517,0
4868,6,RBM15,0.07,0.057848800000000006,0
4869,6,ATR,0.7000000000000003,0.5649055000000001,0
4870,6,EPAS1,0.3,0.29205640000000005,0
4871,6,TPM3,0.3,0.20596609999999999,0
4872,6,RPL10,0.09,0.0999276,0
4873,6,STAG1,0.14,0.1332484,0
4874,6,SBDS,-0.08,-0.0254546,0
4875,6,KMT2D,0.9000000000000004,0.6280111,0
4876,6,MED12,0.32,0.24579740000000003,0
4877,6,BCLAF1,-0.01999999999999999,0.022312900000000007,0
4878,6,ASPSCR1,0.049999999999999996,0.0348691,0
4879,6,CDK12,0.22,0.1530106,0
4880,6,EWSR1,0.43999999999999995,0.3355302,0
4881,6,NDRG1,-0.019999999999999997,-0.0005675999999999988,0
4882,6,PSIP1,-0.06999999999999999,-0.020823199999999997,0
4883,6,TRIM33,-0.03,0.009571000000000007,0
4884,6,MTOR,1.2700000000000007,0.8454801999999998,0
4885,6,ARHGAP35,0.14000000000000004,0.1294734,0
4886,6,POT1,-0.039999999999999994,-0.007392499999999999,0
4887,6,EXT1,0.1,0.059904000000000006,0
4888,6,IL6ST,0.28,0.19828730000000003,0
4889,6,IDH2,0.16,0.1293305,0
4890,6,SMARCE1,0.44,0.2639971,0
4891,6,CRTC3,0.08,0.06434999999999999,0
4892,6,TSC1,0.21999999999999997,0.21585310000000005,0
4893,6,BCOR,-0.12999999999999998,-0.016048800000000012,0
4894,6,SDHA,0.27,0.1602413,0
4895,6,EP300,1.5700000000000012,1.1681513000000006,0
4896,6,HNRNPA2B1,0.26,0.2260401,0
4897,6,CLIP1,-0.13,-0.07274049999999999,0
4898,6,PATZ1,-0.54,-0.1286714,0
4899,6,FUBP1,-0.039999999999999994,0.02275819999999999,0
4900,6,HLA-A,-0.09999999999999996,0.02359400000000001,0
4901,6,CCNC,-0.08,-0.024860599999999997,0
4902,6,RPN1,-0.27,-0.0629403,0
4903,6,TCF7L2,0.010000000000000014,0.05127450000000003,0
4904,6,CANT1,0.12,0.0648474,0
4905,6,RPL5,-0.7000000000000001,-0.19070540000000002,0
4906,6,CCDC6,-0.029999999999999985,0.029996199999999994,0
4907,6,NCKIPSD,0.02,0.011325499999999999,0
4908,6,SMARCD1,0.39,0.2570835,0
4909,6,BCL10,0.08,0.0704996,0
4910,6,MAX,-0.09999999999999999,-0.0370263,0
4911,6,HERPUD1,0.03,0.0140238,0
4912,6,RAC1,-0.08999999999999998,0.065578,0
4913,6,FLNA,0.12,0.118147,0
4914,6,TFE3,-0.35000000000000003,-0.1499298,0
4915,6,NCOR2,0.7400000000000002,0.5369343000000001,0
4916,6,PRPF40B,-0.01,-0.0071363,0
4917,6,BCL3,-0.04000000000000001,-0.0005954000000000029,0
4918,6,TFPT,-0.15,-0.06787889999999999,0
4919,6,MLH1,0.9100000000000001,0.7143683,0
4920,6,ARHGAP5,0.14,0.10189840000000001,0
4921,6,CIC,0.0,0.0,0
4922,6,LYN,0.9000000000000004,0.5894332999999999,0
4923,6,TCF12,0.26,0.1870523,0
4924,6,KLF6,0.05,0.0294815,0
4925,6,KMT2C,1.0800000000000005,0.7935798000000003,0
4926,6,PIM1,-0.06,-0.008276700000000008,0
4927,6,CCND1,1.3300000000000007,0.8400621999999999,0
4928,6,MLLT1,-0.6200000000000001,-0.2033252,0
4929,6,MEN1,-0.05000000000000002,0.0220707,0
4930,6,CUL3,0.19,0.16556710000000002,0
4931,6,RB1,0.6900000000000002,0.48935839999999997,0
4932,6,LPP,-0.04,-0.022351000000000003,0
4933,6,BUB1B,-0.18000000000000002,-0.0901308,0
4934,6,SMAD4,1.3800000000000008,0.980485,0
4935,6,FGFR1,0.30000000000000004,0.18617689999999998,0
4936,6,TMSB4X,0.04,0.0311604,0
4937,6,CDK4,0.57,0.42086059999999986,0
4938,6,MSI2,0.0,0.0,0
4939,6,MSH6,0.9200000000000004,0.6416059,0
4940,6,BRAF,0.9700000000000003,0.840738,0
4941,6,TCEA1,-0.08,-0.011822900000000011,0
4942,6,TNFAIP3,0.12000000000000001,0.1134725,0
4943,6,RABEP1,-0.02,-0.014383599999999998,0
4944,6,GMPS,-0.059999999999999984,-0.04207259999999999,0
4945,6,MDM2,1.4400000000000008,0.9189792000000001,0
4946,6,NSD2,0.15,0.09771679999999999,0
4947,6,CASP8,-0.03000000000000002,0.1725528,0
4948,6,PER1,-0.23999999999999994,-0.03884559999999999,0
4949,6,UBR5,-0.04999999999999999,-0.010774600000000004,0
4950,6,EIF3E,-0.049999999999999996,0.05912489999999999,0
4951,6,RFWD3,0.03,0.027357699999999995,0
4952,6,BRD3,0.09000000000000001,0.08195229999999998,0
4953,6,PAFAH1B2,0.02,0.0155828,0
4954,6,EXT2,0.010000000000000009,0.007398900000000014,0
4955,6,PLCG1,0.5,0.3268613000000001,0
4956,6,SF3B1,-0.24000000000000002,-0.0915707,0
4957,6,ARHGEF10L,0.02,0.011148,0
4958,6,NFATC2,0.2,0.14096799999999998,0
4959,6,SDHD,0.25,0.1356447,0
4960,6,PABPC1,-0.79,-0.21701310000000004,0
4961,6,POLD1,-0.23000000000000004,-0.0414742,0
4962,6,CALR,0.020000000000000004,0.026179000000000008,0
4963,6,PIK3CB,0.6000000000000001,0.4339559,0
4964,6,PPM1D,0.16,0.116831,0
4965,6,ATRX,0.8100000000000004,0.6483845000000001,0
4966,6,DGCR8,0.13999999999999999,0.0809358,0
4967,6,DDX10,0.12000000000000001,0.07948749999999999,0
4968,6,DROSHA,0.38,0.257077,0
4969,6,TNFRSF14,-0.13,-0.0480468,0
4970,6,BCL9L,0.12000000000000001,0.0796737,0
4971,6,QKI,-0.15,-0.0819406,0
4972,6,BAZ1A,0.01,0.006658300000000001,0
4973,6,CHD4,0.16999999999999998,0.14572790000000002,0
4974,6,NSD3,0.05,0.05129159999999999,0
4975,6,NT5C2,0.13999999999999999,0.0770595,0
4976,6,CCNB1IP1,0.09,0.0377146,0
4977,6,PCBP1,-0.5,-0.15196120000000002,0
4978,6,RALGDS,0.11,0.0744282,0
4979,6,ARHGEF12,1.734723475976807e-18,0.003506699999999998,0
4980,6,HSP90AB1,0.8600000000000003,0.5935605,0
4981,6,FOXO3,1.0800000000000003,0.7097108,0
4982,6,HIP1,-0.04,-0.022998700000000004,0
4983,6,CDC73,-0.039999999999999994,0.0191037,0
4984,6,NIN,0.0,0.0008137999999999982,0
4985,6,MDM4,0.12000000000000004,0.150111,0
4986,6,COL3A1,0.16,0.1422756,0
4987,6,CTNND1,0.09,0.09799550000000001,0
4988,6,SPOP,-0.09,-0.016568199999999998,0
4989,6,TMEM127,0.05000000000000002,0.054580200000000016,0
4990,6,CREB3L2,0.08999999999999998,0.0517787,0
4991,6,MSH2,0.8800000000000003,0.6060511999999999,0
4992,6,FNBP1,-0.03,-0.0168149,0
4993,6,ATF1,-0.009999999999999998,-0.0022184000000000006,0
4994,6,EIF1AX,-0.33,-0.16100980000000004,0
4995,6,PMS1,0.5599999999999999,0.41415019999999997,0
4996,6,DEK,0.07,0.0785724,0
4997,6,ERBB2,0.9400000000000004,0.5909857999999998,0
4998,6,AKT1,0.9000000000000004,0.5843874000000001,0
4999,6,CHEK2,0.15000000000000008,0.2997905,0
5000,6,SDHB,0.39999999999999997,0.25075500000000006,0
5001,6,NCOA1,0.41000000000000003,0.2720521,0
5002,6,CHIC2,0.049999999999999996,0.024663499999999998,0
5003,6,RUNX1,0.6300000000000004,0.6675160999999998,0
5004,6,STAT6,0.30000000000000004,0.20372969999999999,0
5005,6,FH,-0.2,-0.06337720000000001,0
5006,6,AKT3,0.9800000000000002,0.6176156999999999,0
5007,6,GNAS,0.20999999999999996,0.1307151,0
5008,6,CTNNB1,1.2700000000000007,0.8108463000000001,0
5009,6,NONO,0.05,0.04072690000000001,0
5010,6,SMARCB1,0.8800000000000003,0.6201764000000002,0
5011,6,PRKAR1A,0.05000000000000002,0.06494860000000002,0
5012,6,ITGAV,0.019999999999999997,0.025446700000000003,0
5013,6,SS18,0.38,0.2299254,0
5014,6,MAP2K1,1.0700000000000005,0.6475825999999999,0
5015,6,SIRPA,-0.02,-0.0106245,0
5016,6,PPFIBP1,0.4,0.26472310000000004,0
5017,6,RPL22,-0.17,0.06633109999999999,0
5018,6,CYLD,0.27,0.20316690000000004,0
5019,6,ARID1B,0.54,0.39707629999999994,0
5020,6,SETDB1,0.29,0.20238260000000002,0
5021,6,AFDN,-0.41000000000000003,-0.17554679999999998,0
5022,6,ZRSR2,0.24,0.1740627,0
5023,6,PBRM1,0.9200000000000004,0.6253015,0
5024,6,XPC,0.6200000000000001,0.4243378,0
5025,6,ASXL2,0.2,0.127395,0
5026,6,TRIM24,-0.19999999999999998,-0.0901143,0
5027,6,SFPQ,-0.12000000000000002,0.005518199999999994,0
5028,6,NCOA2,0.49999999999999994,0.3249092,0
5029,6,FOXO4,0.3700000000000001,0.2464876,0
5030,6,LEF1,0.09000000000000002,0.06878430000000002,0
5031,6,B2M,-0.5100000000000001,-0.17866459999999998,0
5032,6,DDIT3,-0.36,-0.0927961,0
5033,6,BCL6,0.52,0.37919619999999993,0
5034,6,KRAS,-0.3399999999999998,0.019110199999999973,0
5035,6,FAT1,0.06000000000000001,0.054395200000000005,0
5036,6,ABL2,0.060000000000000005,0.046687099999999995,0
5037,6,NF1,0.76,0.5877914999999999,0
5038,6,BTG1,0.01,0.0061988,0
5039,6,EIF4A2,0.09,0.0698694,0
5040,6,SET,0.15,0.1263429,0
5041,6,EPS15,-3.469446951953614e-18,0.0113311,0
5042,6,RNF213,0.03,0.0224106,0
5043,6,CTCF,0.7700000000000002,0.5535344000000001,0
5044,6,WDCP,0.12000000000000002,0.09093169999999998,0
5045,6,KAT7,0.11,0.077791,0
5046,6,KDM5C,0.19,0.1638626,0
5047,6,TGFBR2,0.21999999999999997,0.1645587,0
5048,6,ATM,1.3200000000000007,0.9811738,0
5049,6,NUMA1,-0.019999999999999993,0.005567600000000006,0
5050,6,STAT3,1.5500000000000007,1.1817251000000004,0
5051,6,SUB1,-0.2,-0.07259310000000001,0
5052,6,NUP98,0.02999999999999995,0.07640040000000002,0
5053,6,ELL,0.06,0.05464740000000002,0
5054,6,MAP3K1,0.51,0.3512057,0
5055,6,MALT1,0.21,0.1647264,0
5056,6,XPO1,0.23,0.2030075,0
5057,6,SETD1B,0.08,0.059392299999999995,0
5058,6,ETV6,-0.14,-0.039197300000000004,0
5059,6,TBL1XR1,0.16000000000000003,0.098295,0
5060,6,NUP214,0.009999999999999992,0.0726799,0
5061,6,TPR,0.1,0.0951109,0
5062,6,ATIC,0.01,0.020687900000000013,0
5063,6,NACA,0.22000000000000003,0.1461461,0
5064,6,MYO5A,0.0,0.0011920999999999998,0
5065,6,SMC1A,0.5900000000000001,0.46387520000000004,0
5066,6,LASP1,-0.19,-0.1137554,0
5067,6,ERCC5,0.48000000000000004,0.33169129999999997,0
5068,6,JUN,0.8200000000000003,0.5849883999999997,0
5069,6,THRAP3,0.06,0.0524831,0
5070,6,STAG2,0.53,0.37111799999999995,0
5071,6,RAF1,1.1500000000000006,0.7678287999999999,0
5072,6,ERCC3,0.48000000000000004,0.39679590000000003,0
5073,6,SMAD2,0.5700000000000003,0.48023590000000005,0
5074,6,TAF15,0.14,0.120971,0
5075,6,ARNT,0.29000000000000004,0.22559849999999995,0
5076,6,CLTC,-0.5500000000000002,-0.31739900000000004,0
5077,6,IKBKB,0.5200000000000002,0.3776479,0
5078,6,IDH1,-0.18999999999999997,-0.010159800000000016,0
5079,6,SND1,-0.060000000000000005,-0.0336411,0
5080,6,KNSTRN,0.04,0.0321676,0
5081,6,RHOA,-0.71,-0.1559192,0
5082,6,PALB2,0.58,0.48430499999999993,0
5083,6,ARID2,0.6800000000000002,0.4910704,0
5084,6,EZR,-0.09000000000000001,0.002827299999999977,0
5085,6,TP53,-1.1300000000000001,-0.10502389999999998,0
5086,6,ARAF,0.3600000000000001,0.19984960000000002,0
5087,6,KIF5B,0.38999999999999996,0.29513740000000005,0
5088,6,KAT6A,0.22999999999999998,0.1905032,0
5089,6,KTN1,-0.05,-0.0165362,0
5090,6,GOLGA5,-0.15,-0.08112190000000001,0
5091,6,KDM5A,0.19999999999999998,0.178478,0
5092,6,RAD21,0.4,0.30558850000000004,0
5093,6,GNAQ,0.09,0.06524379999999999,0
5094,6,CAMTA1,0.01,0.0059855,0
5095,6,ERCC2,0.53,0.3620726,0
5096,6,EZH2,1.9400000000000013,1.2129571999999995,0
5097,6,TOP1,0.15,0.11996830000000003,0
5098,6,SRSF3,-0.23,-0.05845259999999999,0
5099,6,NPM1,-0.24000000000000007,0.028406999999999995,0
5100,6,BAX,-0.44,-0.1329282,0
5101,6,NOTCH2,0.28,0.21695299999999998,0
5102,6,TRAF7,0.03,0.0229482,0
5103,6,KDM6A,0.8700000000000003,0.7086447000000001,0
5104,6,SPEN,0.09999999999999999,0.07237289999999999,0
5105,6,TRIM27,-0.25,-0.1005455,0
5106,6,CRTC1,0.15000000000000002,0.1186956,0
5107,6,EML4,0.19999999999999998,0.16500729999999997,0
5108,6,USP9X,-0.14,-0.0811389,0
5109,6,PTPRK,0.01,0.0062672000000000005,0
5110,6,CD74,-0.05,0.026493299999999994,0
5111,6,CBL,0.57,0.39005890000000004,0
5112,6,ZNF384,-0.09,-0.046850300000000004,0
5113,6,NOTCH1,1.0900000000000005,0.7599207000000002,0
5114,6,COX6C,-0.08,-0.0440893,0
5115,6,CHCHD7,0.03,0.0201276,0
5116,6,HMGA1,-0.14,-0.058254200000000006,0
5117,6,PTEN,1.690000000000001,1.1965929000000002,0
5118,6,FIP1L1,-0.060000000000000005,-0.0329672,0
5119,6,JAK1,0.7600000000000002,0.5504266000000001,0
5120,6,ZMYM2,-0.11,-0.07266869999999999,0
5121,6,SUZ12,0.6900000000000002,0.4776857,0
5122,6,FUS,-0.10000000000000007,0.13345,0
5123,6,BAP1,-5.204170427930421e-18,0.032298099999999996,0
5124,6,ZCCHC8,-0.1,-0.023937,0
5125,6,CRNKL1,-0.05,-0.028644500000000003,0
5126,6,RAD17,0.08,0.05901589999999999,0
5127,6,ATP1A1,0.0,-0.0005188999999999992,0
5128,6,DNMT3A,0.9000000000000004,0.6570665000000001,0
5129,6,FBXW7,1.0000000000000002,0.7462651999999999,0
5130,6,WWTR1,-0.13,-0.0633244,0
5131,6,CDKN1B,0.7000000000000002,0.43690119999999993,0
5132,6,KMT2A,0.38,0.3130904,0
5133,6,PTPN11,0.8800000000000003,0.5919182000000002,0
5134,6,STAT5B,0.62,0.47590009999999994,0
5135,6,CUX1,-0.14,-0.0839287,0
5136,6,ABI1,-0.35000000000000003,-0.12021109999999999,0
5137,6,BRCA1,1.690000000000001,1.2600797,0
5138,6,SH2B3,0.05,0.033889499999999996,0
5139,6,AFF4,0.17,0.12047329999999999,0
5140,6,NF2,0.04999999999999999,0.08448610000000001,0
5141,6,LMNA,0.030000000000000013,0.03861689999999998,0
5142,6,TSC2,0.6600000000000001,0.49166860000000007,0
5143,6,GOLPH3,-0.060000000000000005,-0.036630300000000005,0
5144,6,PCM1,-0.06,-0.0390814,0
5145,6,PPP2R1A,-0.65,-0.20474130000000004,0
5146,6,ARID1A,1.7800000000000011,1.2175273000000002,0
5147,6,ABL1,0.1999999999999999,0.21604789999999988,0
5148,6,AFF1,0.26,0.18965140000000003,0
5149,6,DAXX,-0.28,-0.056208499999999974,0
5150,6,CBFB,0.14,0.09357679999999999,0
5151,6,CBLB,0.13,0.09468660000000001,0
5152,6,POLR2A,0.05000000000000002,0.14669720000000006,0
5153,6,PRKACA,0.29,0.21748239999999996,0
5154,6,DNM2,-0.11,-0.0554844,0
5155,6,RAP1GDS1,-0.039999999999999994,-0.0199585,0
5156,6,NCOR1,0.81,0.6994493000000003,0
5157,6,NFKBIE,-0.13,-0.05400490000000001,0
5158,6,DDX3X,0.009999999999999995,0.061303100000000006,0
5159,6,ELK4,0.02,0.014020600000000001,0
5160,6,MLLT6,0.1,0.07123249999999999,0
5161,6,SRSF2,-0.7299999999999999,-0.19207190000000007,0
5162,6,CTNNA1,0.060000000000000005,0.0434149,0
5163,6,RBM10,0.18,0.1304324,0
5164,6,PTPRC,0.06000000000000001,0.09480600000000002,0
5165,6,HSP90AA1,0.7600000000000002,0.5189465,0
5166,7,NSD1,0.36000000000000004,0.3168907999999999,1
5167,7,DICER1,0.23,0.2693785,1
5168,7,BIRC6,0.08999999999999998,0.09534849999999999,1
5169,7,SDHC,0.41000000000000003,0.31189940000000005,1
5170,7,TFG,0.07999999999999999,0.0605521,1
5171,7,MAP2K2,0.36999999999999994,0.2630073,1
5172,7,TFRC,-0.26,-0.10456180000000001,1
5173,7,CREB1,0.9100000000000004,0.7909553999999998,1
5174,7,POLG,-0.01,-0.0029457,1
5175,7,SETD2,0.6700000000000002,0.6096194000000001,1
5176,7,NAB2,-0.44999999999999996,-0.1406411,1
5177,7,HIF1A,1.730000000000001,1.3293384999999998,1
5178,7,FLCN,-0.049999999999999996,0.026098400000000008,1
5179,7,MAP2K4,0.13,0.1503832,1
5180,7,CNOT3,0.07,0.0673125,1
5181,7,CIITA,0.1,0.0651922,1
5182,7,LSM14A,0.15,0.1221757,1
5183,7,AKAP9,0.009999999999999995,0.050442999999999995,1
5184,7,MSN,-0.31,-0.0965144,1
5185,7,BCR,-0.04999999999999999,0.0658767,1
5186,7,TRRAP,0.030000000000000034,0.18993559999999998,1
5187,7,PPP6C,-0.13,-0.04732020000000001,1
5188,7,NCOA4,-0.12,-0.0364504,1
5189,7,BCL9,0.18000000000000002,0.14751,1
5190,7,PRCC,0.13,0.09947339999999999,1
5191,7,LARP4B,0.03,0.0217716,1
5192,7,CHD2,0.02,0.018038000000000002,1
5193,7,ASXL1,0.31000000000000005,0.3646228,1
5194,7,SMARCA4,1.9300000000000013,1.5364392000000004,1
5195,7,ERC1,-0.03,-0.0226914,1
5196,7,DCTN1,0.019999999999999983,0.05343669999999999,1
5197,7,PIK3R1,1.3000000000000007,1.0460858000000002,1
5198,7,EED,0.03,0.0497972,1
5199,7,CNBP,0.01,0.005415799999999999,1
5200,7,SGK1,0.5,0.34633549999999996,1
5201,7,MLLT10,-0.24,-0.12696279999999996,1
5202,7,BRD4,1.0100000000000002,0.8959924999999997,1
5203,7,RANBP2,0.32,0.30627699999999997,1
5204,7,FBXO11,0.07,0.059394100000000005,1
5205,7,PML,0.47,0.32328250000000003,1
5206,7,AKT2,1.1600000000000006,0.8906071,1
5207,7,CEP89,0.04,0.0260548,1
5208,7,LZTR1,0.11,0.11941969999999999,1
5209,7,YWHAE,0.23000000000000004,0.14114219999999997,1
5210,7,DNAJB1,-0.03,-0.0021794999999999974,1
5211,7,PRDM2,0.06,0.0482876,1
5212,7,TPM4,0.54,0.38659750000000004,1
5213,7,CREBBP,1.8100000000000012,1.5614976000000003,1
5214,7,PMS2,0.7800000000000002,0.6890713,1
5215,7,DDR2,0.020000000000000004,0.013737299999999997,1
5216,7,FANCA,0.42,0.3554451,1
5217,7,PDE4DIP,0.08,0.0625724,1
5218,7,USP8,-0.04,-0.016236499999999997,1
5219,7,MYH9,-0.5099999999999999,-0.11590439999999999,1
5220,7,MYC,-1.5200000000000002,-0.35205879999999995,1
5221,7,NBN,0.6300000000000001,0.5144596000000001,1
5222,7,CCND3,-0.08000000000000002,0.017027299999999995,1
5223,7,TRIP11,-0.09000000000000001,-0.063142,1
5224,7,CNTRL,-0.07,-0.0540211,1
5225,7,PIK3CA,1.3400000000000012,1.1563645000000005,1
5226,7,DDX5,0.2199999999999998,0.28418160000000003,1
5227,7,PICALM,3.469446951953614e-18,0.004675900000000007,1
5228,7,RARA,-0.24000000000000002,0.022745599999999998,1
5229,7,DDX6,0.06000000000000001,0.12042860000000002,1
5230,7,COL1A1,0.25,0.21861799999999998,1
5231,7,VHL,0.24000000000000002,0.18142119999999998,1
5232,7,MAPK1,1.840000000000001,1.3291835000000005,1
5233,7,SRC,0.7600000000000006,0.5756341999999997,1
5234,7,NFE2L2,0.39,0.2873991000000001,1
5235,7,MITF,-0.17,-0.0234899,1
5236,7,SMAD3,1.380000000000001,1.2267305000000002,1
5237,7,RBM15,0.11000000000000001,0.09941860000000001,1
5238,7,ATR,0.7600000000000003,0.6411338,1
5239,7,EPAS1,0.38999999999999996,0.3945179,1
5240,7,TPM3,0.17,0.155914,1
5241,7,RPL10,0.15000000000000002,0.1408792,1
5242,7,STAG1,0.08000000000000002,0.1423156,1
5243,7,SBDS,-0.07,-0.022482600000000002,1
5244,7,KMT2D,1.0200000000000002,0.8295791000000001,1
5245,7,MED12,0.39,0.3496779,1
5246,7,BCLAF1,-0.09000000000000001,0.00967490000000002,1
5247,7,ASPSCR1,-0.030000000000000006,-0.0068778,1
5248,7,CDK12,0.52,0.4158455,1
5249,7,EWSR1,0.34999999999999987,0.3582082,1
5250,7,NDRG1,-0.03,0.005979300000000001,1
5251,7,PSIP1,0.04999999999999999,0.04362219999999999,1
5252,7,TRIM33,0.13,0.11363220000000002,1
5253,7,MTOR,1.0100000000000005,0.8634537,1
5254,7,ARHGAP35,0.16999999999999998,0.15459669999999998,1
5255,7,POT1,-0.02,0.003588299999999999,1
5256,7,EXT1,0.11,0.0869924,1
5257,7,IL6ST,0.33,0.2758944,1
5258,7,IDH2,0.15,0.12853979999999998,1
5259,7,SMARCE1,0.33999999999999997,0.22971519999999998,1
5260,7,CRTC3,0.09999999999999999,0.0850882,1
5261,7,TSC1,0.37,0.3448639,1
5262,7,BCOR,-0.10999999999999999,0.0133215,1
5263,7,SDHA,0.24000000000000002,0.1911167,1
5264,7,EP300,2.210000000000001,1.8988487,1
5265,7,HNRNPA2B1,0.46,0.32028449999999997,1
5266,7,CLIP1,-0.15000000000000002,-0.0762449,1
5267,7,PATZ1,-0.63,-0.14897590000000002,1
5268,7,FUBP1,-0.13,-0.0041364999999999996,1
5269,7,HLA-A,-0.04999999999999999,0.03645780000000002,1
5270,7,CCNC,-0.34,-0.1306255,1
5271,7,RPN1,-0.23,-0.06714890000000001,1
5272,7,TCF7L2,0.04000000000000002,0.0888007,1
5273,7,CANT1,0.009999999999999995,0.016524100000000007,1
5274,7,RPL5,-0.79,-0.1944138,1
5275,7,CCDC6,0.12000000000000002,0.123866,1
5276,7,NCKIPSD,-0.05,-0.009487800000000001,1
5277,7,SMARCD1,0.4,0.329588,1
5278,7,BCL10,6.938893903907228e-18,0.062224400000000006,1
5279,7,MAX,0.07,0.09576969999999999,1
5280,7,HERPUD1,-0.03,-0.007610999999999999,1
5281,7,RAC1,-0.2299999999999999,0.014311799999999989,1
5282,7,FLNA,0.29000000000000004,0.20420650000000004,1
5283,7,TFE3,-0.65,-0.24322470000000002,1
5284,7,NCOR2,0.6500000000000001,0.5652934999999999,1
5285,7,PRPF40B,0.020000000000000004,0.0202638,1
5286,7,BCL3,-0.06999999999999999,-0.010083700000000011,1
5287,7,TFPT,-0.35,-0.110693,1
5288,7,MLH1,0.8700000000000002,0.7802684000000001,1
5289,7,ARHGAP5,0.15,0.1305441,1
5290,7,CIC,0.0,0.0,1
5291,7,LYN,0.7300000000000001,0.5623668,1
5292,7,TCF12,0.34,0.27465710000000004,1
5293,7,KLF6,0.039999999999999994,0.029172099999999996,1
5294,7,KMT2C,0.8600000000000002,0.7472354,1
5295,7,PIM1,-0.06000000000000001,0.006813400000000001,1
5296,7,CCND1,0.8600000000000005,0.6229855999999998,1
5297,7,MLLT1,-1.4000000000000004,-0.37075480000000005,1
5298,7,MEN1,0.06,0.07224059999999997,1
5299,7,CUL3,0.09,0.15021210000000002,1
5300,7,RB1,0.6800000000000002,0.5412658,1
5301,7,LPP,-0.15,-0.040736999999999995,1
5302,7,BUB1B,-0.16,-0.05357870000000001,1
5303,7,SMAD4,1.540000000000001,1.2660806,1
5304,7,FGFR1,0.3,0.277432,1
5305,7,TMSB4X,0.04,0.0315124,1
5306,7,CDK4,0.9700000000000004,0.6972626999999999,1
5307,7,MSI2,0.01,0.007995799999999999,1
5308,7,MSH6,1.0700000000000005,0.9105821000000002,1
5309,7,BRAF,1.3100000000000007,1.1527400999999997,1
5310,7,TCEA1,-0.13,-0.01489889999999999,1
5311,7,TNFAIP3,0.18,0.15067090000000002,1
5312,7,RABEP1,0.0,0.0007467999999999989,1
5313,7,GMPS,-0.09000000000000001,-0.0358829,1
5314,7,MDM2,1.2200000000000009,0.9605978000000003,1
5315,7,NSD2,0.23,0.175494,1
5316,7,CASP8,-0.2600000000000001,0.07166649999999998,1
5317,7,PER1,-0.26999999999999996,-0.0811211,1
5318,7,UBR5,0.07000000000000002,0.0745182,1
5319,7,EIF3E,-0.07,0.0368663,1
5320,7,RFWD3,0.04,0.0388931,1
5321,7,BRD3,0.09,0.0677021,1
5322,7,PAFAH1B2,0.03,0.0264546,1
5323,7,EXT2,0.020000000000000004,0.0221528,1
5324,7,PLCG1,0.5199999999999999,0.44135320000000017,1
5325,7,SF3B1,-0.63,-0.2691816,1
5326,7,ARHGEF10L,0.03,0.0153234,1
5327,7,NFATC2,0.24,0.175651,1
5328,7,SDHD,0.25000000000000006,0.18149669999999998,1
5329,7,PABPC1,-0.7800000000000001,-0.20377920000000002,1
5330,7,POLD1,-0.24000000000000005,-0.051796900000000014,1
5331,7,CALR,-0.030000000000000002,0.04280160000000001,1
5332,7,PIK3CB,0.7200000000000002,0.6038477,1
5333,7,PPM1D,0.28,0.22117690000000004,1
5334,7,ATRX,0.9900000000000004,0.8623058,1
5335,7,DGCR8,0.18000000000000002,0.1417698,1
5336,7,DDX10,0.16,0.12190000000000001,1
5337,7,DROSHA,0.55,0.4377331,1
5338,7,TNFRSF14,-0.16999999999999998,-0.05169869999999999,1
5339,7,BCL9L,0.14,0.10414369999999999,1
5340,7,QKI,0.0,0.0009449999999999997,1
5341,7,BAZ1A,0.01,0.0077786999999999995,1
5342,7,CHD4,0.36000000000000004,0.3281251,1
5343,7,NSD3,0.13,0.12512510000000002,1
5344,7,NT5C2,0.17,0.09678679999999999,1
5345,7,CCNB1IP1,0.13,0.05916160000000001,1
5346,7,PCBP1,-0.88,-0.2310627,1
5347,7,RALGDS,-0.029999999999999992,0.051241800000000004,1
5348,7,ARHGEF12,-0.009999999999999995,0.020124799999999995,1
5349,7,HSP90AB1,0.8700000000000003,0.6458301,1
5350,7,FOXO3,1.4800000000000009,1.0994957,1
5351,7,HIP1,-0.02,-0.0130444,1
5352,7,CDC73,-0.020000000000000004,0.0469484,1
5353,7,NIN,0.0,0.0024256000000000034,1
5354,7,MDM4,0.11000000000000001,0.16562620000000003,1
5355,7,COL3A1,0.23,0.19307970000000002,1
5356,7,CTNND1,0.16999999999999998,0.17713389999999998,1
5357,7,SPOP,0.030000000000000013,0.06667690000000001,1
5358,7,TMEM127,0.039999999999999994,0.020055399999999998,1
5359,7,CREB3L2,0.07,0.0534819,1
5360,7,MSH2,1.0000000000000004,0.8704857,1
5361,7,FNBP1,0.02,0.0307506,1
5362,7,ATF1,0.15,0.1054472,1
5363,7,EIF1AX,-0.6699999999999999,-0.23181609999999997,1
5364,7,PMS1,0.5599999999999999,0.44273999999999997,1
5365,7,DEK,0.18,0.14999020000000002,1
5366,7,ERBB2,1.1500000000000004,0.7762118000000002,1
5367,7,AKT1,0.8100000000000003,0.5579500000000003,1
5368,7,CHEK2,0.6600000000000001,0.705592,1
5369,7,SDHB,0.44000000000000006,0.3122396,1
5370,7,NCOA1,0.41999999999999993,0.3277256,1
5371,7,CHIC2,0.09,0.0613775,1
5372,7,RUNX1,-0.09999999999999998,0.4989990000000001,1
5373,7,STAT6,0.38,0.35331450000000003,1
5374,7,FH,-0.049999999999999996,0.010371000000000012,1
5375,7,AKT3,1.1300000000000006,0.8460468000000001,1
5376,7,GNAS,0.38,0.26699849999999997,1
5377,7,CTNNB1,1.3200000000000005,0.9434150000000001,1
5378,7,NONO,0.3400000000000001,0.27503760000000005,1
5379,7,SMARCB1,1.0100000000000005,0.8051227,1
5380,7,PRKAR1A,0.19,0.18870420000000002,1
5381,7,ITGAV,1.734723475976807e-17,0.048591600000000006,1
5382,7,SS18,0.4,0.2813521,1
5383,7,MAP2K1,0.8700000000000003,0.5572901000000001,1
5384,7,SIRPA,-0.06999999999999999,-0.022758499999999997,1
5385,7,PPFIBP1,0.39999999999999997,0.2974734,1
5386,7,RPL22,-0.19000000000000003,0.10527340000000002,1
5387,7,CYLD,0.31000000000000005,0.25027980000000005,1
5388,7,ARID1B,0.8400000000000001,0.6493950000000001,1
5389,7,SETDB1,0.34,0.2525321,1
5390,7,AFDN,-0.32999999999999996,-0.09492450000000001,1
5391,7,ZRSR2,-0.039999999999999994,-0.02441140000000002,1
5392,7,PBRM1,1.0200000000000005,0.7748975999999999,1
5393,7,XPC,0.48,0.2947338,1
5394,7,ASXL2,0.26,0.1886514,1
5395,7,TRIM24,-0.27,-0.030812200000000005,1
5396,7,SFPQ,-0.41000000000000003,-0.11350300000000002,1
5397,7,NCOA2,0.5700000000000001,0.47801859999999996,1
5398,7,FOXO4,0.19,0.1431492,1
5399,7,LEF1,0.25,0.1970442,1
5400,7,B2M,-0.4400000000000001,-0.16940209999999992,1
5401,7,DDIT3,-0.37,-0.1118966,1
5402,7,BCL6,0.31000000000000005,0.2879952,1
5403,7,KRAS,-0.6299999999999998,-0.09576929999999999,1
5404,7,FAT1,0.11000000000000001,0.0870049,1
5405,7,ABL2,0.06,0.06325109999999999,1
5406,7,NF1,1.3900000000000008,1.1349644999999997,1
5407,7,BTG1,-0.06,-0.026059199999999998,1
5408,7,EIF4A2,0.060000000000000005,0.0330507,1
5409,7,SET,0.16,0.1296723,1
5410,7,EPS15,0.07,0.06291930000000001,1
5411,7,RNF213,0.05,0.045031600000000005,1
5412,7,CTCF,0.9500000000000004,0.6616161,1
5413,7,WDCP,0.19999999999999998,0.12490049999999998,1
5414,7,KAT7,0.15999999999999998,0.1334212,1
5415,7,KDM5C,0.22,0.2143007,1
5416,7,TGFBR2,0.049999999999999975,0.15219809999999998,1
5417,7,ATM,1.0500000000000007,1.0402333999999998,1
5418,7,NUMA1,0.05,0.0436785,1
5419,7,STAT3,0.6300000000000001,0.7548513,1
5420,7,SUB1,-0.14,-0.0570096,1
5421,7,NUP98,0.19999999999999996,0.2199297,1
5422,7,ELL,0.16000000000000003,0.0827129,1
5423,7,MAP3K1,0.39,0.3216169,1
5424,7,MALT1,0.14,0.159666,1
5425,7,XPO1,0.5200000000000001,0.4275705,1
5426,7,SETD1B,0.25,0.19908189999999998,1
5427,7,ETV6,-0.04,0.0063187,1
5428,7,TBL1XR1,0.23,0.1624618,1
5429,7,NUP214,0.03,0.18169279999999996,1
5430,7,TPR,0.12999999999999998,0.1191073,1
5431,7,ATIC,0.15,0.15070919999999996,1
5432,7,NACA,0.22,0.12678340000000002,1
5433,7,MYO5A,0.03,0.022487,1
5434,7,SMC1A,0.32000000000000006,0.4252056000000001,1
5435,7,LASP1,-0.21,-0.1171901,1
5436,7,ERCC5,0.44000000000000006,0.2761785,1
5437,7,JUN,-0.3999999999999999,0.0693988,1
5438,7,THRAP3,0.049999999999999996,0.043248900000000014,1
5439,7,STAG2,0.2700000000000001,0.2879618,1
5440,7,RAF1,0.8700000000000003,0.6739603,1
5441,7,ERCC3,0.55,0.48871620000000005,1
5442,7,SMAD2,0.43000000000000027,0.5245941999999998,1
5443,7,TAF15,0.22000000000000003,0.18113520000000002,1
5444,7,ARNT,0.31000000000000005,0.2680605,1
5445,7,CLTC,-0.8,-0.32897960000000004,1
5446,7,IKBKB,0.51,0.4853918000000001,1
5447,7,IDH1,-0.38,-0.12257459999999999,1
5448,7,SND1,0.02000000000000001,0.0339703,1
5449,7,KNSTRN,0.02,0.015105,1
5450,7,RHOA,-3.130000000000001,-0.7503432000000002,1
5451,7,PALB2,0.7200000000000002,0.6205320999999999,1
5452,7,ARID2,0.8200000000000001,0.6397689,1
5453,7,EZR,-0.15999999999999998,-0.0409146,1
5454,7,TP53,-0.18,0.3489960999999998,1
5455,7,ARAF,0.41,0.23433729999999997,1
5456,7,KIF5B,0.4700000000000001,0.3625237,1
5457,7,KAT6A,0.21999999999999997,0.23780230000000005,1
5458,7,KTN1,-0.07,-0.013183700000000007,1
5459,7,GOLGA5,-0.08,-0.0532639,1
5460,7,KDM5A,0.28,0.2642234,1
5461,7,RAD21,0.6100000000000001,0.5032468999999999,1
5462,7,GNAQ,0.3,0.23366739999999997,1
5463,7,CAMTA1,0.07,0.0518556,1
5464,7,ERCC2,0.7200000000000001,0.5621009000000001,1
5465,7,EZH2,1.610000000000001,1.2397609999999997,1
5466,7,TOP1,0.31000000000000005,0.23699790000000004,1
5467,7,SRSF3,-0.41,-0.08563079999999998,1
5468,7,NPM1,0.19999999999999993,0.22141350000000004,1
5469,7,BAX,-0.72,-0.1653602,1
5470,7,NOTCH2,0.31,0.2593803,1
5471,7,TRAF7,0.02,0.015024599999999999,1
5472,7,KDM6A,0.7900000000000003,0.8371773999999997,1
5473,7,SPEN,0.13,0.10026630000000002,1
5474,7,TRIM27,-0.68,-0.19054990000000002,1
5475,7,CRTC1,0.16,0.1281504,1
5476,7,EML4,0.31000000000000005,0.3092298,1
5477,7,USP9X,-0.009999999999999998,-0.008406500000000004,1
5478,7,PTPRK,0.0,0.0,1
5479,7,CD74,-0.2,0.018160700000000016,1
5480,7,CBL,0.6400000000000002,0.54497,1
5481,7,ZNF384,0.02,0.0160895,1
5482,7,NOTCH1,1.1600000000000006,0.8708588999999999,1
5483,7,COX6C,-0.16999999999999998,-0.0503454,1
5484,7,CHCHD7,0.02,0.012124,1
5485,7,HMGA1,-0.060000000000000005,-0.0226253,1
5486,7,PTEN,1.0800000000000007,1.1021078000000002,1
5487,7,FIP1L1,-0.04000000000000001,-0.006899799999999998,1
5488,7,JAK1,0.8400000000000003,0.7066226999999999,1
5489,7,ZMYM2,0.01,0.0115549,1
5490,7,SUZ12,0.8800000000000003,0.6564619000000003,1
5491,7,FUS,-0.41000000000000003,0.05061859999999998,1
5492,7,BAP1,-0.15000000000000002,-0.0646625,1
5493,7,ZCCHC8,-0.08,-0.023002400000000003,1
5494,7,CRNKL1,0.01,0.006894200000000001,1
5495,7,RAD17,0.18,0.1315319,1
5496,7,ATP1A1,-0.01,-0.0053566,1
5497,7,DNMT3A,1.0800000000000003,0.8623281,1
5498,7,FBXW7,0.9000000000000001,0.7889263,1
5499,7,WWTR1,-0.16999999999999998,-0.06401199999999999,1
5500,7,CDKN1B,0.44000000000000006,0.31224419999999997,1
5501,7,KMT2A,0.45,0.45024810000000015,1
5502,7,PTPN11,1.1400000000000006,0.9235898,1
5503,7,STAT5B,0.6800000000000002,0.5752357000000001,1
5504,7,CUX1,-0.08000000000000002,-0.048614000000000004,1
5505,7,ABI1,-0.3800000000000001,-0.1000964,1
5506,7,BRCA1,2.0300000000000007,1.6303159999999999,1
5507,7,SH2B3,0.05,0.0273102,1
5508,7,AFF4,-0.10999999999999999,-0.0522744,1
5509,7,NF2,0.07,0.1137979,1
5510,7,LMNA,0.09000000000000001,0.059438300000000006,1
5511,7,TSC2,0.8200000000000003,0.6627751,1
5512,7,GOLPH3,-0.09,-0.05739929999999999,1
5513,7,PCM1,-0.04,-0.0315342,1
5514,7,PPP2R1A,-0.35,-0.09894190000000001,1
5515,7,ARID1A,1.930000000000001,1.5341063000000001,1
5516,7,ABL1,-0.41000000000000003,0.0008251000000000022,1
5517,7,AFF1,0.05000000000000001,0.0784435,1
5518,7,DAXX,-0.68,-0.16642669999999998,1
5519,7,CBFB,0.12,0.1266132,1
5520,7,CBLB,0.17,0.1479143,1
5521,7,POLR2A,-0.13,0.15844420000000006,1
5522,7,PRKACA,0.10000000000000017,0.2557903,1
5523,7,DNM2,-0.1,-0.04994770000000001,1
5524,7,RAP1GDS1,0.030000000000000027,0.053087,1
5525,7,NCOR1,0.7800000000000002,0.8484124000000001,1
5526,7,NFKBIE,-0.37,-0.10805139999999999,1
5527,7,DDX3X,0.26999999999999996,0.2540171,1
5528,7,ELK4,0.03,0.0259746,1
5529,7,MLLT6,0.1,0.0708392,1
5530,7,SRSF2,-2.7600000000000002,-0.6618775999999998,1
5531,7,CTNNA1,0.15000000000000002,0.1154877,1
5532,7,RBM10,0.19000000000000003,0.131521,1
5533,7,PTPRC,0.1,0.1410824,1
5534,7,HSP90AA1,0.7100000000000002,0.5343039000000003,1
5535,7,NSD1,0.22,0.1816266,0
5536,7,DICER1,0.18999999999999997,0.20807010000000004,0
5537,7,BIRC6,0.07,0.060958599999999995,0
5538,7,SDHC,0.26999999999999996,0.1804506,0
5539,7,TFG,0.36000000000000004,0.20709580000000002,0
5540,7,MAP2K2,0.25,0.199903,0
5541,7,TFRC,-0.25,-0.1278067,0
5542,7,CREB1,0.8000000000000004,0.5775479999999998,0
5543,7,POLG,0.01,0.0039021,0
5544,7,SETD2,0.6900000000000003,0.5716119999999999,0
5545,7,NAB2,-0.26,-0.0948514,0
5546,7,HIF1A,1.6100000000000008,1.1388021,0
5547,7,FLCN,0.04,0.03840060000000001,0
5548,7,MAP2K4,-0.06000000000000001,0.051744,0
5549,7,CNOT3,-0.049999999999999996,-0.011379900000000004,0
5550,7,CIITA,0.07999999999999999,0.0517357,0
5551,7,LSM14A,0.06999999999999999,0.0647044,0
5552,7,AKAP9,-0.07999999999999999,-0.02196079999999999,0
5553,7,MSN,-0.37,-0.07785490000000002,0
5554,7,BCR,0.04000000000000001,0.04328549999999999,0
5555,7,TRRAP,0.08000000000000003,0.15430980000000005,0
5556,7,PPP6C,-0.16,-0.0775879,0
5557,7,NCOA4,-0.17,-0.09129510000000002,0
5558,7,BCL9,0.13,0.09907809999999999,0
5559,7,PRCC,0.06000000000000001,0.042235400000000006,0
5560,7,LARP4B,0.0,0.0,0
5561,7,CHD2,0.01,0.007417,0
5562,7,ASXL1,0.55,0.48874889999999993,0
5563,7,SMARCA4,1.3800000000000008,1.0465767,0
5564,7,ERC1,-0.01,-0.0071128,0
5565,7,DCTN1,-0.27999999999999997,-0.1326839,0
5566,7,PIK3R1,1.3300000000000007,0.9255362000000001,0
5567,7,EED,0.08000000000000002,0.0816504,0
5568,7,CNBP,0.0,0.0,0
5569,7,SGK1,0.31,0.187749,0
5570,7,MLLT10,-0.12999999999999995,-0.0476654,0
5571,7,BRD4,0.9800000000000003,0.7380784999999999,0
5572,7,RANBP2,0.13,0.18110650000000003,0
5573,7,FBXO11,0.05,0.03997350000000001,0
5574,7,PML,0.3400000000000001,0.24948879999999998,0
5575,7,AKT2,0.9300000000000003,0.6134345999999998,0
5576,7,CEP89,0.06,0.034261,0
5577,7,LZTR1,0.04000000000000001,0.061736299999999994,0
5578,7,YWHAE,0.30000000000000004,0.18976329999999997,0
5579,7,DNAJB1,-0.04000000000000001,-0.004632900000000002,0
5580,7,PRDM2,0.03,0.0217358,0
5581,7,TPM4,0.51,0.3299212,0
5582,7,CREBBP,1.8700000000000012,1.4890368999999994,0
5583,7,PMS2,0.6700000000000002,0.5863540000000002,0
5584,7,DDR2,0.06,0.039550199999999994,0
5585,7,FANCA,0.34,0.2849063,0
5586,7,PDE4DIP,0.060000000000000005,0.041070100000000005,0
5587,7,USP8,-0.07,-0.029989,0
5588,7,MYH9,-0.21,-0.021015400000000014,0
5589,7,MYC,-0.5800000000000001,-0.20044319999999993,0
5590,7,NBN,0.48,0.352818,0
5591,7,CCND3,-0.019999999999999973,0.030400500000000004,0
5592,7,TRIP11,-0.16,-0.0987408,0
5593,7,CNTRL,-0.049999999999999996,-0.036468999999999994,0
5594,7,PIK3CA,1.540000000000001,1.0774051000000002,0
5595,7,DDX5,0.33000000000000007,0.28791769999999994,0
5596,7,PICALM,0.010000000000000002,0.011036900000000006,0
5597,7,RARA,0.4400000000000001,0.31669629999999993,0
5598,7,DDX6,-0.04999999999999999,0.0471231,0
5599,7,COL1A1,0.04999999999999998,0.09030309999999997,0
5600,7,VHL,0.23,0.1700634,0
5601,7,MAPK1,1.5400000000000007,0.9811428999999998,0
5602,7,SRC,-0.25999999999999995,0.10207829999999998,0
5603,7,NFE2L2,0.19,0.1335619,0
5604,7,MITF,-0.31,-0.05970840000000001,0
5605,7,SMAD3,1.2100000000000009,0.901304,0
5606,7,RBM15,0.07,0.05881059999999999,0
5607,7,ATR,0.66,0.5519138,0
5608,7,EPAS1,0.39999999999999997,0.34348699999999993,0
5609,7,TPM3,0.22,0.15530069999999999,0
5610,7,RPL10,0.14,0.1271014,0
5611,7,STAG1,0.12,0.11858830000000001,0
5612,7,SBDS,-0.04,-0.014574,0
5613,7,KMT2D,0.9400000000000004,0.6871348000000002,0
5614,7,MED12,0.26,0.21412739999999997,0
5615,7,BCLAF1,-0.05999999999999999,0.017301399999999995,0
5616,7,ASPSCR1,0.03,0.0241665,0
5617,7,CDK12,0.26,0.1884464,0
5618,7,EWSR1,0.41999999999999993,0.3394167,0
5619,7,NDRG1,-0.06,-0.025600500000000005,0
5620,7,PSIP1,-0.09999999999999999,-0.04608129999999999,0
5621,7,TRIM33,0.009999999999999997,0.017380199999999995,0
5622,7,MTOR,1.2300000000000006,0.8756974,0
5623,7,ARHGAP35,0.1,0.1321804,0
5624,7,POT1,-0.07,-0.012952099999999998,0
5625,7,EXT1,0.09,0.0531297,0
5626,7,IL6ST,0.29000000000000004,0.21916430000000003,0
5627,7,IDH2,0.1,0.09217549999999998,0
5628,7,SMARCE1,0.44,0.2635332,0
5629,7,CRTC3,0.09,0.0730225,0
5630,7,TSC1,0.3,0.2690067,0
5631,7,BCOR,-0.14999999999999997,-0.012246899999999998,0
5632,7,SDHA,0.24000000000000002,0.14330869999999998,0
5633,7,EP300,1.6500000000000012,1.3189009999999992,0
5634,7,HNRNPA2B1,0.3299999999999999,0.2629537,0
5635,7,CLIP1,-0.14,-0.07471549999999999,0
5636,7,PATZ1,-0.41000000000000003,-0.11899119999999999,0
5637,7,FUBP1,-0.11,-0.0011247999999999996,0
5638,7,HLA-A,-0.16999999999999998,0.0183274,0
5639,7,CCNC,-0.15,-0.06688969999999998,0
5640,7,RPN1,-0.24,-0.06982479999999999,0
5641,7,TCF7L2,0.01999999999999997,0.06241129999999997,0
5642,7,CANT1,0.09000000000000001,0.04915400000000002,0
5643,7,RPL5,-0.61,-0.160429,0
5644,7,CCDC6,-0.020000000000000004,0.0328352,0
5645,7,NCKIPSD,0.03,0.0166174,0
5646,7,SMARCD1,0.45,0.30568880000000004,0
5647,7,BCL10,6.938893903907228e-18,0.030683099999999994,0
5648,7,MAX,-0.01,0.008597100000000003,0
5649,7,HERPUD1,0.01,0.0038669999999999998,0
5650,7,RAC1,-0.12999999999999998,0.04533809999999998,0
5651,7,FLNA,0.12999999999999998,0.1114743,0
5652,7,TFE3,-0.47,-0.1842076,0
5653,7,NCOR2,0.7400000000000002,0.5465439,0
5654,7,PRPF40B,-0.02,-0.013413000000000001,0
5655,7,BCL3,-0.01999999999999999,0.0050871000000000015,0
5656,7,TFPT,-0.23,-0.0855291,0
5657,7,MLH1,0.9400000000000002,0.7490701000000003,0
5658,7,ARHGAP5,0.13,0.1071085,0
5659,7,CIC,0.0,0.0,0
5660,7,LYN,0.8600000000000001,0.586064,0
5661,7,TCF12,0.29,0.21782919999999995,0
5662,7,KLF6,0.04,0.021340400000000002,0
5663,7,KMT2C,0.9800000000000002,0.770798,0
5664,7,PIM1,-0.13999999999999999,-0.04107439999999998,0
5665,7,CCND1,1.2000000000000008,0.7400410999999999,0
5666,7,MLLT1,-0.9100000000000001,-0.2713990999999999,0
5667,7,MEN1,0.04000000000000001,0.058239000000000006,0
5668,7,CUL3,0.09000000000000001,0.1050953,0
5669,7,RB1,0.63,0.4687588,0
5670,7,LPP,-0.07,-0.0262479,0
5671,7,BUB1B,-0.13,-0.06610610000000001,0
5672,7,SMAD4,1.3800000000000008,1.0211021000000002,0
5673,7,FGFR1,0.21000000000000002,0.1317186,0
5674,7,TMSB4X,0.04,0.0306848,0
5675,7,CDK4,0.5200000000000001,0.35362330000000003,0
5676,7,MSI2,0.01,0.0069369,0
5677,7,MSH6,0.8600000000000003,0.6473957,0
5678,7,BRAF,0.9800000000000005,0.8687164999999999,0
5679,7,TCEA1,-0.09,-0.012945799999999997,0
5680,7,TNFAIP3,0.12,0.1162691,0
5681,7,RABEP1,0.0,-0.0020461999999999998,0
5682,7,GMPS,-0.05,-0.03201300000000001,0
5683,7,MDM2,1.1800000000000006,0.7834865,0
5684,7,NSD2,0.16999999999999998,0.1139344,0
5685,7,CASP8,0.11999999999999998,0.22723239999999997,0
5686,7,PER1,-0.21999999999999997,-0.044354500000000005,0
5687,7,UBR5,-0.07999999999999997,-0.03489339999999999,0
5688,7,EIF3E,-0.04,0.05556250000000001,0
5689,7,RFWD3,0.04,0.03741510000000001,0
5690,7,BRD3,0.13,0.1030884,0
5691,7,PAFAH1B2,0.02,0.015438400000000001,0
5692,7,EXT2,0.009999999999999995,0.002001700000000002,0
5693,7,PLCG1,0.55,0.3804199,0
5694,7,SF3B1,-0.38,-0.1440012,0
5695,7,ARHGEF10L,0.02,0.011069599999999999,0
5696,7,NFATC2,0.18,0.1257342,0
5697,7,SDHD,0.24000000000000002,0.1267667,0
5698,7,PABPC1,-0.8899999999999999,-0.2431096,0
5699,7,POLD1,-0.13999999999999996,-0.017173999999999995,0
5700,7,CALR,0.06999999999999998,0.053770200000000004,0
5701,7,PIK3CB,0.47,0.40763170000000004,0
5702,7,PPM1D,0.18000000000000002,0.1385853,0
5703,7,ATRX,0.9400000000000005,0.7464426,0
5704,7,DGCR8,0.16,0.1019814,0
5705,7,DDX10,0.12000000000000001,0.07781390000000002,0
5706,7,DROSHA,0.43000000000000005,0.31587390000000004,0
5707,7,TNFRSF14,-0.12,-0.0450597,0
5708,7,BCL9L,0.12000000000000001,0.08202439999999998,0
5709,7,QKI,-0.09,-0.0545347,0
5710,7,BAZ1A,0.02,0.015073600000000001,0
5711,7,CHD4,0.18999999999999997,0.16143049999999998,0
5712,7,NSD3,0.05,0.0444076,0
5713,7,NT5C2,0.16,0.08935080000000001,0
5714,7,CCNB1IP1,0.1,0.040986,0
5715,7,PCBP1,-0.6800000000000002,-0.215367,0
5716,7,RALGDS,0.12,0.0926093,0
5717,7,ARHGEF12,-0.049999999999999996,-0.010828299999999997,0
5718,7,HSP90AB1,1.0600000000000003,0.6951039,0
5719,7,FOXO3,1.2100000000000006,0.8147232000000001,0
5720,7,HIP1,-0.03,-0.017656199999999997,0
5721,7,CDC73,-0.14999999999999997,-0.0230564,0
5722,7,NIN,0.0,0.0021611999999999985,0
5723,7,MDM4,0.08,0.141674,0
5724,7,COL3A1,0.15,0.13836539999999997,0
5725,7,CTNND1,0.13,0.1382937,0
5726,7,SPOP,-0.05,-0.010129300000000003,0
5727,7,TMEM127,0.05,0.0489408,0
5728,7,CREB3L2,0.09999999999999999,0.0625718,0
5729,7,MSH2,0.8600000000000003,0.6166768,0
5730,7,FNBP1,3.469446951953614e-18,0.0060593999999999995,0
5731,7,ATF1,-0.009999999999999995,-0.002446899999999995,0
5732,7,EIF1AX,-0.49999999999999994,-0.21298360000000002,0
5733,7,PMS1,0.5599999999999999,0.42120519999999995,0
5734,7,DEK,0.08,0.08569349999999999,0
5735,7,ERBB2,1.0500000000000005,0.6722746999999996,0
5736,7,AKT1,0.7700000000000005,0.5128175999999999,0
5737,7,CHEK2,0.26,0.3254699,0
5738,7,SDHB,0.38999999999999996,0.24767139999999999,0
5739,7,NCOA1,0.41000000000000003,0.27777880000000005,0
5740,7,CHIC2,0.039999999999999994,0.018309199999999998,0
5741,7,RUNX1,0.5900000000000004,0.6568110000000003,0
5742,7,STAT6,0.24000000000000002,0.1577721,0
5743,7,FH,-0.16,-0.062000299999999994,0
5744,7,AKT3,0.9700000000000002,0.6340836,0
5745,7,GNAS,0.24000000000000002,0.15603340000000002,0
5746,7,CTNNB1,1.3600000000000008,0.9114323000000003,0
5747,7,NONO,0.12000000000000001,0.08141430000000001,0
5748,7,SMARCB1,1.0100000000000005,0.7480607000000002,0
5749,7,PRKAR1A,0.08,0.08127150000000002,0
5750,7,ITGAV,0.020000000000000007,0.0314578,0
5751,7,SS18,0.41000000000000003,0.2626016,0
5752,7,MAP2K1,1.0500000000000005,0.6482014999999999,0
5753,7,SIRPA,-0.01,-0.0048179,0
5754,7,PPFIBP1,0.39999999999999997,0.2630616,0
5755,7,RPL22,-0.18999999999999992,0.07058930000000002,0
5756,7,CYLD,0.29000000000000004,0.2227026,0
5757,7,ARID1B,0.6500000000000001,0.47726710000000006,0
5758,7,SETDB1,0.31,0.22246520000000003,0
5759,7,AFDN,-0.42999999999999994,-0.1624409,0
5760,7,ZRSR2,0.25,0.1858686,0
5761,7,PBRM1,0.9500000000000004,0.6868690000000002,0
5762,7,XPC,0.5900000000000001,0.3976517,0
5763,7,ASXL2,0.22,0.14133419999999997,0
5764,7,TRIM24,-0.22,-0.0905984,0
5765,7,SFPQ,-0.08,0.025486000000000012,0
5766,7,NCOA2,0.54,0.3802380000000001,0
5767,7,FOXO4,0.38,0.24773009999999995,0
5768,7,LEF1,0.07,0.07193089999999999,0
5769,7,B2M,-0.56,-0.20176989999999995,0
5770,7,DDIT3,-0.39999999999999997,-0.09853399999999998,0
5771,7,BCL6,0.5400000000000001,0.38150649999999997,0
5772,7,KRAS,-1.5200000000000005,-0.4008794000000001,0
5773,7,FAT1,0.04,0.0395751,0
5774,7,ABL2,0.07,0.05594810000000001,0
5775,7,NF1,0.6400000000000003,0.5492200999999998,0
5776,7,BTG1,-0.01,-0.0054696,0
5777,7,EIF4A2,0.04999999999999999,0.0460036,0
5778,7,SET,0.16000000000000003,0.13198790000000002,0
5779,7,EPS15,0.010000000000000002,0.021168400000000004,0
5780,7,RNF213,0.02,0.015077799999999999,0
5781,7,CTCF,0.8500000000000003,0.6066078000000001,0
5782,7,WDCP,0.12000000000000001,0.08366380000000001,0
5783,7,KAT7,0.08999999999999998,0.0709445,0
5784,7,KDM5C,0.12,0.119306,0
5785,7,TGFBR2,0.21999999999999995,0.15293079999999998,0
5786,7,ATM,1.3300000000000007,1.0491629999999998,0
5787,7,NUMA1,-0.029999999999999992,-0.0086042,0
5788,7,STAT3,1.580000000000001,1.2064116999999999,0
5789,7,SUB1,-0.22999999999999998,-0.08430420000000001,0
5790,7,NUP98,0.09999999999999999,0.10966000000000002,0
5791,7,ELL,-0.060000000000000005,-0.0027909999999999966,0
5792,7,MAP3K1,0.42,0.3165192,0
5793,7,MALT1,0.19,0.1623285,0
5794,7,XPO1,0.24000000000000002,0.21213509999999997,0
5795,7,SETD1B,0.14,0.0994045,0
5796,7,ETV6,-0.21,-0.07177940000000001,0
5797,7,TBL1XR1,0.19000000000000003,0.1239859,0
5798,7,NUP214,0.02000000000000001,0.091277,0
5799,7,TPR,0.07,0.08091019999999999,0
5800,7,ATIC,0.08,0.06067970000000001,0
5801,7,NACA,0.22000000000000003,0.1501576,0
5802,7,MYO5A,0.0,0.005852199999999998,0
5803,7,SMC1A,0.63,0.49903230000000004,0
5804,7,LASP1,-0.2,-0.1117465,0
5805,7,ERCC5,0.5,0.3515281,0
5806,7,JUN,0.21,0.29526310000000006,0
5807,7,THRAP3,0.1,0.08222269999999998,0
5808,7,STAG2,0.51,0.39256169999999996,0
5809,7,RAF1,1.1300000000000003,0.7856740999999999,0
5810,7,ERCC3,0.5900000000000001,0.48068130000000003,0
5811,7,SMAD2,0.5400000000000001,0.47651239999999995,0
5812,7,TAF15,0.15000000000000002,0.13180450000000002,0
5813,7,ARNT,0.28,0.23439300000000002,0
5814,7,CLTC,-0.52,-0.28710930000000007,0
5815,7,IKBKB,0.5900000000000003,0.4629412000000001,0
5816,7,IDH1,-0.6600000000000001,-0.1883276,0
5817,7,SND1,-0.019999999999999997,-0.0115562,0
5818,7,KNSTRN,0.03,0.0239307,0
5819,7,RHOA,-0.99,-0.22057889999999997,0
5820,7,PALB2,0.6400000000000001,0.5263864,0
5821,7,ARID2,0.7200000000000002,0.5331332000000001,0
5822,7,EZR,-0.12000000000000001,-0.013397,0
5823,7,TP53,-1.1999999999999997,-0.20069220000000002,0
5824,7,ARAF,0.36,0.1960644,0
5825,7,KIF5B,0.3600000000000001,0.25584819999999997,0
5826,7,KAT6A,0.18,0.1730694,0
5827,7,KTN1,-0.07999999999999999,-0.020215799999999996,0
5828,7,GOLGA5,-0.12000000000000001,-0.07655350000000001,0
5829,7,KDM5A,0.23,0.2015763,0
5830,7,RAD21,0.4600000000000001,0.3482924,0
5831,7,GNAQ,0.13,0.0890111,0
5832,7,CAMTA1,0.02,0.01282,0
5833,7,ERCC2,0.63,0.440307,0
5834,7,EZH2,1.9000000000000012,1.2394353999999994,0
5835,7,TOP1,0.16999999999999996,0.1358395,0
5836,7,SRSF3,-0.38,-0.11568199999999998,0
5837,7,NPM1,-0.009999999999999998,0.14847189999999996,0
5838,7,BAX,-0.42000000000000004,-0.1304614,0
5839,7,NOTCH2,0.26,0.2025627,0
5840,7,TRAF7,0.03,0.0223755,0
5841,7,KDM6A,0.8100000000000002,0.6866052999999999,0
5842,7,SPEN,0.11,0.0831883,0
5843,7,TRIM27,-0.39,-0.1426702,0
5844,7,CRTC1,0.15000000000000002,0.1257855,0
5845,7,EML4,0.13000000000000003,0.1374322,0
5846,7,USP9X,-0.07999999999999999,-0.0487861,0
5847,7,PTPRK,0.01,0.006826100000000001,0
5848,7,CD74,-0.13,-0.007072699999999998,0
5849,7,CBL,0.5299999999999999,0.3878978999999999,0
5850,7,ZNF384,-0.09,-0.0433506,0
5851,7,NOTCH1,1.0400000000000005,0.7766299999999999,0
5852,7,COX6C,-0.11,-0.0487989,0
5853,7,CHCHD7,0.03,0.019962,0
5854,7,HMGA1,-0.1,-0.0490253,0
5855,7,PTEN,1.4000000000000008,1.1314171000000002,0
5856,7,FIP1L1,-0.020000000000000004,-0.0162842,0
5857,7,JAK1,0.7900000000000003,0.6047357000000001,0
5858,7,ZMYM2,-0.09000000000000001,-0.0629295,0
5859,7,SUZ12,0.6400000000000001,0.43965580000000004,0
5860,7,FUS,-0.040000000000000036,0.16709449999999998,0
5861,7,BAP1,0.049999999999999996,0.052131399999999994,0
5862,7,ZCCHC8,-0.07,-0.0208691,0
5863,7,CRNKL1,-0.049999999999999996,-0.026809399999999997,0
5864,7,RAD17,0.11999999999999998,0.084709,0
5865,7,ATP1A1,0.0,-0.0016379999999999997,0
5866,7,DNMT3A,0.8900000000000003,0.6660813,0
5867,7,FBXW7,0.9600000000000003,0.7322273,0
5868,7,WWTR1,-0.11,-0.04824820000000001,0
5869,7,CDKN1B,0.51,0.31611559999999994,0
5870,7,KMT2A,0.41000000000000003,0.3315860000000001,0
5871,7,PTPN11,0.8800000000000003,0.6522497,0
5872,7,STAT5B,0.6800000000000002,0.5002222999999999,0
5873,7,CUX1,-0.11000000000000001,-0.0706595,0
5874,7,ABI1,-0.4,-0.1385518,0
5875,7,BRCA1,1.8200000000000014,1.4089955,0
5876,7,SH2B3,0.019999999999999997,0.018551699999999997,0
5877,7,AFF4,0.12,0.08588319999999999,0
5878,7,NF2,0.0,0.06274800000000001,0
5879,7,LMNA,0.09000000000000001,0.07293560000000002,0
5880,7,TSC2,0.5900000000000001,0.47046769999999993,0
5881,7,GOLPH3,-0.12,-0.0679686,0
5882,7,PCM1,-0.060000000000000005,-0.03966280000000001,0
5883,7,PPP2R1A,-0.3600000000000001,-0.10718010000000003,0
5884,7,ARID1A,1.6900000000000008,1.2046298999999998,0
5885,7,ABL1,0.10000000000000006,0.14300510000000002,0
5886,7,AFF1,0.22000000000000003,0.17663350000000003,0
5887,7,DAXX,-0.24000000000000007,-0.037701000000000005,0
5888,7,CBFB,0.12,0.0964983,0
5889,7,CBLB,0.15000000000000002,0.1130865,0
5890,7,POLR2A,-0.039999999999999966,0.12371850000000001,0
5891,7,PRKACA,0.35,0.25358220000000004,0
5892,7,DNM2,-0.08000000000000002,-0.0318021,0
5893,7,RAP1GDS1,-0.07,-0.031655699999999995,0
5894,7,NCOR1,0.9000000000000002,0.7557045000000001,0
5895,7,NFKBIE,-0.18,-0.0666515,0
5896,7,DDX3X,0.09,0.1063275,0
5897,7,ELK4,0.02,0.014478,0
5898,7,MLLT6,0.11,0.08185,0
5899,7,SRSF2,-1.02,-0.27760460000000003,0
5900,7,CTNNA1,0.1,0.0709707,0
5901,7,RBM10,0.21,0.15037609999999998,0
5902,7,PTPRC,0.13,0.12617420000000001,0
5903,7,HSP90AA1,0.9700000000000005,0.6274567999999999,0
5904,8,NSD1,0.32,0.2806374,1
5905,8,DICER1,0.07999999999999996,0.1976592,1
5906,8,BIRC6,0.16,0.1418917,1
5907,8,SDHC,0.36999999999999994,0.27616379999999996,1
5908,8,TFG,0.25,0.15417889999999998,1
5909,8,MAP2K2,0.27,0.18614740000000005,1
5910,8,TFRC,-0.23,-0.08774730000000001,1
5911,8,CREB1,0.9400000000000005,0.7895268999999998,1
5912,8,POLG,-0.02,-0.005712399999999999,1
5913,8,SETD2,0.6300000000000004,0.5867064999999999,1
5914,8,NAB2,-0.59,-0.1539162,1
5915,8,HIF1A,1.580000000000001,1.2404948999999996,1
5916,8,FLCN,-0.05999999999999999,0.01784700000000001,1
5917,8,MAP2K4,0.09000000000000002,0.1396667,1
5918,8,CNOT3,0.06,0.057964,1
5919,8,CIITA,0.09000000000000001,0.054507,1
5920,8,LSM14A,0.16,0.1295712,1
5921,8,AKAP9,-0.07,0.0005831999999999921,1
5922,8,MSN,-0.17,-0.030466500000000004,1
5923,8,BCR,-0.030000000000000002,0.0589177,1
5924,8,TRRAP,0.010000000000000054,0.20191720000000005,1
5925,8,PPP6C,-0.13,-0.057675399999999995,1
5926,8,NCOA4,-0.07,-0.011141399999999992,1
5927,8,BCL9,0.19,0.14900560000000002,1
5928,8,PRCC,0.15999999999999998,0.1239105,1
5929,8,LARP4B,0.03,0.0215646,1
5930,8,CHD2,0.02,0.0177124,1
5931,8,ASXL1,0.28,0.3477192999999999,1
5932,8,SMARCA4,1.9800000000000013,1.5289810999999998,1
5933,8,ERC1,-0.01,-0.0075032000000000015,1
5934,8,DCTN1,-0.06000000000000002,0.01159269999999999,1
5935,8,PIK3R1,1.2600000000000007,1.0384814,1
5936,8,EED,0.09999999999999998,0.0898609,1
5937,8,CNBP,0.02,0.0126724,1
5938,8,SGK1,0.47,0.3183413,1
5939,8,MLLT10,-0.14,-0.0716244,1
5940,8,BRD4,0.9400000000000003,0.8440627999999998,1
5941,8,RANBP2,0.27,0.2603072,1
5942,8,FBXO11,0.06,0.048729600000000005,1
5943,8,PML,0.37,0.2614052,1
5944,8,AKT2,1.1,0.7884276999999998,1
5945,8,CEP89,0.05,0.0324752,1
5946,8,LZTR1,0.09999999999999999,0.10713210000000001,1
5947,8,YWHAE,0.15,0.10209080000000001,1
5948,8,DNAJB1,-0.07,-0.0117472,1
5949,8,PRDM2,0.07,0.0583637,1
5950,8,TPM4,0.51,0.3519658,1
5951,8,CREBBP,1.8700000000000012,1.5390611999999997,1
5952,8,PMS2,0.8200000000000003,0.6960784999999998,1
5953,8,DDR2,3.469446951953614e-18,-0.0015405999999999996,1
5954,8,FANCA,0.38000000000000006,0.32731570000000004,1
5955,8,PDE4DIP,0.08,0.06083899999999999,1
5956,8,USP8,-0.1,-0.04290240000000001,1
5957,8,MYH9,-0.44999999999999996,-0.12339529999999997,1
5958,8,MYC,-1.6800000000000004,-0.3652067000000001,1
5959,8,NBN,0.5900000000000001,0.4730978,1
5960,8,CCND3,-0.07,0.016943099999999996,1
5961,8,TRIP11,-0.08,-0.06095970000000002,1
5962,8,CNTRL,-0.05,-0.04352570000000001,1
5963,8,PIK3CA,1.300000000000001,1.1274406999999997,1
5964,8,DDX5,0.17999999999999994,0.23093950000000013,1
5965,8,PICALM,-0.009999999999999998,-0.0010924999999999997,1
5966,8,RARA,-0.23000000000000007,0.027822500000000003,1
5967,8,DDX6,0.07,0.12330730000000002,1
5968,8,COL1A1,0.21000000000000002,0.1832128,1
5969,8,VHL,0.26,0.1948294,1
5970,8,MAPK1,1.780000000000001,1.2608717,1
5971,8,SRC,0.4900000000000002,0.47982589999999997,1
5972,8,NFE2L2,0.37999999999999995,0.2761833,1
5973,8,MITF,-0.09,0.006599400000000002,1
5974,8,SMAD3,1.280000000000001,1.2182742999999998,1
5975,8,RBM15,0.09,0.07885579999999999,1
5976,8,ATR,0.7100000000000002,0.5858337000000001,1
5977,8,EPAS1,0.37,0.3737528,1
5978,8,TPM3,0.15000000000000002,0.1152679,1
5979,8,RPL10,0.12,0.12663380000000002,1
5980,8,STAG1,0.13,0.14945060000000002,1
5981,8,SBDS,-0.04,-0.0144088,1
5982,8,KMT2D,0.9800000000000003,0.8061972,1
5983,8,MED12,0.34,0.2904171,1
5984,8,BCLAF1,-0.029999999999999985,0.0368363,1
5985,8,ASPSCR1,-0.010000000000000009,0.002219399999999993,1
5986,8,CDK12,0.53,0.4273378000000001,1
5987,8,EWSR1,0.22000000000000003,0.26423030000000003,1
5988,8,NDRG1,-0.010000000000000005,0.011742499999999998,1
5989,8,PSIP1,0.09,0.0853942,1
5990,8,TRIM33,0.11,0.104215,1
5991,8,MTOR,1.1600000000000006,0.9456744000000002,1
5992,8,ARHGAP35,0.17999999999999997,0.1587992,1
5993,8,POT1,0.01,0.013250199999999997,1
5994,8,EXT1,0.12,0.0930228,1
5995,8,IL6ST,0.33,0.282013,1
5996,8,IDH2,0.16000000000000003,0.12928619999999996,1
5997,8,SMARCE1,0.39,0.2693732,1
5998,8,CRTC3,0.09,0.0769302,1
5999,8,TSC1,0.27999999999999997,0.2992463,1
6000,8,BCOR,-0.11000000000000001,0.018434700000000002,1
6001,8,SDHA,0.26,0.19285749999999996,1
6002,8,EP300,2.3200000000000007,1.9464734999999997,1
6003,8,HNRNPA2B1,0.5100000000000001,0.3568609,1
6004,8,CLIP1,-0.09000000000000001,-0.04994320000000001,1
6005,8,PATZ1,-0.66,-0.1512457,1
6006,8,FUBP1,-0.22,-0.0520521,1
6007,8,HLA-A,-0.10000000000000002,0.008146899999999999,1
6008,8,CCNC,-0.26,-0.10855880000000001,1
6009,8,RPN1,-0.19,-0.07235159999999999,1
6010,8,TCF7L2,0.11999999999999993,0.1609076,1
6011,8,CANT1,0.0,0.0195325,1
6012,8,RPL5,-0.5800000000000001,-0.16696300000000003,1
6013,8,CCDC6,0.12000000000000004,0.1276277,1
6014,8,NCKIPSD,-0.07,-0.0176239,1
6015,8,SMARCD1,0.45999999999999996,0.36423560000000005,1
6016,8,BCL10,0.05,0.08043130000000001,1
6017,8,MAX,0.019999999999999993,0.06192729999999999,1
6018,8,HERPUD1,-0.06,-0.0141354,1
6019,8,RAC1,0.12999999999999998,0.171549,1
6020,8,FLNA,0.19999999999999996,0.1388634,1
6021,8,TFE3,-0.6000000000000001,-0.2434717,1
6022,8,NCOR2,0.5800000000000002,0.512311,1
6023,8,PRPF40B,0.05,0.0312953,1
6024,8,BCL3,-0.13,-0.015481399999999996,1
6025,8,TFPT,-0.35,-0.10263149999999999,1
6026,8,MLH1,0.79,0.7157144,1
6027,8,ARHGAP5,0.12,0.10834020000000001,1
6028,8,CIC,0.01,0.0070465,1
6029,8,LYN,0.8200000000000001,0.6357814000000002,1
6030,8,TCF12,0.35000000000000003,0.2784166,1
6031,8,KLF6,0.05,0.0337026,1
6032,8,KMT2C,0.8600000000000003,0.7305907999999999,1
6033,8,PIM1,-0.07,-0.004440199999999995,1
6034,8,CCND1,0.7100000000000003,0.5297370999999998,1
6035,8,MLLT1,-1.2800000000000005,-0.3631714,1
6036,8,MEN1,-0.06999999999999999,-0.015644300000000003,1
6037,8,CUL3,0.11,0.1539714,1
6038,8,RB1,0.6300000000000001,0.5439079,1
6039,8,LPP,-0.18000000000000002,-0.0376234,1
6040,8,BUB1B,-0.11,-0.035016000000000005,1
6041,8,SMAD4,1.690000000000001,1.3775879,1
6042,8,FGFR1,0.21000000000000002,0.21218179999999995,1
6043,8,TMSB4X,0.04,0.0317096,1
6044,8,CDK4,1.0000000000000004,0.6792828999999998,1
6045,8,MSI2,0.01,0.007765300000000001,1
6046,8,MSH6,1.0800000000000005,0.8865037,1
6047,8,BRAF,1.0900000000000005,0.9916097999999997,1
6048,8,TCEA1,-0.03000000000000001,0.029088999999999993,1
6049,8,TNFAIP3,0.09,0.10394340000000002,1
6050,8,RABEP1,0.010000000000000002,0.006683599999999998,1
6051,8,GMPS,-0.07,-0.037577799999999995,1
6052,8,MDM2,1.330000000000001,0.9925054,1
6053,8,NSD2,0.21999999999999997,0.1720492,1
6054,8,CASP8,-0.4100000000000001,0.06036719999999999,1
6055,8,PER1,-0.22000000000000003,-0.07728579999999999,1
6056,8,UBR5,0.02,0.04361150000000001,1
6057,8,EIF3E,0.010000000000000009,0.0613797,1
6058,8,RFWD3,0.04,0.0383377,1
6059,8,BRD3,0.13999999999999999,0.1050961,1
6060,8,PAFAH1B2,0.03,0.0261966,1
6061,8,EXT2,-0.010000000000000009,0.0128973,1
6062,8,PLCG1,0.5399999999999999,0.43402480000000004,1
6063,8,SF3B1,-0.63,-0.30510630000000005,1
6064,8,ARHGEF10L,0.03,0.016173299999999998,1
6065,8,NFATC2,0.24000000000000002,0.1784833,1
6066,8,SDHD,0.32999999999999996,0.23482229999999998,1
6067,8,PABPC1,-0.9299999999999999,-0.24591029999999994,1
6068,8,POLD1,-0.19999999999999998,-0.0399049,1
6069,8,CALR,0.06,0.06278439999999999,1
6070,8,PIK3CB,0.6699999999999999,0.5699028,1
6071,8,PPM1D,0.27,0.2088182,1
6072,8,ATRX,0.9100000000000005,0.8017848000000001,1
6073,8,DGCR8,0.2,0.154676,1
6074,8,DDX10,0.19,0.1496915,1
6075,8,DROSHA,0.56,0.44086559999999997,1
6076,8,TNFRSF14,-0.19,-0.0600666,1
6077,8,BCL9L,0.10999999999999999,0.08339999999999999,1
6078,8,QKI,0.060000000000000005,0.04610990000000001,1
6079,8,BAZ1A,0.01,0.0079753,1
6080,8,CHD4,0.36,0.3307593000000001,1
6081,8,NSD3,0.11,0.118955,1
6082,8,NT5C2,0.15000000000000002,0.08923900000000001,1
6083,8,CCNB1IP1,0.11000000000000001,0.053135100000000005,1
6084,8,PCBP1,-0.9099999999999998,-0.23390510000000006,1
6085,8,RALGDS,-0.04000000000000001,0.057316000000000006,1
6086,8,ARHGEF12,0.0,0.024848800000000004,1
6087,8,HSP90AB1,0.8800000000000001,0.6588796,1
6088,8,FOXO3,1.5100000000000007,1.134217,1
6089,8,HIP1,-0.02,-0.013067,1
6090,8,CDC73,0.029999999999999985,0.07848300000000001,1
6091,8,NIN,-0.020000000000000004,-0.011549199999999999,1
6092,8,MDM4,0.07000000000000002,0.14801070000000002,1
6093,8,COL3A1,0.23,0.1902627,1
6094,8,CTNND1,0.18,0.17702500000000004,1
6095,8,SPOP,0.09999999999999999,0.0992473,1
6096,8,TMEM127,0.07,0.044379699999999994,1
6097,8,CREB3L2,0.09000000000000001,0.06284290000000001,1
6098,8,MSH2,1.0800000000000005,0.8773789000000001,1
6099,8,FNBP1,-0.01,0.0271821,1
6100,8,ATF1,0.16000000000000003,0.1165813,1
6101,8,EIF1AX,-0.48,-0.1791627,1
6102,8,PMS1,0.57,0.45374299999999995,1
6103,8,DEK,0.15000000000000002,0.1393827,1
6104,8,ERBB2,0.9300000000000004,0.6296468999999999,1
6105,8,AKT1,0.16,0.26625030000000016,1
6106,8,CHEK2,0.5700000000000002,0.5802057,1
6107,8,SDHB,0.4,0.28815329999999995,1
6108,8,NCOA1,0.51,0.40686369999999994,1
6109,8,CHIC2,0.09,0.06258949999999999,1
6110,8,RUNX1,-0.010000000000000037,0.5313167,1
6111,8,STAT6,0.37000000000000005,0.3638554,1
6112,8,FH,-0.09000000000000002,-0.025001600000000006,1
6113,8,AKT3,1.1800000000000006,0.8649164000000001,1
6114,8,GNAS,0.41000000000000003,0.2848135,1
6115,8,CTNNB1,1.3500000000000005,0.9360358999999998,1
6116,8,NONO,0.35999999999999993,0.2948693,1
6117,8,SMARCB1,1.0000000000000004,0.7771131000000001,1
6118,8,PRKAR1A,0.21,0.19565110000000002,1
6119,8,ITGAV,0.00999999999999999,0.0395127,1
6120,8,SS18,0.4,0.2814974,1
6121,8,MAP2K1,1.0400000000000003,0.6613836,1
6122,8,SIRPA,-0.06000000000000001,-0.011387800000000002,1
6123,8,PPFIBP1,0.36,0.26040479999999994,1
6124,8,RPL22,-0.19000000000000006,0.0994727,1
6125,8,CYLD,0.34,0.27617460000000005,1
6126,8,ARID1B,0.8400000000000001,0.6649455000000001,1
6127,8,SETDB1,0.32,0.2357653,1
6128,8,AFDN,-0.29000000000000004,-0.08204919999999999,1
6129,8,ZRSR2,-0.18,-0.10219290000000003,1
6130,8,PBRM1,0.9900000000000004,0.7418671999999998,1
6131,8,XPC,0.48000000000000004,0.3010927,1
6132,8,ASXL2,0.28,0.2056264,1
6133,8,TRIM24,-0.15000000000000002,0.0008325000000000051,1
6134,8,SFPQ,-0.37,-0.09346629999999995,1
6135,8,NCOA2,0.5900000000000001,0.4886908,1
6136,8,FOXO4,0.28,0.1918201,1
6137,8,LEF1,0.21,0.17514210000000002,1
6138,8,B2M,-0.2799999999999999,-0.11560329999999996,1
6139,8,DDIT3,-0.33,-0.1060572,1
6140,8,BCL6,0.36000000000000004,0.30221630000000005,1
6141,8,KRAS,0.07000000000000008,0.17572019999999994,1
6142,8,FAT1,0.12,0.08785109999999999,1
6143,8,ABL2,0.07999999999999999,0.0638879,1
6144,8,NF1,1.1900000000000006,0.9886502,1
6145,8,BTG1,-0.05,-0.0240205,1
6146,8,EIF4A2,0.030000000000000006,0.018793700000000003,1
6147,8,SET,0.19,0.15290070000000003,1
6148,8,EPS15,0.07,0.06517790000000001,1
6149,8,RNF213,0.06,0.0524202,1
6150,8,CTCF,1.1000000000000003,0.7805601000000001,1
6151,8,WDCP,0.21,0.1276823,1
6152,8,KAT7,0.15000000000000002,0.13081450000000003,1
6153,8,KDM5C,0.16999999999999998,0.17457789999999998,1
6154,8,TGFBR2,0.15999999999999998,0.19780140000000002,1
6155,8,ATM,0.7800000000000005,0.8756439999999999,1
6156,8,NUMA1,0.03,0.0376292,1
6157,8,STAT3,0.9100000000000005,0.9233937,1
6158,8,SUB1,-0.1,-0.045460600000000004,1
6159,8,NUP98,0.15999999999999995,0.179292,1
6160,8,ELL,0.16,0.08645140000000001,1
6161,8,MAP3K1,0.44,0.3393369,1
6162,8,MALT1,0.11000000000000004,0.1414977,1
6163,8,XPO1,0.48000000000000015,0.4002646999999999,1
6164,8,SETD1B,0.27,0.2125906,1
6165,8,ETV6,-0.19999999999999998,-0.059278800000000006,1
6166,8,TBL1XR1,0.26,0.1897789,1
6167,8,NUP214,-0.08,0.13159410000000002,1
6168,8,TPR,0.11,0.0916832,1
6169,8,ATIC,0.12999999999999998,0.1369775,1
6170,8,NACA,0.22,0.1313168,1
6171,8,MYO5A,0.02,0.0157794,1
6172,8,SMC1A,0.3400000000000001,0.41118210000000005,1
6173,8,LASP1,-0.29000000000000004,-0.13574429999999998,1
6174,8,ERCC5,0.44999999999999996,0.29162960000000004,1
6175,8,JUN,-0.30000000000000004,0.07335520000000004,1
6176,8,THRAP3,0.08,0.062202400000000005,1
6177,8,STAG2,0.3300000000000001,0.3236507,1
6178,8,RAF1,0.8400000000000003,0.6640086,1
6179,8,ERCC3,0.63,0.5484662,1
6180,8,SMAD2,0.5300000000000002,0.5666442,1
6181,8,TAF15,0.22000000000000003,0.17650830000000003,1
6182,8,ARNT,0.19999999999999996,0.205671,1
6183,8,CLTC,-0.7100000000000002,-0.3234944999999999,1
6184,8,IKBKB,0.33999999999999997,0.41742879999999993,1
6185,8,IDH1,-0.7700000000000002,-0.24018409999999996,1
6186,8,SND1,-0.020000000000000004,0.012097200000000002,1
6187,8,KNSTRN,0.02,0.014568000000000001,1
6188,8,RHOA,-2.670000000000001,-0.6591836,1
6189,8,PALB2,0.7100000000000003,0.6015453,1
6190,8,ARID2,0.8500000000000001,0.6747752,1
6191,8,EZR,-0.06000000000000001,0.003331400000000005,1
6192,8,TP53,-0.2399999999999999,0.2724225999999999,1
6193,8,ARAF,0.39999999999999997,0.2364757,1
6194,8,KIF5B,0.49000000000000005,0.3707366,1
6195,8,KAT6A,0.18000000000000002,0.21232050000000002,1
6196,8,KTN1,-0.07,-0.0067071000000000006,1
6197,8,GOLGA5,-0.09,-0.06281610000000001,1
6198,8,KDM5A,0.23,0.23520429999999998,1
6199,8,RAD21,0.56,0.4558331,1
6200,8,GNAQ,0.31000000000000005,0.2223864,1
6201,8,CAMTA1,0.07,0.0540657,1
6202,8,ERCC2,0.68,0.5305902,1
6203,8,EZH2,1.6100000000000012,1.2440893999999998,1
6204,8,TOP1,0.31000000000000005,0.2555011,1
6205,8,SRSF3,-0.21999999999999997,-0.022451800000000015,1
6206,8,NPM1,-0.03000000000000003,0.08330179999999998,1
6207,8,BAX,-0.76,-0.1624008,1
6208,8,NOTCH2,0.28,0.2418979,1
6209,8,TRAF7,0.01,0.0070106000000000005,1
6210,8,KDM6A,0.6300000000000001,0.7337984,1
6211,8,SPEN,0.13999999999999999,0.11078249999999999,1
6212,8,TRIM27,-0.5700000000000001,-0.1780403,1
6213,8,CRTC1,0.15999999999999998,0.129009,1
6214,8,EML4,0.26,0.2902710999999999,1
6215,8,USP9X,-0.009999999999999998,-0.007682200000000004,1
6216,8,PTPRK,-0.01,-0.0057054,1
6217,8,CD74,-0.23,-0.024721600000000007,1
6218,8,CBL,0.4,0.410459,1
6219,8,ZNF384,0.05,0.0392629,1
6220,8,NOTCH1,1.2000000000000006,0.8748591000000004,1
6221,8,COX6C,-0.2,-0.04976080000000001,1
6222,8,CHCHD7,0.02,0.012124,1
6223,8,HMGA1,-0.09,-0.0368219,1
6224,8,PTEN,1.280000000000001,1.2075812000000001,1
6225,8,FIP1L1,-0.04,-0.015617200000000005,1
6226,8,JAK1,0.8900000000000003,0.7526366999999999,1
6227,8,ZMYM2,0.019999999999999997,0.018381299999999996,1
6228,8,SUZ12,0.9300000000000004,0.7124888,1
6229,8,FUS,-0.5599999999999999,-0.023719799999999982,1
6230,8,BAP1,-0.29,-0.1205157,1
6231,8,ZCCHC8,-0.07,-0.0216167,1
6232,8,CRNKL1,0.009999999999999998,0.0084502,1
6233,8,RAD17,0.18000000000000002,0.13196310000000003,1
6234,8,ATP1A1,0.01,0.004952799999999999,1
6235,8,DNMT3A,1.0700000000000005,0.885279,1
6236,8,FBXW7,1.0100000000000002,0.8686348,1
6237,8,WWTR1,-0.18,-0.0741007,1
6238,8,CDKN1B,0.3700000000000001,0.28415960000000007,1
6239,8,KMT2A,0.35000000000000003,0.3848319999999999,1
6240,8,PTPN11,1.0700000000000007,0.9093647000000004,1
6241,8,STAT5B,0.6500000000000002,0.5560175,1
6242,8,CUX1,-0.09000000000000001,-0.061877499999999995,1
6243,8,ABI1,-0.31,-0.0790543,1
6244,8,BRCA1,2.0000000000000013,1.5831996,1
6245,8,SH2B3,0.09,0.05577649999999999,1
6246,8,AFF4,0.010000000000000009,0.0305215,1
6247,8,NF2,0.16999999999999998,0.16741000000000003,1
6248,8,LMNA,0.03,0.03133699999999999,1
6249,8,TSC2,0.7900000000000003,0.6389966,1
6250,8,GOLPH3,-0.07,-0.0493549,1
6251,8,PCM1,-0.030000000000000002,-0.023610300000000008,1
6252,8,PPP2R1A,-0.32999999999999996,-0.0788847,1
6253,8,ARID1A,1.7800000000000011,1.4433008,1
6254,8,ABL1,-0.21000000000000008,0.09241279999999998,1
6255,8,AFF1,0.05000000000000002,0.0939662,1
6256,8,DAXX,-0.51,-0.12409900000000001,1
6257,8,CBFB,0.060000000000000005,0.1074504,1
6258,8,CBLB,0.17,0.15108670000000002,1
6259,8,POLR2A,-0.18000000000000002,0.1452463,1
6260,8,PRKACA,0.17000000000000007,0.2317402,1
6261,8,DNM2,-0.09,-0.033642599999999995,1
6262,8,RAP1GDS1,-0.009999999999999981,0.030608000000000017,1
6263,8,NCOR1,0.7800000000000001,0.8438323,1
6264,8,NFKBIE,-0.5,-0.1390135,1
6265,8,DDX3X,0.25,0.22894670000000003,1
6266,8,ELK4,0.02,0.0167004,1
6267,8,MLLT6,0.039999999999999994,0.04282489999999999,1
6268,8,SRSF2,-2.87,-0.6830239999999997,1
6269,8,CTNNA1,0.15000000000000002,0.11953590000000001,1
6270,8,RBM10,0.13,0.10023100000000001,1
6271,8,PTPRC,-0.07999999999999997,0.0658053,1
6272,8,HSP90AA1,0.7600000000000003,0.5255708999999998,1
6273,8,NSD1,0.21,0.17880230000000003,0
6274,8,DICER1,0.27,0.25301830000000003,0
6275,8,BIRC6,0.05,0.0466679,0
6276,8,SDHC,0.30000000000000004,0.20415260000000005,0
6277,8,TFG,0.35000000000000003,0.2003998,0
6278,8,MAP2K2,0.28,0.2307281,0
6279,8,TFRC,-0.22,-0.11041279999999999,0
6280,8,CREB1,0.7700000000000005,0.5656067000000001,0
6281,8,POLG,0.01,0.0037040000000000003,0
6282,8,SETD2,0.7000000000000003,0.5855926000000001,0
6283,8,NAB2,-0.28,-0.1055285,0
6284,8,HIF1A,1.510000000000001,1.0880846000000004,0
6285,8,FLCN,0.039999999999999994,0.038257,0
6286,8,MAP2K4,0.04,0.0932088,0
6287,8,CNOT3,0.0,0.014593400000000001,0
6288,8,CIITA,0.1,0.06922359999999998,0
6289,8,LSM14A,0.07,0.06919890000000001,0
6290,8,AKAP9,-0.04000000000000001,-0.006600000000000005,0
6291,8,MSN,-0.31999999999999995,-0.0721657,0
6292,8,BCR,0.05,0.05716169999999999,0
6293,8,TRRAP,0.010000000000000002,0.1297602,0
6294,8,PPP6C,-0.18,-0.08721980000000001,0
6295,8,NCOA4,-0.19,-0.10368840000000001,0
6296,8,BCL9,0.15000000000000002,0.11442469999999999,0
6297,8,PRCC,0.04000000000000001,0.0279362,0
6298,8,LARP4B,-0.01,-0.0051128,0
6299,8,CHD2,0.01,0.0076841,0
6300,8,ASXL1,0.43000000000000005,0.4316223,0
6301,8,SMARCA4,1.2900000000000007,0.9885969999999998,0
6302,8,ERC1,-0.02,-0.015177000000000001,0
6303,8,DCTN1,-0.30999999999999994,-0.13451330000000006,0
6304,8,PIK3R1,1.3800000000000008,0.9627891000000002,0
6305,8,EED,-0.22000000000000003,-0.0379648,0
6306,8,CNBP,0.0,0.0,0
6307,8,SGK1,0.29,0.1740531,0
6308,8,MLLT10,-0.059999999999999984,-0.016186199999999998,0
6309,8,BRD4,1.0600000000000005,0.8174924,0
6310,8,RANBP2,0.14999999999999997,0.20951680000000003,0
6311,8,FBXO11,0.05,0.0394756,0
6312,8,PML,0.37,0.26616150000000005,0
6313,8,AKT2,0.8200000000000001,0.5641126000000001,0
6314,8,CEP89,0.06,0.034987199999999996,0
6315,8,LZTR1,0.04,0.061380199999999996,0
6316,8,YWHAE,0.24,0.15761959999999997,0
6317,8,DNAJB1,-0.030000000000000013,0.0023771999999999995,0
6318,8,PRDM2,0.02,0.014138799999999998,0
6319,8,TPM4,0.49000000000000005,0.32983860000000004,0
6320,8,CREBBP,1.8100000000000012,1.5009857,0
6321,8,PMS2,0.56,0.5268011,0
6322,8,DDR2,0.04,0.0253511,0
6323,8,FANCA,0.38,0.31356850000000003,0
6324,8,PDE4DIP,0.05,0.0338234,0
6325,8,USP8,-0.06000000000000001,-0.028326900000000002,0
6326,8,MYH9,-0.24000000000000002,-0.03613580000000001,0
6327,8,MYC,-1.0300000000000002,-0.3966276999999999,0
6328,8,NBN,0.5,0.3704234,0
6329,8,CCND3,-0.15,-0.0102696,0
6330,8,TRIP11,-0.14,-0.08949499999999999,0
6331,8,CNTRL,-0.08000000000000002,-0.0529891,0
6332,8,PIK3CA,1.690000000000001,1.1591795000000003,0
6333,8,DDX5,0.33000000000000007,0.3009854,0
6334,8,PICALM,3.469446951953614e-18,0.004284900000000001,0
6335,8,RARA,0.5800000000000002,0.391689,0
6336,8,DDX6,-0.11000000000000001,0.03838490000000001,0
6337,8,COL1A1,0.12,0.1255445,0
6338,8,VHL,0.21,0.14706710000000003,0
6339,8,MAPK1,1.640000000000001,1.0645422,0
6340,8,SRC,-0.4800000000000001,0.02619229999999998,0
6341,8,NFE2L2,0.24999999999999997,0.16077260000000002,0
6342,8,MITF,-0.32999999999999996,-0.08242359999999999,0
6343,8,SMAD3,1.2000000000000008,0.8951198999999997,0
6344,8,RBM15,0.08,0.06734090000000001,0
6345,8,ATR,0.6600000000000003,0.5701662999999999,0
6346,8,EPAS1,0.41,0.36551110000000003,0
6347,8,TPM3,0.30000000000000004,0.2096908,0
6348,8,RPL10,0.11,0.11282930000000002,0
6349,8,STAG1,0.14,0.1375181,0
6350,8,SBDS,-0.06,-0.020872,0
6351,8,KMT2D,0.9500000000000004,0.7000779999999999,0
6352,8,MED12,0.31000000000000005,0.2535052,0
6353,8,BCLAF1,-0.08,0.00024960000000000954,0
6354,8,ASPSCR1,0.009999999999999998,0.012091200000000005,0
6355,8,CDK12,0.22,0.1638166,0
6356,8,EWSR1,0.42999999999999994,0.35252779999999995,0
6357,8,NDRG1,-0.05,-0.019109100000000004,0
6358,8,PSIP1,-0.17,-0.07955309999999999,0
6359,8,TRIM33,0.03,0.029950400000000002,0
6360,8,MTOR,1.1300000000000006,0.8374326000000001,0
6361,8,ARHGAP35,0.1,0.12720380000000003,0
6362,8,POT1,-0.04,-0.0027841000000000038,0
6363,8,EXT1,0.11,0.07383970000000001,0
6364,8,IL6ST,0.29000000000000004,0.2216241,0
6365,8,IDH2,0.13,0.1087053,0
6366,8,SMARCE1,0.48,0.2998601,0
6367,8,CRTC3,0.09,0.07126379999999999,0
6368,8,TSC1,0.35000000000000003,0.30157179999999995,0
6369,8,BCOR,-0.15,-0.0244727,0
6370,8,SDHA,0.22,0.13553220000000002,0
6371,8,EP300,1.6500000000000012,1.2890339000000002,0
6372,8,HNRNPA2B1,0.33999999999999997,0.2747551,0
6373,8,CLIP1,-0.11,-0.061477000000000004,0
6374,8,PATZ1,-0.43000000000000005,-0.12770420000000002,0
6375,8,FUBP1,-0.1,0.004175999999999999,0
6376,8,HLA-A,-0.09,0.04317290000000001,0
6377,8,CCNC,-0.10000000000000002,-0.044790199999999995,0
6378,8,RPN1,-0.21,-0.06061799999999999,0
6379,8,TCF7L2,0.03999999999999995,0.0727426,0
6380,8,CANT1,0.12000000000000001,0.0757954,0
6381,8,RPL5,-0.66,-0.19239069999999997,0
6382,8,CCDC6,0.030000000000000013,0.05309100000000001,0
6383,8,NCKIPSD,0.02,0.014884999999999999,0
6384,8,SMARCD1,0.3999999999999999,0.2808794,0
6385,8,BCL10,0.02000000000000001,0.03225349999999999,0
6386,8,MAX,-0.019999999999999997,0.0008124000000000013,0
6387,8,HERPUD1,0.02,0.0081922,0
6388,8,RAC1,0.04999999999999999,0.112601,0
6389,8,FLNA,0.06999999999999999,0.088746,0
6390,8,TFE3,-0.37,-0.15726610000000002,0
6391,8,NCOR2,0.7600000000000002,0.5705547999999999,0
6392,8,PRPF40B,-0.01,-0.004616299999999999,0
6393,8,BCL3,-0.04,-0.010392299999999991,0
6394,8,TFPT,-0.26,-0.0896198,0
6395,8,MLH1,0.8300000000000001,0.6935619,0
6396,8,ARHGAP5,0.15,0.1096558,0
6397,8,CIC,0.0,0.0,0
6398,8,LYN,0.8900000000000001,0.6144712999999999,0
6399,8,TCF12,0.29,0.2223551,0
6400,8,KLF6,0.05,0.028365500000000002,0
6401,8,KMT2C,0.9000000000000002,0.7185752999999999,0
6402,8,PIM1,-0.19,-0.054505500000000005,0
6403,8,CCND1,1.2200000000000006,0.7587077,0
6404,8,MLLT1,-0.8100000000000003,-0.2664748,0
6405,8,MEN1,0.049999999999999975,0.074486,0
6406,8,CUL3,0.11,0.11684259999999999,0
6407,8,RB1,0.66,0.4919423,0
6408,8,LPP,-0.05000000000000001,-0.018592400000000002,0
6409,8,BUB1B,-0.16,-0.08487850000000002,0
6410,8,SMAD4,1.2600000000000007,0.9397229000000002,0
6411,8,FGFR1,0.19999999999999998,0.1312784,0
6412,8,TMSB4X,0.04,0.030735199999999997,0
6413,8,CDK4,0.6400000000000001,0.42795469999999997,0
6414,8,MSI2,0.01,0.0069494000000000005,0
6415,8,MSH6,0.8700000000000004,0.6671377,0
6416,8,BRAF,0.8600000000000003,0.7846285000000003,0
6417,8,TCEA1,-0.04,0.008783399999999997,0
6418,8,TNFAIP3,0.09000000000000001,0.095934,0
6419,8,RABEP1,0.009999999999999998,0.0050983999999999995,0
6420,8,GMPS,-0.07,-0.03676909999999999,0
6421,8,MDM2,1.2100000000000006,0.8059106000000001,0
6422,8,NSD2,0.16,0.1134094,0
6423,8,CASP8,0.10999999999999999,0.23796640000000002,0
6424,8,PER1,-0.25,-0.055153900000000006,0
6425,8,UBR5,-0.08,-0.035777099999999985,0
6426,8,EIF3E,-0.10999999999999999,0.0378883,0
6427,8,RFWD3,0.019999999999999997,0.03128260000000001,0
6428,8,BRD3,0.13,0.10736290000000001,0
6429,8,PAFAH1B2,0.02,0.015973599999999998,0
6430,8,EXT2,0.009999999999999995,0.012147700000000004,0
6431,8,PLCG1,0.54,0.37745629999999997,0
6432,8,SF3B1,-0.35,-0.1374444,0
6433,8,ARHGEF10L,0.03,0.0172959,0
6434,8,NFATC2,0.19,0.1346309,0
6435,8,SDHD,0.26,0.1503943,0
6436,8,PABPC1,-0.7200000000000001,-0.1857673,0
6437,8,POLD1,-0.22000000000000003,-0.043180099999999985,0
6438,8,CALR,0.05,0.04871909999999999,0
6439,8,PIK3CB,0.56,0.4402526000000001,0
6440,8,PPM1D,0.18000000000000002,0.13879940000000002,0
6441,8,ATRX,1.0400000000000005,0.8223369,0
6442,8,DGCR8,0.13999999999999999,0.0893417,0
6443,8,DDX10,0.12,0.08116910000000001,0
6444,8,DROSHA,0.4,0.28713060000000007,0
6445,8,TNFRSF14,-0.11,-0.037613400000000005,0
6446,8,BCL9L,0.14,0.0962755,0
6447,8,QKI,-0.07,-0.0432749,0
6448,8,BAZ1A,0.02,0.016045,0
6449,8,CHD4,0.18999999999999997,0.1872395,0
6450,8,NSD3,0.030000000000000006,0.035933999999999994,0
6451,8,NT5C2,0.19000000000000003,0.1183438,0
6452,8,CCNB1IP1,0.1,0.042352,0
6453,8,PCBP1,-0.7300000000000002,-0.2287016000000001,0
6454,8,RALGDS,0.08,0.0852948,0
6455,8,ARHGEF12,-0.009999999999999998,0.0047376,0
6456,8,HSP90AB1,1.1000000000000003,0.7311418000000001,0
6457,8,FOXO3,1.2400000000000007,0.8422661000000002,0
6458,8,HIP1,-0.02,-0.0127814,0
6459,8,CDC73,-0.09000000000000005,0.013502599999999997,0
6460,8,NIN,0.019999999999999997,0.015774999999999997,0
6461,8,MDM4,0.13,0.1636187,0
6462,8,COL3A1,0.13999999999999999,0.1290254,0
6463,8,CTNND1,0.13,0.1380565,0
6464,8,SPOP,-0.020000000000000018,0.010911699999999998,0
6465,8,TMEM127,0.1,0.07380820000000002,0
6466,8,CREB3L2,0.12,0.0763256,0
6467,8,MSH2,0.9300000000000004,0.6659040999999999,0
6468,8,FNBP1,0.01,0.0088908,0
6469,8,ATF1,0.0,0.0091254,0
6470,8,EIF1AX,-0.54,-0.2355444,0
6471,8,PMS1,0.5,0.3881719,0
6472,8,DEK,0.09999999999999999,0.1063376,0
6473,8,ERBB2,1.0700000000000005,0.6886098999999999,0
6474,8,AKT1,1.3100000000000007,0.8040218999999997,0
6475,8,CHEK2,0.33999999999999997,0.4114683,0
6476,8,SDHB,0.44,0.29284280000000007,0
6477,8,NCOA1,0.43999999999999995,0.299531,0
6478,8,CHIC2,0.039999999999999994,0.021553799999999998,0
6479,8,RUNX1,0.5000000000000003,0.6426948,0
6480,8,STAT6,0.27,0.1890152,0
6481,8,FH,-0.16,-0.050283100000000004,0
6482,8,AKT3,1.0500000000000003,0.6797757,0
6483,8,GNAS,0.24000000000000002,0.1548562,0
6484,8,CTNNB1,1.3700000000000008,0.9295905000000002,0
6485,8,NONO,0.15,0.09696469999999999,0
6486,8,SMARCB1,0.9300000000000002,0.6951639999999999,0
6487,8,PRKAR1A,0.11000000000000001,0.09623000000000001,0
6488,8,ITGAV,0.019999999999999993,0.035102900000000006,0
6489,8,SS18,0.38,0.24049949999999998,0
6490,8,MAP2K1,1.0500000000000005,0.6710370000000001,0
6491,8,SIRPA,0.0,0.0010842000000000004,0
6492,8,PPFIBP1,0.4,0.2707658,0
6493,8,RPL22,-0.19999999999999996,0.07239560000000003,0
6494,8,CYLD,0.28,0.21508370000000004,0
6495,8,ARID1B,0.6399999999999999,0.4617453,0
6496,8,SETDB1,0.32,0.2240449,0
6497,8,AFDN,-0.35000000000000003,-0.11832200000000001,0
6498,8,ZRSR2,0.31000000000000005,0.2201913,0
6499,8,PBRM1,0.9500000000000004,0.6816114,0
6500,8,XPC,0.6100000000000001,0.4178452,0
6501,8,ASXL2,0.19,0.1252286,0
6502,8,TRIM24,-0.27,-0.1240164,0
6503,8,SFPQ,-0.15000000000000002,-0.014524100000000002,0
6504,8,NCOA2,0.52,0.3610138,0
6505,8,FOXO4,0.32000000000000006,0.2181074,0
6506,8,LEF1,0.02000000000000001,0.04644910000000001,0
6507,8,B2M,-0.6599999999999999,-0.22553080000000003,0
6508,8,DDIT3,-0.36,-0.0963153,0
6509,8,BCL6,0.55,0.39365760000000005,0
6510,8,KRAS,-1.8600000000000005,-0.4910528,0
6511,8,FAT1,0.029999999999999992,0.047829299999999984,0
6512,8,ABL2,0.09000000000000001,0.0657543,0
6513,8,NF1,0.8400000000000003,0.6459266,0
6514,8,BTG1,-0.01,-0.0055593000000000005,0
6515,8,EIF4A2,0.1,0.07685320000000002,0
6516,8,SET,0.14,0.1278203,0
6517,8,EPS15,0.03,0.034036399999999994,0
6518,8,RNF213,0.03,0.0240192,0
6519,8,CTCF,0.8800000000000003,0.6332003000000002,0
6520,8,WDCP,0.07999999999999999,0.07111059999999998,0
6521,8,KAT7,0.09999999999999999,0.0802755,0
6522,8,KDM5C,0.15,0.14319379999999998,0
6523,8,TGFBR2,0.24,0.17405889999999996,0
6524,8,ATM,1.420000000000001,1.1001395999999999,0
6525,8,NUMA1,-0.049999999999999975,-0.015894300000000004,0
6526,8,STAT3,1.4400000000000008,1.144802,0
6527,8,SUB1,-0.28,-0.098692,0
6528,8,NUP98,0.05999999999999998,0.0778393,0
6529,8,ELL,-0.03999999999999999,0.0028354999999999917,0
6530,8,MAP3K1,0.42000000000000004,0.3167235,0
6531,8,MALT1,0.19,0.15404110000000001,0
6532,8,XPO1,0.31000000000000005,0.24477669999999999,0
6533,8,SETD1B,0.14,0.1022593,0
6534,8,ETV6,-0.16,-0.05555619999999999,0
6535,8,TBL1XR1,0.21,0.134969,0
6536,8,NUP214,0.020000000000000028,0.09056710000000001,0
6537,8,TPR,0.09,0.0892916,0
6538,8,ATIC,5.204170427930421e-18,0.0144127,0
6539,8,NACA,0.24,0.1616381,0
6540,8,MYO5A,-0.009999999999999998,-0.0036789999999999982,0
6541,8,SMC1A,0.5800000000000001,0.48326040000000003,0
6542,8,LASP1,-0.18,-0.10788160000000001,0
6543,8,ERCC5,0.51,0.3461542,0
6544,8,JUN,0.44000000000000017,0.3740409,0
6545,8,THRAP3,0.09,0.0733786,0
6546,8,STAG2,0.54,0.409503,0
6547,8,RAF1,1.1000000000000003,0.7779195,0
6548,8,ERCC3,0.53,0.4501564,0
6549,8,SMAD2,0.4900000000000002,0.45751519999999984,0
6550,8,TAF15,0.17000000000000004,0.1477452,0
6551,8,ARNT,0.32999999999999996,0.2613016000000001,0
6552,8,CLTC,-0.51,-0.2797112,0
6553,8,IKBKB,0.5500000000000003,0.4523568,0
6554,8,IDH1,-0.49,-0.13431169999999998,0
6555,8,SND1,-0.00999999999999999,-0.0016167999999999972,0
6556,8,KNSTRN,0.03,0.024353399999999997,0
6557,8,RHOA,-1.1300000000000001,-0.3107470000000001,0
6558,8,PALB2,0.6100000000000001,0.5118952999999999,0
6559,8,ARID2,0.7000000000000002,0.520546,0
6560,8,EZR,-0.11000000000000003,-0.00959210000000001,0
6561,8,TP53,-1.2899999999999991,-0.17395080000000004,0
6562,8,ARAF,0.39,0.21778709999999998,0
6563,8,KIF5B,0.38,0.2807582,0
6564,8,KAT6A,0.21,0.18998980000000001,0
6565,8,KTN1,-0.07,-0.024770900000000002,0
6566,8,GOLGA5,-0.16,-0.10659400000000001,0
6567,8,KDM5A,0.25,0.22342,0
6568,8,RAD21,0.45999999999999996,0.3615973,0
6569,8,GNAQ,0.11000000000000001,0.08016770000000002,0
6570,8,CAMTA1,0.019999999999999997,0.0145968,0
6571,8,ERCC2,0.6000000000000001,0.44214960000000003,0
6572,8,EZH2,1.8600000000000012,1.2010860999999997,0
6573,8,TOP1,0.16999999999999998,0.13488609999999998,0
6574,8,SRSF3,-0.38,-0.11551089999999999,0
6575,8,NPM1,-0.09999999999999996,0.10773479999999999,0
6576,8,BAX,-0.53,-0.16132929999999998,0
6577,8,NOTCH2,0.26999999999999996,0.21389390000000003,0
6578,8,TRAF7,0.03,0.023071499999999998,0
6579,8,KDM6A,0.8000000000000002,0.6827922999999999,0
6580,8,SPEN,0.11000000000000001,0.08181700000000001,0
6581,8,TRIM27,-0.4,-0.1459205,0
6582,8,CRTC1,0.15000000000000002,0.11979219999999999,0
6583,8,EML4,0.14000000000000004,0.13819369999999997,0
6584,8,USP9X,-0.06999999999999998,-0.043306199999999996,0
6585,8,PTPRK,0.01,0.0070158,0
6586,8,CD74,-0.21999999999999997,-0.029323999999999996,0
6587,8,CBL,0.6100000000000001,0.44312180000000007,0
6588,8,ZNF384,-0.09,-0.0447027,0
6589,8,NOTCH1,1.0000000000000004,0.7741963000000001,0
6590,8,COX6C,-0.12,-0.0542234,0
6591,8,CHCHD7,0.02,0.012509600000000001,0
6592,8,HMGA1,-0.11000000000000001,-0.050487500000000005,0
6593,8,PTEN,1.530000000000001,1.1778404000000005,0
6594,8,FIP1L1,-0.020000000000000004,-0.014331200000000006,0
6595,8,JAK1,0.7600000000000002,0.5967064000000001,0
6596,8,ZMYM2,-0.09000000000000001,-0.061108600000000006,0
6597,8,SUZ12,0.7300000000000002,0.48823930000000004,0
6598,8,FUS,-0.05000000000000003,0.17525730000000003,0
6599,8,BAP1,0.13,0.1101069,0
6600,8,ZCCHC8,-0.05,-0.016452500000000002,0
6601,8,CRNKL1,-0.03,-0.0173256,0
6602,8,RAD17,0.06999999999999999,0.0577182,0
6603,8,ATP1A1,-0.009999999999999998,-0.0036640000000000006,0
6604,8,DNMT3A,0.8300000000000005,0.6161359000000001,0
6605,8,FBXW7,0.8400000000000003,0.6654424,0
6606,8,WWTR1,-0.08,-0.039484700000000005,0
6607,8,CDKN1B,0.5700000000000002,0.34887519999999994,0
6608,8,KMT2A,0.53,0.42669579999999996,0
6609,8,PTPN11,0.8800000000000003,0.6607545000000001,0
6610,8,STAT5B,0.7100000000000002,0.5364868,0
6611,8,CUX1,-0.09999999999999999,-0.06767190000000001,0
6612,8,ABI1,-0.33,-0.1216457,0
6613,8,BRCA1,1.7200000000000013,1.3415468999999995,0
6614,8,SH2B3,0.04,0.031782099999999994,0
6615,8,AFF4,0.13999999999999999,0.10014139999999999,0
6616,8,NF2,0.02999999999999998,0.07725660000000002,0
6617,8,LMNA,0.06999999999999999,0.062383499999999995,0
6618,8,TSC2,0.48,0.4128136999999999,0
6619,8,GOLPH3,-0.11,-0.06640789999999999,0
6620,8,PCM1,-0.07,-0.044113,0
6621,8,PPP2R1A,-0.37,-0.1372497,0
6622,8,ARID1A,1.7100000000000009,1.2184452999999997,0
6623,8,ABL1,0.26000000000000006,0.21039410000000006,0
6624,8,AFF1,0.29,0.22436679999999998,0
6625,8,DAXX,-0.17000000000000004,-0.021733300000000004,0
6626,8,CBFB,0.11999999999999998,0.0984103,0
6627,8,CBLB,0.13,0.09886990000000001,0
6628,8,POLR2A,0.09,0.17220809999999998,0
6629,8,PRKACA,0.33000000000000007,0.272013,0
6630,8,DNM2,-0.11000000000000001,-0.0395465,0
6631,8,RAP1GDS1,-0.06,-0.031035599999999997,0
6632,8,NCOR1,0.9400000000000003,0.7840352,0
6633,8,NFKBIE,-0.2,-0.0794786,0
6634,8,DDX3X,0.10000000000000002,0.1082084,0
6635,8,ELK4,0.02,0.0148942,0
6636,8,MLLT6,0.11,0.0790394,0
6637,8,SRSF2,-1.08,-0.3247354,0
6638,8,CTNNA1,0.09000000000000001,0.0686179,0
6639,8,RBM10,0.23,0.161085,0
6640,8,PTPRC,0.20000000000000004,0.1646392,0
6641,8,HSP90AA1,1.1900000000000006,0.7837089999999997,0
6642,9,NSD1,0.36000000000000004,0.3134319,1
6643,9,DICER1,0.20000000000000004,0.2656575,1
6644,9,BIRC6,0.15,0.1384726,1
6645,9,SDHC,0.42,0.30113779999999996,1
6646,9,TFG,0.17,0.10571740000000002,1
6647,9,MAP2K2,0.29,0.21998499999999996,1
6648,9,TFRC,-0.30000000000000004,-0.10721470000000002,1
6649,9,CREB1,0.8400000000000003,0.7669380000000001,1
6650,9,POLG,-0.03,-0.007862399999999999,1
6651,9,SETD2,0.6000000000000003,0.5668671999999999,1
6652,9,NAB2,-0.54,-0.1481066,1
6653,9,HIF1A,1.5600000000000007,1.2316844000000002,1
6654,9,FLCN,-0.029999999999999992,0.0250263,1
6655,9,MAP2K4,0.06999999999999999,0.12629390000000001,1
6656,9,CNOT3,0.09000000000000001,0.07708279999999998,1
6657,9,CIITA,0.06999999999999999,0.042941599999999996,1
6658,9,LSM14A,0.17,0.1401393,1
6659,9,AKAP9,-0.020000000000000004,0.024895600000000004,1
6660,9,MSN,-0.27999999999999997,-0.08414440000000001,1
6661,9,BCR,-0.09,0.035410500000000004,1
6662,9,TRRAP,0.020000000000000007,0.2249316,1
6663,9,PPP6C,-0.13,-0.0482208,1
6664,9,NCOA4,-0.08,0.003424500000000004,1
6665,9,BCL9,0.2,0.15976049999999997,1
6666,9,PRCC,0.15000000000000002,0.12764079999999997,1
6667,9,LARP4B,0.03,0.0224253,1
6668,9,CHD2,0.02,0.018151,1
6669,9,ASXL1,0.25,0.3236443,1
6670,9,SMARCA4,2.040000000000001,1.6137928000000001,1
6671,9,ERC1,-0.02,-0.016205,1
6672,9,DCTN1,0.029999999999999985,0.051776800000000005,1
6673,9,PIK3R1,1.1700000000000006,0.9734267000000002,1
6674,9,EED,0.09000000000000001,0.07546969999999999,1
6675,9,CNBP,0.01,0.0056238,1
6676,9,SGK1,0.52,0.34633460000000005,1
6677,9,MLLT10,-0.3399999999999999,-0.20575369999999998,1
6678,9,BRD4,0.9800000000000004,0.8920462,1
6679,9,RANBP2,0.32999999999999996,0.31612149999999994,1
6680,9,FBXO11,0.08,0.0650723,1
6681,9,PML,0.44999999999999996,0.3189455,1
6682,9,AKT2,1.1300000000000006,0.8223035000000002,1
6683,9,CEP89,0.06,0.039779,1
6684,9,LZTR1,0.1,0.1170942,1
6685,9,YWHAE,0.22000000000000003,0.14113179999999997,1
6686,9,DNAJB1,-0.09000000000000001,-0.019777500000000007,1
6687,9,PRDM2,0.07,0.058649400000000004,1
6688,9,TPM4,0.53,0.3865814,1
6689,9,CREBBP,2.040000000000001,1.7603645,1
6690,9,PMS2,0.8200000000000001,0.7267021,1
6691,9,DDR2,0.03,0.018924399999999994,1
6692,9,FANCA,0.4100000000000001,0.34937630000000003,1
6693,9,PDE4DIP,0.08,0.06333340000000001,1
6694,9,USP8,-0.06,-0.020505300000000008,1
6695,9,MYH9,-0.51,-0.106822,1
6696,9,MYC,-1.9000000000000006,-0.45477199999999984,1
6697,9,NBN,0.6300000000000001,0.5294241000000001,1
6698,9,CCND3,0.009999999999999998,0.0523604,1
6699,9,TRIP11,-0.07,-0.052788,1
6700,9,CNTRL,-0.04,-0.03439539999999999,1
6701,9,PIK3CA,1.200000000000001,1.053263,1
6702,9,DDX5,0.11,0.17704060000000008,1
6703,9,PICALM,0.010000000000000002,0.011289300000000006,1
6704,9,RARA,-0.07,0.08055260000000003,1
6705,9,DDX6,0.019999999999999983,0.1119787,1
6706,9,COL1A1,0.22999999999999998,0.19815809999999998,1
6707,9,VHL,0.33000000000000007,0.24721340000000003,1
6708,9,MAPK1,1.8200000000000012,1.2906035,1
6709,9,SRC,0.06999999999999997,0.2845628000000001,1
6710,9,NFE2L2,0.38,0.2696945,1
6711,9,MITF,-0.19999999999999998,-0.036165,1
6712,9,SMAD3,1.1800000000000008,1.1327072000000002,1
6713,9,RBM15,0.12000000000000001,0.10435230000000001,1
6714,9,ATR,0.7800000000000002,0.6593675,1
6715,9,EPAS1,0.34,0.35048760000000007,1
6716,9,TPM3,0.21000000000000002,0.1756578,1
6717,9,RPL10,0.12,0.12909369999999998,1
6718,9,STAG1,0.10000000000000002,0.1586633,1
6719,9,SBDS,-0.04,-0.014857600000000002,1
6720,9,KMT2D,1.0600000000000003,0.88496,1
6721,9,MED12,0.42999999999999994,0.3626418,1
6722,9,BCLAF1,-0.009999999999999995,0.05253000000000001,1
6723,9,ASPSCR1,-6.938893903907228e-18,0.013186900000000001,1
6724,9,CDK12,0.53,0.42965390000000003,1
6725,9,EWSR1,0.23999999999999996,0.30575199999999997,1
6726,9,NDRG1,-0.04000000000000001,-0.006758000000000001,1
6727,9,PSIP1,0.09,0.08611860000000002,1
6728,9,TRIM33,0.15,0.1321569,1
6729,9,MTOR,0.8700000000000001,0.7509735,1
6730,9,ARHGAP35,0.16,0.1497619,1
6731,9,POT1,0.03,0.0293838,1
6732,9,EXT1,0.11,0.0859342,1
6733,9,IL6ST,0.34,0.288975,1
6734,9,IDH2,0.04,0.0649311,1
6735,9,SMARCE1,0.44,0.3044637,1
6736,9,CRTC3,0.09999999999999999,0.0853404,1
6737,9,TSC1,0.34,0.3221832000000001,1
6738,9,BCOR,-0.20999999999999994,0.010283500000000008,1
6739,9,SDHA,0.26,0.18955149999999996,1
6740,9,EP300,2.380000000000001,2.0702985000000003,1
6741,9,HNRNPA2B1,0.5000000000000001,0.34625150000000005,1
6742,9,CLIP1,-0.12000000000000001,-0.0711366,1
6743,9,PATZ1,-0.5900000000000001,-0.14510489999999998,1
6744,9,FUBP1,-0.29,-0.08714170000000002,1
6745,9,HLA-A,-0.05,0.028221599999999993,1
6746,9,CCNC,-0.23,-0.09716820000000001,1
6747,9,RPN1,-0.19,-0.07367569999999998,1
6748,9,TCF7L2,0.11000000000000003,0.14093199999999997,1
6749,9,CANT1,-0.010000000000000009,0.009823899999999997,1
6750,9,RPL5,-0.49,-0.11776,1
6751,9,CCDC6,0.12000000000000002,0.124704,1
6752,9,NCKIPSD,-0.05,-0.009423300000000003,1
6753,9,SMARCD1,0.44,0.37726000000000004,1
6754,9,BCL10,0.009999999999999995,0.0548563,1
6755,9,MAX,0.020000000000000004,0.0647326,1
6756,9,HERPUD1,-0.05,-0.010991,1
6757,9,RAC1,0.12000000000000001,0.1698564,1
6758,9,FLNA,0.19000000000000003,0.1314208,1
6759,9,TFE3,-0.74,-0.2660637,1
6760,9,NCOR2,0.6500000000000001,0.5663919000000001,1
6761,9,PRPF40B,0.04,0.029591799999999998,1
6762,9,BCL3,-0.04000000000000001,0.002308800000000003,1
6763,9,TFPT,-0.39,-0.11496389999999998,1
6764,9,MLH1,0.87,0.7885314999999999,1
6765,9,ARHGAP5,0.13,0.1129126,1
6766,9,CIC,0.01,0.0070461,1
6767,9,LYN,0.6000000000000001,0.49698820000000005,1
6768,9,TCF12,0.36000000000000004,0.2987463,1
6769,9,KLF6,0.05,0.037303300000000005,1
6770,9,KMT2C,1.0100000000000002,0.8737989,1
6771,9,PIM1,-0.10000000000000003,-0.012158500000000003,1
6772,9,CCND1,0.9600000000000004,0.6698616999999998,1
6773,9,MLLT1,-1.62,-0.38932009999999995,1
6774,9,MEN1,0.020000000000000018,0.04465659999999998,1
6775,9,CUL3,0.11000000000000003,0.14655739999999998,1
6776,9,RB1,0.6900000000000002,0.5786569000000003,1
6777,9,LPP,-0.14,-0.02280039999999999,1
6778,9,BUB1B,-0.12,-0.03234629999999999,1
6779,9,SMAD4,1.610000000000001,1.3244658999999999,1
6780,9,FGFR1,0.25,0.2667486,1
6781,9,TMSB4X,0.03,0.0220299,1
6782,9,CDK4,1.1900000000000006,0.8103276999999999,1
6783,9,MSI2,0.01,0.007803,1
6784,9,MSH6,1.1000000000000005,0.9265351000000002,1
6785,9,BRAF,1.2500000000000007,1.1040488000000002,1
6786,9,TCEA1,-0.030000000000000006,0.029798799999999993,1
6787,9,TNFAIP3,0.12000000000000001,0.11468550000000001,1
6788,9,RABEP1,0.0,0.00048799999999999885,1
6789,9,GMPS,-0.06,-0.034220099999999996,1
6790,9,MDM2,1.3300000000000007,1.0266289,1
6791,9,NSD2,0.24999999999999997,0.1966267,1
6792,9,CASP8,-0.5399999999999999,-0.06714380000000002,1
6793,9,PER1,-0.21000000000000002,-0.06450430000000001,1
6794,9,UBR5,0.05,0.0657065,1
6795,9,EIF3E,0.03,0.0739666,1
6796,9,RFWD3,0.03,0.0289906,1
6797,9,BRD3,0.16000000000000003,0.11850369999999999,1
6798,9,PAFAH1B2,0.03,0.027000899999999998,1
6799,9,EXT2,0.009999999999999995,0.01745619999999999,1
6800,9,PLCG1,0.4499999999999999,0.3863473,1
6801,9,SF3B1,-0.7600000000000001,-0.37492850000000005,1
6802,9,ARHGEF10L,0.04,0.0211076,1
6803,9,NFATC2,0.26,0.2006985,1
6804,9,SDHD,0.31,0.2081825,1
6805,9,PABPC1,-1.03,-0.31842290000000006,1
6806,9,POLD1,-0.25,-0.0586568,1
6807,9,CALR,0.009999999999999997,0.058618199999999995,1
6808,9,PIK3CB,0.5900000000000001,0.5179098,1
6809,9,PPM1D,0.30000000000000004,0.23884450000000004,1
6810,9,ATRX,1.0200000000000005,0.9157940999999999,1
6811,9,DGCR8,0.2,0.1534788,1
6812,9,DDX10,0.18,0.1424793,1
6813,9,DROSHA,0.5800000000000001,0.4671061000000001,1
6814,9,TNFRSF14,-0.19,-0.0597702,1
6815,9,BCL9L,0.13,0.0984674,1
6816,9,QKI,0.05,0.0387192,1
6817,9,BAZ1A,0.01,0.0079226,1
6818,9,CHD4,0.41999999999999993,0.3799526,1
6819,9,NSD3,0.13,0.1328839,1
6820,9,NT5C2,0.16,0.0890221,1
6821,9,CCNB1IP1,0.13,0.05978270000000001,1
6822,9,PCBP1,-1.27,-0.3173556,1
6823,9,RALGDS,-0.15,0.0059276000000000086,1
6824,9,ARHGEF12,-1.3877787807814457e-17,0.033519099999999996,1
6825,9,HSP90AB1,1.2800000000000005,0.8612780000000001,1
6826,9,FOXO3,1.4900000000000009,1.1456378999999999,1
6827,9,HIP1,0.0,0.00037170000000000085,1
6828,9,CDC73,-0.019999999999999983,0.0515033,1
6829,9,NIN,-0.010000000000000002,-0.005745700000000003,1
6830,9,MDM4,0.12,0.1741859,1
6831,9,COL3A1,0.23,0.1892423,1
6832,9,CTNND1,0.10000000000000002,0.14537750000000002,1
6833,9,SPOP,0.060000000000000005,0.08252970000000001,1
6834,9,TMEM127,0.07,0.0487764,1
6835,9,CREB3L2,0.14,0.0874124,1
6836,9,MSH2,0.9700000000000004,0.8599681000000001,1
6837,9,FNBP1,-0.009999999999999995,0.030430000000000002,1
6838,9,ATF1,0.15,0.1042805,1
6839,9,EIF1AX,-0.56,-0.20005060000000002,1
6840,9,PMS1,0.49,0.39957149999999997,1
6841,9,DEK,0.21000000000000002,0.17268540000000004,1
6842,9,ERBB2,0.9000000000000004,0.5937530999999999,1
6843,9,AKT1,0.8400000000000003,0.5859477999999999,1
6844,9,CHEK2,0.6100000000000001,0.6717091999999999,1
6845,9,SDHB,0.43000000000000005,0.30302470000000004,1
6846,9,NCOA1,0.43,0.3547323,1
6847,9,CHIC2,0.08,0.0513127,1
6848,9,RUNX1,-0.15000000000000005,0.4806550000000001,1
6849,9,STAT6,0.4,0.37940549999999995,1
6850,9,FH,-0.060000000000000005,-0.006310399999999987,1
6851,9,AKT3,1.1300000000000003,0.8380065000000002,1
6852,9,GNAS,0.39,0.2777868,1
6853,9,CTNNB1,1.590000000000001,1.1053717999999997,1
6854,9,NONO,0.38999999999999996,0.3296923,1
6855,9,SMARCB1,1.0500000000000005,0.8744463000000002,1
6856,9,PRKAR1A,0.21,0.2098886,1
6857,9,ITGAV,-0.03,0.037345399999999994,1
6858,9,SS18,0.42,0.3071814,1
6859,9,MAP2K1,0.8800000000000003,0.5656812,1
6860,9,SIRPA,-0.08,-0.024451900000000006,1
6861,9,PPFIBP1,0.39999999999999997,0.29728450000000006,1
6862,9,RPL22,-0.16,0.11287700000000002,1
6863,9,CYLD,0.33,0.2611458,1
6864,9,ARID1B,0.8600000000000001,0.6859267000000001,1
6865,9,SETDB1,0.35000000000000003,0.25612250000000003,1
6866,9,AFDN,-0.26,-0.05418310000000001,1
6867,9,ZRSR2,-0.25,-0.1822055,1
6868,9,PBRM1,1.0100000000000005,0.7844328,1
6869,9,XPC,0.55,0.36326980000000003,1
6870,9,ASXL2,0.27,0.20135519999999998,1
6871,9,TRIM24,-0.09000000000000002,0.0375543,1
6872,9,SFPQ,-0.69,-0.2595077,1
6873,9,NCOA2,0.6000000000000001,0.5049809000000001,1
6874,9,FOXO4,0.31999999999999995,0.21679400000000004,1
6875,9,LEF1,0.32000000000000006,0.2520232,1
6876,9,B2M,-0.34,-0.14484599999999997,1
6877,9,DDIT3,-0.36,-0.10832860000000002,1
6878,9,BCL6,0.35000000000000003,0.3102687,1
6879,9,KRAS,-0.14000000000000015,0.09335079999999997,1
6880,9,FAT1,0.13,0.0974701,1
6881,9,ABL2,0.09,0.07055700000000001,1
6882,9,NF1,1.3400000000000007,1.0977452,1
6883,9,BTG1,-0.09,-0.033213599999999996,1
6884,9,EIF4A2,0.06999999999999999,0.0409554,1
6885,9,SET,0.18,0.1485902,1
6886,9,EPS15,0.09,0.07883680000000001,1
6887,9,RNF213,0.06,0.05184559999999999,1
6888,9,CTCF,1.1400000000000003,0.8023459000000003,1
6889,9,WDCP,0.25000000000000006,0.16292460000000003,1
6890,9,KAT7,0.16999999999999998,0.1474387,1
6891,9,KDM5C,0.2,0.20281200000000002,1
6892,9,TGFBR2,0.17,0.19084060000000005,1
6893,9,ATM,1.0600000000000005,1.0980011000000003,1
6894,9,NUMA1,0.039999999999999994,0.047191,1
6895,9,STAT3,0.4500000000000001,0.6221835000000002,1
6896,9,SUB1,-0.14,-0.061937000000000006,1
6897,9,NUP98,0.2399999999999999,0.23861319999999997,1
6898,9,ELL,0.15000000000000002,0.07838339999999999,1
6899,9,MAP3K1,0.31999999999999995,0.27538980000000013,1
6900,9,MALT1,0.12000000000000001,0.13633530000000002,1
6901,9,XPO1,0.5800000000000002,0.4806973,1
6902,9,SETD1B,0.28,0.2250754,1
6903,9,ETV6,-0.12000000000000001,-0.012775400000000004,1
6904,9,TBL1XR1,0.25,0.1808052,1
6905,9,NUP214,-0.02999999999999999,0.1556249,1
6906,9,TPR,0.12000000000000001,0.1111696,1
6907,9,ATIC,0.15999999999999998,0.1574063,1
6908,9,NACA,0.21000000000000002,0.1232067,1
6909,9,MYO5A,0.02,0.015935500000000002,1
6910,9,SMC1A,0.1499999999999999,0.3547958,1
6911,9,LASP1,-0.32,-0.1439493,1
6912,9,ERCC5,0.44999999999999996,0.30251959999999994,1
6913,9,JUN,-0.8799999999999999,-0.14026709999999998,1
6914,9,THRAP3,0.1,0.0798662,1
6915,9,STAG2,0.18999999999999997,0.24352020000000002,1
6916,9,RAF1,0.6100000000000001,0.5228809999999998,1
6917,9,ERCC3,0.63,0.5432089,1
6918,9,SMAD2,0.26000000000000023,0.4449855,1
6919,9,TAF15,0.22000000000000003,0.17693050000000002,1
6920,9,ARNT,0.27,0.25087139999999997,1
6921,9,CLTC,-0.4899999999999999,-0.20333890000000002,1
6922,9,IKBKB,0.4900000000000001,0.5000313000000001,1
6923,9,IDH1,-0.5900000000000001,-0.1845217,1
6924,9,SND1,5.204170427930421e-18,0.027908900000000004,1
6925,9,KNSTRN,0.02,0.0156348,1
6926,9,RHOA,-3.8000000000000003,-0.8170663,1
6927,9,PALB2,0.7300000000000002,0.6293146000000002,1
6928,9,ARID2,0.8700000000000001,0.6952486999999999,1
6929,9,EZR,-0.07000000000000003,0.0020676000000000097,1
6930,9,TP53,0.20000000000000018,0.5235496,1
6931,9,ARAF,0.43,0.25036939999999996,1
6932,9,KIF5B,0.56,0.44104150000000003,1
6933,9,KAT6A,0.19000000000000003,0.23448480000000002,1
6934,9,KTN1,-0.07,-0.007851400000000001,1
6935,9,GOLGA5,-0.09000000000000001,-0.059424700000000004,1
6936,9,KDM5A,0.27,0.26890379999999997,1
6937,9,RAD21,0.5800000000000001,0.4890942,1
6938,9,GNAQ,0.38,0.27086990000000005,1
6939,9,CAMTA1,0.07,0.0497,1
6940,9,ERCC2,0.7200000000000001,0.5755493,1
6941,9,EZH2,1.6400000000000012,1.3302548999999997,1
6942,9,TOP1,0.31000000000000005,0.24820390000000003,1
6943,9,SRSF3,-0.27,-0.05828540000000002,1
6944,9,NPM1,0.18999999999999992,0.2370542,1
6945,9,BAX,-0.7599999999999999,-0.1633421,1
6946,9,NOTCH2,0.3,0.2621294,1
6947,9,TRAF7,0.02,0.014377800000000001,1
6948,9,KDM6A,0.7900000000000001,0.8412218,1
6949,9,SPEN,0.17,0.14168899999999998,1
6950,9,TRIM27,-0.55,-0.17562439999999999,1
6951,9,CRTC1,0.16999999999999998,0.1366279,1
6952,9,EML4,0.39,0.38176509999999997,1
6953,9,USP9X,0.04000000000000001,0.0316058,1
6954,9,PTPRK,0.0,0.0,1
6955,9,CD74,-0.18000000000000002,-0.02732530000000002,1
6956,9,CBL,0.5700000000000001,0.5330804,1
6957,9,ZNF384,0.06,0.048455700000000004,1
6958,9,NOTCH1,1.2200000000000006,0.9277651999999998,1
6959,9,COX6C,-0.19999999999999998,-0.05605839999999999,1
6960,9,CHCHD7,0.03,0.0206025,1
6961,9,HMGA1,-0.06,-0.0231021,1
6962,9,PTEN,0.7700000000000007,0.9262640999999994,1
6963,9,FIP1L1,-0.020000000000000004,-0.0078347,1
6964,9,JAK1,0.8900000000000003,0.7679900999999999,1
6965,9,ZMYM2,0.039999999999999994,0.036109600000000006,1
6966,9,SUZ12,0.9000000000000004,0.7192118,1
6967,9,FUS,-1.0000000000000002,-0.1976355,1
6968,9,BAP1,-0.3,-0.1235518,1
6969,9,ZCCHC8,-0.08,-0.0235384,1
6970,9,CRNKL1,0.03,0.0252837,1
6971,9,RAD17,0.19,0.1406463,1
6972,9,ATP1A1,-0.01,-0.005568899999999999,1
6973,9,DNMT3A,1.0300000000000002,0.8694016999999998,1
6974,9,FBXW7,0.9300000000000004,0.8374669,1
6975,9,WWTR1,-0.05,-0.013580099999999996,1
6976,9,CDKN1B,0.30000000000000004,0.26036289999999995,1
6977,9,KMT2A,0.23999999999999996,0.32638020000000006,1
6978,9,PTPN11,1.1500000000000008,0.9816473000000001,1
6979,9,STAT5B,0.7800000000000004,0.6736091,1
6980,9,CUX1,-0.04,-0.026501500000000004,1
6981,9,ABI1,-0.29000000000000004,-0.0682898,1
6982,9,BRCA1,1.9200000000000013,1.5714661999999993,1
6983,9,SH2B3,0.12,0.07296330000000001,1
6984,9,AFF4,-0.19,-0.10276750000000001,1
6985,9,NF2,0.19,0.18580619999999998,1
6986,9,LMNA,0.15000000000000005,0.09626290000000001,1
6987,9,TSC2,0.8300000000000003,0.6794608999999999,1
6988,9,GOLPH3,-0.07,-0.049505400000000005,1
6989,9,PCM1,-0.04,-0.0327302,1
6990,9,PPP2R1A,-0.4,-0.09556940000000001,1
6991,9,ARID1A,1.8700000000000012,1.5444627,1
6992,9,ABL1,-0.16,0.08677950000000004,1
6993,9,AFF1,-0.04000000000000001,0.0206814,1
6994,9,DAXX,-0.51,-0.13117030000000002,1
6995,9,CBFB,0.08,0.1424093,1
6996,9,CBLB,0.18,0.159092,1
6997,9,POLR2A,-0.34,0.08175760000000001,1
6998,9,PRKACA,0.20000000000000015,0.26912400000000003,1
6999,9,DNM2,-0.12000000000000002,-0.0428196,1
7000,9,RAP1GDS1,0.05,0.06589020000000001,1
7001,9,NCOR1,0.9500000000000002,0.9419125000000005,1
7002,9,NFKBIE,-0.44,-0.1299184,1
7003,9,DDX3X,0.29000000000000004,0.26519159999999997,1
7004,9,ELK4,0.03,0.0254748,1
7005,9,MLLT6,0.07,0.0569451,1
7006,9,SRSF2,-3.5300000000000002,-0.7669713,1
7007,9,CTNNA1,0.17,0.13339990000000002,1
7008,9,RBM10,0.039999999999999994,0.04383459999999998,1
7009,9,PTPRC,0.030000000000000027,0.122284,1
7010,9,HSP90AA1,1.1900000000000004,0.7964662000000001,1
7011,9,NSD1,0.21000000000000002,0.1754628,0
7012,9,DICER1,0.15000000000000002,0.173016,0
7013,9,BIRC6,0.060000000000000005,0.05312119999999999,0
7014,9,SDHC,0.2700000000000001,0.1718999,0
7015,9,TFG,0.32,0.17951509999999998,0
7016,9,MAP2K2,0.24,0.20803799999999997,0
7017,9,TFRC,-0.26,-0.12205390000000002,0
7018,9,CREB1,0.7100000000000004,0.48055509999999985,0
7019,9,POLG,0.02,0.007585,0
7020,9,SETD2,0.6500000000000002,0.5327052000000001,0
7021,9,NAB2,-0.22,-0.0919584,0
7022,9,HIF1A,1.520000000000001,1.0266576000000003,0
7023,9,FLCN,0.039999999999999994,0.036527699999999996,0
7024,9,MAP2K4,-0.010000000000000009,0.066366,0
7025,9,CNOT3,-0.060000000000000005,-0.0282436,0
7026,9,CIITA,0.11000000000000001,0.0834287,0
7027,9,LSM14A,0.029999999999999995,0.044931399999999996,0
7028,9,AKAP9,-0.06,-0.014490000000000003,0
7029,9,MSN,-0.24000000000000002,-0.03577530000000001,0
7030,9,BCR,0.049999999999999996,0.049011400000000004,0
7031,9,TRRAP,0.04000000000000002,0.08981120000000001,0
7032,9,PPP6C,-0.15,-0.0711212,0
7033,9,NCOA4,-0.29000000000000004,-0.1487283,0
7034,9,BCL9,0.13,0.09934120000000002,0
7035,9,PRCC,0.04000000000000001,0.0311876,0
7036,9,LARP4B,-0.01,-0.0048909999999999995,0
7037,9,CHD2,0.01,0.006989100000000001,0
7038,9,ASXL1,0.6200000000000001,0.48566110000000007,0
7039,9,SMARCA4,1.3000000000000007,0.9643049,0
7040,9,ERC1,-0.04,-0.0272928,0
7041,9,DCTN1,-0.24999999999999997,-0.0913737,0
7042,9,PIK3R1,1.3800000000000008,0.8920224,0
7043,9,EED,0.13,0.11470069999999999,0
7044,9,CNBP,0.01,0.0052628,0
7045,9,SGK1,0.35000000000000003,0.1974958,0
7046,9,MLLT10,-0.05,0.001373400000000002,0
7047,9,BRD4,0.9500000000000004,0.6753677999999999,0
7048,9,RANBP2,0.11999999999999998,0.17063309999999998,0
7049,9,FBXO11,0.04,0.0325485,0
7050,9,PML,0.39,0.27365989999999996,0
7051,9,AKT2,0.9400000000000002,0.6156121,0
7052,9,CEP89,0.08,0.0485255,0
7053,9,LZTR1,0.06,0.0660282,0
7054,9,YWHAE,0.31000000000000005,0.1953695,0
7055,9,DNAJB1,-0.009999999999999995,0.018907900000000012,0
7056,9,PRDM2,0.02,0.014349,0
7057,9,TPM4,0.47000000000000003,0.2985269,0
7058,9,CREBBP,1.640000000000001,1.3214644000000002,0
7059,9,PMS2,0.6300000000000001,0.5493501,0
7060,9,DDR2,0.02,0.015363400000000003,0
7061,9,FANCA,0.33,0.2694402,0
7062,9,PDE4DIP,0.060000000000000005,0.0410843,0
7063,9,USP8,-0.09999999999999999,-0.050344299999999995,0
7064,9,MYH9,-0.27999999999999997,-0.042196500000000005,0
7065,9,MYC,-0.45,-0.10584920000000009,0
7066,9,NBN,0.48,0.34038630000000003,0
7067,9,CCND3,0.049999999999999996,0.07069530000000002,0
7068,9,TRIP11,-0.15,-0.09205769999999999,0
7069,9,CNTRL,-0.060000000000000005,-0.03594690000000001,0
7070,9,PIK3CA,1.4400000000000008,0.9347533000000001,0
7071,9,DDX5,0.4,0.3578182,0
7072,9,PICALM,0.0,0.005726300000000004,0
7073,9,RARA,0.43000000000000005,0.3182551,0
7074,9,DDX6,0.01000000000000001,0.04656430000000002,0
7075,9,COL1A1,0.14,0.1321588,0
7076,9,VHL,0.21000000000000002,0.1533288,0
7077,9,MAPK1,1.4000000000000008,0.8364860000000002,0
7078,9,SRC,-0.5399999999999999,0.03433149999999997,0
7079,9,NFE2L2,0.19999999999999998,0.1384255,0
7080,9,MITF,-0.27999999999999997,-0.0549017,0
7081,9,SMAD3,1.1800000000000008,0.8352316,0
7082,9,RBM15,0.06,0.04748269999999999,0
7083,9,ATR,0.6800000000000003,0.5453888000000001,0
7084,9,EPAS1,0.39999999999999997,0.3404076,0
7085,9,TPM3,0.38,0.27214230000000006,0
7086,9,RPL10,0.09999999999999999,0.10751830000000001,0
7087,9,STAG1,0.11,0.11131460000000003,0
7088,9,SBDS,-0.07,-0.025487499999999996,0
7089,9,KMT2D,0.9400000000000004,0.6653069,0
7090,9,MED12,0.32,0.2503825,0
7091,9,BCLAF1,-0.06999999999999999,0.005045500000000008,0
7092,9,ASPSCR1,0.030000000000000006,0.021610000000000004,0
7093,9,CDK12,0.11000000000000001,0.0891465,0
7094,9,EWSR1,0.48,0.3869229,0
7095,9,NDRG1,-0.04000000000000001,-0.011246400000000004,0
7096,9,PSIP1,-0.21,-0.09801370000000002,0
7097,9,TRIM33,3.469446951953614e-18,0.023841600000000004,0
7098,9,MTOR,1.2800000000000005,0.8689849,0
7099,9,ARHGAP35,0.15,0.12049910000000001,0
7100,9,POT1,-0.049999999999999996,-0.0141054,0
7101,9,EXT1,0.11,0.0703417,0
7102,9,IL6ST,0.27,0.1931831,0
7103,9,IDH2,0.15,0.14103890000000002,0
7104,9,SMARCE1,0.56,0.36245839999999996,0
7105,9,CRTC3,0.08,0.058123299999999996,0
7106,9,TSC1,0.34,0.2738695,0
7107,9,BCOR,-0.13,-0.02252040000000001,0
7108,9,SDHA,0.23,0.1326314,0
7109,9,EP300,1.590000000000001,1.1062054000000001,0
7110,9,HNRNPA2B1,0.2,0.2332113,0
7111,9,CLIP1,-0.15,-0.07070130000000001,0
7112,9,PATZ1,-0.33999999999999997,-0.1033021,0
7113,9,FUBP1,-0.11000000000000001,-0.00021739999999999607,0
7114,9,HLA-A,-0.01999999999999999,0.0531367,0
7115,9,CCNC,-0.16000000000000003,-0.05930450000000001,0
7116,9,RPN1,-0.26,-0.0532531,0
7117,9,TCF7L2,-0.019999999999999997,0.023255799999999983,0
7118,9,CANT1,0.13,0.08288670000000001,0
7119,9,RPL5,-0.6299999999999999,-0.15073699999999995,0
7120,9,CCDC6,-0.039999999999999994,0.022106400000000005,0
7121,9,NCKIPSD,0.019999999999999997,0.012367799999999998,0
7122,9,SMARCD1,0.45,0.31401400000000007,0
7123,9,BCL10,0.010000000000000016,0.020165999999999996,0
7124,9,MAX,-0.05,-0.018148300000000003,0
7125,9,HERPUD1,0.03,0.0138435,0
7126,9,RAC1,-0.29999999999999993,-0.019911100000000008,0
7127,9,FLNA,0.009999999999999995,0.07569999999999999,0
7128,9,TFE3,-0.38,-0.1599758,0
7129,9,NCOR2,0.7400000000000002,0.537582,0
7130,9,PRPF40B,-0.04,-0.024106299999999997,0
7131,9,BCL3,-0.12999999999999998,-0.045456899999999995,0
7132,9,TFPT,-0.2,-0.082019,0
7133,9,MLH1,0.8300000000000001,0.6742787000000002,0
7134,9,ARHGAP5,0.14,0.09561760000000002,0
7135,9,CIC,0.0,0.0,0
7136,9,LYN,0.9300000000000003,0.6025401999999999,0
7137,9,TCF12,0.23000000000000004,0.1606673,0
7138,9,KLF6,0.04,0.023964700000000002,0
7139,9,KMT2C,1.0400000000000005,0.7584858,0
7140,9,PIM1,-0.04999999999999998,0.004061000000000006,0
7141,9,CCND1,0.9900000000000004,0.6442323000000002,0
7142,9,MLLT1,-0.5800000000000001,-0.1945553,0
7143,9,MEN1,0.17999999999999997,0.1484459,0
7144,9,CUL3,0.18000000000000002,0.1581407,0
7145,9,RB1,0.5800000000000001,0.381016,0
7146,9,LPP,-0.03,-0.020657000000000002,0
7147,9,BUB1B,-0.15000000000000002,-0.0746196,0
7148,9,SMAD4,1.3300000000000005,0.9611553999999998,0
7149,9,FGFR1,0.21,0.13588229999999998,0
7150,9,TMSB4X,0.04,0.0317568,0
7151,9,CDK4,0.45000000000000007,0.36320250000000004,0
7152,9,MSI2,0.0,0.0,0
7153,9,MSH6,0.8200000000000002,0.5923277,0
7154,9,BRAF,0.8600000000000004,0.7280046999999998,0
7155,9,TCEA1,-0.08000000000000002,-0.0188324,0
7156,9,TNFAIP3,0.09999999999999999,0.09507199999999999,0
7157,9,RABEP1,-0.03,-0.020183299999999998,0
7158,9,GMPS,-0.07,-0.043229199999999995,0
7159,9,MDM2,1.1700000000000006,0.6924144000000001,0
7160,9,NSD2,0.17,0.11656949999999999,0
7161,9,CASP8,0.010000000000000009,0.1677708,0
7162,9,PER1,-0.21999999999999997,-0.043361000000000004,0
7163,9,UBR5,-0.07999999999999999,-0.029372999999999996,0
7164,9,EIF3E,-0.08000000000000002,0.048854999999999996,0
7165,9,RFWD3,0.019999999999999997,0.0314732,0
7166,9,BRD3,0.13,0.1080039,0
7167,9,PAFAH1B2,0.02,0.015297400000000001,0
7168,9,EXT2,0.020000000000000004,0.015769299999999993,0
7169,9,PLCG1,0.5300000000000001,0.3353030000000001,0
7170,9,SF3B1,-0.33,-0.1418221,0
7171,9,ARHGEF10L,0.02,0.0122714,0
7172,9,NFATC2,0.22999999999999998,0.1588204,0
7173,9,SDHD,0.22,0.1175326,0
7174,9,PABPC1,-0.76,-0.22451449999999998,0
7175,9,POLD1,-0.21000000000000002,-0.0401687,0
7176,9,CALR,0.06000000000000001,0.05086209999999999,0
7177,9,PIK3CB,0.5399999999999999,0.4022219999999999,0
7178,9,PPM1D,0.14,0.1030269,0
7179,9,ATRX,0.9600000000000003,0.7471785000000001,0
7180,9,DGCR8,0.15,0.0888815,0
7181,9,DDX10,0.11000000000000001,0.0700856,0
7182,9,DROSHA,0.40000000000000013,0.26976639999999996,0
7183,9,TNFRSF14,-0.11,-0.0373267,0
7184,9,BCL9L,0.14,0.0955656,0
7185,9,QKI,-0.17,-0.09001150000000001,0
7186,9,BAZ1A,0.01,0.0065697,0
7187,9,CHD4,0.21,0.18794500000000003,0
7188,9,NSD3,0.039999999999999994,0.03728659999999999,0
7189,9,NT5C2,0.15000000000000002,0.09415910000000001,0
7190,9,CCNB1IP1,0.1,0.041898500000000005,0
7191,9,PCBP1,-0.43999999999999995,-0.1390883,0
7192,9,RALGDS,0.14,0.0980211,0
7193,9,ARHGEF12,0.03,0.0163816,0
7194,9,HSP90AB1,0.9700000000000004,0.64758,0
7195,9,FOXO3,1.0200000000000002,0.6537318000000001,0
7196,9,HIP1,-0.02,-0.0123384,0
7197,9,CDC73,-0.14,-0.03428149999999999,0
7198,9,NIN,0.029999999999999995,0.0213439,0
7199,9,MDM4,0.17,0.14816300000000002,0
7200,9,COL3A1,0.18,0.1541289,0
7201,9,CTNND1,0.09,0.0879188,0
7202,9,SPOP,-0.04000000000000001,0.01066519999999999,0
7203,9,TMEM127,0.09000000000000001,0.07161110000000001,0
7204,9,CREB3L2,0.11,0.06524180000000002,0
7205,9,MSH2,0.8200000000000003,0.5628886000000001,0
7206,9,FNBP1,0.01,0.0096117,0
7207,9,ATF1,-0.08,-0.0349067,0
7208,9,EIF1AX,-0.37000000000000005,-0.1728107,0
7209,9,PMS1,0.51,0.38694369999999995,0
7210,9,DEK,0.04000000000000002,0.07679380000000001,0
7211,9,ERBB2,1.0000000000000004,0.6114217,0
7212,9,AKT1,0.7500000000000003,0.5036669000000001,0
7213,9,CHEK2,0.31,0.394928,0
7214,9,SDHB,0.39999999999999997,0.25122479999999997,0
7215,9,NCOA1,0.37,0.23933600000000005,0
7216,9,CHIC2,0.060000000000000005,0.031601000000000004,0
7217,9,RUNX1,0.36,0.5918174000000002,0
7218,9,STAT6,0.22,0.1601872,0
7219,9,FH,-0.17,-0.061015900000000005,0
7220,9,AKT3,1.0300000000000005,0.6397486,0
7221,9,GNAS,0.24999999999999997,0.15555970000000002,0
7222,9,CTNNB1,1.1600000000000006,0.7282752999999997,0
7223,9,NONO,0.08,0.059468900000000005,0
7224,9,SMARCB1,0.8800000000000003,0.6203041999999999,0
7225,9,PRKAR1A,0.05,0.06980739999999999,0
7226,9,ITGAV,0.04000000000000001,0.04053169999999999,0
7227,9,SS18,0.39999999999999997,0.23901360000000002,0
7228,9,MAP2K1,1.0300000000000005,0.6571472999999999,0
7229,9,SIRPA,-0.01,-0.0052772,0
7230,9,PPFIBP1,0.3499999999999999,0.2218252,0
7231,9,RPL22,-0.27999999999999997,0.0710136,0
7232,9,CYLD,0.27,0.20062270000000001,0
7233,9,ARID1B,0.54,0.3975712,0
7234,9,SETDB1,0.31,0.21935559999999998,0
7235,9,AFDN,-0.31999999999999995,-0.1544298,0
7236,9,ZRSR2,0.25,0.17258259999999997,0
7237,9,PBRM1,0.9000000000000004,0.6241326,0
7238,9,XPC,0.6200000000000001,0.4404959,0
7239,9,ASXL2,0.2,0.1269672,0
7240,9,TRIM24,-0.26,-0.12951800000000002,0
7241,9,SFPQ,-0.14,-0.00028739999999998975,0
7242,9,NCOA2,0.49,0.3151035,0
7243,9,FOXO4,0.3800000000000001,0.24298380000000003,0
7244,9,LEF1,0.02000000000000001,0.0441436,0
7245,9,B2M,-0.4900000000000001,-0.1808961,0
7246,9,DDIT3,-0.39,-0.0900576,0
7247,9,BCL6,0.6100000000000001,0.43014300000000005,0
7248,9,KRAS,-0.8099999999999998,-0.13766730000000002,0
7249,9,FAT1,0.06000000000000001,0.05428319999999999,0
7250,9,ABL2,0.029999999999999995,0.0303276,0
7251,9,NF1,0.61,0.4968892999999999,0
7252,9,BTG1,0.01,0.006259400000000001,0
7253,9,EIF4A2,0.04000000000000001,0.051597,0
7254,9,SET,0.13,0.11777689999999999,0
7255,9,EPS15,-0.019999999999999993,0.0021652000000000025,0
7256,9,RNF213,0.03,0.0240924,0
7257,9,CTCF,0.7100000000000002,0.5156822,0
7258,9,WDCP,0.11000000000000001,0.0766647,0
7259,9,KAT7,0.08,0.0611708,0
7260,9,KDM5C,0.18000000000000002,0.1547753,0
7261,9,TGFBR2,0.2,0.17450680000000002,0
7262,9,ATM,1.4000000000000008,1.0110647000000001,0
7263,9,NUMA1,-0.009999999999999997,0.008961,0
7264,9,STAT3,1.4300000000000008,1.1228868,0
7265,9,SUB1,-0.23,-0.0868585,0
7266,9,NUP98,-0.02000000000000001,0.031608000000000004,0
7267,9,ELL,0.15,0.0938774,0
7268,9,MAP3K1,0.51,0.3300629,0
7269,9,MALT1,0.16,0.1330153,0
7270,9,XPO1,0.19,0.1604806,0
7271,9,SETD1B,0.03,0.026607699999999998,0
7272,9,ETV6,-0.24,-0.10297289999999998,0
7273,9,TBL1XR1,0.16,0.09717780000000001,0
7274,9,NUP214,0.07000000000000002,0.0803182,0
7275,9,TPR,0.07999999999999999,0.08164289999999999,0
7276,9,ATIC,0.010000000000000009,0.016204100000000003,0
7277,9,NACA,0.24,0.1705439,0
7278,9,MYO5A,-0.02,-0.0088313,0
7279,9,SMC1A,0.63,0.49181070000000005,0
7280,9,LASP1,-0.2,-0.11920839999999999,0
7281,9,ERCC5,0.47,0.3204297,0
7282,9,JUN,0.8700000000000004,0.6443030000000001,0
7283,9,THRAP3,0.06999999999999999,0.05799280000000001,0
7284,9,STAG2,0.4800000000000001,0.3252493000000001,0
7285,9,RAF1,1.1700000000000004,0.7941129,0
7286,9,ERCC3,0.48000000000000004,0.40673539999999997,0
7287,9,SMAD2,0.5600000000000003,0.4513864,0
7288,9,TAF15,0.15000000000000002,0.14125410000000002,0
7289,9,ARNT,0.33000000000000007,0.24611260000000001,0
7290,9,CLTC,-0.5300000000000001,-0.306761,0
7291,9,IKBKB,0.53,0.3846559000000001,0
7292,9,IDH1,-0.20000000000000004,0.007202699999999994,0
7293,9,SND1,-0.03,-0.0172132,0
7294,9,KNSTRN,0.03,0.0230466,0
7295,9,RHOA,-0.4999999999999999,-0.0871776,0
7296,9,PALB2,0.5800000000000001,0.4711366,0
7297,9,ARID2,0.6400000000000001,0.4693891,0
7298,9,EZR,-0.13999999999999999,-0.0243644,0
7299,9,TP53,-0.7699999999999997,0.03862669999999996,0
7300,9,ARAF,0.3600000000000001,0.1940807,0
7301,9,KIF5B,0.32000000000000006,0.24202250000000003,0
7302,9,KAT6A,0.22999999999999998,0.17994039999999997,0
7303,9,KTN1,-0.06,-0.0261558,0
7304,9,GOLGA5,-0.16000000000000003,-0.0916226,0
7305,9,KDM5A,0.22,0.1871466,0
7306,9,RAD21,0.45000000000000007,0.3424541,0
7307,9,GNAQ,0.17,0.10749540000000002,0
7308,9,CAMTA1,0.0,0.0016711999999999994,0
7309,9,ERCC2,0.56,0.38925689999999996,0
7310,9,EZH2,1.680000000000001,1.0066964999999999,0
7311,9,TOP1,0.23,0.17207020000000003,0
7312,9,SRSF3,-0.42000000000000004,-0.12200479999999997,0
7313,9,NPM1,-0.27,0.01992109999999997,0
7314,9,BAX,-0.31,-0.108493,0
7315,9,NOTCH2,0.28,0.213302,0
7316,9,TRAF7,0.02,0.013784600000000001,0
7317,9,KDM6A,0.7600000000000002,0.6024764,0
7318,9,SPEN,0.09,0.06335299999999999,0
7319,9,TRIM27,-0.2,-0.0864131,0
7320,9,CRTC1,0.14,0.1032732,0
7321,9,EML4,0.09999999999999999,0.08453879999999997,0
7322,9,USP9X,-0.21,-0.1282285,0
7323,9,PTPRK,0.01,0.0065071999999999994,0
7324,9,CD74,-0.17,-0.013623999999999997,0
7325,9,CBL,0.57,0.3908333,0
7326,9,ZNF384,-0.09,-0.0445483,0
7327,9,NOTCH1,0.9600000000000004,0.7331294,0
7328,9,COX6C,-0.06,-0.0385129,0
7329,9,CHCHD7,0.04,0.0282132,0
7330,9,HMGA1,-0.14,-0.061642,0
7331,9,PTEN,1.550000000000001,1.1124169000000002,0
7332,9,FIP1L1,-0.03,-0.019569299999999998,0
7333,9,JAK1,0.8200000000000003,0.5957124,0
7334,9,ZMYM2,-0.11000000000000001,-0.06878870000000001,0
7335,9,SUZ12,0.5700000000000001,0.40907370000000004,0
7336,9,FUS,-0.040000000000000036,0.158049,0
7337,9,BAP1,0.02,0.056899500000000006,0
7338,9,ZCCHC8,-0.12,-0.028298399999999998,0
7339,9,CRNKL1,-0.06,-0.033656399999999996,0
7340,9,RAD17,0.09000000000000001,0.06773660000000002,0
7341,9,ATP1A1,0.01,0.0054973,0
7342,9,DNMT3A,0.9300000000000004,0.6534173999999999,0
7343,9,FBXW7,0.9900000000000002,0.7283763,0
7344,9,WWTR1,-0.09999999999999999,-0.046108300000000005,0
7345,9,CDKN1B,0.6500000000000001,0.3837748,0
7346,9,KMT2A,0.33999999999999997,0.28079529999999997,0
7347,9,PTPN11,0.8800000000000001,0.5892675999999999,0
7348,9,STAT5B,0.6500000000000001,0.49007890000000004,0
7349,9,CUX1,-0.13,-0.0798691,0
7350,9,ABI1,-0.37,-0.11519980000000002,0
7351,9,BRCA1,1.6100000000000012,1.2015420999999995,0
7352,9,SH2B3,0.060000000000000005,0.04355830000000001,0
7353,9,AFF4,0.15,0.10108370000000001,0
7354,9,NF2,0.01999999999999999,0.07542469999999998,0
7355,9,LMNA,0.14,0.10824529999999999,0
7356,9,TSC2,0.5900000000000001,0.4521463999999999,0
7357,9,GOLPH3,-0.07,-0.0436821,0
7358,9,PCM1,-0.05,-0.031212999999999998,0
7359,9,PPP2R1A,-0.41000000000000003,-0.10806020000000001,0
7360,9,ARID1A,1.700000000000001,1.1228205000000002,0
7361,9,ABL1,0.25,0.22016710000000003,0
7362,9,AFF1,0.27,0.19811039999999996,0
7363,9,DAXX,-0.20000000000000004,-0.02864099999999999,0
7364,9,CBFB,0.13999999999999999,0.09384039999999999,0
7365,9,CBLB,0.13,0.0939083,0
7366,9,POLR2A,-0.03,0.08140569999999997,0
7367,9,PRKACA,0.36000000000000004,0.2799487,0
7368,9,DNM2,-0.15,-0.06276410000000002,0
7369,9,RAP1GDS1,-0.06999999999999999,-0.03572499999999999,0
7370,9,NCOR1,0.9300000000000003,0.7384564000000001,0
7371,9,NFKBIE,-0.11000000000000001,-0.046376600000000004,0
7372,9,DDX3X,0.03999999999999999,0.0807008,0
7373,9,ELK4,0.02,0.0136486,0
7374,9,MLLT6,0.08000000000000002,0.0588856,0
7375,9,SRSF2,-0.5499999999999999,-0.15486060000000001,0
7376,9,CTNNA1,0.029999999999999992,0.029181500000000003,0
7377,9,RBM10,0.23,0.1589415,0
7378,9,PTPRC,0.08,0.09742250000000001,0
7379,9,HSP90AA1,1.0800000000000003,0.7037785000000002,0
7380,10,NSD1,0.29,0.2547149,1
7381,10,DICER1,0.3500000000000001,0.3365508,1
7382,10,BIRC6,0.09999999999999999,0.10142400000000001,1
7383,10,SDHC,0.39999999999999997,0.30471139999999997,1
7384,10,TFG,0.11000000000000001,0.0720112,1
7385,10,MAP2K2,0.32000000000000006,0.22069,1
7386,10,TFRC,-0.28,-0.09256920000000002,1
7387,10,CREB1,0.8300000000000004,0.7367377,1
7388,10,POLG,-0.01,-0.0029941,1
7389,10,SETD2,0.6600000000000001,0.6051097,1
7390,10,NAB2,-0.51,-0.14688869999999998,1
7391,10,HIF1A,1.660000000000001,1.3093149000000004,1
7392,10,FLCN,-0.09000000000000001,0.003841399999999988,1
7393,10,MAP2K4,0.09000000000000002,0.13656200000000002,1
7394,10,CNOT3,0.04999999999999999,0.049727900000000005,1
7395,10,CIITA,0.06999999999999999,0.0416874,1
7396,10,LSM14A,0.15,0.1198043,1
7397,10,AKAP9,-0.09,-0.0047225000000000045,1
7398,10,MSN,-0.18000000000000005,-0.04982710000000001,1
7399,10,BCR,-0.09000000000000001,0.017647699999999995,1
7400,10,TRRAP,-0.010000000000000037,0.17748609999999995,1
7401,10,PPP6C,-0.17,-0.0744703,1
7402,10,NCOA4,-0.10999999999999999,-0.0401396,1
7403,10,BCL9,0.19,0.1610103,1
7404,10,PRCC,0.09999999999999999,0.07596019999999999,1
7405,10,LARP4B,0.03,0.022209,1
7406,10,CHD2,0.02,0.018067200000000002,1
7407,10,ASXL1,0.4,0.40985600000000005,1
7408,10,SMARCA4,1.9000000000000012,1.4970709,1
7409,10,ERC1,-0.03,-0.0224292,1
7410,10,DCTN1,0.010000000000000002,0.039700500000000014,1
7411,10,PIK3R1,1.1400000000000006,0.9603799000000002,1
7412,10,EED,0.08000000000000002,0.06689840000000001,1
7413,10,CNBP,0.0,0.0,1
7414,10,SGK1,0.44999999999999996,0.306497,1
7415,10,MLLT10,-0.16,-0.0852136,1
7416,10,BRD4,0.9000000000000004,0.8231024,1
7417,10,RANBP2,0.24999999999999997,0.26770510000000003,1
7418,10,FBXO11,0.06,0.049083,1
7419,10,PML,0.31999999999999995,0.22407710000000003,1
7420,10,AKT2,1.1200000000000006,0.8233709,1
7421,10,CEP89,0.06,0.0358112,1
7422,10,LZTR1,0.07999999999999999,0.1050036,1
7423,10,YWHAE,0.3,0.1894521,1
7424,10,DNAJB1,-0.09,-0.0326656,1
7425,10,PRDM2,0.06,0.050427200000000005,1
7426,10,TPM4,0.51,0.35790120000000003,1
7427,10,CREBBP,1.9700000000000013,1.6402437000000003,1
7428,10,PMS2,0.77,0.6893956000000001,1
7429,10,DDR2,-0.009999999999999998,-0.006122900000000004,1
7430,10,FANCA,0.43000000000000005,0.3611711,1
7431,10,PDE4DIP,0.08,0.062229799999999995,1
7432,10,USP8,-0.049999999999999996,-0.026256099999999997,1
7433,10,MYH9,-0.33999999999999997,-0.08484819999999998,1
7434,10,MYC,-0.9700000000000002,-0.17918989999999996,1
7435,10,NBN,0.6000000000000001,0.4962971,1
7436,10,CCND3,-0.14000000000000004,-0.021101600000000005,1
7437,10,TRIP11,-0.1,-0.0771187,1
7438,10,CNTRL,-0.09999999999999999,-0.0751394,1
7439,10,PIK3CA,1.230000000000001,1.0897145999999998,1
7440,10,DDX5,0.4000000000000001,0.35477770000000003,1
7441,10,PICALM,-0.009999999999999998,-0.0024969999999999958,1
7442,10,RARA,-0.010000000000000005,0.08076349999999999,1
7443,10,DDX6,0.0,0.09529019999999998,1
7444,10,COL1A1,0.19000000000000003,0.1666476,1
7445,10,VHL,0.28,0.20773939999999996,1
7446,10,MAPK1,1.780000000000001,1.2918681,1
7447,10,SRC,0.4700000000000002,0.4289422,1
7448,10,NFE2L2,0.32999999999999996,0.24307499999999999,1
7449,10,MITF,-0.15000000000000002,-0.005888200000000003,1
7450,10,SMAD3,1.1500000000000008,1.1271917,1
7451,10,RBM15,0.08,0.0698007,1
7452,10,ATR,0.7200000000000001,0.6091351,1
7453,10,EPAS1,0.36,0.37826270000000006,1
7454,10,TPM3,0.26000000000000006,0.22405660000000002,1
7455,10,RPL10,0.08,0.1129319,1
7456,10,STAG1,0.14,0.14635639999999997,1
7457,10,SBDS,-0.1,-0.030003000000000002,1
7458,10,KMT2D,1.0400000000000005,0.8392449999999999,1
7459,10,MED12,0.34,0.29041190000000006,1
7460,10,BCLAF1,-0.039999999999999994,0.022497500000000004,1
7461,10,ASPSCR1,0.009999999999999995,0.012983499999999995,1
7462,10,CDK12,0.51,0.41405220000000004,1
7463,10,EWSR1,0.28,0.3134348,1
7464,10,NDRG1,-0.049999999999999996,-0.0178524,1
7465,10,PSIP1,0.030000000000000006,0.031612600000000005,1
7466,10,TRIM33,0.15,0.1248944,1
7467,10,MTOR,0.9400000000000004,0.8009688,1
7468,10,ARHGAP35,0.17000000000000004,0.1513922,1
7469,10,POT1,-0.029999999999999992,0.0019931000000000003,1
7470,10,EXT1,0.11,0.08293890000000001,1
7471,10,IL6ST,0.32,0.2706015,1
7472,10,IDH2,-0.049999999999999996,0.008160800000000003,1
7473,10,SMARCE1,0.5,0.3586736,1
7474,10,CRTC3,0.09,0.0752679,1
7475,10,TSC1,0.36,0.33536020000000005,1
7476,10,BCOR,-0.12999999999999998,0.011772600000000005,1
7477,10,SDHA,0.25,0.20271440000000002,1
7478,10,EP300,2.2400000000000007,1.9015641999999995,1
7479,10,HNRNPA2B1,0.51,0.3727401000000001,1
7480,10,CLIP1,-0.16,-0.0914901,1
7481,10,PATZ1,-0.52,-0.1459094,1
7482,10,FUBP1,-0.11,-0.013888799999999995,1
7483,10,HLA-A,-0.09000000000000001,0.012594599999999984,1
7484,10,CCNC,-0.26,-0.1179982,1
7485,10,RPN1,-0.22,-0.0739137,1
7486,10,TCF7L2,0.049999999999999975,0.10902330000000002,1
7487,10,CANT1,0.09,0.04607700000000001,1
7488,10,RPL5,-0.7200000000000001,-0.20705959999999998,1
7489,10,CCDC6,0.06,0.08093360000000001,1
7490,10,NCKIPSD,-0.04,-0.0111103,1
7491,10,SMARCD1,0.44000000000000006,0.38595119999999994,1
7492,10,BCL10,0.010000000000000002,0.051329700000000006,1
7493,10,MAX,0.08,0.0975966,1
7494,10,HERPUD1,-0.03,-0.008124,1
7495,10,RAC1,-0.09999999999999999,0.05327,1
7496,10,FLNA,0.15000000000000005,0.11503379999999999,1
7497,10,TFE3,-0.8400000000000001,-0.2897379,1
7498,10,NCOR2,0.6900000000000003,0.5803851,1
7499,10,PRPF40B,0.02,0.0174234,1
7500,10,BCL3,-0.15999999999999998,-0.03507550000000001,1
7501,10,TFPT,-0.39,-0.12199020000000001,1
7502,10,MLH1,0.8300000000000003,0.7461291999999999,1
7503,10,ARHGAP5,0.09999999999999999,0.10334789999999999,1
7504,10,CIC,0.0,0.0,1
7505,10,LYN,0.7700000000000001,0.5791987,1
7506,10,TCF12,0.33,0.2678691,1
7507,10,KLF6,0.060000000000000005,0.038769700000000004,1
7508,10,KMT2C,1.0100000000000005,0.8582864,1
7509,10,PIM1,-0.13,-0.026205600000000016,1
7510,10,CCND1,1.3100000000000007,0.8462689000000001,1
7511,10,MLLT1,-1.3900000000000001,-0.37189250000000007,1
7512,10,MEN1,-0.14,-0.0511608,1
7513,10,CUL3,0.03000000000000001,0.1081483,1
7514,10,RB1,0.69,0.5606408999999999,1
7515,10,LPP,-0.12,-0.02409769999999999,1
7516,10,BUB1B,-0.15,-0.039497400000000016,1
7517,10,SMAD4,1.610000000000001,1.3321886,1
7518,10,FGFR1,0.33,0.2843258,1
7519,10,TMSB4X,0.04,0.030835599999999998,1
7520,10,CDK4,1.0200000000000005,0.7403366000000001,1
7521,10,MSI2,0.01,0.007992599999999999,1
7522,10,MSH6,0.9400000000000004,0.8412379,1
7523,10,BRAF,1.3300000000000007,1.1749722999999994,1
7524,10,TCEA1,-0.09000000000000001,-0.0028410999999999922,1
7525,10,TNFAIP3,0.15999999999999998,0.14341020000000002,1
7526,10,RABEP1,-0.010000000000000002,-0.007589800000000001,1
7527,10,GMPS,-0.08999999999999998,-0.0353813,1
7528,10,MDM2,1.1800000000000008,0.9286655999999999,1
7529,10,NSD2,0.19999999999999998,0.1567124,1
7530,10,CASP8,0.010000000000000009,0.15787880000000004,1
7531,10,PER1,-0.23000000000000004,-0.08122380000000001,1
7532,10,UBR5,0.049999999999999996,0.05850210000000001,1
7533,10,EIF3E,-0.06000000000000001,0.03352039999999999,1
7534,10,RFWD3,0.030000000000000002,0.032506099999999996,1
7535,10,BRD3,0.13,0.0978009,1
7536,10,PAFAH1B2,0.02,0.0176552,1
7537,10,EXT2,0.020000000000000004,0.02005860000000001,1
7538,10,PLCG1,0.4699999999999999,0.40643260000000003,1
7539,10,SF3B1,-0.6200000000000001,-0.28019020000000006,1
7540,10,ARHGEF10L,0.04,0.022613599999999998,1
7541,10,NFATC2,0.22,0.1626525,1
7542,10,SDHD,0.30000000000000004,0.20814959999999996,1
7543,10,PABPC1,-0.9900000000000001,-0.2643932,1
7544,10,POLD1,-0.25000000000000006,-0.06644969999999999,1
7545,10,CALR,0.06999999999999999,0.07934240000000001,1
7546,10,PIK3CB,0.5900000000000001,0.5155235,1
7547,10,PPM1D,0.26,0.20770390000000002,1
7548,10,ATRX,1.0100000000000002,0.8721411000000001,1
7549,10,DGCR8,0.18,0.1434729,1
7550,10,DDX10,0.16000000000000003,0.12056739999999999,1
7551,10,DROSHA,0.53,0.42766430000000005,1
7552,10,TNFRSF14,-0.19,-0.060380100000000006,1
7553,10,BCL9L,0.15,0.11239,1
7554,10,QKI,0.009999999999999998,0.008823300000000001,1
7555,10,BAZ1A,0.01,0.007724900000000001,1
7556,10,CHD4,0.33000000000000007,0.28542899999999993,1
7557,10,NSD3,0.13999999999999999,0.1301564,1
7558,10,NT5C2,0.17,0.1030166,1
7559,10,CCNB1IP1,0.14,0.06621370000000001,1
7560,10,PCBP1,-1.0299999999999998,-0.26877689999999993,1
7561,10,RALGDS,-0.009999999999999995,0.057780100000000015,1
7562,10,ARHGEF12,-0.04,0.021130299999999994,1
7563,10,HSP90AB1,1.1100000000000005,0.767382,1
7564,10,FOXO3,1.4000000000000008,1.054944,1
7565,10,HIP1,-0.01,-0.0067418999999999995,1
7566,10,CDC73,0.08,0.1081429,1
7567,10,NIN,-0.009999999999999998,-0.007687799999999991,1
7568,10,MDM4,0.17000000000000004,0.1940364,1
7569,10,COL3A1,0.22,0.18181899999999998,1
7570,10,CTNND1,0.08000000000000002,0.1180333,1
7571,10,SPOP,0.09,0.1019238,1
7572,10,TMEM127,0.020000000000000004,0.017225100000000004,1
7573,10,CREB3L2,0.13,0.09031360000000002,1
7574,10,MSH2,0.9600000000000004,0.8503092,1
7575,10,FNBP1,0.019999999999999997,0.0284108,1
7576,10,ATF1,0.14,0.10458410000000001,1
7577,10,EIF1AX,-0.55,-0.2158915,1
7578,10,PMS1,0.58,0.4630831,1
7579,10,DEK,0.14,0.12659,1
7580,10,ERBB2,0.7800000000000002,0.5166449,1
7581,10,AKT1,0.8800000000000001,0.5829524000000001,1
7582,10,CHEK2,0.6300000000000001,0.6423342999999999,1
7583,10,SDHB,0.41000000000000003,0.29421329999999996,1
7584,10,NCOA1,0.38000000000000006,0.306182,1
7585,10,CHIC2,0.06,0.0365034,1
7586,10,RUNX1,0.27,0.6458575999999999,1
7587,10,STAT6,0.38,0.3542606000000001,1
7588,10,FH,-0.07,-0.00784930000000001,1
7589,10,AKT3,1.1300000000000006,0.8376559000000001,1
7590,10,GNAS,0.36,0.2606227,1
7591,10,CTNNB1,1.3500000000000008,1.0497948,1
7592,10,NONO,0.31000000000000005,0.2837577,1
7593,10,SMARCB1,1.0100000000000005,0.8164875,1
7594,10,PRKAR1A,0.18999999999999997,0.1828938,1
7595,10,ITGAV,-0.010000000000000005,0.0450407,1
7596,10,SS18,0.41,0.2989119,1
7597,10,MAP2K1,1.0000000000000004,0.6421412000000001,1
7598,10,SIRPA,-0.07,-0.0178349,1
7599,10,PPFIBP1,0.39999999999999997,0.2978005,1
7600,10,RPL22,-0.15,0.08644770000000002,1
7601,10,CYLD,0.29000000000000004,0.23515860000000002,1
7602,10,ARID1B,0.8300000000000001,0.6582606000000001,1
7603,10,SETDB1,0.33,0.2465721,1
7604,10,AFDN,-0.4600000000000001,-0.1536852,1
7605,10,ZRSR2,-0.04,-0.027520100000000002,1
7606,10,PBRM1,0.9400000000000002,0.71644,1
7607,10,XPC,0.51,0.34336130000000004,1
7608,10,ASXL2,0.28,0.2072359,1
7609,10,TRIM24,-0.15,-0.0215186,1
7610,10,SFPQ,-0.38,-0.0928099,1
7611,10,NCOA2,0.6200000000000001,0.5064270000000001,1
7612,10,FOXO4,0.36,0.23814409999999997,1
7613,10,LEF1,0.23,0.19820639999999998,1
7614,10,B2M,-0.44,-0.18317040000000004,1
7615,10,DDIT3,-0.35,-0.1148752,1
7616,10,BCL6,0.19999999999999998,0.2202415,1
7617,10,KRAS,-0.5199999999999999,-0.10574640000000006,1
7618,10,FAT1,0.1,0.0764045,1
7619,10,ABL2,0.04,0.041544,1
7620,10,NF1,1.3100000000000007,1.0885211,1
7621,10,BTG1,-0.06,-0.025665,1
7622,10,EIF4A2,0.06000000000000001,0.0341129,1
7623,10,SET,0.14,0.11617050000000001,1
7624,10,EPS15,0.09,0.08076440000000001,1
7625,10,RNF213,0.05,0.0439957,1
7626,10,CTCF,0.9800000000000003,0.7014458000000001,1
7627,10,WDCP,0.23,0.1491201,1
7628,10,KAT7,0.15,0.1297728,1
7629,10,KDM5C,0.19,0.1811968,1
7630,10,TGFBR2,0.14,0.14825919999999998,1
7631,10,ATM,1.2200000000000009,1.1746977,1
7632,10,NUMA1,-0.03,-0.010764899999999999,1
7633,10,STAT3,0.9900000000000005,0.9158815,1
7634,10,SUB1,-0.19,-0.07524639999999999,1
7635,10,NUP98,0.2099999999999999,0.2151766,1
7636,10,ELL,0.1,0.0526657,1
7637,10,MAP3K1,0.30999999999999994,0.26988560000000006,1
7638,10,MALT1,0.14,0.15085080000000003,1
7639,10,XPO1,0.5300000000000001,0.4381346,1
7640,10,SETD1B,0.22,0.18025119999999997,1
7641,10,ETV6,-0.13999999999999999,-0.05277950000000001,1
7642,10,TBL1XR1,0.21000000000000002,0.15200239999999998,1
7643,10,NUP214,-0.13999999999999999,0.10970609999999999,1
7644,10,TPR,0.12,0.10008379999999999,1
7645,10,ATIC,0.14,0.11431419999999998,1
7646,10,NACA,0.22,0.1322932,1
7647,10,MYO5A,0.01,0.0070318,1
7648,10,SMC1A,0.31000000000000005,0.4204978000000001,1
7649,10,LASP1,-0.24,-0.12700840000000002,1
7650,10,ERCC5,0.41000000000000003,0.2537833,1
7651,10,JUN,-0.8899999999999999,-0.18245069999999997,1
7652,10,THRAP3,0.049999999999999996,0.040965400000000006,1
7653,10,STAG2,0.26999999999999996,0.28917039999999994,1
7654,10,RAF1,0.7700000000000002,0.6225418000000004,1
7655,10,ERCC3,0.62,0.5253926000000001,1
7656,10,SMAD2,0.19000000000000017,0.43359550000000013,1
7657,10,TAF15,0.20000000000000004,0.1745462,1
7658,10,ARNT,0.27,0.23429360000000002,1
7659,10,CLTC,-0.76,-0.34520680000000004,1
7660,10,IKBKB,0.4800000000000002,0.46573649999999994,1
7661,10,IDH1,-0.5900000000000001,-0.20206520000000006,1
7662,10,SND1,-0.029999999999999985,0.008771200000000003,1
7663,10,KNSTRN,0.02,0.0156128,1
7664,10,RHOA,-3.3900000000000006,-0.7733035000000001,1
7665,10,PALB2,0.6600000000000001,0.5872312000000001,1
7666,10,ARID2,0.8300000000000001,0.6606938,1
7667,10,EZR,-0.07,-0.011921000000000005,1
7668,10,TP53,-0.8199999999999997,-0.029402499999999977,1
7669,10,ARAF,0.36,0.21753480000000003,1
7670,10,KIF5B,0.5000000000000001,0.38321530000000004,1
7671,10,KAT6A,0.19000000000000003,0.21414939999999996,1
7672,10,KTN1,-0.11,-0.0151675,1
7673,10,GOLGA5,-0.08,-0.0580146,1
7674,10,KDM5A,0.28,0.2621481,1
7675,10,RAD21,0.56,0.4733415,1
7676,10,GNAQ,0.3,0.23609800000000003,1
7677,10,CAMTA1,0.07,0.050757399999999994,1
7678,10,ERCC2,0.7200000000000001,0.5570746,1
7679,10,EZH2,1.390000000000001,1.1320708,1
7680,10,TOP1,0.27,0.2151631,1
7681,10,SRSF3,-0.2,-0.02634560000000001,1
7682,10,NPM1,-0.030000000000000016,0.08459370000000001,1
7683,10,BAX,-0.71,-0.1843972,1
7684,10,NOTCH2,0.30000000000000004,0.2542,1
7685,10,TRAF7,0.02,0.0150552,1
7686,10,KDM6A,0.9500000000000004,0.9311837999999999,1
7687,10,SPEN,0.11000000000000001,0.08883270000000001,1
7688,10,TRIM27,-0.45000000000000007,-0.1524763,1
7689,10,CRTC1,0.15,0.1178082,1
7690,10,EML4,0.31000000000000005,0.3061267999999999,1
7691,10,USP9X,-0.02,-0.0163695,1
7692,10,PTPRK,0.01,0.0070268,1
7693,10,CD74,-0.21000000000000002,-0.009638300000000016,1
7694,10,CBL,0.6100000000000001,0.5309592,1
7695,10,ZNF384,0.03,0.0248042,1
7696,10,NOTCH1,1.2100000000000006,0.9036224000000002,1
7697,10,COX6C,-0.18,-0.055780399999999994,1
7698,10,CHCHD7,0.02,0.01237,1
7699,10,HMGA1,-0.07999999999999999,-0.029586399999999995,1
7700,10,PTEN,1.1100000000000005,1.0964483999999997,1
7701,10,FIP1L1,-0.04000000000000001,-0.019986600000000007,1
7702,10,JAK1,0.8800000000000003,0.7337564999999999,1
7703,10,ZMYM2,-0.03,-0.020830999999999995,1
7704,10,SUZ12,0.8800000000000003,0.6865888000000001,1
7705,10,FUS,-0.3899999999999999,0.01701549999999998,1
7706,10,BAP1,-0.26999999999999996,-0.11676439999999999,1
7707,10,ZCCHC8,-0.06,-0.0188568,1
7708,10,CRNKL1,0.009999999999999998,0.0079802,1
7709,10,RAD17,0.16,0.1209614,1
7710,10,ATP1A1,-0.01,-0.0057212,1
7711,10,DNMT3A,1.0300000000000002,0.8913601000000002,1
7712,10,FBXW7,1.1100000000000005,0.9261971,1
7713,10,WWTR1,-0.17,-0.07029020000000001,1
7714,10,CDKN1B,0.42,0.3000329,1
7715,10,KMT2A,0.3199999999999999,0.35278680000000007,1
7716,10,PTPN11,1.0400000000000005,0.8972531,1
7717,10,STAT5B,0.7400000000000002,0.6060401,1
7718,10,CUX1,-0.1,-0.06707540000000001,1
7719,10,ABI1,-0.27,-0.0789724,1
7720,10,BRCA1,1.8300000000000012,1.5373311999999997,1
7721,10,SH2B3,0.060000000000000005,0.0353643,1
7722,10,AFF4,-0.09,-0.03737179999999998,1
7723,10,NF2,0.08999999999999998,0.12247089999999998,1
7724,10,LMNA,-5.204170427930421e-18,0.014103400000000002,1
7725,10,TSC2,0.8400000000000003,0.6859130000000001,1
7726,10,GOLPH3,-0.1,-0.065045,1
7727,10,PCM1,-0.06,-0.0475632,1
7728,10,PPP2R1A,-0.4899999999999999,-0.169209,1
7729,10,ARID1A,1.9100000000000013,1.5481789999999997,1
7730,10,ABL1,-0.08999999999999994,0.08518880000000012,1
7731,10,AFF1,0.05,0.08029839999999999,1
7732,10,DAXX,-0.49,-0.13386849999999997,1
7733,10,CBFB,0.08000000000000002,0.11856850000000001,1
7734,10,CBLB,0.17,0.1503885,1
7735,10,POLR2A,-0.27999999999999997,0.09286239999999996,1
7736,10,PRKACA,0.18000000000000008,0.239475,1
7737,10,DNM2,-0.08,-0.033988000000000004,1
7738,10,RAP1GDS1,-0.01999999999999999,0.02222840000000001,1
7739,10,NCOR1,0.9600000000000003,0.9271699999999999,1
7740,10,NFKBIE,-0.38,-0.11403180000000002,1
7741,10,DDX3X,0.32000000000000006,0.2836966,1
7742,10,ELK4,0.02,0.016582200000000002,1
7743,10,MLLT6,0.029999999999999995,0.029736600000000002,1
7744,10,SRSF2,-2.92,-0.7000578,1
7745,10,CTNNA1,0.13,0.10121949999999999,1
7746,10,RBM10,0.16,0.11994430000000002,1
7747,10,PTPRC,0.13999999999999999,0.16991959999999998,1
7748,10,HSP90AA1,0.7300000000000003,0.6047429,1
7749,10,NSD1,0.24,0.19757049999999998,0
7750,10,DICER1,0.15,0.1855615,0
7751,10,BIRC6,0.07,0.055972799999999996,0
7752,10,SDHC,0.30000000000000004,0.20918720000000002,0
7753,10,TFG,0.36000000000000004,0.20471840000000002,0
7754,10,MAP2K2,0.3,0.2334348,0
7755,10,TFRC,-0.29,-0.1342494,0
7756,10,CREB1,0.8900000000000006,0.6530058000000002,0
7757,10,POLG,0.02,0.0079972,0
7758,10,SETD2,0.7100000000000002,0.5906976,0
7759,10,NAB2,-0.32,-0.1160322,0
7760,10,HIF1A,1.5900000000000007,1.1279289000000003,0
7761,10,FLCN,0.06,0.0500694,0
7762,10,MAP2K4,0.009999999999999988,0.0753789,0
7763,10,CNOT3,-0.05,-0.006797899999999999,0
7764,10,CIITA,0.09,0.05963,0
7765,10,LSM14A,0.09,0.0742284,0
7766,10,AKAP9,-0.060000000000000005,-0.014790800000000007,0
7767,10,MSN,-0.25,-0.06176740000000001,0
7768,10,BCR,0.08,0.07007609999999999,0
7769,10,TRRAP,0.039999999999999994,0.14117130000000003,0
7770,10,PPP6C,-0.19,-0.08965300000000001,0
7771,10,NCOA4,-0.21,-0.11733640000000001,0
7772,10,BCL9,0.15000000000000002,0.12455820000000001,0
7773,10,PRCC,0.04000000000000001,0.029281300000000003,0
7774,10,LARP4B,0.0,0.0,0
7775,10,CHD2,0.01,0.0077632000000000005,0
7776,10,ASXL1,0.43000000000000005,0.41655330000000007,0
7777,10,SMARCA4,1.2200000000000006,0.9307079000000001,0
7778,10,ERC1,-0.04,-0.028599499999999996,0
7779,10,DCTN1,-0.32999999999999996,-0.16349149999999998,0
7780,10,PIK3R1,1.4000000000000008,0.9829245000000001,0
7781,10,EED,-0.17,-0.026679,0
7782,10,CNBP,0.02,0.011463000000000001,0
7783,10,SGK1,0.33999999999999997,0.19866270000000003,0
7784,10,MLLT10,-0.10000000000000002,-0.029530600000000004,0
7785,10,BRD4,1.0800000000000003,0.8306338000000001,0
7786,10,RANBP2,0.13,0.18690610000000005,0
7787,10,FBXO11,0.06,0.0461311,0
7788,10,PML,0.42000000000000004,0.3010486,0
7789,10,AKT2,0.9400000000000002,0.6371514999999999,0
7790,10,CEP89,0.05,0.0281299,0
7791,10,LZTR1,0.029999999999999995,0.06421139999999999,0
7792,10,YWHAE,0.23,0.1428972,0
7793,10,DNAJB1,-0.020000000000000004,0.010549400000000004,0
7794,10,PRDM2,0.05,0.0374974,0
7795,10,TPM4,0.47000000000000003,0.2960064,0
7796,10,CREBBP,1.8800000000000012,1.5018549000000005,0
7797,10,PMS2,0.5700000000000001,0.5229760999999999,0
7798,10,DDR2,0.060000000000000005,0.0412793,0
7799,10,FANCA,0.33999999999999997,0.2670491,0
7800,10,PDE4DIP,0.05,0.032590299999999996,0
7801,10,USP8,-0.09999999999999999,-0.0513832,0
7802,10,MYH9,-0.25,-0.04601119999999999,0
7803,10,MYC,-1.3600000000000005,-0.4887937000000002,0
7804,10,NBN,0.52,0.3846245000000001,0
7805,10,CCND3,-0.07,0.009109100000000002,0
7806,10,TRIP11,-0.13,-0.08721140000000001,0
7807,10,CNTRL,-0.060000000000000005,-0.0458743,0
7808,10,PIK3CA,1.5300000000000007,1.0908470000000001,0
7809,10,DDX5,0.4,0.3153508999999999,0
7810,10,PICALM,3.469446951953614e-18,0.002531099999999998,0
7811,10,RARA,0.6700000000000003,0.44092590000000004,0
7812,10,DDX6,0.010000000000000005,0.06733320000000001,0
7813,10,COL1A1,0.13,0.1261408,0
7814,10,VHL,0.17,0.1209747,0
7815,10,MAPK1,1.7200000000000009,1.1288274999999999,0
7816,10,SRC,-0.42000000000000004,0.06780629999999994,0
7817,10,NFE2L2,0.25,0.18463990000000002,0
7818,10,MITF,-0.27,-0.060777099999999994,0
7819,10,SMAD3,1.270000000000001,0.9563939000000002,0
7820,10,RBM15,0.08,0.06719170000000001,0
7821,10,ATR,0.7100000000000003,0.5921997,0
7822,10,EPAS1,0.41,0.3461430000000001,0
7823,10,TPM3,0.28,0.19112769999999996,0
7824,10,RPL10,0.13999999999999999,0.12190790000000001,0
7825,10,STAG1,0.11999999999999998,0.1265733,0
7826,10,SBDS,-0.04,-0.015326,0
7827,10,KMT2D,0.9700000000000004,0.7102653,0
7828,10,MED12,0.30000000000000004,0.23806809999999998,0
7829,10,BCLAF1,-0.009999999999999988,0.04225749999999999,0
7830,10,ASPSCR1,1.734723475976807e-18,0.00795290000000001,0
7831,10,CDK12,0.29,0.21035490000000004,0
7832,10,EWSR1,0.44999999999999996,0.3601382,0
7833,10,NDRG1,-0.04000000000000001,-0.0141307,0
7834,10,PSIP1,-0.24000000000000002,-0.1137393,0
7835,10,TRIM33,0.020000000000000004,0.022688800000000002,0
7836,10,MTOR,1.2400000000000007,0.8952526999999999,0
7837,10,ARHGAP35,0.1,0.13609380000000001,0
7838,10,POT1,-0.05,-0.0037517999999999996,0
7839,10,EXT1,0.1,0.064645,0
7840,10,IL6ST,0.29000000000000004,0.22265069999999998,0
7841,10,IDH2,0.039999999999999994,0.0677703,0
7842,10,SMARCE1,0.45,0.2751793,0
7843,10,CRTC3,0.08,0.0609637,0
7844,10,TSC1,0.39,0.31660150000000004,0
7845,10,BCOR,-0.16,-0.020571399999999997,0
7846,10,SDHA,0.22,0.13777260000000002,0
7847,10,EP300,1.5900000000000012,1.2553349000000003,0
7848,10,HNRNPA2B1,0.29,0.2474253,0
7849,10,CLIP1,-0.09999999999999999,-0.062002499999999995,0
7850,10,PATZ1,-0.38,-0.1162428,0
7851,10,FUBP1,-0.14,-0.0105595,0
7852,10,HLA-A,-0.18,0.00235090000000001,0
7853,10,CCNC,-0.04,-0.015677699999999996,0
7854,10,RPN1,-0.21000000000000002,-0.0678755,0
7855,10,TCF7L2,0.08999999999999998,0.1034325,0
7856,10,CANT1,0.13,0.0763073,0
7857,10,RPL5,-0.6699999999999999,-0.1937495,0
7858,10,CCDC6,1.3877787807814457e-17,0.0411873,0
7859,10,NCKIPSD,0.019999999999999997,0.011802600000000002,0
7860,10,SMARCD1,0.49,0.3444819,0
7861,10,BCL10,-0.020000000000000004,0.011545300000000005,0
7862,10,MAX,0.010000000000000004,0.0163011,0
7863,10,HERPUD1,0.01,0.0036576,0
7864,10,RAC1,0.15999999999999998,0.1705786,0
7865,10,FLNA,0.15,0.1348428,0
7866,10,TFE3,-0.38,-0.16188670000000002,0
7867,10,NCOR2,0.7400000000000002,0.5442764999999999,0
7868,10,PRPF40B,-0.03,-0.015937599999999996,0
7869,10,BCL3,-0.05999999999999998,-0.013829699999999993,0
7870,10,TFPT,-0.27,-0.0948474,0
7871,10,MLH1,0.7600000000000002,0.6344839000000001,0
7872,10,ARHGAP5,0.12000000000000001,0.10712449999999998,0
7873,10,CIC,0.01,0.0070265,0
7874,10,LYN,0.9000000000000004,0.6243051999999999,0
7875,10,TCF12,0.26,0.1960492,0
7876,10,KLF6,0.04,0.023175200000000003,0
7877,10,KMT2C,0.9700000000000004,0.7549891000000001,0
7878,10,PIM1,-0.17000000000000004,-0.051022,0
7879,10,CCND1,1.2400000000000007,0.7600507999999998,0
7880,10,MLLT1,-0.8700000000000001,-0.26993390000000006,0
7881,10,MEN1,-0.010000000000000002,0.024761499999999992,0
7882,10,CUL3,0.14999999999999997,0.13635419999999998,0
7883,10,RB1,0.54,0.4237234,0
7884,10,LPP,-0.06999999999999999,-0.023021599999999993,0
7885,10,BUB1B,-0.15,-0.0758582,0
7886,10,SMAD4,1.4200000000000008,1.0530400000000002,0
7887,10,FGFR1,0.26,0.1779994,0
7888,10,TMSB4X,0.04,0.031636000000000004,0
7889,10,CDK4,0.4699999999999999,0.3501071,0
7890,10,MSI2,0.0,0.0,0
7891,10,MSH6,0.8400000000000004,0.6528065999999999,0
7892,10,BRAF,1.0000000000000004,0.8510222999999998,0
7893,10,TCEA1,-0.04000000000000001,0.013924599999999999,0
7894,10,TNFAIP3,0.10999999999999999,0.0998404,0
7895,10,RABEP1,0.0,-0.002271299999999997,0
7896,10,GMPS,-0.1,-0.0539982,0
7897,10,MDM2,1.0700000000000005,0.7471715000000001,0
7898,10,NSD2,0.18000000000000002,0.12233859999999999,0
7899,10,CASP8,-0.029999999999999978,0.1607696,0
7900,10,PER1,-0.22999999999999998,-0.05017610000000002,0
7901,10,UBR5,-0.06999999999999999,-0.028415299999999998,0
7902,10,EIF3E,-0.03,0.06012569999999999,0
7903,10,RFWD3,0.030000000000000002,0.029014500000000002,0
7904,10,BRD3,0.10999999999999997,0.10036809999999999,0
7905,10,PAFAH1B2,0.02,0.016061000000000002,0
7906,10,EXT2,0.010000000000000009,0.005061400000000001,0
7907,10,PLCG1,0.52,0.36762880000000003,0
7908,10,SF3B1,-0.3,-0.1152972,0
7909,10,ARHGEF10L,0.02,0.010685199999999999,0
7910,10,NFATC2,0.19,0.1359162,0
7911,10,SDHD,0.21000000000000002,0.12090970000000004,0
7912,10,PABPC1,-0.7899999999999999,-0.2121316,0
7913,10,POLD1,-0.36999999999999994,-0.07575100000000001,0
7914,10,CALR,0.030000000000000006,0.0333951,0
7915,10,PIK3CB,0.5900000000000001,0.4612884,0
7916,10,PPM1D,0.17,0.1289031,0
7917,10,ATRX,0.9500000000000005,0.7520812999999998,0
7918,10,DGCR8,0.16,0.10445130000000001,0
7919,10,DDX10,0.12,0.08036789999999999,0
7920,10,DROSHA,0.40000000000000013,0.28812620000000005,0
7921,10,TNFRSF14,-0.11,-0.038050999999999995,0
7922,10,BCL9L,0.14,0.10417180000000001,0
7923,10,QKI,-0.07,-0.041414,0
7924,10,BAZ1A,0.01,0.006788300000000001,0
7925,10,CHD4,0.22999999999999998,0.21359219999999998,0
7926,10,NSD3,0.05,0.0582724,0
7927,10,NT5C2,0.16,0.09753289999999999,0
7928,10,CCNB1IP1,0.11000000000000001,0.04953860000000001,0
7929,10,PCBP1,-0.6800000000000002,-0.2164139,0
7930,10,RALGDS,0.13999999999999999,0.0997304,0
7931,10,ARHGEF12,-0.009999999999999995,0.004890300000000002,0
7932,10,HSP90AB1,1.1800000000000004,0.7655360999999998,0
7933,10,FOXO3,1.2800000000000005,0.8934422000000002,0
7934,10,HIP1,-0.01,-0.0067446,0
7935,10,CDC73,-0.19999999999999996,-0.035527500000000004,0
7936,10,NIN,0.019999999999999997,0.015683299999999997,0
7937,10,MDM4,0.07000000000000002,0.13738640000000002,0
7938,10,COL3A1,0.15,0.13395949999999998,0
7939,10,CTNND1,0.14,0.14886980000000002,0
7940,10,SPOP,0.019999999999999983,0.03649669999999999,0
7941,10,TMEM127,0.13,0.08505090000000001,0
7942,10,CREB3L2,0.13,0.084494,0
7943,10,MSH2,0.9600000000000004,0.7118637,0
7944,10,FNBP1,0.03,0.0231381,0
7945,10,ATF1,0.039999999999999994,0.025472599999999998,0
7946,10,EIF1AX,-0.41,-0.19397170000000002,0
7947,10,PMS1,0.51,0.3852718,0
7948,10,DEK,0.09999999999999999,0.09395560000000001,0
7949,10,ERBB2,0.9900000000000004,0.6528469000000001,0
7950,10,AKT1,1.2900000000000007,0.7922316,0
7951,10,CHEK2,0.29,0.3654400999999999,0
7952,10,SDHB,0.42,0.2738164,0
7953,10,NCOA1,0.45,0.31027770000000005,0
7954,10,CHIC2,0.039999999999999994,0.0197426,0
7955,10,RUNX1,0.5600000000000003,0.6928359000000002,0
7956,10,STAT6,0.28,0.2091102,0
7957,10,FH,-0.17000000000000004,-0.0586689,0
7958,10,AKT3,1.0100000000000002,0.6700754,0
7959,10,GNAS,0.25,0.16607909999999998,0
7960,10,CTNNB1,1.2500000000000007,0.8291115000000002,0
7961,10,NONO,0.12000000000000001,0.0786602,0
7962,10,SMARCB1,0.9200000000000004,0.6811892999999999,0
7963,10,PRKAR1A,0.11,0.09697820000000001,0
7964,10,ITGAV,1.734723475976807e-18,0.023611600000000003,0
7965,10,SS18,0.4,0.2696768,0
7966,10,MAP2K1,1.1200000000000006,0.7025421,0
7967,10,SIRPA,-0.02,-0.008667900000000001,0
7968,10,PPFIBP1,0.42,0.2827573,0
7969,10,RPL22,-0.18000000000000005,0.08105899999999999,0
7970,10,CYLD,0.29000000000000004,0.22066780000000003,0
7971,10,ARID1B,0.71,0.5305338,0
7972,10,SETDB1,0.32,0.2265838,0
7973,10,AFDN,-0.23,-0.07279089999999999,0
7974,10,ZRSR2,0.33000000000000007,0.2386729,0
7975,10,PBRM1,0.9400000000000004,0.6859822,0
7976,10,XPC,0.6200000000000001,0.4175164,0
7977,10,ASXL2,0.21000000000000002,0.1387057,0
7978,10,TRIM24,-0.25,-0.10012869999999999,0
7979,10,SFPQ,-0.1,0.006218399999999992,0
7980,10,NCOA2,0.5100000000000001,0.34936759999999994,0
7981,10,FOXO4,0.3400000000000001,0.21961620000000004,0
7982,10,LEF1,0.09000000000000001,0.10780689999999996,0
7983,10,B2M,-0.6,-0.21231049999999996,0
7984,10,DDIT3,-0.33999999999999997,-0.0973061,0
7985,10,BCL6,0.6500000000000001,0.46277470000000004,0
7986,10,KRAS,-1.8000000000000007,-0.43753010000000014,0
7987,10,FAT1,0.060000000000000005,0.05657029999999999,0
7988,10,ABL2,0.08000000000000002,0.057761000000000014,0
7989,10,NF1,0.8800000000000003,0.6767082000000002,0
7990,10,BTG1,-0.02,-0.0107202,0
7991,10,EIF4A2,0.05,0.0467477,0
7992,10,SET,0.16,0.13524600000000003,0
7993,10,EPS15,-3.469446951953614e-18,0.012331499999999997,0
7994,10,RNF213,0.03,0.0242016,0
7995,10,CTCF,0.9600000000000004,0.6854524,0
7996,10,WDCP,0.05999999999999997,0.05433359999999999,0
7997,10,KAT7,0.11999999999999998,0.09520900000000002,0
7998,10,KDM5C,0.16999999999999998,0.14951040000000002,0
7999,10,TGFBR2,0.27999999999999997,0.18774819999999998,0
8000,10,ATM,1.320000000000001,1.0312283999999998,0
8001,10,NUMA1,-0.039999999999999994,-0.009833199999999997,0
8002,10,STAT3,1.540000000000001,1.1801363999999999,0
8003,10,SUB1,-0.28,-0.0989035,0
8004,10,NUP98,0.04000000000000001,0.07158150000000002,0
8005,10,ELL,-0.010000000000000028,0.014334099999999987,0
8006,10,MAP3K1,0.38,0.3014265,0
8007,10,MALT1,0.13,0.13313509999999998,0
8008,10,XPO1,0.27,0.22690829999999995,0
8009,10,SETD1B,0.18,0.129446,0
8010,10,ETV6,-0.19000000000000003,-0.0721426,0
8011,10,TBL1XR1,0.21000000000000002,0.13896889999999998,0
8012,10,NUP214,-0.020000000000000018,0.0705004,0
8013,10,TPR,0.07999999999999999,0.09014190000000002,0
8014,10,ATIC,0.029999999999999995,0.032395900000000026,0
8015,10,NACA,0.24,0.16196739999999998,0
8016,10,MYO5A,-0.009999999999999998,-0.0038467999999999974,0
8017,10,SMC1A,0.5800000000000001,0.46803910000000004,0
8018,10,LASP1,-0.18,-0.1067378,0
8019,10,ERCC5,0.5,0.31761469999999997,0
8020,10,JUN,0.4300000000000001,0.37714149999999985,0
8021,10,THRAP3,0.11000000000000001,0.09092420000000001,0
8022,10,STAG2,0.49,0.3849561999999999,0
8023,10,RAF1,1.1400000000000006,0.7967584,0
8024,10,ERCC3,0.5299999999999999,0.4267970000000001,0
8025,10,SMAD2,0.6000000000000003,0.4947174999999999,0
8026,10,TAF15,0.17000000000000004,0.14257600000000004,0
8027,10,ARNT,0.2899999999999999,0.22781979999999993,0
8028,10,CLTC,-0.5800000000000001,-0.3175196,0
8029,10,IKBKB,0.5300000000000002,0.43323069999999997,0
8030,10,IDH1,-0.53,-0.13881350000000003,0
8031,10,SND1,0.010000000000000004,0.0117131,0
8032,10,KNSTRN,0.03,0.0237006,0
8033,10,RHOA,-1.18,-0.3202186999999999,0
8034,10,PALB2,0.58,0.4818846,0
8035,10,ARID2,0.7200000000000002,0.5471086000000001,0
8036,10,EZR,-0.09000000000000001,-0.003991700000000004,0
8037,10,TP53,-1.0299999999999996,-0.14655610000000008,0
8038,10,ARAF,0.41000000000000003,0.2327518,0
8039,10,KIF5B,0.39,0.2908059999999999,0
8040,10,KAT6A,0.22999999999999998,0.20713659999999998,0
8041,10,KTN1,-0.1,-0.032976000000000005,0
8042,10,GOLGA5,-0.12,-0.0809905,0
8043,10,KDM5A,0.2,0.185672,0
8044,10,RAD21,0.49000000000000005,0.3735694,0
8045,10,GNAQ,0.12000000000000001,0.09236660000000001,0
8046,10,CAMTA1,-0.03,-0.0146889,0
8047,10,ERCC2,0.61,0.42775420000000003,0
8048,10,EZH2,1.8200000000000012,1.1521532999999997,0
8049,10,TOP1,0.27,0.19935750000000005,0
8050,10,SRSF3,-0.3600000000000001,-0.11962829999999999,0
8051,10,NPM1,-0.10999999999999997,0.0822523,0
8052,10,BAX,-0.45999999999999996,-0.15232079999999998,0
8053,10,NOTCH2,0.26,0.2034504,0
8054,10,TRAF7,0.03,0.0227109,0
8055,10,KDM6A,0.8200000000000003,0.7082299,0
8056,10,SPEN,0.09999999999999999,0.075616,0
8057,10,TRIM27,-0.51,-0.170872,0
8058,10,CRTC1,0.15000000000000002,0.11518029999999999,0
8059,10,EML4,0.18,0.16709079999999998,0
8060,10,USP9X,-0.07999999999999999,-0.05113800000000001,0
8061,10,PTPRK,0.01,0.0067909,0
8062,10,CD74,-0.16,-0.012251199999999995,0
8063,10,CBL,0.56,0.41544440000000005,0
8064,10,ZNF384,-0.08,-0.0430506,0
8065,10,NOTCH1,1.0100000000000005,0.7615255999999999,0
8066,10,COX6C,-0.12,-0.0528353,0
8067,10,CHCHD7,0.03,0.020002199999999998,0
8068,10,HMGA1,-0.12000000000000001,-0.0554775,0
8069,10,PTEN,1.5900000000000012,1.2247569,0
8070,10,FIP1L1,-0.04000000000000001,-0.025934300000000007,0
8071,10,JAK1,0.7500000000000002,0.5916125999999999,0
8072,10,ZMYM2,-0.09,-0.062131,0
8073,10,SUZ12,0.7700000000000002,0.522578,0
8074,10,FUS,-0.13,0.135874,0
8075,10,BAP1,0.040000000000000015,0.0534895,0
8076,10,ZCCHC8,-0.07,-0.0209258,0
8077,10,CRNKL1,-0.04,-0.02406,0
8078,10,RAD17,0.14,0.1039304,0
8079,10,ATP1A1,0.009999999999999998,0.006331699999999999,0
8080,10,DNMT3A,0.7900000000000004,0.5925019,0
8081,10,FBXW7,0.9100000000000003,0.6890539999999998,0
8082,10,WWTR1,-0.03,-0.015263100000000002,0
8083,10,CDKN1B,0.6400000000000001,0.3949977,0
8084,10,KMT2A,0.3999999999999999,0.3449412000000001,0
8085,10,PTPN11,0.8500000000000004,0.6218341000000001,0
8086,10,STAT5B,0.7300000000000002,0.5549006,0
8087,10,CUX1,-0.09,-0.0617191,0
8088,10,ABI1,-0.42,-0.1462289,0
8089,10,BRCA1,1.7000000000000013,1.3114913999999998,0
8090,10,SH2B3,0.06999999999999999,0.048484700000000006,0
8091,10,AFF4,0.16,0.1139699,0
8092,10,NF2,-0.06000000000000002,0.0323241,0
8093,10,LMNA,0.07,0.0583477,0
8094,10,TSC2,0.43999999999999995,0.4076707,0
8095,10,GOLPH3,-0.09,-0.0565483,0
8096,10,PCM1,-0.05,-0.0342712,0
8097,10,PPP2R1A,-0.42000000000000004,-0.13662909999999998,0
8098,10,ARID1A,1.8000000000000012,1.3046896000000001,0
8099,10,ABL1,0.18999999999999992,0.1915694000000001,0
8100,10,AFF1,0.24000000000000002,0.2079944,0
8101,10,DAXX,-0.38999999999999996,-0.09634649999999999,0
8102,10,CBFB,0.10999999999999999,0.09592880000000001,0
8103,10,CBLB,0.12000000000000001,0.0901817,0
8104,10,POLR2A,0.03999999999999998,0.17650700000000002,0
8105,10,PRKACA,0.37000000000000005,0.28739850000000006,0
8106,10,DNM2,-0.1,-0.042022199999999996,0
8107,10,RAP1GDS1,-0.08,-0.02969760000000001,0
8108,10,NCOR1,0.9600000000000003,0.7901870000000001,0
8109,10,NFKBIE,-0.28,-0.1001352,0
8110,10,DDX3X,0.15999999999999998,0.1352729,0
8111,10,ELK4,0.01,0.0073051999999999995,0
8112,10,MLLT6,0.15,0.1180369,0
8113,10,SRSF2,-1.17,-0.3457983,0
8114,10,CTNNA1,0.1,0.0737549,0
8115,10,RBM10,0.21,0.14765830000000002,0
8116,10,PTPRC,0.13,0.12826590000000002,0
8117,10,HSP90AA1,1.3000000000000005,0.8531573000000002,0
8118,11,NSD1,0.28,0.2309237,1
8119,11,DICER1,0.03999999999999998,0.16467389999999996,1
8120,11,BIRC6,0.15,0.13045600000000002,1
8121,11,SDHC,0.4,0.28843840000000004,1
8122,11,TFG,0.22,0.1412091,1
8123,11,MAP2K2,0.11000000000000001,0.10830489999999998,1
8124,11,TFRC,-0.24,-0.0936835,1
8125,11,CREB1,0.9800000000000004,0.7069544,1
8126,11,POLG,-0.01,-0.0032112000000000004,1
8127,11,SETD2,0.42999999999999994,0.4145178,1
8128,11,NAB2,-0.37,-0.12565210000000002,1
8129,11,HIF1A,1.560000000000001,1.1382563,1
8130,11,FLCN,-0.05,0.00036029999999999396,1
8131,11,MAP2K4,0.15999999999999998,0.1627147,1
8132,11,CNOT3,0.019999999999999997,0.029829299999999993,1
8133,11,CIITA,0.11000000000000001,0.07254190000000002,1
8134,11,LSM14A,0.12000000000000001,0.09840120000000001,1
8135,11,AKAP9,-0.13,-0.0285359,1
8136,11,MSN,-0.21999999999999995,-0.032858899999999996,1
8137,11,BCR,1.3877787807814457e-17,0.03543740000000001,1
8138,11,TRRAP,0.16,0.1960456,1
8139,11,PPP6C,-0.17,-0.0725192,1
8140,11,NCOA4,-0.12000000000000001,-0.04681819999999999,1
8141,11,BCL9,0.19,0.14390809999999998,1
8142,11,PRCC,0.09999999999999999,0.07463270000000001,1
8143,11,LARP4B,0.02,0.013008599999999999,1
8144,11,CHD2,0.02,0.0173082,1
8145,11,ASXL1,0.5900000000000002,0.4928297000000001,1
8146,11,SMARCA4,1.8200000000000012,1.2974173999999998,1
8147,11,ERC1,-0.05,-0.031132,1
8148,11,DCTN1,-0.06999999999999999,-0.0009600000000000129,1
8149,11,PIK3R1,1.5000000000000009,1.1222288999999999,1
8150,11,EED,0.32,0.22025370000000002,1
8151,11,CNBP,0.03,0.01962,1
8152,11,SGK1,0.52,0.3357141,1
8153,11,MLLT10,-0.09999999999999999,-0.02943130000000001,1
8154,11,BRD4,0.9300000000000005,0.7576261999999999,1
8155,11,RANBP2,0.16999999999999998,0.18364779999999997,1
8156,11,FBXO11,0.07,0.052421899999999994,1
8157,11,PML,0.24999999999999997,0.18480319999999997,1
8158,11,AKT2,0.8800000000000001,0.5977275,1
8159,11,CEP89,0.05,0.0298468,1
8160,11,LZTR1,0.09000000000000001,0.08879730000000001,1
8161,11,YWHAE,0.19,0.11667850000000002,1
8162,11,DNAJB1,0.05,0.0352328,1
8163,11,PRDM2,0.07,0.054149699999999995,1
8164,11,TPM4,0.51,0.33674630000000005,1
8165,11,CREBBP,1.580000000000001,1.2485455,1
8166,11,PMS2,0.8200000000000001,0.6683465,1
8167,11,DDR2,-0.02,-0.010260199999999997,1
8168,11,FANCA,0.39999999999999997,0.3187855,1
8169,11,PDE4DIP,0.08,0.0600584,1
8170,11,USP8,-0.07,-0.0290175,1
8171,11,MYH9,-0.63,-0.1713865,1
8172,11,MYC,-1.7800000000000005,-0.3148307,1
8173,11,NBN,0.5800000000000001,0.4388428000000001,1
8174,11,CCND3,0.04999999999999999,0.06235919999999999,1
8175,11,TRIP11,-0.11,-0.077787,1
8176,11,CNTRL,-0.09999999999999999,-0.067335,1
8177,11,PIK3CA,1.4800000000000006,1.175818,1
8178,11,DDX5,0.31000000000000005,0.2773389,1
8179,11,PICALM,-6.938893903907228e-18,0.010713799999999989,1
8180,11,RARA,-0.09,0.08808490000000002,1
8181,11,DDX6,0.07,0.11817660000000002,1
8182,11,COL1A1,0.19,0.17280790000000001,1
8183,11,VHL,0.24000000000000002,0.16734849999999998,1
8184,11,MAPK1,1.3600000000000008,0.9466361000000002,1
8185,11,SRC,-0.44000000000000006,0.10963310000000004,1
8186,11,NFE2L2,0.31,0.22156989999999996,1
8187,11,MITF,-0.16,-0.020316300000000002,1
8188,11,SMAD3,1.1400000000000008,0.9461295000000001,1
8189,11,RBM15,0.07,0.0590448,1
8190,11,ATR,0.7300000000000001,0.5661080000000001,1
8191,11,EPAS1,0.2900000000000001,0.3231104,1
8192,11,TPM3,0.2,0.1602268,1
8193,11,RPL10,0.09,0.1077214,1
8194,11,STAG1,0.06000000000000002,0.09932060000000001,1
8195,11,SBDS,-0.04,-0.014925800000000001,1
8196,11,KMT2D,0.9900000000000004,0.7538843,1
8197,11,MED12,0.34,0.2568583,1
8198,11,BCLAF1,-0.06999999999999999,0.012344899999999985,1
8199,11,ASPSCR1,-0.009999999999999988,0.005702300000000007,1
8200,11,CDK12,0.45999999999999996,0.34257650000000006,1
8201,11,EWSR1,0.3,0.29108930000000005,1
8202,11,NDRG1,-0.030000000000000002,0.0031250999999999996,1
8203,11,PSIP1,-0.06,-0.01455160000000001,1
8204,11,TRIM33,0.07999999999999999,0.0739414,1
8205,11,MTOR,1.3500000000000008,0.9719000999999997,1
8206,11,ARHGAP35,0.21000000000000002,0.1770968,1
8207,11,POT1,0.02,0.0163285,1
8208,11,EXT1,0.11,0.0800151,1
8209,11,IL6ST,0.31,0.2524614,1
8210,11,IDH2,0.06,0.1041404,1
8211,11,SMARCE1,0.33,0.2297177,1
8212,11,CRTC3,0.06,0.05029760000000001,1
8213,11,TSC1,0.08000000000000002,0.18751720000000002,1
8214,11,BCOR,-0.12,0.0091719,1
8215,11,SDHA,0.25999999999999995,0.18908440000000004,1
8216,11,EP300,2.2200000000000006,1.7075859000000007,1
8217,11,HNRNPA2B1,0.5900000000000002,0.41601219999999994,1
8218,11,CLIP1,-0.16,-0.07794709999999999,1
8219,11,PATZ1,-0.46,-0.1250048,1
8220,11,FUBP1,-0.04000000000000001,0.027909100000000006,1
8221,11,HLA-A,0.009999999999999995,0.052574499999999996,1
8222,11,CCNC,-0.07,-0.026045699999999998,1
8223,11,RPN1,-0.18,-0.0633632,1
8224,11,TCF7L2,0.050000000000000024,0.0890561,1
8225,11,CANT1,0.07,0.04380120000000001,1
8226,11,RPL5,-0.39,-0.07821410000000002,1
8227,11,CCDC6,0.07,0.09461720000000001,1
8228,11,NCKIPSD,-0.020000000000000004,0.0023181999999999994,1
8229,11,SMARCD1,0.44,0.331011,1
8230,11,BCL10,0.09,0.08075579999999999,1
8231,11,MAX,-0.019999999999999997,0.0326614,1
8232,11,HERPUD1,0.01,0.003319,1
8233,11,RAC1,-0.3,0.029433599999999997,1
8234,11,FLNA,-0.15,-0.008692499999999997,1
8235,11,TFE3,-0.6000000000000001,-0.2305606,1
8236,11,NCOR2,0.42,0.39318210000000003,1
8237,11,PRPF40B,0.020000000000000004,0.009935300000000001,1
8238,11,BCL3,-0.19000000000000003,-0.027510800000000016,1
8239,11,TFPT,-0.22999999999999998,-0.09143029999999999,1
8240,11,MLH1,0.8500000000000001,0.7118779,1
8241,11,ARHGAP5,0.16000000000000003,0.1280135,1
8242,11,CIC,0.01,0.0066235,1
8243,11,LYN,0.85,0.6106792999999999,1
8244,11,TCF12,0.28,0.20974749999999998,1
8245,11,KLF6,0.06,0.0403704,1
8246,11,KMT2C,0.9600000000000002,0.7292757000000001,1
8247,11,PIM1,-0.060000000000000005,0.00934730000000001,1
8248,11,CCND1,0.9200000000000006,0.6308998000000001,1
8249,11,MLLT1,-0.97,-0.2558399,1
8250,11,MEN1,-0.31000000000000005,-0.11619260000000001,1
8251,11,CUL3,0.11999999999999998,0.1342756,1
8252,11,RB1,0.7200000000000002,0.5063789999999999,1
8253,11,LPP,-0.11,-0.04094,1
8254,11,BUB1B,-0.16,-0.0637745,1
8255,11,SMAD4,1.5000000000000009,1.1698477000000005,1
8256,11,FGFR1,0.07,0.1252756,1
8257,11,TMSB4X,0.03,0.0229794,1
8258,11,CDK4,1.0300000000000005,0.6659886,1
8259,11,MSI2,0.01,0.0068917,1
8260,11,MSH6,1.1000000000000005,0.8491042,1
8261,11,BRAF,0.9700000000000004,0.8360208000000001,1
8262,11,TCEA1,-0.11999999999999998,-0.02064779999999999,1
8263,11,TNFAIP3,0.17,0.1420313,1
8264,11,RABEP1,-0.020000000000000004,-0.013259100000000003,1
8265,11,GMPS,-0.039999999999999994,-0.02443080000000001,1
8266,11,MDM2,1.3300000000000007,0.9346596000000003,1
8267,11,NSD2,0.19000000000000003,0.12909749999999998,1
8268,11,CASP8,-0.13000000000000003,0.1353513,1
8269,11,PER1,-0.18,-0.058455299999999995,1
8270,11,UBR5,-0.020000000000000007,0.014530899999999994,1
8271,11,EIF3E,-0.06000000000000002,0.04293730000000001,1
8272,11,RFWD3,0.019999999999999997,0.03210439999999999,1
8273,11,BRD3,0.06999999999999999,0.05667620000000001,1
8274,11,PAFAH1B2,0.03,0.026035199999999998,1
8275,11,EXT2,0.0,0.011961399999999997,1
8276,11,PLCG1,0.67,0.443448,1
8277,11,SF3B1,-0.49000000000000005,-0.2037957,1
8278,11,ARHGEF10L,0.04,0.024866799999999998,1
8279,11,NFATC2,0.22000000000000003,0.15476930000000003,1
8280,11,SDHD,0.31,0.23528710000000003,1
8281,11,PABPC1,-0.5,-0.11224180000000002,1
8282,11,POLD1,-0.09000000000000004,0.008111900000000002,1
8283,11,CALR,0.010000000000000021,0.061197000000000015,1
8284,11,PIK3CB,0.8300000000000003,0.6203329,1
8285,11,PPM1D,0.24,0.170145,1
8286,11,ATRX,0.7800000000000004,0.6434551000000001,1
8287,11,DGCR8,0.16,0.1190895,1
8288,11,DDX10,0.16,0.12120890000000001,1
8289,11,DROSHA,0.49000000000000005,0.36283529999999997,1
8290,11,TNFRSF14,-0.18000000000000002,-0.059099200000000005,1
8291,11,BCL9L,0.12,0.08710309999999999,1
8292,11,QKI,-0.009999999999999998,-0.004232300000000001,1
8293,11,BAZ1A,0.01,0.0072887,1
8294,11,CHD4,0.3500000000000001,0.27232059999999997,1
8295,11,NSD3,0.030000000000000006,0.06989010000000001,1
8296,11,NT5C2,0.11000000000000001,0.07499650000000001,1
8297,11,CCNB1IP1,0.09,0.0535869,1
8298,11,PCBP1,-0.49,-0.11393649999999997,1
8299,11,RALGDS,-0.03,0.04315519999999999,1
8300,11,ARHGEF12,0.05,0.039819900000000005,1
8301,11,HSP90AB1,0.21999999999999997,0.39473589999999975,1
8302,11,FOXO3,1.4100000000000008,0.9713428999999998,1
8303,11,HIP1,-0.03,-0.0144001,1
8304,11,CDC73,0.09000000000000001,0.0883922,1
8305,11,NIN,0.0,0.000876799999999997,1
8306,11,MDM4,0.11000000000000003,0.12812410000000002,1
8307,11,COL3A1,0.22999999999999998,0.1890754,1
8308,11,CTNND1,0.14999999999999997,0.14035189999999997,1
8309,11,SPOP,0.06999999999999999,0.0805399,1
8310,11,TMEM127,0.10000000000000002,0.05314690000000001,1
8311,11,CREB3L2,0.13,0.0815265,1
8312,11,MSH2,1.1200000000000006,0.8402518,1
8313,11,FNBP1,-0.020000000000000004,0.015706899999999996,1
8314,11,ATF1,0.08,0.054995600000000006,1
8315,11,EIF1AX,-0.29,-0.130969,1
8316,11,PMS1,0.58,0.44863299999999995,1
8317,11,DEK,0.02000000000000001,0.08589429999999999,1
8318,11,ERBB2,0.8200000000000002,0.5407884,1
8319,11,AKT1,0.4200000000000001,0.4220547999999999,1
8320,11,CHEK2,0.4900000000000001,0.5056405999999999,1
8321,11,SDHB,0.44000000000000006,0.31914190000000003,1
8322,11,NCOA1,0.3399999999999999,0.2658293,1
8323,11,CHIC2,0.09,0.0593637,1
8324,11,RUNX1,-0.21,0.5092631000000002,1
8325,11,STAT6,0.38,0.3073573,1
8326,11,FH,-0.03,0.021592200000000027,1
8327,11,AKT3,1.2200000000000006,0.8164919,1
8328,11,GNAS,0.3400000000000001,0.21119709999999997,1
8329,11,CTNNB1,1.3400000000000005,0.9003230999999999,1
8330,11,NONO,0.30000000000000004,0.25618609999999997,1
8331,11,SMARCB1,0.9100000000000004,0.6345052000000001,1
8332,11,PRKAR1A,0.12000000000000001,0.1263521,1
8333,11,ITGAV,0.02,0.040331099999999995,1
8334,11,SS18,0.39,0.25279450000000003,1
8335,11,MAP2K1,1.0500000000000005,0.6759869000000002,1
8336,11,SIRPA,-0.030000000000000002,-0.0043537,1
8337,11,PPFIBP1,0.39999999999999997,0.27366520000000005,1
8338,11,RPL22,-0.42000000000000004,0.09192310000000001,1
8339,11,CYLD,0.3,0.24265370000000003,1
8340,11,ARID1B,0.77,0.5538781,1
8341,11,SETDB1,0.27,0.2033084,1
8342,11,AFDN,-0.2899999999999999,-0.09771700000000003,1
8343,11,ZRSR2,0.08000000000000002,0.06609030000000002,1
8344,11,PBRM1,0.9500000000000004,0.6633819999999999,1
8345,11,XPC,0.55,0.3611269999999999,1
8346,11,ASXL2,0.26,0.176053,1
8347,11,TRIM24,-0.09000000000000001,-0.0010289999999999943,1
8348,11,SFPQ,-0.17000000000000004,0.037269599999999986,1
8349,11,NCOA2,0.49,0.3909207,1
8350,11,FOXO4,0.26,0.1885821,1
8351,11,LEF1,0.18999999999999997,0.16432570000000002,1
8352,11,B2M,-0.19,-0.0807983,1
8353,11,DDIT3,-0.25,-0.0978571,1
8354,11,BCL6,0.42000000000000015,0.33772139999999995,1
8355,11,KRAS,0.48,0.43200879999999997,1
8356,11,FAT1,0.11,0.0790714,1
8357,11,ABL2,-0.019999999999999997,0.014950500000000005,1
8358,11,NF1,1.1200000000000006,0.8612083000000001,1
8359,11,BTG1,-0.01,-0.0056948,1
8360,11,EIF4A2,-0.010000000000000002,0.008244599999999996,1
8361,11,SET,0.16,0.1316339,1
8362,11,EPS15,0.06999999999999999,0.0637025,1
8363,11,RNF213,0.05,0.042727600000000004,1
8364,11,CTCF,0.8300000000000003,0.5652064,1
8365,11,WDCP,0.14,0.0799659,1
8366,11,KAT7,0.14000000000000004,0.11665660000000001,1
8367,11,KDM5C,0.2,0.1711842,1
8368,11,TGFBR2,0.1,0.17081260000000004,1
8369,11,ATM,0.8200000000000005,0.8162362000000001,1
8370,11,NUMA1,-0.019999999999999993,0.007191499999999998,1
8371,11,STAT3,0.9300000000000005,0.9177352999999999,1
8372,11,SUB1,-0.03,-0.011747,1
8373,11,NUP98,0.06000000000000001,0.114545,1
8374,11,ELL,0.13,0.0659702,1
8375,11,MAP3K1,0.6200000000000001,0.43090470000000003,1
8376,11,MALT1,0.21999999999999997,0.18351480000000003,1
8377,11,XPO1,0.48000000000000015,0.3680164,1
8378,11,SETD1B,0.24000000000000002,0.18483669999999996,1
8379,11,ETV6,0.08,0.09685519999999999,1
8380,11,TBL1XR1,0.19000000000000003,0.1259296,1
8381,11,NUP214,0.05,0.14197579999999999,1
8382,11,TPR,0.12000000000000001,0.0843603,1
8383,11,ATIC,0.12999999999999998,0.1246991,1
8384,11,NACA,0.22999999999999998,0.141714,1
8385,11,MYO5A,-0.01,-0.005391800000000001,1
8386,11,SMC1A,0.42000000000000004,0.41106639999999994,1
8387,11,LASP1,-0.32,-0.1435239,1
8388,11,ERCC5,0.39000000000000007,0.24412080000000003,1
8389,11,JUN,0.3299999999999999,0.421324,1
8390,11,THRAP3,0.010000000000000005,0.011911499999999992,1
8391,11,STAG2,0.47000000000000003,0.35602740000000005,1
8392,11,RAF1,0.9800000000000002,0.7113239,1
8393,11,ERCC3,0.5299999999999999,0.43101719999999993,1
8394,11,SMAD2,0.6000000000000003,0.5607580000000001,1
8395,11,TAF15,0.22000000000000006,0.17604790000000003,1
8396,11,ARNT,0.08,0.1212842,1
8397,11,CLTC,-0.79,-0.3857165000000001,1
8398,11,IKBKB,0.47000000000000003,0.3626493,1
8399,11,IDH1,-0.26,-0.043802800000000024,1
8400,11,SND1,-0.009999999999999997,0.009133800000000003,1
8401,11,KNSTRN,0.02,0.0142322,1
8402,11,RHOA,-1.5100000000000002,-0.4149488,1
8403,11,PALB2,0.6700000000000002,0.5471576,1
8404,11,ARID2,0.8000000000000003,0.5865582,1
8405,11,EZR,-0.05000000000000002,0.028178900000000003,1
8406,11,TP53,-0.20000000000000007,0.18841429999999992,1
8407,11,ARAF,0.35000000000000003,0.20409580000000005,1
8408,11,KIF5B,0.37,0.2786771,1
8409,11,KAT6A,0.25999999999999995,0.23616849999999998,1
8410,11,KTN1,-0.03,-0.0020418,1
8411,11,GOLGA5,-0.08,-0.045661,1
8412,11,KDM5A,0.22,0.214502,1
8413,11,RAD21,0.5099999999999999,0.40566430000000003,1
8414,11,GNAQ,0.26000000000000006,0.20626139999999998,1
8415,11,CAMTA1,0.07,0.0535044,1
8416,11,ERCC2,0.68,0.4987868,1
8417,11,EZH2,1.9400000000000013,1.3348104999999997,1
8418,11,TOP1,0.27,0.2185297,1
8419,11,SRSF3,-0.10999999999999997,0.04919730000000001,1
8420,11,NPM1,0.020000000000000046,0.12830970000000003,1
8421,11,BAX,-0.43,-0.1124575,1
8422,11,NOTCH2,0.29000000000000004,0.2317489,1
8423,11,TRAF7,0.01,0.006068400000000001,1
8424,11,KDM6A,0.6600000000000001,0.6566083,1
8425,11,SPEN,0.1,0.0713906,1
8426,11,TRIM27,-0.36000000000000004,-0.1268316,1
8427,11,CRTC1,0.15000000000000002,0.11317890000000001,1
8428,11,EML4,0.17000000000000004,0.20799729999999989,1
8429,11,USP9X,-0.08,-0.056042499999999995,1
8430,11,PTPRK,-0.02,-0.010383199999999999,1
8431,11,CD74,-0.24,-0.04844289999999999,1
8432,11,CBL,0.5,0.42181969999999996,1
8433,11,ZNF384,-0.01,-0.0051835,1
8434,11,NOTCH1,1.1300000000000006,0.7846161,1
8435,11,COX6C,-0.09000000000000001,-0.0317031,1
8436,11,CHCHD7,0.03,0.019569,1
8437,11,HMGA1,-0.1,-0.0352875,1
8438,11,PTEN,1.520000000000001,1.2513444,1
8439,11,FIP1L1,-0.08,-0.0323036,1
8440,11,JAK1,0.8300000000000003,0.6514077999999999,1
8441,11,ZMYM2,-0.009999999999999997,-0.006320499999999996,1
8442,11,SUZ12,0.7900000000000003,0.5871670999999999,1
8443,11,FUS,-0.09999999999999998,0.15578260000000005,1
8444,11,BAP1,-0.37000000000000005,-0.13955220000000002,1
8445,11,ZCCHC8,-0.14,-0.027839000000000003,1
8446,11,CRNKL1,-0.019999999999999997,-0.012687000000000002,1
8447,11,RAD17,0.13999999999999999,0.09642510000000001,1
8448,11,ATP1A1,0.03,0.0171267,1
8449,11,DNMT3A,1.1100000000000003,0.7943999999999999,1
8450,11,FBXW7,0.7900000000000006,0.6727725999999997,1
8451,11,WWTR1,-0.24000000000000002,-0.0913582,1
8452,11,CDKN1B,0.3900000000000001,0.30581670000000005,1
8453,11,KMT2A,0.4200000000000001,0.38317470000000003,1
8454,11,PTPN11,1.0600000000000005,0.7949981,1
8455,11,STAT5B,0.45000000000000007,0.4042384,1
8456,11,CUX1,-0.11,-0.0686094,1
8457,11,ABI1,-0.26,-0.06628279999999999,1
8458,11,BRCA1,1.720000000000001,1.3145495999999997,1
8459,11,SH2B3,0.09,0.05190910000000001,1
8460,11,AFF4,-0.049999999999999996,0.008400499999999998,1
8461,11,NF2,0.16,0.13597010000000004,1
8462,11,LMNA,0.09999999999999999,0.07905459999999999,1
8463,11,TSC2,0.8200000000000003,0.6070678999999999,1
8464,11,GOLPH3,-0.020000000000000004,-0.013313200000000004,1
8465,11,PCM1,-0.04,-0.028988899999999998,1
8466,11,PPP2R1A,-0.7100000000000001,-0.19597850000000003,1
8467,11,ARID1A,1.690000000000001,1.2685469999999996,1
8468,11,ABL1,-0.35999999999999993,0.013257699999999994,1
8469,11,AFF1,0.21000000000000002,0.177366,1
8470,11,DAXX,-0.41999999999999993,-0.08830640000000001,1
8471,11,CBFB,0.12000000000000001,0.10677130000000003,1
8472,11,CBLB,0.16000000000000003,0.1329421,1
8473,11,POLR2A,-0.09000000000000002,0.1496025,1
8474,11,PRKACA,0.2500000000000001,0.24493839999999995,1
8475,11,DNM2,-0.15000000000000002,-0.06027640000000001,1
8476,11,RAP1GDS1,0.039999999999999994,0.046527799999999994,1
8477,11,NCOR1,0.8400000000000003,0.7765160000000001,1
8478,11,NFKBIE,-0.22000000000000003,-0.08232030000000001,1
8479,11,DDX3X,0.15000000000000002,0.161489,1
8480,11,ELK4,0.03,0.024148799999999998,1
8481,11,MLLT6,0.13,0.09200729999999999,1
8482,11,SRSF2,-1.76,-0.49003189999999996,1
8483,11,CTNNA1,0.11,0.08287270000000001,1
8484,11,RBM10,0.19999999999999998,0.14525000000000002,1
8485,11,PTPRC,-0.11999999999999998,0.03233319999999999,1
8486,11,HSP90AA1,0.6800000000000003,0.5335523,1
8487,11,NSD1,0.24,0.20161679999999998,0
8488,11,DICER1,0.23,0.23171899999999998,0
8489,11,BIRC6,0.049999999999999996,0.04187849999999999,0
8490,11,SDHC,0.27,0.19770680000000002,0
8491,11,TFG,0.34,0.19312820000000003,0
8492,11,MAP2K2,0.21999999999999997,0.191277,0
8493,11,TFRC,-0.22,-0.11248740000000002,0
8494,11,CREB1,0.8200000000000005,0.6235017,0
8495,11,POLG,0.01,0.0033482,0
8496,11,SETD2,0.6900000000000002,0.5802687,0
8497,11,NAB2,-0.33,-0.11811329999999999,0
8498,11,HIF1A,1.660000000000001,1.1914068,0
8499,11,FLCN,0.039999999999999994,0.0375725,0
8500,11,MAP2K4,-0.039999999999999994,0.06455620000000001,0
8501,11,CNOT3,-0.010000000000000002,0.010556799999999991,0
8502,11,CIITA,0.07,0.0432134,0
8503,11,LSM14A,0.09,0.0801093,0
8504,11,AKAP9,-0.06999999999999999,-0.020939199999999998,0
8505,11,MSN,-0.36,-0.0929563,0
8506,11,BCR,0.05000000000000001,0.0640916,0
8507,11,TRRAP,-0.019999999999999973,0.11305109999999999,0
8508,11,PPP6C,-0.15000000000000002,-0.0730609,0
8509,11,NCOA4,-0.22,-0.1238206,0
8510,11,BCL9,0.15,0.125745,0
8511,11,PRCC,0.010000000000000005,0.014187300000000007,0
8512,11,LARP4B,0.0,0.0,0
8513,11,CHD2,0.01,0.0081676,0
8514,11,ASXL1,0.4699999999999999,0.4589201,0
8515,11,SMARCA4,1.2200000000000006,0.9462995000000002,0
8516,11,ERC1,-0.03,-0.0217874,0
8517,11,DCTN1,-0.2799999999999999,-0.1391881,0
8518,11,PIK3R1,1.2900000000000007,0.9145203000000005,0
8519,11,EED,-0.08,0.010182800000000011,0
8520,11,CNBP,0.01,0.0054902,0
8521,11,SGK1,0.27999999999999997,0.1650989,0
8522,11,MLLT10,-0.09000000000000001,-0.029445400000000004,0
8523,11,BRD4,1.0300000000000002,0.8066754000000002,0
8524,11,RANBP2,0.16999999999999998,0.20499449999999997,0
8525,11,FBXO11,0.04,0.0320276,0
8526,11,PML,0.4,0.2709319,0
8527,11,AKT2,0.9200000000000002,0.6331326999999999,0
8528,11,CEP89,0.07,0.0425417,0
8529,11,LZTR1,0.06,0.0770476,0
8530,11,YWHAE,0.26,0.1646257,0
8531,11,DNAJB1,-0.05,-0.004172400000000003,0
8532,11,PRDM2,0.06,0.0467719,0
8533,11,TPM4,0.4600000000000001,0.29741070000000003,0
8534,11,CREBBP,1.7800000000000011,1.4464166999999999,0
8535,11,PMS2,0.55,0.5193516,0
8536,11,DDR2,0.03,0.0169051,0
8537,11,FANCA,0.35,0.2809184,0
8538,11,PDE4DIP,0.04,0.0269148,0
8539,11,USP8,-0.1,-0.048096400000000004,0
8540,11,MYH9,-0.21,-0.03359150000000001,0
8541,11,MYC,-1.3700000000000006,-0.5397226,0
8542,11,NBN,0.4800000000000001,0.3582105,0
8543,11,CCND3,-0.08999999999999998,0.0014347999999999974,0
8544,11,TRIP11,-0.1,-0.07016040000000001,0
8545,11,CNTRL,-0.06,-0.04414139999999999,0
8546,11,PIK3CA,1.6600000000000008,1.1741106999999997,0
8547,11,DDX5,0.42999999999999994,0.3397491,0
8548,11,PICALM,-0.009999999999999998,-0.002912899999999996,0
8549,11,RARA,0.5400000000000001,0.3612255999999999,0
8550,11,DDX6,-3.469446951953614e-18,0.06576669999999998,0
8551,11,COL1A1,0.09000000000000001,0.0969265,0
8552,11,VHL,0.17,0.12353700000000001,0
8553,11,MAPK1,1.6400000000000008,1.0787135,0
8554,11,SRC,-0.32999999999999996,0.059141499999999986,0
8555,11,NFE2L2,0.25,0.18348739999999997,0
8556,11,MITF,-0.36,-0.08239890000000001,0
8557,11,SMAD3,1.2200000000000009,0.9480991000000001,0
8558,11,RBM15,0.08,0.0659579,0
8559,11,ATR,0.6800000000000003,0.5730451,0
8560,11,EPAS1,0.39999999999999997,0.3454996000000001,0
8561,11,TPM3,0.2,0.15041950000000004,0
8562,11,RPL10,0.13,0.10986530000000001,0
8563,11,STAG1,0.11999999999999998,0.1289764,0
8564,11,SBDS,-0.04,-0.015600800000000001,0
8565,11,KMT2D,0.9400000000000004,0.6888775,0
8566,11,MED12,0.27,0.21437540000000002,0
8567,11,BCLAF1,0.009999999999999995,0.05512800000000001,0
8568,11,ASPSCR1,0.020000000000000004,0.015877099999999998,0
8569,11,CDK12,0.29,0.2131481,0
8570,11,EWSR1,0.4299999999999999,0.3468352,0
8571,11,NDRG1,-0.030000000000000002,-0.0107967,0
8572,11,PSIP1,-0.15,-0.07499080000000001,0
8573,11,TRIM33,0.019999999999999997,0.021553500000000007,0
8574,11,MTOR,1.2200000000000006,0.8889705999999999,0
8575,11,ARHGAP35,0.09,0.12051570000000002,0
8576,11,POT1,-0.04,-0.002916000000000003,0
8577,11,EXT1,0.11,0.072655,0
8578,11,IL6ST,0.27,0.2036528,0
8579,11,IDH2,0.09999999999999998,0.09590130000000002,0
8580,11,SMARCE1,0.42,0.2607769,0
8581,11,CRTC3,0.09,0.0666655,0
8582,11,TSC1,0.33,0.2878112,0
8583,11,BCOR,-0.12999999999999998,-0.015649999999999997,0
8584,11,SDHA,0.21,0.1286592,0
8585,11,EP300,1.6700000000000013,1.3141499,0
8586,11,HNRNPA2B1,0.22000000000000003,0.19782950000000002,0
8587,11,CLIP1,-0.13,-0.0793302,0
8588,11,PATZ1,-0.4600000000000001,-0.1256644,0
8589,11,FUBP1,-0.16999999999999998,-0.0195978,0
8590,11,HLA-A,-0.22000000000000003,-0.015212600000000014,0
8591,11,CCNC,-0.07999999999999999,-0.0324457,0
8592,11,RPN1,-0.24,-0.06813860000000001,0
8593,11,TCF7L2,0.029999999999999995,0.08009509999999997,0
8594,11,CANT1,0.09000000000000001,0.0542985,0
8595,11,RPL5,-0.65,-0.19912759999999996,0
8596,11,CCDC6,-0.01999999999999999,0.024945300000000004,0
8597,11,NCKIPSD,0.04,0.023146399999999998,0
8598,11,SMARCD1,0.41,0.27942710000000004,0
8599,11,BCL10,6.938893903907228e-18,0.0296101,0
8600,11,MAX,-1.734723475976807e-18,0.0157952,0
8601,11,HERPUD1,0.02,0.008081000000000001,0
8602,11,RAC1,0.030000000000000013,0.11794249999999999,0
8603,11,FLNA,6.938893903907228e-18,0.0492973,0
8604,11,TFE3,-0.41000000000000003,-0.17182879999999998,0
8605,11,NCOR2,0.7200000000000002,0.5380484,0
8606,11,PRPF40B,-0.03,-0.012357899999999998,0
8607,11,BCL3,-0.08000000000000003,-0.018542600000000003,0
8608,11,TFPT,-0.29,-0.09482550000000001,0
8609,11,MLH1,0.8300000000000001,0.6896766999999999,0
8610,11,ARHGAP5,0.11,0.10122579999999998,0
8611,11,CIC,0.0,0.0,0
8612,11,LYN,0.8700000000000003,0.6123096000000001,0
8613,11,TCF12,0.25,0.1929757,0
8614,11,KLF6,0.04,0.023118399999999997,0
8615,11,KMT2C,1.0100000000000002,0.8020670000000001,0
8616,11,PIM1,-0.20000000000000004,-0.07258460000000001,0
8617,11,CCND1,1.2200000000000006,0.7414975000000004,0
8618,11,MLLT1,-0.9000000000000001,-0.28255399999999997,0
8619,11,MEN1,-0.009999999999999992,0.0344221,0
8620,11,CUL3,0.10999999999999999,0.1309641,0
8621,11,RB1,0.7400000000000002,0.5667168999999999,0
8622,11,LPP,-0.08,-0.020537800000000002,0
8623,11,BUB1B,-0.14,-0.0746182,0
8624,11,SMAD4,1.4300000000000008,1.0555688,0
8625,11,FGFR1,0.27,0.183009,0
8626,11,TMSB4X,0.05,0.041236,0
8627,11,CDK4,0.52,0.3634836000000001,0
8628,11,MSI2,0.01,0.0070153,0
8629,11,MSH6,0.8600000000000003,0.6695703,0
8630,11,BRAF,0.9900000000000005,0.8736422999999999,0
8631,11,TCEA1,-0.04000000000000001,0.013608600000000009,0
8632,11,TNFAIP3,0.09,0.09581730000000001,0
8633,11,RABEP1,0.010000000000000002,0.006284200000000004,0
8634,11,GMPS,-0.06,-0.03775780000000001,0
8635,11,MDM2,1.2400000000000007,0.8538009000000001,0
8636,11,NSD2,0.18000000000000002,0.1278539,0
8637,11,CASP8,0.03999999999999999,0.20194269999999998,0
8638,11,PER1,-0.21999999999999997,-0.0544528,0
8639,11,UBR5,-0.029999999999999995,-0.006604999999999989,0
8640,11,EIF3E,-0.009999999999999981,0.0745659,0
8641,11,RFWD3,0.030000000000000002,0.030993,0
8642,11,BRD3,0.14,0.11812229999999999,0
8643,11,PAFAH1B2,0.02,0.016319999999999998,0
8644,11,EXT2,0.0,0.005860799999999999,0
8645,11,PLCG1,0.5199999999999999,0.381548,0
8646,11,SF3B1,-0.3,-0.12073249999999999,0
8647,11,ARHGEF10L,0.02,0.010634,0
8648,11,NFATC2,0.2,0.14430749999999998,0
8649,11,SDHD,0.21999999999999997,0.12024150000000002,0
8650,11,PABPC1,-0.79,-0.20566489999999998,0
8651,11,POLD1,-0.29,-0.07760279999999999,0
8652,11,CALR,0.01999999999999999,0.026559899999999997,0
8653,11,PIK3CB,0.5700000000000001,0.452301,0
8654,11,PPM1D,0.18000000000000002,0.1375934,0
8655,11,ATRX,1.0500000000000005,0.846367,0
8656,11,DGCR8,0.18,0.1178402,0
8657,11,DDX10,0.10999999999999999,0.0743012,0
8658,11,DROSHA,0.4,0.29122040000000005,0
8659,11,TNFRSF14,-0.18,-0.060667200000000004,0
8660,11,BCL9L,0.14,0.10561620000000001,0
8661,11,QKI,-0.05,-0.0319085,0
8662,11,BAZ1A,0.01,0.0071446,0
8663,11,CHD4,0.16999999999999998,0.16479120000000003,0
8664,11,NSD3,0.020000000000000004,0.030549599999999996,0
8665,11,NT5C2,0.17,0.0977633,0
8666,11,CCNB1IP1,0.11,0.052201800000000007,0
8667,11,PCBP1,-0.8599999999999999,-0.26271739999999993,0
8668,11,RALGDS,0.14,0.1034969,0
8669,11,ARHGEF12,-0.009999999999999995,0.0031149000000000038,0
8670,11,HSP90AB1,1.0400000000000005,0.7034918000000001,0
8671,11,FOXO3,1.2900000000000005,0.8866924,0
8672,11,HIP1,-0.01,-0.0065063000000000005,0
8673,11,CDC73,-0.16,-0.02477260000000001,0
8674,11,NIN,0.03,0.0209994,0
8675,11,MDM4,0.11000000000000001,0.1606507,0
8676,11,COL3A1,0.13,0.11685110000000001,0
8677,11,CTNND1,0.11,0.1253696,0
8678,11,SPOP,0.0,0.02008579999999999,0
8679,11,TMEM127,0.08,0.0671748,0
8680,11,CREB3L2,0.12000000000000001,0.0741311,0
8681,11,MSH2,0.9100000000000004,0.6630247,0
8682,11,FNBP1,0.01,0.012138900000000001,0
8683,11,ATF1,0.030000000000000006,0.0224822,0
8684,11,EIF1AX,-0.46,-0.2142603,0
8685,11,PMS1,0.46,0.3517582,0
8686,11,DEK,0.12000000000000001,0.107799,0
8687,11,ERBB2,1.1100000000000005,0.7209152999999999,0
8688,11,AKT1,1.1500000000000006,0.7327855999999997,0
8689,11,CHEK2,0.31000000000000005,0.38554580000000005,0
8690,11,SDHB,0.41,0.2635305,0
8691,11,NCOA1,0.37,0.2618841,0
8692,11,CHIC2,0.049999999999999996,0.0265233,0
8693,11,RUNX1,0.5600000000000005,0.6922113,0
8694,11,STAT6,0.26,0.18780250000000004,0
8695,11,FH,-0.22000000000000003,-0.07834750000000001,0
8696,11,AKT3,1.0100000000000002,0.6818613000000003,0
8697,11,GNAS,0.24000000000000002,0.1799609,0
8698,11,CTNNB1,1.2700000000000005,0.8538866,0
8699,11,NONO,0.12000000000000001,0.0836673,0
8700,11,SMARCB1,0.9200000000000004,0.6935285,0
8701,11,PRKAR1A,0.14,0.11904730000000001,0
8702,11,ITGAV,-0.009999999999999998,0.012424599999999997,0
8703,11,SS18,0.39999999999999997,0.26429729999999996,0
8704,11,MAP2K1,1.0600000000000005,0.6633664,0
8705,11,SIRPA,-0.03,-0.0147434,0
8706,11,PPFIBP1,0.38,0.25179260000000003,0
8707,11,RPL22,-0.19999999999999998,0.0655899,0
8708,11,CYLD,0.31000000000000005,0.23983179999999998,0
8709,11,ARID1B,0.6199999999999999,0.4608988,0
8710,11,SETDB1,0.31,0.2229009,0
8711,11,AFDN,-0.31999999999999995,-0.12137570000000002,0
8712,11,ZRSR2,0.24999999999999994,0.18832209999999996,0
8713,11,PBRM1,0.9500000000000004,0.6904771,0
8714,11,XPC,0.6100000000000001,0.4151867,0
8715,11,ASXL2,0.23,0.1540355,0
8716,11,TRIM24,-0.21,-0.08632390000000001,0
8717,11,SFPQ,-0.13,-0.006088299999999994,0
8718,11,NCOA2,0.5100000000000001,0.3512658,0
8719,11,FOXO4,0.33000000000000007,0.2145536,0
8720,11,LEF1,0.13,0.1128401,0
8721,11,B2M,-0.63,-0.23422300000000001,0
8722,11,DDIT3,-0.37,-0.09906119999999999,0
8723,11,BCL6,0.6,0.42337100000000005,0
8724,11,KRAS,-1.5300000000000007,-0.40911039999999993,0
8725,11,FAT1,0.06000000000000001,0.0521258,0
8726,11,ABL2,0.08,0.061026399999999995,0
8727,11,NF1,0.8000000000000003,0.6404513999999999,0
8728,11,BTG1,-0.02,-0.010714999999999999,0
8729,11,EIF4A2,0.09000000000000001,0.0756496,0
8730,11,SET,0.16000000000000003,0.13729460000000004,0
8731,11,EPS15,0.009999999999999998,0.017189100000000002,0
8732,11,RNF213,0.03,0.024255299999999997,0
8733,11,CTCF,0.9600000000000004,0.6978932999999998,0
8734,11,WDCP,0.11,0.07153790000000002,0
8735,11,KAT7,0.11999999999999998,0.08860269999999999,0
8736,11,KDM5C,0.16,0.14434599999999997,0
8737,11,TGFBR2,0.25,0.17792280000000005,0
8738,11,ATM,1.510000000000001,1.1624959000000006,0
8739,11,NUMA1,0.0,0.008461299999999998,0
8740,11,STAT3,1.550000000000001,1.2195283,0
8741,11,SUB1,-0.22000000000000003,-0.0822698,0
8742,11,NUP98,0.029999999999999992,0.06595850000000002,0
8743,11,ELL,0.00999999999999999,0.02053669999999999,0
8744,11,MAP3K1,0.43,0.3257226000000001,0
8745,11,MALT1,0.13,0.13027870000000003,0
8746,11,XPO1,0.29000000000000004,0.2342556,0
8747,11,SETD1B,0.13999999999999999,0.09988190000000001,0
8748,11,ETV6,-0.09000000000000001,-0.013025900000000012,0
8749,11,TBL1XR1,0.23,0.1540415,0
8750,11,NUP214,-0.019999999999999997,0.0896351,0
8751,11,TPR,0.09000000000000001,0.10424860000000002,0
8752,11,ATIC,-1.214306433183765e-17,0.02840139999999999,0
8753,11,NACA,0.23,0.15395540000000002,0
8754,11,MYO5A,0.0,0.0014642000000000023,0
8755,11,SMC1A,0.6000000000000001,0.4943856000000001,0
8756,11,LASP1,-0.2,-0.11626810000000001,0
8757,11,ERCC5,0.42,0.2755337,0
8758,11,JUN,0.039999999999999994,0.20835689999999998,0
8759,11,THRAP3,0.09,0.0773098,0
8760,11,STAG2,0.5,0.39049200000000006,0
8761,11,RAF1,1.1200000000000003,0.7834035,0
8762,11,ERCC3,0.52,0.4254535000000001,0
8763,11,SMAD2,0.6200000000000001,0.5332425000000001,0
8764,11,TAF15,0.18000000000000002,0.14502140000000002,0
8765,11,ARNT,0.27999999999999997,0.23188380000000003,0
8766,11,CLTC,-0.6000000000000001,-0.33340639999999994,0
8767,11,IKBKB,0.5100000000000001,0.42914110000000016,0
8768,11,IDH1,-0.64,-0.1754161,0
8769,11,SND1,-0.01,-0.0050427000000000015,0
8770,11,KNSTRN,0.03,0.0243513,0
8771,11,RHOA,-1.3800000000000003,-0.36483759999999993,0
8772,11,PALB2,0.62,0.5236768,0
8773,11,ARID2,0.7500000000000002,0.5583308,0
8774,11,EZR,-0.13,-0.019286799999999993,0
8775,11,TP53,-1.0599999999999998,-0.10816079999999997,0
8776,11,ARAF,0.39,0.2158585,0
8777,11,KIF5B,0.41999999999999993,0.3074519,0
8778,11,KAT6A,0.16999999999999998,0.16385050000000004,0
8779,11,KTN1,-0.1,-0.029373400000000008,0
8780,11,GOLGA5,-0.13,-0.088745,0
8781,11,KDM5A,0.22999999999999998,0.20157750000000002,0
8782,11,RAD21,0.48000000000000004,0.37385399999999996,0
8783,11,GNAQ,0.14,0.1019764,0
8784,11,CAMTA1,0.01,0.0057541,0
8785,11,ERCC2,0.5800000000000001,0.41339290000000006,0
8786,11,EZH2,1.9500000000000013,1.2808510000000002,0
8787,11,TOP1,0.26,0.1937392,0
8788,11,SRSF3,-0.32999999999999996,-0.11371790000000004,0
8789,11,NPM1,3.122502256758253e-17,0.14801970000000003,0
8790,11,BAX,-0.5,-0.15927239999999998,0
8791,11,NOTCH2,0.26,0.20591310000000002,0
8792,11,TRAF7,0.03,0.023270999999999997,0
8793,11,KDM6A,0.8300000000000002,0.7250985000000002,0
8794,11,SPEN,0.11,0.08259100000000001,0
8795,11,TRIM27,-0.43999999999999995,-0.1554229,0
8796,11,CRTC1,0.13,0.09915750000000001,0
8797,11,EML4,0.23,0.1859201,0
8798,11,USP9X,-0.11000000000000001,-0.06994249999999999,0
8799,11,PTPRK,0.01,0.0068324,0
8800,11,CD74,-0.15000000000000002,-0.011743600000000003,0
8801,11,CBL,0.6000000000000001,0.44365800000000005,0
8802,11,ZNF384,-0.07,-0.0367792,0
8803,11,NOTCH1,1.0100000000000005,0.7659733000000002,0
8804,11,COX6C,-0.14,-0.0566604,0
8805,11,CHCHD7,0.03,0.0201219,0
8806,11,HMGA1,-0.12,-0.056264,0
8807,11,PTEN,1.460000000000001,1.2150858,0
8808,11,FIP1L1,-0.04,-0.025873599999999997,0
8809,11,JAK1,0.8000000000000003,0.6162579,0
8810,11,ZMYM2,-0.08,-0.0572941,0
8811,11,SUZ12,0.7400000000000002,0.5213334,0
8812,11,FUS,-0.19000000000000003,0.10904629999999996,0
8813,11,BAP1,-3.469446951953614e-18,0.025577000000000003,0
8814,11,ZCCHC8,-0.08,-0.023536800000000004,0
8815,11,CRNKL1,-0.019999999999999997,-0.012421499999999999,0
8816,11,RAD17,0.11999999999999998,0.08416120000000002,0
8817,11,ATP1A1,-0.009999999999999998,-0.0041107999999999995,0
8818,11,DNMT3A,0.8300000000000005,0.6604691,0
8819,11,FBXW7,0.9700000000000003,0.7476688,0
8820,11,WWTR1,-0.01,-0.0020706000000000023,0
8821,11,CDKN1B,0.5399999999999999,0.3395874,0
8822,11,KMT2A,0.49,0.40469799999999995,0
8823,11,PTPN11,0.8700000000000001,0.6861548,0
8824,11,STAT5B,0.6400000000000001,0.48881149999999995,0
8825,11,CUX1,-0.09,-0.0632403,0
8826,11,ABI1,-0.4,-0.14653210000000003,0
8827,11,BRCA1,1.720000000000001,1.3482037,0
8828,11,SH2B3,0.060000000000000005,0.041122000000000006,0
8829,11,AFF4,0.09999999999999999,0.0785584,0
8830,11,NF2,0.03,0.0812005,0
8831,11,LMNA,-0.009999999999999995,0.019754900000000006,0
8832,11,TSC2,0.5,0.4243413000000001,0
8833,11,GOLPH3,-0.09999999999999999,-0.06219209999999999,0
8834,11,PCM1,-0.05,-0.0340205,0
8835,11,PPP2R1A,-0.49,-0.17516210000000002,0
8836,11,ARID1A,1.810000000000001,1.3347408999999997,0
8837,11,ABL1,0.17,0.16823689999999997,0
8838,11,AFF1,0.22999999999999998,0.17972380000000002,0
8839,11,DAXX,-0.3,-0.0763303,0
8840,11,CBFB,0.10999999999999997,0.09577110000000001,0
8841,11,CBLB,0.12000000000000001,0.0913873,0
8842,11,POLR2A,0.09000000000000002,0.2050265,0
8843,11,PRKACA,0.32000000000000006,0.26622,0
8844,11,DNM2,-0.14,-0.0584761,0
8845,11,RAP1GDS1,-0.060000000000000005,-0.029619099999999992,0
8846,11,NCOR1,0.8900000000000002,0.7921056,0
8847,11,NFKBIE,-0.27,-0.09889519999999999,0
8848,11,DDX3X,0.13,0.11758129999999999,0
8849,11,ELK4,0.02,0.015307200000000002,0
8850,11,MLLT6,0.12000000000000001,0.0978543,0
8851,11,SRSF2,-1.29,-0.38196520000000006,0
8852,11,CTNNA1,0.11,0.0828107,0
8853,11,RBM10,0.19999999999999998,0.1381989,0
8854,11,PTPRC,0.1,0.11600479999999998,0
8855,11,HSP90AA1,1.1600000000000006,0.7737378000000001,0
8856,12,NSD1,0.29,0.2509855,1
8857,12,DICER1,0.20000000000000004,0.2503226,1
8858,12,BIRC6,0.12,0.1052807,1
8859,12,SDHC,0.38,0.2906008,1
8860,12,TFG,0.22,0.13662480000000002,1
8861,12,MAP2K2,0.24,0.1727385,1
8862,12,TFRC,-0.25,-0.10515969999999998,1
8863,12,CREB1,0.9000000000000005,0.7427514999999999,1
8864,12,POLG,0.0,0.0,1
8865,12,SETD2,0.5500000000000003,0.5139683,1
8866,12,NAB2,-0.41999999999999993,-0.1404672,1
8867,12,HIF1A,1.740000000000001,1.2959587999999997,1
8868,12,FLCN,-0.05,0.0130277,1
8869,12,MAP2K4,0.010000000000000002,0.0782453,1
8870,12,CNOT3,0.030000000000000002,0.03319390000000001,1
8871,12,CIITA,0.1,0.06427870000000001,1
8872,12,LSM14A,0.13,0.10671359999999999,1
8873,12,AKAP9,-0.04,0.008289499999999998,1
8874,12,MSN,-0.10000000000000003,-0.012944300000000002,1
8875,12,BCR,-0.030000000000000006,0.0569591,1
8876,12,TRRAP,-0.030000000000000002,0.1547888,1
8877,12,PPP6C,-0.15000000000000002,-0.0635982,1
8878,12,NCOA4,-0.12000000000000001,-0.042322100000000015,1
8879,12,BCL9,0.17,0.1410707,1
8880,12,PRCC,0.09,0.064673,1
8881,12,LARP4B,0.03,0.021442799999999998,1
8882,12,CHD2,0.02,0.0180488,1
8883,12,ASXL1,0.47000000000000014,0.4462849000000001,1
8884,12,SMARCA4,1.880000000000001,1.4172812,1
8885,12,ERC1,-0.03,-0.0225315,1
8886,12,DCTN1,-0.04,0.0036446000000000048,1
8887,12,PIK3R1,1.3200000000000007,1.0639587999999998,1
8888,12,EED,0.1,0.07804620000000001,1
8889,12,CNBP,0.01,0.0056864,1
8890,12,SGK1,0.49,0.32856199999999997,1
8891,12,MLLT10,-0.16999999999999996,-0.08616910000000001,1
8892,12,BRD4,0.9400000000000004,0.8256171999999999,1
8893,12,RANBP2,0.28,0.25998190000000004,1
8894,12,FBXO11,0.04,0.0350758,1
8895,12,PML,0.29000000000000004,0.22064779999999998,1
8896,12,AKT2,1.08,0.7734076000000001,1
8897,12,CEP89,0.060000000000000005,0.038841299999999995,1
8898,12,LZTR1,0.09999999999999999,0.0992132,1
8899,12,YWHAE,0.26,0.1672379,1
8900,12,DNAJB1,-6.938893903907228e-18,0.008157900000000003,1
8901,12,PRDM2,0.06,0.0481306,1
8902,12,TPM4,0.51,0.34950100000000006,1
8903,12,CREBBP,1.870000000000001,1.5242580000000001,1
8904,12,PMS2,0.79,0.6696352000000001,1
8905,12,DDR2,3.469446951953614e-18,-0.0007904999999999995,1
8906,12,FANCA,0.4000000000000001,0.3313208,1
8907,12,PDE4DIP,0.07,0.052413799999999997,1
8908,12,USP8,-0.07,-0.030841999999999998,1
8909,12,MYH9,-0.31000000000000005,-0.07876949999999999,1
8910,12,MYC,-1.1500000000000001,-0.19209210000000007,1
8911,12,NBN,0.6000000000000001,0.48142520000000005,1
8912,12,CCND3,-0.11000000000000001,-0.006827200000000002,1
8913,12,TRIP11,-0.1,-0.07457369999999999,1
8914,12,CNTRL,-0.09,-0.0662258,1
8915,12,PIK3CA,1.2200000000000006,1.0502559999999996,1
8916,12,DDX5,0.43999999999999995,0.37662489999999993,1
8917,12,PICALM,-0.009999999999999998,-0.0017059999999999957,1
8918,12,RARA,-0.08,0.0514357,1
8919,12,DDX6,0.009999999999999981,0.09999439999999998,1
8920,12,COL1A1,0.16,0.1424535,1
8921,12,VHL,0.17,0.1345316,1
8922,12,MAPK1,1.640000000000001,1.1798440999999997,1
8923,12,SRC,0.7500000000000004,0.5307888999999998,1
8924,12,NFE2L2,0.33999999999999997,0.2401878,1
8925,12,MITF,-0.22,-0.04186680000000001,1
8926,12,SMAD3,1.1600000000000008,1.0603555999999996,1
8927,12,RBM15,0.05,0.045810199999999995,1
8928,12,ATR,0.7,0.5719429999999999,1
8929,12,EPAS1,0.32,0.3364307999999999,1
8930,12,TPM3,0.23,0.17342380000000002,1
8931,12,RPL10,0.09000000000000001,0.10983470000000001,1
8932,12,STAG1,0.11,0.13426000000000002,1
8933,12,SBDS,-0.06,-0.0207192,1
8934,12,KMT2D,0.9800000000000004,0.7778977,1
8935,12,MED12,0.35000000000000003,0.2911266,1
8936,12,BCLAF1,-0.09000000000000001,0.0028914999999999982,1
8937,12,ASPSCR1,-0.02000000000000001,-0.005727800000000012,1
8938,12,CDK12,0.52,0.4120267,1
8939,12,EWSR1,0.3,0.3295348,1
8940,12,NDRG1,-0.05,-0.008496,1
8941,12,PSIP1,0.02000000000000001,0.029169300000000006,1
8942,12,TRIM33,0.08,0.07293930000000001,1
8943,12,MTOR,1.1300000000000006,0.9131042999999999,1
8944,12,ARHGAP35,0.18,0.1585904,1
8945,12,POT1,1.734723475976807e-18,0.009136300000000002,1
8946,12,EXT1,0.12,0.09194519999999999,1
8947,12,IL6ST,0.3,0.2479955,1
8948,12,IDH2,-0.13000000000000003,-0.012350000000000019,1
8949,12,SMARCE1,0.38,0.2495213,1
8950,12,CRTC3,0.08,0.06312480000000001,1
8951,12,TSC1,0.31,0.3070974,1
8952,12,BCOR,-0.08000000000000002,0.01543060000000001,1
8953,12,SDHA,0.23,0.1700991,1
8954,12,EP300,2.37,1.9459286000000011,1
8955,12,HNRNPA2B1,0.4699999999999999,0.3361418,1
8956,12,CLIP1,-0.15,-0.0828528,1
8957,12,PATZ1,-0.53,-0.1418184,1
8958,12,FUBP1,-0.07999999999999999,0.0075999999999999965,1
8959,12,HLA-A,-0.040000000000000015,0.029360900000000002,1
8960,12,CCNC,-0.21,-0.0844131,1
8961,12,RPN1,-0.19000000000000003,-0.060771000000000006,1
8962,12,TCF7L2,-0.020000000000000007,0.06518419999999998,1
8963,12,CANT1,0.0,0.014157000000000003,1
8964,12,RPL5,-0.66,-0.1998841,1
8965,12,CCDC6,0.11000000000000001,0.1138183,1
8966,12,NCKIPSD,-0.09,-0.025505999999999997,1
8967,12,SMARCD1,0.42000000000000004,0.33712169999999997,1
8968,12,BCL10,0.03,0.06246790000000001,1
8969,12,MAX,0.05000000000000001,0.083921,1
8970,12,HERPUD1,-0.03,-0.0082647,1
8971,12,RAC1,0.04999999999999999,0.1419652,1
8972,12,FLNA,0.060000000000000005,0.07045939999999999,1
8973,12,TFE3,-0.7400000000000001,-0.27013450000000006,1
8974,12,NCOR2,0.5500000000000002,0.4754615,1
8975,12,PRPF40B,0.0,-0.0010946000000000029,1
8976,12,BCL3,-0.12000000000000004,-0.02566119999999998,1
8977,12,TFPT,-0.36000000000000004,-0.11103479999999999,1
8978,12,MLH1,0.8300000000000001,0.7254479,1
8979,12,ARHGAP5,0.12,0.10966719999999999,1
8980,12,CIC,0.0,0.0,1
8981,12,LYN,0.8500000000000002,0.6213983000000001,1
8982,12,TCF12,0.3,0.240593,1
8983,12,KLF6,0.060000000000000005,0.0384158,1
8984,12,KMT2C,0.9400000000000003,0.7680538000000001,1
8985,12,PIM1,-0.060000000000000005,0.009351199999999997,1
8986,12,CCND1,1.4700000000000009,0.9274867,1
8987,12,MLLT1,-1.2200000000000004,-0.33859140000000004,1
8988,12,MEN1,-0.32,-0.11922770000000002,1
8989,12,CUL3,0.15999999999999998,0.1633088,1
8990,12,RB1,0.5800000000000001,0.48400960000000004,1
8991,12,LPP,-0.12,-0.0335492,1
8992,12,BUB1B,-0.21,-0.07760059999999999,1
8993,12,SMAD4,1.580000000000001,1.2682778,1
8994,12,FGFR1,0.29999999999999993,0.2571504,1
8995,12,TMSB4X,0.04,0.0314204,1
8996,12,CDK4,0.9300000000000005,0.65243,1
8997,12,MSI2,0.01,0.0076924,1
8998,12,MSH6,1.0300000000000005,0.8526731000000001,1
8999,12,BRAF,1.2600000000000007,1.0845930000000001,1
9000,12,TCEA1,-0.09999999999999999,-0.0085755,1
9001,12,TNFAIP3,0.18,0.14586580000000002,1
9002,12,RABEP1,-0.03,-0.0185061,1
9003,12,GMPS,-0.08000000000000002,-0.0425465,1
9004,12,MDM2,1.0700000000000007,0.8290891000000002,1
9005,12,NSD2,0.19,0.14304290000000003,1
9006,12,CASP8,-0.09000000000000002,0.13939349999999998,1
9007,12,PER1,-0.18,-0.062245499999999995,1
9008,12,UBR5,0.019999999999999997,0.0341958,1
9009,12,EIF3E,-0.07999999999999999,0.0311362,1
9010,12,RFWD3,0.030000000000000002,0.0318161,1
9011,12,BRD3,0.12000000000000001,0.0899188,1
9012,12,PAFAH1B2,0.03,0.026543399999999998,1
9013,12,EXT2,0.009999999999999995,0.023459199999999986,1
9014,12,PLCG1,0.53,0.43020270000000005,1
9015,12,SF3B1,-0.45,-0.19508759999999997,1
9016,12,ARHGEF10L,0.03,0.0159348,1
9017,12,NFATC2,0.22,0.1608685,1
9018,12,SDHD,0.27,0.19186460000000002,1
9019,12,PABPC1,-0.76,-0.19643950000000004,1
9020,12,POLD1,-0.22000000000000003,-0.047676399999999994,1
9021,12,CALR,0.04000000000000001,0.06569240000000001,1
9022,12,PIK3CB,0.8700000000000003,0.6762936,1
9023,12,PPM1D,0.26,0.19995849999999998,1
9024,12,ATRX,0.9700000000000004,0.8226708,1
9025,12,DGCR8,0.16,0.1280302,1
9026,12,DDX10,0.15000000000000002,0.1149106,1
9027,12,DROSHA,0.51,0.4033815,1
9028,12,TNFRSF14,-0.24,-0.0661824,1
9029,12,BCL9L,0.14,0.1057506,1
9030,12,QKI,0.009999999999999998,0.0081145,1
9031,12,BAZ1A,0.01,0.0074209,1
9032,12,CHD4,0.30000000000000004,0.25433819999999996,1
9033,12,NSD3,0.11,0.1107178,1
9034,12,NT5C2,0.15000000000000002,0.08513050000000001,1
9035,12,CCNB1IP1,0.12000000000000001,0.056473800000000005,1
9036,12,PCBP1,-0.87,-0.23574300000000006,1
9037,12,RALGDS,-0.01999999999999999,0.0531937,1
9038,12,ARHGEF12,0.03,0.0412406,1
9039,12,HSP90AB1,0.9400000000000004,0.6845148999999998,1
9040,12,FOXO3,1.3700000000000006,1.0027588,1
9041,12,HIP1,-0.01,-0.0065481,1
9042,12,CDC73,0.12,0.1184355,1
9043,12,NIN,-0.030000000000000002,-0.021929199999999996,1
9044,12,MDM4,0.1,0.1486588,1
9045,12,COL3A1,0.19999999999999998,0.1632839,1
9046,12,CTNND1,0.15000000000000002,0.15987200000000001,1
9047,12,SPOP,3.469446951953614e-18,0.0446699,1
9048,12,TMEM127,0.040000000000000015,0.0300978,1
9049,12,CREB3L2,0.12000000000000001,0.07793890000000002,1
9050,12,MSH2,0.9800000000000004,0.8472723999999999,1
9051,12,FNBP1,0.019999999999999997,0.0294112,1
9052,12,ATF1,0.08,0.0555446,1
9053,12,EIF1AX,-0.5800000000000001,-0.22283670000000003,1
9054,12,PMS1,0.53,0.41716540000000013,1
9055,12,DEK,0.12000000000000001,0.1129164,1
9056,12,ERBB2,0.9300000000000004,0.5967573,1
9057,12,AKT1,0.26999999999999996,0.2764656000000001,1
9058,12,CHEK2,0.6600000000000001,0.6290356,1
9059,12,SDHB,0.36,0.2737534,1
9060,12,NCOA1,0.35,0.28760450000000004,1
9061,12,CHIC2,0.09,0.0607515,1
9062,12,RUNX1,0.30000000000000004,0.6484406,1
9063,12,STAT6,0.41000000000000003,0.33551310000000006,1
9064,12,FH,-0.05999999999999999,0.00477310000000003,1
9065,12,AKT3,1.0600000000000003,0.7698138999999998,1
9066,12,GNAS,0.3700000000000001,0.2575803,1
9067,12,CTNNB1,1.4000000000000008,1.0161495999999999,1
9068,12,NONO,0.30000000000000004,0.2611241,1
9069,12,SMARCB1,0.9700000000000004,0.7418435999999999,1
9070,12,PRKAR1A,0.18000000000000002,0.180868,1
9071,12,ITGAV,0.02000000000000001,0.0407418,1
9072,12,SS18,0.39,0.2745224,1
9073,12,MAP2K1,0.9500000000000002,0.5707412999999999,1
9074,12,SIRPA,-0.09,-0.0264069,1
9075,12,PPFIBP1,0.4,0.2856734,1
9076,12,RPL22,-0.19,0.0928786,1
9077,12,CYLD,0.29000000000000004,0.23192790000000002,1
9078,12,ARID1B,0.8,0.6068028000000001,1
9079,12,SETDB1,0.32,0.2322994,1
9080,12,AFDN,-0.45000000000000007,-0.14741690000000002,1
9081,12,ZRSR2,0.05000000000000002,0.0388686,1
9082,12,PBRM1,0.9300000000000002,0.6814427,1
9083,12,XPC,0.52,0.34303629999999996,1
9084,12,ASXL2,0.26,0.1854923,1
9085,12,TRIM24,-0.22000000000000003,-0.046593,1
9086,12,SFPQ,-0.33999999999999997,-0.0641852,1
9087,12,NCOA2,0.56,0.46106910000000006,1
9088,12,FOXO4,0.4,0.25453240000000005,1
9089,12,LEF1,0.14999999999999997,0.1454739,1
9090,12,B2M,-0.34,-0.1485504,1
9091,12,DDIT3,-0.32000000000000006,-0.1078207,1
9092,12,BCL6,0.32999999999999996,0.283452,1
9093,12,KRAS,0.2800000000000001,0.30601129999999993,1
9094,12,FAT1,0.11,0.0833512,1
9095,12,ABL2,0.020000000000000004,0.0353656,1
9096,12,NF1,1.2000000000000006,0.9785257,1
9097,12,BTG1,-0.04,-0.0192912,1
9098,12,EIF4A2,0.060000000000000005,0.0383443,1
9099,12,SET,0.18,0.1458067,1
9100,12,EPS15,0.06,0.05403200000000001,1
9101,12,RNF213,0.05,0.0431425,1
9102,12,CTCF,0.9600000000000004,0.6626933000000002,1
9103,12,WDCP,0.25000000000000006,0.15794360000000002,1
9104,12,KAT7,0.13,0.1094578,1
9105,12,KDM5C,0.15,0.14671479999999998,1
9106,12,TGFBR2,0.21999999999999992,0.19073330000000002,1
9107,12,ATM,1.1000000000000008,1.0350608999999997,1
9108,12,NUMA1,-0.04000000000000001,-0.007364400000000007,1
9109,12,STAT3,1.2200000000000006,1.0566909000000002,1
9110,12,SUB1,-0.09,-0.041336700000000004,1
9111,12,NUP98,0.13999999999999999,0.16305499999999995,1
9112,12,ELL,0.17,0.0887299,1
9113,12,MAP3K1,0.43,0.33629280000000006,1
9114,12,MALT1,0.17,0.1629673,1
9115,12,XPO1,0.5300000000000001,0.42534249999999996,1
9116,12,SETD1B,0.25,0.2009161,1
9117,12,ETV6,-0.07,0.0048307999999999945,1
9118,12,TBL1XR1,0.20000000000000004,0.13822450000000003,1
9119,12,NUP214,-0.08999999999999997,0.12631639999999994,1
9120,12,TPR,0.12,0.097637,1
9121,12,ATIC,0.13,0.1351364,1
9122,12,NACA,0.22999999999999998,0.1517788,1
9123,12,MYO5A,0.01,0.008054100000000002,1
9124,12,SMC1A,0.3400000000000001,0.4106724,1
9125,12,LASP1,-0.23,-0.1238033,1
9126,12,ERCC5,0.3500000000000001,0.22321330000000003,1
9127,12,JUN,-0.9199999999999998,-0.12179429999999997,1
9128,12,THRAP3,0.020000000000000004,0.016259599999999992,1
9129,12,STAG2,0.30000000000000004,0.2987211999999999,1
9130,12,RAF1,0.9200000000000004,0.7026089999999997,1
9131,12,ERCC3,0.54,0.4594452,1
9132,12,SMAD2,0.47000000000000025,0.4842857999999999,1
9133,12,TAF15,0.2,0.1684407,1
9134,12,ARNT,0.19,0.19457200000000008,1
9135,12,CLTC,-0.7500000000000001,-0.3489366,1
9136,12,IKBKB,0.47000000000000014,0.4229567000000001,1
9137,12,IDH1,-0.3600000000000001,-0.09742799999999999,1
9138,12,SND1,-0.009999999999999997,0.0019768999999999967,1
9139,12,KNSTRN,0.02,0.0151264,1
9140,12,RHOA,-2.47,-0.6488554999999999,1
9141,12,PALB2,0.6700000000000002,0.5823444000000001,1
9142,12,ARID2,0.81,0.6286151,1
9143,12,EZR,-0.08,-0.012873300000000011,1
9144,12,TP53,-0.06999999999999998,0.2608125999999999,1
9145,12,ARAF,0.37,0.21954430000000003,1
9146,12,KIF5B,0.5000000000000001,0.371086,1
9147,12,KAT6A,0.26,0.25578850000000003,1
9148,12,KTN1,-0.07,-0.008785100000000004,1
9149,12,GOLGA5,-0.09000000000000001,-0.0602211,1
9150,12,KDM5A,0.29000000000000004,0.26423840000000004,1
9151,12,RAD21,0.5800000000000001,0.4743064,1
9152,12,GNAQ,0.22,0.21047900000000003,1
9153,12,CAMTA1,0.07,0.053351300000000004,1
9154,12,ERCC2,0.68,0.5225998000000001,1
9155,12,EZH2,1.6600000000000013,1.2767716999999996,1
9156,12,TOP1,0.27,0.2140612,1
9157,12,SRSF3,-0.22000000000000003,-0.03366090000000001,1
9158,12,NPM1,0.08999999999999998,0.17515209999999995,1
9159,12,BAX,-0.6500000000000001,-0.153275,1
9160,12,NOTCH2,0.29,0.2417653,1
9161,12,TRAF7,0.01,0.0069275,1
9162,12,KDM6A,0.8000000000000003,0.8146803000000001,1
9163,12,SPEN,0.12000000000000001,0.0920324,1
9164,12,TRIM27,-0.53,-0.1665391,1
9165,12,CRTC1,0.14,0.10670950000000001,1
9166,12,EML4,0.24000000000000002,0.26823129999999995,1
9167,12,USP9X,-0.11000000000000001,-0.08142819999999999,1
9168,12,PTPRK,0.0,0.0,1
9169,12,CD74,-0.3,-0.05700529999999999,1
9170,12,CBL,0.5399999999999999,0.4657474000000001,1
9171,12,ZNF384,0.03,0.025053899999999997,1
9172,12,NOTCH1,1.1500000000000004,0.8369098000000001,1
9173,12,COX6C,-0.14,-0.044634,1
9174,12,CHCHD7,0.03,0.0207708,1
9175,12,HMGA1,-0.04,-0.014966800000000002,1
9176,12,PTEN,1.540000000000001,1.3142612999999999,1
9177,12,FIP1L1,-0.06,-0.017684199999999997,1
9178,12,JAK1,0.8200000000000003,0.6651921999999999,1
9179,12,ZMYM2,-0.029999999999999992,-0.020411599999999995,1
9180,12,SUZ12,0.7600000000000002,0.5954078,1
9181,12,FUS,-0.3,0.09225839999999999,1
9182,12,BAP1,-0.35000000000000003,-0.1459006,1
9183,12,ZCCHC8,-0.08,-0.023003999999999997,1
9184,12,CRNKL1,0.0,0.00042039999999999786,1
9185,12,RAD17,0.17,0.1201996,1
9186,12,ATP1A1,-0.03,-0.011073200000000002,1
9187,12,DNMT3A,1.1100000000000003,0.8693584999999997,1
9188,12,FBXW7,1.0200000000000005,0.8322066,1
9189,12,WWTR1,-0.16999999999999998,-0.0680356,1
9190,12,CDKN1B,0.47000000000000003,0.33448220000000006,1
9191,12,KMT2A,0.36999999999999994,0.3770285,1
9192,12,PTPN11,0.9300000000000004,0.7985716000000003,1
9193,12,STAT5B,0.68,0.5539328,1
9194,12,CUX1,-0.11,-0.0725442,1
9195,12,ABI1,-0.32,-0.09250819999999998,1
9196,12,BRCA1,1.6700000000000013,1.3808998,1
9197,12,SH2B3,0.060000000000000005,0.033781000000000005,1
9198,12,AFF4,-0.03,0.0057547999999999905,1
9199,12,NF2,0.13,0.12900699999999998,1
9200,12,LMNA,0.02999999999999999,0.029986800000000008,1
9201,12,TSC2,0.8500000000000003,0.6697169000000001,1
9202,12,GOLPH3,-0.049999999999999996,-0.0355872,1
9203,12,PCM1,-0.04,-0.032308199999999995,1
9204,12,PPP2R1A,-0.3400000000000001,-0.10274780000000001,1
9205,12,ARID1A,1.870000000000001,1.4655131,1
9206,12,ABL1,-0.28999999999999987,0.007128200000000064,1
9207,12,AFF1,0.05,0.08019899999999999,1
9208,12,DAXX,-0.37999999999999995,-0.0980061,1
9209,12,CBFB,0.11,0.1134676,1
9210,12,CBLB,0.16000000000000003,0.1385955,1
9211,12,POLR2A,-0.04999999999999999,0.19741309999999995,1
9212,12,PRKACA,0.09000000000000005,0.22630929999999988,1
9213,12,DNM2,-0.1,-0.047504800000000014,1
9214,12,RAP1GDS1,0.020000000000000004,0.037901300000000006,1
9215,12,NCOR1,0.8600000000000002,0.8407424999999997,1
9216,12,NFKBIE,-0.35000000000000003,-0.1131905,1
9217,12,DDX3X,0.23,0.21006339999999996,1
9218,12,ELK4,0.03,0.0260493,1
9219,12,MLLT6,0.0,0.014831099999999996,1
9220,12,SRSF2,-2.43,-0.6238389000000001,1
9221,12,CTNNA1,0.15,0.1188777,1
9222,12,RBM10,0.15,0.1082524,1
9223,12,PTPRC,0.05999999999999999,0.12120619999999999,1
9224,12,HSP90AA1,0.7400000000000002,0.5479849,1
9225,12,NSD1,0.23,0.19132700000000002,0
9226,12,DICER1,0.21,0.2050897,0
9227,12,BIRC6,0.049999999999999996,0.0491549,0
9228,12,SDHC,0.25,0.17679500000000004,0
9229,12,TFG,0.31,0.17236990000000002,0
9230,12,MAP2K2,0.34,0.2430133,0
9231,12,TFRC,-0.3,-0.1380072,0
9232,12,CREB1,0.8500000000000004,0.6139811000000001,0
9233,12,POLG,0.02,0.008234,0
9234,12,SETD2,0.7500000000000002,0.6040813999999999,0
9235,12,NAB2,-0.28,-0.10501759999999999,0
9236,12,HIF1A,1.5700000000000007,1.0765408,0
9237,12,FLCN,0.05,0.0474763,0
9238,12,MAP2K4,-0.01999999999999999,0.0714028,0
9239,12,CNOT3,-0.07,-0.019308200000000005,0
9240,12,CIITA,0.1,0.06887800000000001,0
9241,12,LSM14A,0.06999999999999999,0.06900120000000001,0
9242,12,AKAP9,-0.039999999999999994,-0.003919199999999998,0
9243,12,MSN,-0.15999999999999998,-0.008510299999999991,0
9244,12,BCR,0.09,0.0622823,0
9245,12,TRRAP,0.08000000000000003,0.1392294,0
9246,12,PPP6C,-0.16,-0.07798000000000001,0
9247,12,NCOA4,-0.2,-0.10791429999999999,0
9248,12,BCL9,0.14,0.1019686,0
9249,12,PRCC,0.060000000000000005,0.0471402,0
9250,12,LARP4B,-0.01,-0.0048211,0
9251,12,CHD2,0.01,0.007470900000000001,0
9252,12,ASXL1,0.3899999999999999,0.3908237999999999,0
9253,12,SMARCA4,1.1500000000000006,0.8841855000000003,0
9254,12,ERC1,-0.03,-0.0210953,0
9255,12,DCTN1,-0.15999999999999995,-0.0709822,0
9256,12,PIK3R1,1.3800000000000008,0.9567168,0
9257,12,EED,0.039999999999999994,0.0709009,0
9258,12,CNBP,0.01,0.0055052,0
9259,12,SGK1,0.25,0.14522349999999998,0
9260,12,MLLT10,-0.09999999999999998,-0.023503800000000005,0
9261,12,BRD4,1.0200000000000005,0.7455456,0
9262,12,RANBP2,0.16999999999999998,0.21261020000000003,0
9263,12,FBXO11,0.04,0.0300312,0
9264,12,PML,0.43,0.3108926,0
9265,12,AKT2,0.9500000000000003,0.6206944000000002,0
9266,12,CEP89,0.06,0.0329772,0
9267,12,LZTR1,0.03,0.059320700000000004,0
9268,12,YWHAE,0.2899999999999999,0.18547519999999998,0
9269,12,DNAJB1,-0.010000000000000002,0.0093459,0
9270,12,PRDM2,0.04,0.0300948,0
9271,12,TPM4,0.46,0.29642920000000006,0
9272,12,CREBBP,1.9000000000000012,1.4875193999999994,0
9273,12,PMS2,0.6400000000000001,0.5749516,0
9274,12,DDR2,0.04,0.0252612,0
9275,12,FANCA,0.32999999999999996,0.2644534,0
9276,12,PDE4DIP,0.04,0.0258684,0
9277,12,USP8,-0.08,-0.0396442,0
9278,12,MYH9,-0.22,-0.027207199999999987,0
9279,12,MYC,-0.9300000000000002,-0.33505179999999996,0
9280,12,NBN,0.55,0.40613949999999993,0
9281,12,CCND3,1.0408340855860843e-17,0.041467199999999996,0
9282,12,TRIP11,-0.14,-0.0896325,0
9283,12,CNTRL,-0.060000000000000005,-0.041135200000000004,0
9284,12,PIK3CA,1.5700000000000007,1.0858516,0
9285,12,DDX5,0.2700000000000001,0.26665759999999994,0
9286,12,PICALM,0.0,0.001400000000000002,0
9287,12,RARA,0.6600000000000003,0.44197859999999994,0
9288,12,DDX6,0.02,0.06768040000000002,0
9289,12,COL1A1,0.09,0.1122953,0
9290,12,VHL,0.22,0.1530809,0
9291,12,MAPK1,1.4300000000000008,0.8615646999999999,0
9292,12,SRC,-0.29000000000000004,0.13432050000000006,0
9293,12,NFE2L2,0.22,0.14325430000000003,0
9294,12,MITF,-0.27,-0.04987609999999999,0
9295,12,SMAD3,1.2500000000000009,0.9185941000000001,0
9296,12,RBM15,0.09,0.07369220000000001,0
9297,12,ATR,0.6700000000000003,0.5574756000000001,0
9298,12,EPAS1,0.36000000000000004,0.3295842,0
9299,12,TPM3,0.2700000000000001,0.18606589999999998,0
9300,12,RPL10,0.13,0.11786089999999999,0
9301,12,STAG1,0.1,0.10778860000000001,0
9302,12,SBDS,-0.06,-0.0227928,0
9303,12,KMT2D,0.9000000000000004,0.6459482000000001,0
9304,12,MED12,0.32,0.25040110000000004,0
9305,12,BCLAF1,-0.030000000000000006,0.024281199999999992,0
9306,12,ASPSCR1,0.06999999999999999,0.05165009999999999,0
9307,12,CDK12,0.25,0.18127510000000002,0
9308,12,EWSR1,0.45999999999999996,0.35988600000000004,0
9309,12,NDRG1,-0.039999999999999994,-0.0158767,0
9310,12,PSIP1,-0.22,-0.1088981,0
9311,12,TRIM33,0.04,0.0395292,0
9312,12,MTOR,1.2700000000000007,0.8924136999999999,0
9313,12,ARHGAP35,0.07999999999999999,0.12775369999999997,0
9314,12,POT1,-0.04,-0.0119865,0
9315,12,EXT1,0.1,0.059109999999999996,0
9316,12,IL6ST,0.27,0.198961,0
9317,12,IDH2,0.19,0.15450220000000003,0
9318,12,SMARCE1,0.41000000000000003,0.23413279999999997,0
9319,12,CRTC3,0.09,0.0638455,0
9320,12,TSC1,0.39,0.30891310000000005,0
9321,12,BCOR,-0.12999999999999998,-0.009799500000000003,0
9322,12,SDHA,0.23,0.14242700000000003,0
9323,12,EP300,1.620000000000001,1.2442179000000002,0
9324,12,HNRNPA2B1,0.21,0.2084885,0
9325,12,CLIP1,-0.11,-0.05245779999999999,0
9326,12,PATZ1,-0.33,-0.1028368,0
9327,12,FUBP1,-0.09999999999999999,0.010187299999999993,0
9328,12,HLA-A,-0.039999999999999994,0.040717699999999996,0
9329,12,CCNC,-0.12,-0.04944269999999999,0
9330,12,RPN1,-0.23,-0.06766080000000001,0
9331,12,TCF7L2,0.01999999999999997,0.06580299999999999,0
9332,12,CANT1,0.11000000000000001,0.06576500000000002,0
9333,12,RPL5,-0.6,-0.15867910000000002,0
9334,12,CCDC6,0.0,0.03390529999999998,0
9335,12,NCKIPSD,0.03,0.0165009,0
9336,12,SMARCD1,0.38,0.24560820000000003,0
9337,12,BCL10,-0.010000000000000002,0.014669899999999996,0
9338,12,MAX,-0.02,-0.0030841,0
9339,12,HERPUD1,0.01,0.0041155,0
9340,12,RAC1,-0.11000000000000004,0.09371089999999999,0
9341,12,FLNA,0.07,0.0942693,0
9342,12,TFE3,-0.36,-0.14148149999999998,0
9343,12,NCOR2,0.7100000000000002,0.5063335999999999,0
9344,12,PRPF40B,-0.04,-0.0240454,0
9345,12,BCL3,-0.09,-0.026190299999999996,0
9346,12,TFPT,-0.19,-0.0724849,0
9347,12,MLH1,0.9000000000000001,0.7149501000000001,0
9348,12,ARHGAP5,0.16000000000000003,0.1177098,0
9349,12,CIC,0.0,0.0,0
9350,12,LYN,0.9000000000000001,0.6019003,0
9351,12,TCF12,0.26,0.18612299999999998,0
9352,12,KLF6,0.05,0.0287293,0
9353,12,KMT2C,0.9800000000000004,0.7452381,0
9354,12,PIM1,-0.13000000000000003,-0.0332387,0
9355,12,CCND1,1.4000000000000008,0.8375126,0
9356,12,MLLT1,-0.78,-0.23094550000000003,0
9357,12,MEN1,0.010000000000000012,0.03748290000000001,0
9358,12,CUL3,0.11,0.0985981,0
9359,12,RB1,0.69,0.4972868,0
9360,12,LPP,-0.07,-0.027823300000000002,0
9361,12,BUB1B,-0.16,-0.0775475,0
9362,12,SMAD4,1.2600000000000007,0.9303585999999998,0
9363,12,FGFR1,0.18999999999999997,0.1299276,0
9364,12,TMSB4X,0.04,0.0330604,0
9365,12,CDK4,0.6300000000000001,0.44525219999999993,0
9366,12,MSI2,0.01,0.0068984,0
9367,12,MSH6,0.8700000000000003,0.6509094000000001,0
9368,12,BRAF,0.9400000000000005,0.7658678000000001,0
9369,12,TCEA1,-0.09000000000000001,-0.015836799999999995,0
9370,12,TNFAIP3,0.13,0.12139529999999998,0
9371,12,RABEP1,0.0,-0.0019188,0
9372,12,GMPS,-0.1,-0.0481026,0
9373,12,MDM2,1.3200000000000005,0.9001676,0
9374,12,NSD2,0.18,0.11934610000000001,0
9375,12,CASP8,0.16,0.22496359999999999,0
9376,12,PER1,-0.26999999999999996,-0.0512071,0
9377,12,UBR5,-0.07999999999999999,-0.0339646,0
9378,12,EIF3E,-0.08999999999999998,0.045993099999999995,0
9379,12,RFWD3,0.030000000000000002,0.030426200000000004,0
9380,12,BRD3,0.09999999999999998,0.08892000000000001,0
9381,12,PAFAH1B2,0.02,0.0156172,0
9382,12,EXT2,0.0,0.0015409999999999868,0
9383,12,PLCG1,0.58,0.39646820000000005,0
9384,12,SF3B1,-0.38,-0.15116400000000002,0
9385,12,ARHGEF10L,0.02,0.011517999999999999,0
9386,12,NFATC2,0.2,0.139061,0
9387,12,SDHD,0.22000000000000006,0.12189910000000004,0
9388,12,PABPC1,-0.83,-0.18914160000000002,0
9389,12,POLD1,-0.11000000000000001,-0.0021486000000000005,0
9390,12,CALR,0.05,0.043802900000000006,0
9391,12,PIK3CB,0.48,0.3954448000000001,0
9392,12,PPM1D,0.17,0.1352549,0
9393,12,ATRX,0.9700000000000005,0.7349415,0
9394,12,DGCR8,0.15,0.09227110000000001,0
9395,12,DDX10,0.07,0.045713,0
9396,12,DROSHA,0.3700000000000001,0.2550935,0
9397,12,TNFRSF14,-0.09000000000000001,-0.03251840000000001,0
9398,12,BCL9L,0.13,0.0833762,0
9399,12,QKI,-0.11,-0.062367000000000006,0
9400,12,BAZ1A,0.01,0.0069055,0
9401,12,CHD4,0.20999999999999994,0.17985130000000002,0
9402,12,NSD3,0.0,0.019012299999999996,0
9403,12,NT5C2,0.18000000000000002,0.10351020000000002,0
9404,12,CCNB1IP1,0.11,0.0479395,0
9405,12,PCBP1,-0.5900000000000001,-0.18787340000000005,0
9406,12,RALGDS,0.13999999999999999,0.0968058,0
9407,12,ARHGEF12,-0.030000000000000002,-0.0044382000000000015,0
9408,12,HSP90AB1,1.1800000000000004,0.7660144999999999,0
9409,12,FOXO3,1.2700000000000005,0.8505598000000002,0
9410,12,HIP1,-0.02,-0.0127817,0
9411,12,CDC73,-0.15999999999999998,-0.020127000000000006,0
9412,12,NIN,0.009999999999999998,0.009051399999999998,0
9413,12,MDM4,0.10999999999999999,0.15024589999999996,0
9414,12,COL3A1,0.16,0.1430942,0
9415,12,CTNND1,0.16,0.1476101,0
9416,12,SPOP,0.01000000000000001,0.0280167,0
9417,12,TMEM127,0.04999999999999999,0.052890900000000005,0
9418,12,CREB3L2,0.08,0.051969900000000006,0
9419,12,MSH2,0.8800000000000003,0.6173446000000001,0
9420,12,FNBP1,0.01,0.011735800000000001,0
9421,12,ATF1,-0.039999999999999994,-0.018077699999999995,0
9422,12,EIF1AX,-0.56,-0.23767749999999999,0
9423,12,PMS1,0.5499999999999999,0.41103419999999996,0
9424,12,DEK,0.09,0.0932662,0
9425,12,ERBB2,1.0900000000000005,0.6762878000000001,0
9426,12,AKT1,1.2500000000000007,0.7693992,0
9427,12,CHEK2,0.24000000000000007,0.3403937,0
9428,12,SDHB,0.42,0.2656696,0
9429,12,NCOA1,0.4,0.27757309999999996,0
9430,12,CHIC2,0.049999999999999996,0.0259952,0
9431,12,RUNX1,0.5200000000000002,0.6127979,0
9432,12,STAT6,0.31000000000000005,0.218743,0
9433,12,FH,-0.17000000000000004,-0.058821300000000014,0
9434,12,AKT3,1.0100000000000002,0.6579710000000001,0
9435,12,GNAS,0.26,0.1598347,0
9436,12,CTNNB1,1.4000000000000008,0.9337538000000003,0
9437,12,NONO,0.07999999999999999,0.0534576,0
9438,12,SMARCB1,0.9100000000000004,0.6480374999999999,0
9439,12,PRKAR1A,0.13,0.1073296,0
9440,12,ITGAV,0.039999999999999994,0.0353522,0
9441,12,SS18,0.39,0.2355627,0
9442,12,MAP2K1,1.0300000000000005,0.6362307000000001,0
9443,12,SIRPA,0.02,0.010960999999999999,0
9444,12,PPFIBP1,0.36,0.2278271,0
9445,12,RPL22,-0.19000000000000006,0.08251869999999997,0
9446,12,CYLD,0.28,0.21396150000000003,0
9447,12,ARID1B,0.6399999999999999,0.4576623,0
9448,12,SETDB1,0.30000000000000004,0.21274980000000002,0
9449,12,AFDN,-0.35000000000000003,-0.1208147,0
9450,12,ZRSR2,0.28,0.19758340000000002,0
9451,12,PBRM1,0.9800000000000004,0.6988095999999999,0
9452,12,XPC,0.6100000000000001,0.39808980000000005,0
9453,12,ASXL2,0.22000000000000003,0.1429975,0
9454,12,TRIM24,-0.28,-0.130949,0
9455,12,SFPQ,-0.11000000000000001,0.004872599999999991,0
9456,12,NCOA2,0.52,0.349975,0
9457,12,FOXO4,0.4900000000000001,0.3095139,0
9458,12,LEF1,0.08,0.08189179999999999,0
9459,12,B2M,-0.5700000000000001,-0.20406899999999997,0
9460,12,DDIT3,-0.32999999999999996,-0.0855601,0
9461,12,BCL6,0.5700000000000001,0.39443130000000004,0
9462,12,KRAS,-1.8800000000000003,-0.44900760000000006,0
9463,12,FAT1,0.05,0.0470212,0
9464,12,ABL2,0.06,0.04672899999999999,0
9465,12,NF1,0.7300000000000002,0.585207,0
9466,12,BTG1,-0.02,-0.0107022,0
9467,12,EIF4A2,0.039999999999999994,0.05054669999999999,0
9468,12,SET,0.14,0.12757620000000003,0
9469,12,EPS15,-0.010000000000000002,0.005011699999999997,0
9470,12,RNF213,0.03,0.0232596,0
9471,12,CTCF,0.7800000000000002,0.5497072000000001,0
9472,12,WDCP,0.09,0.0836643,0
9473,12,KAT7,0.1,0.0809751,0
9474,12,KDM5C,0.14,0.13377819999999999,0
9475,12,TGFBR2,0.25,0.16604159999999996,0
9476,12,ATM,1.540000000000001,1.1400347999999998,0
9477,12,NUMA1,-0.05000000000000001,-0.012254900000000003,0
9478,12,STAT3,1.530000000000001,1.1489708000000007,0
9479,12,SUB1,-0.35,-0.1049419,0
9480,12,NUP98,0.04999999999999995,0.08224290000000002,0
9481,12,ELL,-1.9081958235744878e-17,0.020324499999999995,0
9482,12,MAP3K1,0.43999999999999995,0.31429060000000003,0
9483,12,MALT1,0.13,0.12912659999999998,0
9484,12,XPO1,0.24999999999999997,0.20765750000000002,0
9485,12,SETD1B,0.16,0.11551199999999998,0
9486,12,ETV6,-0.14,-0.0309553,0
9487,12,TBL1XR1,0.17,0.1064224,0
9488,12,NUP214,0.07000000000000002,0.10036210000000001,0
9489,12,TPR,0.06,0.07234070000000001,0
9490,12,ATIC,0.11,0.0698061,0
9491,12,NACA,0.24,0.1686997,0
9492,12,MYO5A,0.0,0.004089700000000002,0
9493,12,SMC1A,0.6100000000000001,0.46790429999999994,0
9494,12,LASP1,-0.18,-0.10437540000000001,0
9495,12,ERCC5,0.48,0.3097949,0
9496,12,JUN,0.7100000000000002,0.5306967,0
9497,12,THRAP3,0.07,0.05843040000000001,0
9498,12,STAG2,0.53,0.38556580000000007,0
9499,12,RAF1,1.1500000000000004,0.7805587,0
9500,12,ERCC3,0.5299999999999999,0.428449,0
9501,12,SMAD2,0.5200000000000002,0.4566127999999998,0
9502,12,TAF15,0.09,0.09732350000000001,0
9503,12,ARNT,0.29000000000000004,0.23327740000000002,0
9504,12,CLTC,-0.5,-0.27016890000000005,0
9505,12,IKBKB,0.5800000000000001,0.4421702000000001,0
9506,12,IDH1,-0.53,-0.13313979999999997,0
9507,12,SND1,3.469446951953614e-18,0.0023222,0
9508,12,KNSTRN,0.03,0.0238668,0
9509,12,RHOA,-0.7999999999999998,-0.1579447,0
9510,12,PALB2,0.6800000000000002,0.5485801,0
9511,12,ARID2,0.6900000000000002,0.5078275,0
9512,12,EZR,-0.13999999999999999,-0.007161200000000005,0
9513,12,TP53,-1.2800000000000002,-0.25978790000000007,0
9514,12,ARAF,0.43,0.23936660000000004,0
9515,12,KIF5B,0.39,0.27086,0
9516,12,KAT6A,0.23999999999999996,0.20423960000000002,0
9517,12,KTN1,-0.07,-0.022306400000000007,0
9518,12,GOLGA5,-0.13,-0.0822351,0
9519,12,KDM5A,0.24,0.2070203,0
9520,12,RAD21,0.43000000000000005,0.3107034000000001,0
9521,12,GNAQ,0.13999999999999999,0.09678130000000001,0
9522,12,CAMTA1,0.019999999999999997,0.014051999999999999,0
9523,12,ERCC2,0.64,0.4377316,0
9524,12,EZH2,1.700000000000001,1.0231625000000002,0
9525,12,TOP1,0.10999999999999997,0.096456,0
9526,12,SRSF3,-0.4,-0.1152206,0
9527,12,NPM1,-0.18000000000000002,0.0762638,0
9528,12,BAX,-0.39,-0.1283696,0
9529,12,NOTCH2,0.28,0.2161891,0
9530,12,TRAF7,0.03,0.021737100000000002,0
9531,12,KDM6A,0.8800000000000002,0.7131845999999998,0
9532,12,SPEN,0.09,0.0657246,0
9533,12,TRIM27,-0.33999999999999997,-0.1310305,0
9534,12,CRTC1,0.14,0.10494120000000001,0
9535,12,EML4,0.09999999999999998,0.12685450000000004,0
9536,12,USP9X,-0.09,-0.0541921,0
9537,12,PTPRK,0.01,0.0067963,0
9538,12,CD74,-0.13,-0.004608699999999995,0
9539,12,CBL,0.6400000000000001,0.44939340000000005,0
9540,12,ZNF384,-0.09,-0.045224600000000004,0
9541,12,NOTCH1,0.9300000000000004,0.6548288,0
9542,12,COX6C,-0.1,-0.0456922,0
9543,12,CHCHD7,0.03,0.0203214,0
9544,12,HMGA1,-0.12,-0.054797,0
9545,12,PTEN,1.730000000000001,1.2957652,0
9546,12,FIP1L1,-0.05000000000000001,-0.0288713,0
9547,12,JAK1,0.7200000000000002,0.5603058000000001,0
9548,12,ZMYM2,-0.09999999999999999,-0.0669209,0
9549,12,SUZ12,0.6700000000000002,0.46012580000000003,0
9550,12,FUS,-0.010000000000000002,0.17669579999999996,0
9551,12,BAP1,0.13999999999999999,0.1177313,0
9552,12,ZCCHC8,-0.07,-0.021991200000000002,0
9553,12,CRNKL1,-0.07,-0.0362369,0
9554,12,RAD17,0.09,0.0722929,0
9555,12,ATP1A1,0.0,-0.0014690999999999992,0
9556,12,DNMT3A,0.7100000000000003,0.5472184,0
9557,12,FBXW7,0.8600000000000001,0.6507194000000001,0
9558,12,WWTR1,-0.16,-0.06162439999999999,0
9559,12,CDKN1B,0.5800000000000001,0.3592129,0
9560,12,KMT2A,0.36999999999999994,0.3130422,0
9561,12,PTPN11,0.8700000000000002,0.6100764,0
9562,12,STAT5B,0.7100000000000002,0.5290373,0
9563,12,CUX1,-0.12000000000000001,-0.07566110000000001,0
9564,12,ABI1,-0.5,-0.1528065,0
9565,12,BRCA1,1.750000000000001,1.3297480000000004,0
9566,12,SH2B3,0.020000000000000004,0.0278562,0
9567,12,AFF4,0.14,0.0941266,0
9568,12,NF2,0.019999999999999997,0.07074960000000002,0
9569,12,LMNA,0.11000000000000001,0.0857342,0
9570,12,TSC2,0.4599999999999999,0.39920330000000004,0
9571,12,GOLPH3,-0.12,-0.066315,0
9572,12,PCM1,-0.06,-0.039464099999999995,0
9573,12,PPP2R1A,-0.19000000000000003,-0.026104600000000002,0
9574,12,ARID1A,1.700000000000001,1.1662634999999997,0
9575,12,ABL1,0.18000000000000005,0.1818419,0
9576,12,AFF1,0.26,0.21620560000000005,0
9577,12,DAXX,-0.07999999999999997,0.013077499999999995,0
9578,12,CBFB,0.10999999999999999,0.0855589,0
9579,12,CBLB,0.13,0.0970825,0
9580,12,POLR2A,-0.03000000000000004,0.12166189999999999,0
9581,12,PRKACA,0.36,0.2655855,0
9582,12,DNM2,-0.11,-0.0429702,0
9583,12,RAP1GDS1,-0.09,-0.041433899999999996,0
9584,12,NCOR1,1.0100000000000005,0.7773912000000002,0
9585,12,NFKBIE,-0.2,-0.0748666,0
9586,12,DDX3X,0.13,0.1325877,0
9587,12,ELK4,0.01,0.006711700000000001,0
9588,12,MLLT6,0.13999999999999999,0.1038773,0
9589,12,SRSF2,-0.7399999999999999,-0.1780572,0
9590,12,CTNNA1,0.1,0.07446670000000001,0
9591,12,RBM10,0.22,0.1513108,0
9592,12,PTPRC,0.09000000000000001,0.1037301,0
9593,12,HSP90AA1,1.1400000000000003,0.7374568,0
9594,13,NSD1,0.27999999999999997,0.2400809,1
9595,13,DICER1,0.29000000000000004,0.3008136,1
9596,13,BIRC6,0.11,0.1031679,1
9597,13,SDHC,0.37,0.2871412,1
9598,13,TFG,0.19,0.1214402,1
9599,13,MAP2K2,0.21000000000000005,0.1694276,1
9600,13,TFRC,-0.22,-0.07615930000000001,1
9601,13,CREB1,0.9400000000000005,0.7806989999999999,1
9602,13,POLG,-0.01,-0.0026038,1
9603,13,SETD2,0.6200000000000001,0.5674006000000001,1
9604,13,NAB2,-0.51,-0.1558698,1
9605,13,HIF1A,1.740000000000001,1.3248551000000002,1
9606,13,FLCN,-0.06,0.007454300000000004,1
9607,13,MAP2K4,0.060000000000000005,0.1035359,1
9608,13,CNOT3,0.04,0.0411688,1
9609,13,CIITA,0.1,0.06567880000000001,1
9610,13,LSM14A,0.14,0.11661640000000001,1
9611,13,AKAP9,-0.04999999999999999,-0.0009165999999999966,1
9612,13,MSN,-0.15000000000000002,-0.045003,1
9613,13,BCR,-0.06000000000000002,0.018062599999999998,1
9614,13,TRRAP,0.02000000000000002,0.17832000000000003,1
9615,13,PPP6C,-0.14,-0.056381799999999996,1
9616,13,NCOA4,-0.07999999999999999,-0.02532029999999999,1
9617,13,BCL9,0.18000000000000002,0.1446736,1
9618,13,PRCC,0.09999999999999999,0.07569319999999999,1
9619,13,LARP4B,0.02,0.014170799999999999,1
9620,13,CHD2,0.02,0.0177292,1
9621,13,ASXL1,0.3800000000000001,0.38222130000000004,1
9622,13,SMARCA4,1.910000000000001,1.4709146,1
9623,13,ERC1,-0.03,-0.022518,1
9624,13,DCTN1,-0.020000000000000004,0.018063300000000004,1
9625,13,PIK3R1,1.3400000000000007,1.0736791,1
9626,13,EED,0.05000000000000001,0.05856660000000001,1
9627,13,CNBP,0.01,0.0056577,1
9628,13,SGK1,0.5,0.3483288,1
9629,13,MLLT10,-0.12000000000000002,-0.0592903,1
9630,13,BRD4,0.9600000000000003,0.8324531000000002,1
9631,13,RANBP2,0.25,0.24807230000000005,1
9632,13,FBXO11,0.05,0.0438691,1
9633,13,PML,0.31,0.24595199999999995,1
9634,13,AKT2,1.0200000000000002,0.754892,1
9635,13,CEP89,0.06,0.0371458,1
9636,13,LZTR1,0.1,0.09100499999999999,1
9637,13,YWHAE,0.24000000000000005,0.15383039999999998,1
9638,13,DNAJB1,-0.06,-0.018092999999999998,1
9639,13,PRDM2,0.04,0.032374400000000005,1
9640,13,TPM4,0.49000000000000005,0.3522249,1
9641,13,CREBBP,1.8200000000000012,1.4950525,1
9642,13,PMS2,0.6400000000000001,0.5730125,1
9643,13,DDR2,-0.02,-0.0111836,1
9644,13,FANCA,0.39,0.326359,1
9645,13,PDE4DIP,0.08,0.0620819,1
9646,13,USP8,-0.04,-0.0211481,1
9647,13,MYH9,-0.48,-0.12158579999999998,1
9648,13,MYC,-1.3600000000000003,-0.30815059999999994,1
9649,13,NBN,0.6100000000000001,0.4898919000000001,1
9650,13,CCND3,-0.13000000000000003,-0.021206199999999994,1
9651,13,TRIP11,-0.13,-0.09308469999999999,1
9652,13,CNTRL,-0.07999999999999999,-0.0622763,1
9653,13,PIK3CA,1.3600000000000005,1.1271092999999999,1
9654,13,DDX5,0.3399999999999999,0.3351624,1
9655,13,PICALM,-0.009999999999999998,-0.006468799999999997,1
9656,13,RARA,-0.08000000000000002,0.05754329999999998,1
9657,13,DDX6,0.09,0.133178,1
9658,13,COL1A1,0.17,0.1505812,1
9659,13,VHL,0.23,0.16854969999999997,1
9660,13,MAPK1,1.690000000000001,1.2460686000000007,1
9661,13,SRC,0.3,0.3162783,1
9662,13,NFE2L2,0.31999999999999995,0.2264605,1
9663,13,MITF,-0.21,-0.04010709999999998,1
9664,13,SMAD3,1.270000000000001,1.1301035000000006,1
9665,13,RBM15,0.08,0.0701409,1
9666,13,ATR,0.7700000000000002,0.6383700999999999,1
9667,13,EPAS1,0.38,0.3624425,1
9668,13,TPM3,0.21000000000000002,0.1707018,1
9669,13,RPL10,0.13,0.12360969999999999,1
9670,13,STAG1,0.13,0.1425531,1
9671,13,SBDS,-0.03,-0.011920300000000002,1
9672,13,KMT2D,0.9500000000000004,0.7879129,1
9673,13,MED12,0.38,0.3150349,1
9674,13,BCLAF1,-0.08,0.017041600000000014,1
9675,13,ASPSCR1,-0.05000000000000001,-0.014750100000000002,1
9676,13,CDK12,0.49,0.3888576,1
9677,13,EWSR1,0.2299999999999999,0.26929359999999997,1
9678,13,NDRG1,-0.06999999999999999,-0.022698100000000002,1
9679,13,PSIP1,0.039999999999999994,0.052342200000000005,1
9680,13,TRIM33,0.08,0.0709862,1
9681,13,MTOR,1.0900000000000005,0.9026649999999998,1
9682,13,ARHGAP35,0.18,0.16043179999999999,1
9683,13,POT1,0.02,0.0168294,1
9684,13,EXT1,0.11,0.0814473,1
9685,13,IL6ST,0.3,0.24656119999999998,1
9686,13,IDH2,-0.28,-0.08129470000000001,1
9687,13,SMARCE1,0.43000000000000005,0.2974547,1
9688,13,CRTC3,0.09,0.0782313,1
9689,13,TSC1,0.35,0.32140880000000005,1
9690,13,BCOR,-0.15000000000000002,0.0085458,1
9691,13,SDHA,0.26,0.1975678,1
9692,13,EP300,2.3200000000000003,1.9141528999999993,1
9693,13,HNRNPA2B1,0.45,0.32341359999999997,1
9694,13,CLIP1,-0.09999999999999999,-0.061394199999999996,1
9695,13,PATZ1,-0.55,-0.1432685,1
9696,13,FUBP1,-0.14,-0.011566200000000009,1
9697,13,HLA-A,-0.049999999999999996,0.03334939999999999,1
9698,13,CCNC,-0.24000000000000002,-0.09887960000000001,1
9699,13,RPN1,-0.19000000000000003,-0.06265490000000001,1
9700,13,TCF7L2,0.04000000000000001,0.08992679999999997,1
9701,13,CANT1,-0.02999999999999997,0.018824300000000002,1
9702,13,RPL5,-0.6100000000000001,-0.1562009,1
9703,13,CCDC6,0.07,0.07622160000000001,1
9704,13,NCKIPSD,-0.08,-0.019177600000000003,1
9705,13,SMARCD1,0.43,0.37679819999999997,1
9706,13,BCL10,0.06,0.079221,1
9707,13,MAX,0.04000000000000001,0.0718677,1
9708,13,HERPUD1,-0.02,-0.005534400000000001,1
9709,13,RAC1,-0.14,0.06782110000000001,1
9710,13,FLNA,0.030000000000000013,0.067665,1
9711,13,TFE3,-0.7000000000000001,-0.2627076,1
9712,13,NCOR2,0.6400000000000002,0.5452068999999999,1
9713,13,PRPF40B,0.030000000000000002,0.0250804,1
9714,13,BCL3,-0.13999999999999996,-0.0312251,1
9715,13,TFPT,-0.36,-0.1133847,1
9716,13,MLH1,0.7600000000000002,0.699126,1
9717,13,ARHGAP5,0.13,0.11817420000000001,1
9718,13,CIC,0.01,0.007050300000000001,1
9719,13,LYN,0.87,0.6360615999999999,1
9720,13,TCF12,0.31,0.24508409999999997,1
9721,13,KLF6,0.060000000000000005,0.038765999999999995,1
9722,13,KMT2C,0.9500000000000003,0.7791892000000002,1
9723,13,PIM1,-0.14,-0.0216407,1
9724,13,CCND1,1.2400000000000007,0.8026757,1
9725,13,MLLT1,-1.3000000000000003,-0.35735120000000004,1
9726,13,MEN1,-0.12,-0.033650599999999996,1
9727,13,CUL3,0.12999999999999998,0.12984050000000003,1
9728,13,RB1,0.7100000000000002,0.5679734000000001,1
9729,13,LPP,-0.1,-0.025722300000000003,1
9730,13,BUB1B,-0.20000000000000004,-0.07356940000000001,1
9731,13,SMAD4,1.590000000000001,1.2848898000000002,1
9732,13,FGFR1,0.24000000000000002,0.21204919999999997,1
9733,13,TMSB4X,0.04,0.032690800000000006,1
9734,13,CDK4,0.9600000000000003,0.690582,1
9735,13,MSI2,0.01,0.0078865,1
9736,13,MSH6,1.0100000000000005,0.8524940999999999,1
9737,13,BRAF,1.2700000000000005,1.0940514000000001,1
9738,13,TCEA1,-0.23,-0.04536879999999999,1
9739,13,TNFAIP3,0.16,0.1497829,1
9740,13,RABEP1,-0.030000000000000002,-0.0210435,1
9741,13,GMPS,-0.09000000000000002,-0.0514263,1
9742,13,MDM2,1.1900000000000008,0.9398359000000002,1
9743,13,NSD2,0.19,0.14393119999999998,1
9744,13,CASP8,-0.32,0.06597999999999998,1
9745,13,PER1,-0.21000000000000002,-0.0674226,1
9746,13,UBR5,0.010000000000000004,0.028399899999999995,1
9747,13,EIF3E,-0.04,0.04409659999999999,1
9748,13,RFWD3,0.030000000000000002,0.03270180000000001,1
9749,13,BRD3,0.13,0.10032039999999999,1
9750,13,PAFAH1B2,0.03,0.026334899999999998,1
9751,13,EXT2,0.009999999999999995,0.01639629999999999,1
9752,13,PLCG1,0.46999999999999986,0.3884869,1
9753,13,SF3B1,-0.5,-0.23418049999999996,1
9754,13,ARHGEF10L,0.04,0.0222388,1
9755,13,NFATC2,0.19,0.13463489999999997,1
9756,13,SDHD,0.28,0.20754369999999997,1
9757,13,PABPC1,-0.71,-0.2030051,1
9758,13,POLD1,-0.47000000000000003,-0.11633460000000001,1
9759,13,CALR,-0.019999999999999997,0.0513429,1
9760,13,PIK3CB,0.7800000000000002,0.6165321000000001,1
9761,13,PPM1D,0.25,0.1863897,1
9762,13,ATRX,1.0500000000000005,0.8780793999999998,1
9763,13,DGCR8,0.17,0.13573,1
9764,13,DDX10,0.15000000000000002,0.1142224,1
9765,13,DROSHA,0.5,0.3968227,1
9766,13,TNFRSF14,-0.16999999999999998,-0.053863999999999995,1
9767,13,BCL9L,0.13,0.0996944,1
9768,13,QKI,-0.019999999999999997,-0.012157799999999998,1
9769,13,BAZ1A,0.0,0.0,1
9770,13,CHD4,0.31,0.30663080000000004,1
9771,13,NSD3,0.1,0.10882339999999999,1
9772,13,NT5C2,0.17,0.10681860000000001,1
9773,13,CCNB1IP1,0.11,0.0493686,1
9774,13,PCBP1,-1.04,-0.3141649000000001,1
9775,13,RALGDS,-0.030000000000000013,0.0512664,1
9776,13,ARHGEF12,0.030000000000000006,0.039196100000000005,1
9777,13,HSP90AB1,0.96,0.6594101,1
9778,13,FOXO3,1.4600000000000009,1.0760174,1
9779,13,HIP1,-0.02,-0.0126414,1
9780,13,CDC73,0.09,0.0948755,1
9781,13,NIN,-0.020000000000000007,-0.0162054,1
9782,13,MDM4,0.11000000000000001,0.15410050000000003,1
9783,13,COL3A1,0.21,0.1740491,1
9784,13,CTNND1,0.14,0.16376440000000003,1
9785,13,SPOP,0.029999999999999992,0.05584359999999999,1
9786,13,TMEM127,0.10000000000000002,0.060929600000000014,1
9787,13,CREB3L2,0.16,0.10834350000000001,1
9788,13,MSH2,0.9600000000000004,0.8293992999999998,1
9789,13,FNBP1,0.02,0.022855300000000002,1
9790,13,ATF1,0.12000000000000001,0.08559530000000001,1
9791,13,EIF1AX,-0.47000000000000003,-0.2107294,1
9792,13,PMS1,0.36000000000000004,0.29148820000000003,1
9793,13,DEK,0.17000000000000004,0.1480775,1
9794,13,ERBB2,0.7200000000000002,0.4733638,1
9795,13,AKT1,1.0300000000000005,0.6531870000000001,1
9796,13,CHEK2,0.39,0.48469489999999993,1
9797,13,SDHB,0.36000000000000004,0.29152310000000003,1
9798,13,NCOA1,0.42,0.32001979999999997,1
9799,13,CHIC2,0.08,0.052829100000000004,1
9800,13,RUNX1,0.12000000000000013,0.5886234000000001,1
9801,13,STAT6,0.37,0.3367869,1
9802,13,FH,-0.09,-0.019038200000000005,1
9803,13,AKT3,1.0900000000000005,0.8048910000000001,1
9804,13,GNAS,0.38,0.2671206,1
9805,13,CTNNB1,1.3700000000000008,1.0280448,1
9806,13,NONO,0.30000000000000004,0.2535272,1
9807,13,SMARCB1,0.9200000000000004,0.7195578,1
9808,13,PRKAR1A,0.2,0.1900533,1
9809,13,ITGAV,0.020000000000000007,0.042101099999999995,1
9810,13,SS18,0.42,0.30476000000000003,1
9811,13,MAP2K1,0.8600000000000003,0.5793885000000001,1
9812,13,SIRPA,-0.030000000000000006,-0.004521600000000004,1
9813,13,PPFIBP1,0.39999999999999997,0.2962961,1
9814,13,RPL22,-0.20999999999999996,0.11443820000000002,1
9815,13,CYLD,0.27,0.2197927,1
9816,13,ARID1B,0.79,0.6140409,1
9817,13,SETDB1,0.29,0.21172480000000002,1
9818,13,AFDN,-0.37,-0.1300487,1
9819,13,ZRSR2,0.03999999999999997,0.025445200000000008,1
9820,13,PBRM1,0.9100000000000004,0.6964915999999997,1
9821,13,XPC,0.53,0.34579160000000003,1
9822,13,ASXL2,0.26,0.1902025,1
9823,13,TRIM24,-0.21000000000000002,-0.06255450000000001,1
9824,13,SFPQ,-0.6,-0.2041638,1
9825,13,NCOA2,0.6100000000000001,0.4901848000000001,1
9826,13,FOXO4,0.35,0.2346573,1
9827,13,LEF1,0.16,0.16260490000000005,1
9828,13,B2M,-0.30999999999999994,-0.13761079999999998,1
9829,13,DDIT3,-0.30000000000000004,-0.1086869,1
9830,13,BCL6,0.33000000000000007,0.2714042,1
9831,13,KRAS,0.15999999999999995,0.22313429999999995,1
9832,13,FAT1,0.11,0.08231799999999999,1
9833,13,ABL2,0.05,0.049000499999999995,1
9834,13,NF1,1.2400000000000007,1.0029028000000002,1
9835,13,BTG1,-0.04,-0.0190736,1
9836,13,EIF4A2,0.1,0.0620929,1
9837,13,SET,0.18,0.1483684,1
9838,13,EPS15,0.07,0.0619198,1
9839,13,RNF213,0.05,0.0442456,1
9840,13,CTCF,0.9500000000000003,0.6602168000000002,1
9841,13,WDCP,0.21,0.1303111,1
9842,13,KAT7,0.12000000000000001,0.10091279999999998,1
9843,13,KDM5C,0.21000000000000002,0.19750569999999995,1
9844,13,TGFBR2,0.20999999999999996,0.18985280000000007,1
9845,13,ATM,1.0300000000000007,1.0015262000000003,1
9846,13,NUMA1,-0.04,-0.009319200000000003,1
9847,13,STAT3,0.9600000000000005,0.9204304999999997,1
9848,13,SUB1,-0.16,-0.0708994,1
9849,13,NUP98,0.12999999999999998,0.1471141,1
9850,13,ELL,0.11000000000000001,0.055048,1
9851,13,MAP3K1,0.42,0.3346278000000001,1
9852,13,MALT1,0.16999999999999998,0.16238439999999998,1
9853,13,XPO1,0.5200000000000001,0.4165502000000001,1
9854,13,SETD1B,0.25,0.20020110000000002,1
9855,13,ETV6,-0.07999999999999997,-0.00318379999999999,1
9856,13,TBL1XR1,0.22000000000000003,0.1558989,1
9857,13,NUP214,0.019999999999999997,0.1544868,1
9858,13,TPR,0.12000000000000001,0.0988839,1
9859,13,ATIC,0.08,0.1130884,1
9860,13,NACA,0.22999999999999998,0.14699620000000002,1
9861,13,MYO5A,0.01,0.0082307,1
9862,13,SMC1A,0.31000000000000005,0.41461040000000005,1
9863,13,LASP1,-0.22999999999999998,-0.1216308,1
9864,13,ERCC5,0.4,0.24063600000000002,1
9865,13,JUN,-0.7899999999999998,-0.08955030000000004,1
9866,13,THRAP3,0.04000000000000001,0.03458970000000001,1
9867,13,STAG2,0.2899999999999999,0.29023090000000007,1
9868,13,RAF1,0.9100000000000004,0.687861,1
9869,13,ERCC3,0.41,0.3733721,1
9870,13,SMAD2,0.45000000000000023,0.5207762,1
9871,13,TAF15,0.19,0.15701759999999998,1
9872,13,ARNT,0.24,0.207868,1
9873,13,CLTC,-0.6100000000000001,-0.2884654,1
9874,13,IKBKB,0.38000000000000006,0.37770269999999995,1
9875,13,IDH1,-0.34,-0.10864180000000004,1
9876,13,SND1,3.469446951953614e-18,0.008476899999999999,1
9877,13,KNSTRN,0.02,0.014352199999999999,1
9878,13,RHOA,-2.9500000000000006,-0.7467180000000001,1
9879,13,PALB2,0.6100000000000001,0.5257038,1
9880,13,ARID2,0.8,0.6275196000000001,1
9881,13,EZR,-0.14999999999999997,-0.04248780000000002,1
9882,13,TP53,-0.4499999999999999,0.08501569999999999,1
9883,13,ARAF,0.33999999999999997,0.2077497,1
9884,13,KIF5B,0.5000000000000001,0.3807507,1
9885,13,KAT6A,0.20999999999999996,0.22342750000000003,1
9886,13,KTN1,-0.060000000000000005,-0.005502400000000006,1
9887,13,GOLGA5,-0.09000000000000001,-0.05784999999999999,1
9888,13,KDM5A,0.29000000000000004,0.2641511,1
9889,13,RAD21,0.51,0.4378711,1
9890,13,GNAQ,0.26999999999999996,0.22723549999999998,1
9891,13,CAMTA1,0.05,0.037443,1
9892,13,ERCC2,0.56,0.4437396,1
9893,13,EZH2,1.260000000000001,1.0711931000000001,1
9894,13,TOP1,0.25000000000000006,0.18834050000000005,1
9895,13,SRSF3,-0.47000000000000003,-0.14903599999999997,1
9896,13,NPM1,0.029999999999999992,0.1389682,1
9897,13,BAX,-0.88,-0.1914185,1
9898,13,NOTCH2,0.3,0.25134290000000004,1
9899,13,TRAF7,0.01,0.006556300000000001,1
9900,13,KDM6A,0.8600000000000003,0.8592223999999999,1
9901,13,SPEN,0.13,0.10216480000000001,1
9902,13,TRIM27,-0.46,-0.1514545,1
9903,13,CRTC1,0.16,0.1323145,1
9904,13,EML4,0.29000000000000004,0.2682003,1
9905,13,USP9X,-0.12000000000000002,-0.0899488,1
9906,13,PTPRK,0.0,0.0,1
9907,13,CD74,-0.16,-0.02172890000000001,1
9908,13,CBL,0.53,0.46628650000000005,1
9909,13,ZNF384,0.02,0.016151,1
9910,13,NOTCH1,1.1000000000000005,0.8024866000000002,1
9911,13,COX6C,-0.16,-0.06163410000000001,1
9912,13,CHCHD7,0.02,0.0119038,1
9913,13,HMGA1,-0.08,-0.031975399999999994,1
9914,13,PTEN,1.4900000000000009,1.3042995000000004,1
9915,13,FIP1L1,-0.04999999999999999,-0.021956299999999984,1
9916,13,JAK1,0.8600000000000003,0.6976643,1
9917,13,ZMYM2,-0.029999999999999992,-0.020548900000000002,1
9918,13,SUZ12,0.8300000000000003,0.6489907000000001,1
9919,13,FUS,-0.77,-0.08777690000000002,1
9920,13,BAP1,-0.44,-0.18272800000000003,1
9921,13,ZCCHC8,-0.1,-0.025883000000000003,1
9922,13,CRNKL1,0.009999999999999998,0.0078216,1
9923,13,RAD17,0.16999999999999998,0.12274390000000003,1
9924,13,ATP1A1,-0.01,-0.0036133,1
9925,13,DNMT3A,0.9900000000000004,0.8090834999999998,1
9926,13,FBXW7,0.9900000000000004,0.8411189,1
9927,13,WWTR1,-0.12,-0.05074300000000001,1
9928,13,CDKN1B,0.4,0.3039171,1
9929,13,KMT2A,0.4200000000000001,0.4164054,1
9930,13,PTPN11,1.0400000000000005,0.8450562,1
9931,13,STAT5B,0.7700000000000002,0.6040675999999998,1
9932,13,CUX1,-0.11,-0.0738625,1
9933,13,ABI1,-0.30000000000000004,-0.08594750000000001,1
9934,13,BRCA1,1.7500000000000013,1.4329336999999995,1
9935,13,SH2B3,0.08,0.047681799999999996,1
9936,13,AFF4,0.010000000000000016,0.0230223,1
9937,13,NF2,0.15000000000000002,0.142284,1
9938,13,LMNA,0.05999999999999999,0.04842699999999999,1
9939,13,TSC2,0.8800000000000003,0.6972721999999999,1
9940,13,GOLPH3,-0.060000000000000005,-0.0414334,1
9941,13,PCM1,-0.05,-0.0406455,1
9942,13,PPP2R1A,-0.6600000000000001,-0.20256980000000002,1
9943,13,ARID1A,1.840000000000001,1.475878,1
9944,13,ABL1,-0.21,0.0260002,1
9945,13,AFF1,0.18,0.15284450000000002,1
9946,13,DAXX,-0.54,-0.1704764,1
9947,13,CBFB,0.05000000000000001,0.1019933,1
9948,13,CBLB,0.16000000000000003,0.13824930000000002,1
9949,13,POLR2A,-0.11999999999999993,0.1551265,1
9950,13,PRKACA,-0.03999999999999986,0.20237700000000003,1
9951,13,DNM2,-0.12000000000000001,-0.0513937,1
9952,13,RAP1GDS1,0.010000000000000023,0.038483800000000006,1
9953,13,NCOR1,1.0000000000000002,0.9147804999999998,1
9954,13,NFKBIE,-0.35,-0.1108583,1
9955,13,DDX3X,0.30000000000000004,0.2608815,1
9956,13,ELK4,0.03,0.026073899999999997,1
9957,13,MLLT6,0.1,0.0764852,1
9958,13,SRSF2,-2.94,-0.7499068999999999,1
9959,13,CTNNA1,0.17,0.1373577,1
9960,13,RBM10,0.09000000000000001,0.0724329,1
9961,13,PTPRC,0.04000000000000001,0.111725,1
9962,13,HSP90AA1,0.8200000000000003,0.6165916,1
9963,13,NSD1,0.25,0.2013314,0
9964,13,DICER1,0.22,0.2207222,0
9965,13,BIRC6,0.05,0.054440600000000006,0
9966,13,SDHC,0.30000000000000004,0.2120805,0
9967,13,TFG,0.31,0.17976390000000003,0
9968,13,MAP2K2,0.27,0.199827,0
9969,13,TFRC,-0.31,-0.1397214,0
9970,13,CREB1,0.9300000000000006,0.7028598999999999,0
9971,13,POLG,0.01,0.0036764000000000002,0
9972,13,SETD2,0.6600000000000001,0.5511924999999999,0
9973,13,NAB2,-0.28,-0.1026611,0
9974,13,HIF1A,1.570000000000001,1.1247114999999999,0
9975,13,FLCN,0.03,0.0322645,0
9976,13,MAP2K4,-0.07999999999999997,0.0445485,0
9977,13,CNOT3,-0.020000000000000004,0.0022933999999999975,0
9978,13,CIITA,0.09000000000000001,0.056721900000000006,0
9979,13,LSM14A,0.09,0.0798647,0
9980,13,AKAP9,-0.08,-0.0189589,0
9981,13,MSN,-0.31999999999999995,-0.0801908,0
9982,13,BCR,0.049999999999999996,0.04709259999999999,0
9983,13,TRRAP,0.01000000000000001,0.1249274,0
9984,13,PPP6C,-0.14,-0.0712998,0
9985,13,NCOA4,-0.14,-0.071885,0
9986,13,BCL9,0.13999999999999999,0.10413499999999999,0
9987,13,PRCC,0.04000000000000001,0.0370148,0
9988,13,LARP4B,0.0,0.0,0
9989,13,CHD2,0.01,0.0072534,0
9990,13,ASXL1,0.5299999999999999,0.4645501,0
9991,13,SMARCA4,1.520000000000001,1.1180862999999996,0
9992,13,ERC1,-0.02,-0.0148898,0
9993,13,DCTN1,-0.24000000000000005,-0.11279790000000002,0
9994,13,PIK3R1,1.3400000000000007,0.9599105999999997,0
9995,13,EED,0.009999999999999992,0.049147599999999986,0
9996,13,CNBP,0.01,0.0054006,0
9997,13,SGK1,0.27,0.1563518,0
9998,13,MLLT10,-0.11999999999999998,-0.0434942,0
9999,13,BRD4,0.9600000000000005,0.7101619999999998,0
10000,13,RANBP2,0.14,0.20416480000000006,0
10001,13,FBXO11,0.05,0.0389368,0
10002,13,PML,0.3,0.2244972,0
10003,13,AKT2,0.9700000000000002,0.6443565,0
10004,13,CEP89,0.060000000000000005,0.0358331,0
10005,13,LZTR1,0.06000000000000001,0.0656324,0
10006,13,YWHAE,0.26,0.16570860000000004,0
10007,13,DNAJB1,-0.07,-0.0010867999999999989,0
10008,13,PRDM2,0.02,0.014230000000000001,0
10009,13,TPM4,0.49000000000000005,0.3218482,0
10010,13,CREBBP,1.9500000000000013,1.5496834000000006,0
10011,13,PMS2,0.6500000000000001,0.5764964,0
10012,13,DDR2,0.04,0.023062699999999995,0
10013,13,FANCA,0.37,0.2979434,0
10014,13,PDE4DIP,0.05,0.033731000000000004,0
10015,13,USP8,-0.08,-0.03765050000000001,0
10016,13,MYH9,-0.25,-0.0397164,0
10017,13,MYC,-1.1700000000000002,-0.42804359999999986,0
10018,13,NBN,0.55,0.42275570000000007,0
10019,13,CCND3,-0.06,0.012117799999999998,0
10020,13,TRIP11,-0.15,-0.1015924,0
10021,13,CNTRL,-0.060000000000000005,-0.040464000000000014,0
10022,13,PIK3CA,1.3300000000000007,0.9707019000000003,0
10023,13,DDX5,0.24000000000000002,0.2098138,0
10024,13,PICALM,-0.009999999999999998,-0.003861499999999997,0
10025,13,RARA,0.4,0.30867730000000004,0
10026,13,DDX6,-0.04999999999999999,0.0583872,0
10027,13,COL1A1,0.09999999999999999,0.1057465,0
10028,13,VHL,0.2,0.14242970000000002,0
10029,13,MAPK1,1.520000000000001,0.9543136999999998,0
10030,13,SRC,-0.39999999999999997,0.09477140000000005,0
10031,13,NFE2L2,0.23,0.1519954,0
10032,13,MITF,-0.27,-0.04259,0
10033,13,SMAD3,1.1900000000000008,0.8987095000000002,0
10034,13,RBM15,0.05,0.0476742,0
10035,13,ATR,0.7100000000000003,0.5854285000000001,0
10036,13,EPAS1,0.41,0.35596379999999994,0
10037,13,TPM3,0.21999999999999997,0.16354549999999998,0
10038,13,RPL10,0.13,0.11429399999999999,0
10039,13,STAG1,0.17,0.1643197,0
10040,13,SBDS,-0.04,-0.016250399999999998,0
10041,13,KMT2D,0.9100000000000004,0.6591197,0
10042,13,MED12,0.29,0.23187089999999996,0
10043,13,BCLAF1,6.938893903907228e-18,0.0337553,0
10044,13,ASPSCR1,0.019999999999999997,0.0216374,0
10045,13,CDK12,0.24000000000000002,0.1811805,0
10046,13,EWSR1,0.3899999999999999,0.31887649999999995,0
10047,13,NDRG1,-0.04000000000000001,-0.010592000000000002,0
10048,13,PSIP1,-0.06,-0.019514499999999997,0
10049,13,TRIM33,0.039999999999999994,0.04899060000000001,0
10050,13,MTOR,1.2100000000000006,0.8758885000000001,0
10051,13,ARHGAP35,0.14,0.1444143,0
10052,13,POT1,-0.04,-0.0022375000000000025,0
10053,13,EXT1,0.1,0.061865,0
10054,13,IL6ST,0.30000000000000004,0.23511859999999998,0
10055,13,IDH2,0.029999999999999985,0.0672145,0
10056,13,SMARCE1,0.38,0.23173459999999999,0
10057,13,CRTC3,0.08,0.0626083,0
10058,13,TSC1,0.3,0.2769877,0
10059,13,BCOR,-0.19999999999999998,-0.024581300000000007,0
10060,13,SDHA,0.28,0.18299500000000002,0
10061,13,EP300,1.7900000000000014,1.4032524000000002,0
10062,13,HNRNPA2B1,0.22,0.195307,0
10063,13,CLIP1,-0.14,-0.0761201,0
10064,13,PATZ1,-0.4,-0.11819860000000001,0
10065,13,FUBP1,-0.08,0.003966399999999992,0
10066,13,HLA-A,-0.16999999999999998,0.011978400000000014,0
10067,13,CCNC,-0.07,-0.027918999999999985,0
10068,13,RPN1,-0.31000000000000005,-0.07042759999999999,0
10069,13,TCF7L2,0.13,0.13252989999999998,0
10070,13,CANT1,0.07,0.0500521,0
10071,13,RPL5,-0.6399999999999999,-0.1696732,0
10072,13,CCDC6,-0.029999999999999985,0.03613449999999999,0
10073,13,NCKIPSD,0.03,0.017553899999999997,0
10074,13,SMARCD1,0.42,0.28692880000000004,0
10075,13,BCL10,0.010000000000000016,0.032556100000000004,0
10076,13,MAX,-0.04,0.0022988000000000054,0
10077,13,HERPUD1,0.01,0.0038968,0
10078,13,RAC1,0.05999999999999996,0.13470939999999998,0
10079,13,FLNA,0.12000000000000001,0.107345,0
10080,13,TFE3,-0.4800000000000001,-0.1917579,0
10081,13,NCOR2,0.7100000000000002,0.5094443,0
10082,13,PRPF40B,-0.03,-0.0190446,0
10083,13,BCL3,-6.938893903907228e-18,0.011822899999999994,0
10084,13,TFPT,-0.26,-0.0861922,0
10085,13,MLH1,0.9100000000000001,0.7612788,0
10086,13,ARHGAP5,0.13,0.10911100000000001,0
10087,13,CIC,0.0,0.0,0
10088,13,LYN,0.8500000000000001,0.6010330000000002,0
10089,13,TCF12,0.26,0.19372889999999998,0
10090,13,KLF6,0.04,0.021840000000000002,0
10091,13,KMT2C,1.0100000000000002,0.7734371,0
10092,13,PIM1,-0.12999999999999998,-0.04593849999999999,0
10093,13,CCND1,1.4700000000000009,0.9242479000000001,0
10094,13,MLLT1,-0.96,-0.2856695,0
10095,13,MEN1,-0.04,0.009141099999999989,0
10096,13,CUL3,0.11000000000000001,0.10755479999999999,0
10097,13,RB1,0.54,0.41754020000000003,0
10098,13,LPP,-0.060000000000000005,-0.02066,0
10099,13,BUB1B,-0.18,-0.0927942,0
10100,13,SMAD4,1.4500000000000008,1.0635382999999998,0
10101,13,FGFR1,0.21,0.14588769999999995,0
10102,13,TMSB4X,0.04,0.0318824,0
10103,13,CDK4,0.6900000000000002,0.4700107000000001,0
10104,13,MSI2,0.01,0.006937100000000001,0
10105,13,MSH6,0.8900000000000005,0.6805381000000001,0
10106,13,BRAF,0.9100000000000005,0.8214319,0
10107,13,TCEA1,-0.03,0.008431599999999997,0
10108,13,TNFAIP3,0.14,0.12011540000000001,0
10109,13,RABEP1,0.0,-0.0026893999999999998,0
10110,13,GMPS,-0.07,-0.041028,0
10111,13,MDM2,1.2400000000000007,0.9011181,0
10112,13,NSD2,0.19,0.1336666,0
10113,13,CASP8,-0.13,0.13812370000000002,0
10114,13,PER1,-0.24999999999999994,-0.04390509999999999,0
10115,13,UBR5,-0.059999999999999984,-0.021035600000000005,0
10116,13,EIF3E,-0.03,0.059557700000000005,0
10117,13,RFWD3,0.020000000000000004,0.026907000000000007,0
10118,13,BRD3,0.1,0.0866542,0
10119,13,PAFAH1B2,0.02,0.0154012,0
10120,13,EXT2,0.010000000000000009,0.003931999999999998,0
10121,13,PLCG1,0.55,0.38717060000000003,0
10122,13,SF3B1,-0.30000000000000004,-0.1303142,0
10123,13,ARHGEF10L,0.02,0.010267,0
10124,13,NFATC2,0.2,0.1420672,0
10125,13,SDHD,0.31,0.17799900000000002,0
10126,13,PABPC1,-0.79,-0.19193300000000002,0
10127,13,POLD1,-0.29,-0.05285199999999998,0
10128,13,CALR,0.04999999999999999,0.0401599,0
10129,13,PIK3CB,0.5599999999999999,0.4665879,0
10130,13,PPM1D,0.19000000000000003,0.1485246,0
10131,13,ATRX,0.8900000000000006,0.7080142999999999,0
10132,13,DGCR8,0.14,0.08949299999999999,0
10133,13,DDX10,0.12,0.0846265,0
10134,13,DROSHA,0.48,0.35929569999999994,0
10135,13,TNFRSF14,-0.14,-0.04894260000000001,0
10136,13,BCL9L,0.14,0.0927832,0
10137,13,QKI,-0.06999999999999999,-0.0438683,0
10138,13,BAZ1A,0.01,0.0072618000000000005,0
10139,13,CHD4,0.06999999999999998,0.0953252,0
10140,13,NSD3,0.05,0.05158850000000001,0
10141,13,NT5C2,0.17,0.1009484,0
10142,13,CCNB1IP1,0.11,0.0478814,0
10143,13,PCBP1,-0.74,-0.22161249999999996,0
10144,13,RALGDS,0.13,0.0909459,0
10145,13,ARHGEF12,-0.03,-0.0032602999999999955,0
10146,13,HSP90AB1,1.0600000000000003,0.7178019999999998,0
10147,13,FOXO3,1.2600000000000005,0.8570126000000001,0
10148,13,HIP1,-0.03,-0.017543399999999997,0
10149,13,CDC73,-0.08000000000000002,0.014534300000000007,0
10150,13,NIN,0.010000000000000002,0.0103165,0
10151,13,MDM4,0.16,0.16544589999999998,0
10152,13,COL3A1,0.15,0.1298971,0
10153,13,CTNND1,0.08,0.11799339999999998,0
10154,13,SPOP,-0.05,-0.0077431000000000106,0
10155,13,TMEM127,0.03,0.0368282,0
10156,13,CREB3L2,0.04999999999999999,0.03366619999999999,0
10157,13,MSH2,0.9400000000000004,0.6989416000000002,0
10158,13,FNBP1,-0.02,-0.005525,0
10159,13,ATF1,-6.938893903907228e-18,0.004290200000000001,0
10160,13,EIF1AX,-0.38999999999999996,-0.1865356,0
10161,13,PMS1,0.47000000000000003,0.3625089000000001,0
10162,13,DEK,0.13,0.1241744,0
10163,13,ERBB2,1.0800000000000005,0.7011451,0
10164,13,AKT1,0.8200000000000003,0.5355998,0
10165,13,CHEK2,0.15000000000000008,0.30532929999999997,0
10166,13,SDHB,0.43,0.2759217,0
10167,13,NCOA1,0.43,0.3014647,0
10168,13,CHIC2,0.049999999999999996,0.0264933,0
10169,13,RUNX1,0.4500000000000002,0.6195022,0
10170,13,STAT6,0.28,0.19990340000000004,0
10171,13,FH,-0.16,-0.055178500000000005,0
10172,13,AKT3,0.9800000000000004,0.6622914,0
10173,13,GNAS,0.25,0.1613958,0
10174,13,CTNNB1,1.4100000000000008,0.9977807000000001,0
10175,13,NONO,0.13,0.08840939999999999,0
10176,13,SMARCB1,0.9200000000000004,0.6804672000000002,0
10177,13,PRKAR1A,0.10000000000000002,0.10726960000000002,0
10178,13,ITGAV,0.010000000000000002,0.02063189999999999,0
10179,13,SS18,0.37,0.2250235,0
10180,13,MAP2K1,1.0300000000000005,0.6378747,0
10181,13,SIRPA,-0.01,-0.004823999999999998,0
10182,13,PPFIBP1,0.4,0.2646372,0
10183,13,RPL22,-0.22,0.0743966,0
10184,13,CYLD,0.30000000000000004,0.2307494,0
10185,13,ARID1B,0.6399999999999999,0.46424069999999995,0
10186,13,SETDB1,0.3,0.2151904,0
10187,13,AFDN,-0.44999999999999996,-0.17036790000000007,0
10188,13,ZRSR2,0.26999999999999996,0.19127689999999997,0
10189,13,PBRM1,0.9300000000000004,0.6611025000000001,0
10190,13,XPC,0.5800000000000001,0.37438960000000004,0
10191,13,ASXL2,0.22000000000000003,0.1495284,0
10192,13,TRIM24,-0.19,-0.07360530000000001,0
10193,13,SFPQ,-0.14,-0.012822900000000005,0
10194,13,NCOA2,0.55,0.3978404,0
10195,13,FOXO4,0.4,0.26799270000000003,0
10196,13,LEF1,0.09000000000000001,0.08339690000000004,0
10197,13,B2M,-0.55,-0.20128730000000003,0
10198,13,DDIT3,-0.41,-0.0959971,0
10199,13,BCL6,0.6000000000000001,0.41150339999999996,0
10200,13,KRAS,-1.17,-0.3230732000000001,0
10201,13,FAT1,0.06000000000000001,0.055303000000000005,0
10202,13,ABL2,0.09,0.06721010000000001,0
10203,13,NF1,0.8800000000000003,0.6934743000000001,0
10204,13,BTG1,-0.02,-0.0108446,0
10205,13,EIF4A2,0.1,0.07549209999999999,0
10206,13,SET,0.16,0.1435782,0
10207,13,EPS15,0.05,0.043987700000000005,0
10208,13,RNF213,0.03,0.023560799999999996,0
10209,13,CTCF,0.9200000000000004,0.6553578000000001,0
10210,13,WDCP,0.12000000000000002,0.08545930000000002,0
10211,13,KAT7,0.06999999999999999,0.06083759999999999,0
10212,13,KDM5C,0.15,0.1341703,0
10213,13,TGFBR2,0.19,0.15284219999999998,0
10214,13,ATM,1.3200000000000007,1.0499626,0
10215,13,NUMA1,-0.010000000000000004,0.0016891000000000041,0
10216,13,STAT3,1.5400000000000007,1.1868222000000006,0
10217,13,SUB1,-0.24,-0.0774162,0
10218,13,NUP98,0.07,0.0951719,0
10219,13,ELL,-0.13000000000000003,-0.040256500000000014,0
10220,13,MAP3K1,0.38,0.2989273,0
10221,13,MALT1,0.15000000000000002,0.1380993,0
10222,13,XPO1,0.29000000000000004,0.24203419999999995,0
10223,13,SETD1B,0.13999999999999999,0.10511799999999999,0
10224,13,ETV6,-0.21999999999999997,-0.07969869999999997,0
10225,13,TBL1XR1,0.2,0.1335472,0
10226,13,NUP214,0.019999999999999993,0.1007043,0
10227,13,TPR,0.09,0.0838857,0
10228,13,ATIC,0.030000000000000006,0.0412347,0
10229,13,NACA,0.23,0.1537547,0
10230,13,MYO5A,0.009999999999999998,0.007941,0
10231,13,SMC1A,0.5800000000000001,0.4842620000000001,0
10232,13,LASP1,-0.22,-0.12087020000000001,0
10233,13,ERCC5,0.48,0.30824510000000005,0
10234,13,JUN,0.13000000000000006,0.2515585,0
10235,13,THRAP3,0.1,0.08049859999999999,0
10236,13,STAG2,0.44,0.36066830000000005,0
10237,13,RAF1,1.1000000000000003,0.7719145000000001,0
10238,13,ERCC3,0.53,0.4301748000000001,0
10239,13,SMAD2,0.5100000000000001,0.4682882,0
10240,13,TAF15,0.19000000000000003,0.15425930000000002,0
10241,13,ARNT,0.28,0.24088060000000003,0
10242,13,CLTC,-0.56,-0.29063880000000003,0
10243,13,IKBKB,0.54,0.44531300000000007,0
10244,13,IDH1,-0.5,-0.1364227,0
10245,13,SND1,-0.04,-0.0218112,0
10246,13,KNSTRN,0.03,0.0247635,0
10247,13,RHOA,-1.3800000000000003,-0.3504509,0
10248,13,PALB2,0.5399999999999999,0.4805332,0
10249,13,ARID2,0.7300000000000002,0.5363465000000001,0
10250,13,EZR,-0.14,-0.02782830000000002,0
10251,13,TP53,-1.0599999999999998,-0.15677800000000003,0
10252,13,ARAF,0.37,0.20227940000000003,0
10253,13,KIF5B,0.42,0.29991470000000003,0
10254,13,KAT6A,0.21,0.1882702,0
10255,13,KTN1,-0.09,-0.029045099999999997,0
10256,13,GOLGA5,-0.14,-0.0870001,0
10257,13,KDM5A,0.19,0.17982829999999997,0
10258,13,RAD21,0.44999999999999996,0.3580621,0
10259,13,GNAQ,0.11,0.08055380000000001,0
10260,13,CAMTA1,0.03,0.018222000000000002,0
10261,13,ERCC2,0.64,0.47069940000000005,0
10262,13,EZH2,1.9500000000000013,1.2717892999999996,0
10263,13,TOP1,0.12000000000000001,0.1018304,0
10264,13,SRSF3,-0.18000000000000005,-0.04905679999999998,0
10265,13,NPM1,0.13,0.23002620000000001,0
10266,13,BAX,-0.49,-0.1425688,0
10267,13,NOTCH2,0.28,0.2225006,0
10268,13,TRAF7,0.03,0.0222792,0
10269,13,KDM6A,0.9100000000000003,0.7430839,0
10270,13,SPEN,0.08,0.060701700000000004,0
10271,13,TRIM27,-0.44,-0.1493394,0
10272,13,CRTC1,0.14,0.1137117,0
10273,13,EML4,0.16000000000000003,0.14429809999999998,0
10274,13,USP9X,-0.060000000000000005,-0.038105599999999996,0
10275,13,PTPRK,0.01,0.0072761,0
10276,13,CD74,-0.19,-0.026857699999999998,0
10277,13,CBL,0.5299999999999999,0.4020351,0
10278,13,ZNF384,-0.06999999999999999,-0.038348099999999996,0
10279,13,NOTCH1,1.0400000000000005,0.7401705000000002,0
10280,13,COX6C,-0.11,-0.0486698,0
10281,13,CHCHD7,0.02,0.0125038,0
10282,13,HMGA1,-0.11,-0.0517528,0
10283,13,PTEN,1.4100000000000008,1.1810774000000002,0
10284,13,FIP1L1,-0.05000000000000001,-0.028956299999999997,0
10285,13,JAK1,0.7900000000000003,0.6201568000000002,0
10286,13,ZMYM2,-0.1,-0.0665833,0
10287,13,SUZ12,0.7600000000000002,0.5339898000000001,0
10288,13,FUS,-2.7755575615628914e-17,0.1911145,0
10289,13,BAP1,0.06999999999999998,0.07038630000000001,0
10290,13,ZCCHC8,-0.06,-0.0181752,0
10291,13,CRNKL1,-0.03,-0.017575900000000002,0
10292,13,RAD17,0.12000000000000002,0.091159,0
10293,13,ATP1A1,0.0,0.0008127999999999989,0
10294,13,DNMT3A,0.9100000000000005,0.6578369000000001,0
10295,13,FBXW7,1.0000000000000002,0.7637799999999998,0
10296,13,WWTR1,-0.1,-0.051574499999999995,0
10297,13,CDKN1B,0.6500000000000001,0.40857679999999996,0
10298,13,KMT2A,0.33000000000000007,0.30741949999999996,0
10299,13,PTPN11,0.9000000000000004,0.6808394999999999,0
10300,13,STAT5B,0.7200000000000002,0.5290455999999999,0
10301,13,CUX1,-0.10999999999999999,-0.0711547,0
10302,13,ABI1,-0.36000000000000004,-0.1197548,0
10303,13,BRCA1,1.7600000000000011,1.3690451000000006,0
10304,13,SH2B3,0.03,0.0243344,0
10305,13,AFF4,0.09,0.06780069999999999,0
10306,13,NF2,0.06,0.09784379999999998,0
10307,13,LMNA,0.010000000000000004,0.03128620000000001,0
10308,13,TSC2,0.7000000000000002,0.5336229,0
10309,13,GOLPH3,-0.08,-0.0489032,0
10310,13,PCM1,-0.060000000000000005,-0.0385004,0
10311,13,PPP2R1A,-0.52,-0.1795589,0
10312,13,ARID1A,1.7600000000000011,1.2677233,0
10313,13,ABL1,0.16000000000000011,0.19008979999999998,0
10314,13,AFF1,0.19,0.1508455,0
10315,13,DAXX,-0.22000000000000003,-0.0292714,0
10316,13,CBFB,0.11999999999999997,0.11257500000000001,0
10317,13,CBLB,0.14,0.11003500000000001,0
10318,13,POLR2A,0.13,0.23356360000000004,0
10319,13,PRKACA,0.24,0.18810980000000002,0
10320,13,DNM2,-0.13,-0.0569847,0
10321,13,RAP1GDS1,-0.08,-0.031531,0
10322,13,NCOR1,0.8600000000000002,0.7330086,0
10323,13,NFKBIE,-0.24000000000000002,-0.0858218,0
10324,13,DDX3X,0.13,0.1209303,0
10325,13,ELK4,0.02,0.014248799999999999,0
10326,13,MLLT6,0.13,0.10114139999999999,0
10327,13,SRSF2,-1.2300000000000002,-0.35825169999999995,0
10328,13,CTNNA1,0.11,0.0816259,0
10329,13,RBM10,0.20000000000000004,0.14218490000000003,0
10330,13,PTPRC,0.13,0.12102199999999999,0
10331,13,HSP90AA1,1.0800000000000005,0.7116179,0
10332,14,NSD1,0.35000000000000003,0.30079229999999996,1
10333,14,DICER1,0.26000000000000006,0.28690240000000006,1
10334,14,BIRC6,0.15,0.1349569,1
10335,14,SDHC,0.41000000000000003,0.30669219999999997,1
10336,14,TFG,0.15,0.0877263,1
10337,14,MAP2K2,0.30999999999999994,0.22176110000000002,1
10338,14,TFRC,-0.28,-0.09350170000000001,1
10339,14,CREB1,0.8800000000000004,0.7904834000000001,1
10340,14,POLG,-0.02,-0.005101400000000001,1
10341,14,SETD2,0.5900000000000003,0.5621828000000001,1
10342,14,NAB2,-0.58,-0.1540706,1
10343,14,HIF1A,1.690000000000001,1.3178215,1
10344,14,FLCN,-0.05,0.012085499999999996,1
10345,14,MAP2K4,0.06999999999999999,0.12668010000000002,1
10346,14,CNOT3,0.07,0.06454679999999999,1
10347,14,CIITA,0.09000000000000001,0.0577411,1
10348,14,LSM14A,0.16,0.1340151,1
10349,14,AKAP9,-0.03,0.020215000000000004,1
10350,14,MSN,-0.29999999999999993,-0.09027850000000001,1
10351,14,BCR,-0.02,0.04848449999999998,1
10352,14,TRRAP,0.02999999999999999,0.2100894,1
10353,14,PPP6C,-0.12000000000000001,-0.0511277,1
10354,14,NCOA4,-0.09,-0.0041023,1
10355,14,BCL9,0.2,0.16620510000000002,1
10356,14,PRCC,0.13,0.1003589,1
10357,14,LARP4B,0.03,0.0232506,1
10358,14,CHD2,0.02,0.018214,1
10359,14,ASXL1,0.27999999999999997,0.3431096,1
10360,14,SMARCA4,1.9600000000000013,1.5302064000000002,1
10361,14,ERC1,-0.019999999999999997,-0.014640099999999996,1
10362,14,DCTN1,0.0,0.040390099999999984,1
10363,14,PIK3R1,1.1900000000000006,0.9987249999999999,1
10364,14,EED,0.14,0.10984450000000001,1
10365,14,CNBP,0.02,0.0123762,1
10366,14,SGK1,0.5399999999999999,0.36474109999999993,1
10367,14,MLLT10,-0.37999999999999995,-0.23471540000000002,1
10368,14,BRD4,0.8600000000000003,0.8012129000000001,1
10369,14,RANBP2,0.31000000000000005,0.30365030000000004,1
10370,14,FBXO11,0.07,0.0584288,1
10371,14,PML,0.47000000000000003,0.3173845,1
10372,14,AKT2,1.1300000000000003,0.8172888000000001,1
10373,14,CEP89,0.06,0.0386986,1
10374,14,LZTR1,0.13,0.1376019,1
10375,14,YWHAE,0.18999999999999997,0.1173405,1
10376,14,DNAJB1,-0.05,-0.006846600000000001,1
10377,14,PRDM2,0.07,0.0585402,1
10378,14,TPM4,0.5,0.3543376,1
10379,14,CREBBP,2.140000000000001,1.790788900000001,1
10380,14,PMS2,0.7200000000000002,0.6366401999999999,1
10381,14,DDR2,0.02,0.010945400000000001,1
10382,14,FANCA,0.39000000000000007,0.3310464,1
10383,14,PDE4DIP,0.08,0.0646698,1
10384,14,USP8,-0.06,-0.0294778,1
10385,14,MYH9,-0.45000000000000007,-0.0978838,1
10386,14,MYC,-1.3400000000000003,-0.2276868999999999,1
10387,14,NBN,0.6500000000000001,0.5468934999999999,1
10388,14,CCND3,-0.09000000000000001,-0.005616700000000004,1
10389,14,TRIP11,-0.09000000000000001,-0.06398340000000001,1
10390,14,CNTRL,-0.06999999999999999,-0.054620800000000004,1
10391,14,PIK3CA,1.080000000000001,1.0164527000000003,1
10392,14,DDX5,0.18999999999999992,0.22028049999999993,1
10393,14,PICALM,0.010000000000000002,0.009458400000000006,1
10394,14,RARA,0.13999999999999999,0.18055799999999997,1
10395,14,DDX6,0.010000000000000009,0.11097039999999998,1
10396,14,COL1A1,0.21,0.17887229999999998,1
10397,14,VHL,0.29000000000000004,0.21490990000000001,1
10398,14,MAPK1,1.8300000000000012,1.3153012999999998,1
10399,14,SRC,-0.04999999999999999,0.20571859999999995,1
10400,14,NFE2L2,0.38000000000000006,0.2918641,1
10401,14,MITF,-0.21,-0.029301000000000004,1
10402,14,SMAD3,1.2900000000000007,1.1969828999999998,1
10403,14,RBM15,0.13,0.11061140000000001,1
10404,14,ATR,0.8000000000000003,0.6750282000000001,1
10405,14,EPAS1,0.49,0.4446464,1
10406,14,TPM3,0.2,0.16671899999999998,1
10407,14,RPL10,0.1,0.1179626,1
10408,14,STAG1,0.15,0.17057510000000004,1
10409,14,SBDS,-0.07,-0.023291100000000002,1
10410,14,KMT2D,1.0600000000000005,0.8487742000000001,1
10411,14,MED12,0.4000000000000001,0.32701220000000003,1
10412,14,BCLAF1,-0.040000000000000015,0.0456241,1
10413,14,ASPSCR1,-0.030000000000000006,-0.007731900000000003,1
10414,14,CDK12,0.56,0.4588236,1
10415,14,EWSR1,0.19,0.2808355,1
10416,14,NDRG1,-0.029999999999999992,-0.0009049000000000019,1
10417,14,PSIP1,0.05999999999999999,0.0689079,1
10418,14,TRIM33,0.13,0.11488780000000003,1
10419,14,MTOR,0.8600000000000003,0.7441913,1
10420,14,ARHGAP35,0.18000000000000002,0.16104210000000002,1
10421,14,POT1,0.03,0.0292822,1
10422,14,EXT1,0.11,0.084689,1
10423,14,IL6ST,0.34,0.2907988,1
10424,14,IDH2,0.12000000000000001,0.1180658,1
10425,14,SMARCE1,0.4,0.27075879999999997,1
10426,14,CRTC3,0.09,0.0790563,1
10427,14,TSC1,0.28,0.29353650000000003,1
10428,14,BCOR,-0.2399999999999999,0.025247300000000004,1
10429,14,SDHA,0.25,0.1987299,1
10430,14,EP300,2.4900000000000007,2.1288584000000004,1
10431,14,HNRNPA2B1,0.49999999999999994,0.34761190000000003,1
10432,14,CLIP1,-0.09000000000000001,-0.059968299999999995,1
10433,14,PATZ1,-0.63,-0.14671289999999998,1
10434,14,FUBP1,-0.21000000000000002,-0.047846700000000006,1
10435,14,HLA-A,-0.04,0.0180251,1
10436,14,CCNC,-0.14,-0.06081229999999999,1
10437,14,RPN1,-0.18,-0.0731025,1
10438,14,TCF7L2,0.11000000000000003,0.15090620000000005,1
10439,14,CANT1,0.0,0.012899900000000006,1
10440,14,RPL5,-0.58,-0.1788483,1
10441,14,CCDC6,0.1,0.1068775,1
10442,14,NCKIPSD,-0.009999999999999998,0.0024121000000000004,1
10443,14,SMARCD1,0.41000000000000003,0.3439596,1
10444,14,BCL10,0.049999999999999996,0.0740758,1
10445,14,MAX,0.05000000000000001,0.08512120000000001,1
10446,14,HERPUD1,-0.04,-0.0096404,1
10447,14,RAC1,0.12,0.1731913,1
10448,14,FLNA,0.17999999999999997,0.1302872,1
10449,14,TFE3,-0.7700000000000001,-0.2752129,1
10450,14,NCOR2,0.6400000000000002,0.5506366,1
10451,14,PRPF40B,0.04,0.026191200000000005,1
10452,14,BCL3,-0.12999999999999998,-0.027206600000000008,1
10453,14,TFPT,-0.37,-0.1137022,1
10454,14,MLH1,0.7000000000000002,0.6807727999999998,1
10455,14,ARHGAP5,0.07999999999999999,0.0965016,1
10456,14,CIC,0.01,0.0073771,1
10457,14,LYN,0.75,0.5720162000000001,1
10458,14,TCF12,0.37000000000000005,0.3006983,1
10459,14,KLF6,0.060000000000000005,0.0420488,1
10460,14,KMT2C,1.0600000000000003,0.8920643000000001,1
10461,14,PIM1,-0.09,-0.002952199999999995,1
10462,14,CCND1,1.3000000000000007,0.8018013,1
10463,14,MLLT1,-1.7500000000000002,-0.37313339999999995,1
10464,14,MEN1,-0.16,-0.0556055,1
10465,14,CUL3,0.11,0.15634189999999998,1
10466,14,RB1,0.77,0.6259811999999999,1
10467,14,LPP,-0.12,-0.023501399999999995,1
10468,14,BUB1B,-0.11000000000000001,-0.020237100000000004,1
10469,14,SMAD4,1.600000000000001,1.3292255000000002,1
10470,14,FGFR1,0.24000000000000002,0.2374573,1
10471,14,TMSB4X,0.03,0.0234321,1
10472,14,CDK4,1.0500000000000005,0.7127747000000001,1
10473,14,MSI2,0.01,0.0080099,1
10474,14,MSH6,1.0300000000000005,0.8833667999999998,1
10475,14,BRAF,1.3700000000000006,1.1765555000000008,1
10476,14,TCEA1,-0.09,0.00499249999999999,1
10477,14,TNFAIP3,0.16999999999999998,0.14039279999999998,1
10478,14,RABEP1,0.010000000000000002,0.0075315,1
10479,14,GMPS,-0.08000000000000002,-0.0429245,1
10480,14,MDM2,1.2000000000000008,0.9786374000000001,1
10481,14,NSD2,0.22,0.1679075,1
10482,14,CASP8,-0.41000000000000003,-0.017366399999999997,1
10483,14,PER1,-0.23000000000000004,-0.0736048,1
10484,14,UBR5,-0.010000000000000009,0.028263600000000003,1
10485,14,EIF3E,0.06999999999999999,0.08200429999999999,1
10486,14,RFWD3,0.030000000000000002,0.0330416,1
10487,14,BRD3,0.09,0.06636120000000001,1
10488,14,PAFAH1B2,0.02,0.017844,1
10489,14,EXT2,0.009999999999999995,0.016832,1
10490,14,PLCG1,0.4499999999999999,0.3957530000000001,1
10491,14,SF3B1,-0.86,-0.4380135,1
10492,14,ARHGEF10L,0.04,0.021949999999999997,1
10493,14,NFATC2,0.24000000000000002,0.1761426,1
10494,14,SDHD,0.35,0.2498385,1
10495,14,PABPC1,-0.9299999999999999,-0.2527058,1
10496,14,POLD1,-0.52,-0.1096872,1
10497,14,CALR,0.029999999999999992,0.0777167,1
10498,14,PIK3CB,0.6000000000000001,0.5382759,1
10499,14,PPM1D,0.30000000000000004,0.2401859,1
10500,14,ATRX,1.0100000000000005,0.9076781000000002,1
10501,14,DGCR8,0.19000000000000003,0.1475927,1
10502,14,DDX10,0.16999999999999998,0.1303993,1
10503,14,DROSHA,0.5700000000000002,0.4652251,1
10504,14,TNFRSF14,-0.16999999999999998,-0.0631835,1
10505,14,BCL9L,0.15000000000000002,0.11534430000000001,1
10506,14,QKI,0.05,0.0388202,1
10507,14,BAZ1A,0.01,0.007482600000000001,1
10508,14,CHD4,0.38,0.3378479,1
10509,14,NSD3,0.11000000000000001,0.1224709,1
10510,14,NT5C2,0.16,0.0907612,1
10511,14,CCNB1IP1,0.15000000000000002,0.0707363,1
10512,14,PCBP1,-1.03,-0.266948,1
10513,14,RALGDS,-0.010000000000000002,0.0512042,1
10514,14,ARHGEF12,-0.030000000000000013,0.029781900000000004,1
10515,14,HSP90AB1,1.2700000000000005,0.8399772,1
10516,14,FOXO3,1.4900000000000009,1.1287368,1
10517,14,HIP1,-0.019999999999999997,-0.010874399999999998,1
10518,14,CDC73,-0.07,0.0156682,1
10519,14,NIN,0.0,0.0002007999999999975,1
10520,14,MDM4,0.06,0.14606430000000004,1
10521,14,COL3A1,0.22,0.183197,1
10522,14,CTNND1,0.1,0.158267,1
10523,14,SPOP,0.13,0.1274073,1
10524,14,TMEM127,0.0,0.0038930000000000076,1
10525,14,CREB3L2,0.13,0.0817398,1
10526,14,MSH2,1.0100000000000005,0.870383,1
10527,14,FNBP1,3.469446951953614e-18,0.0214025,1
10528,14,ATF1,0.17,0.1192328,1
10529,14,EIF1AX,-0.51,-0.18852690000000003,1
10530,14,PMS1,0.47,0.3717492000000001,1
10531,14,DEK,0.21,0.1692828,1
10532,14,ERBB2,0.9300000000000004,0.5993512000000001,1
10533,14,AKT1,1.3100000000000007,0.8440021000000002,1
10534,14,CHEK2,0.4600000000000001,0.5680466,1
10535,14,SDHB,0.45000000000000007,0.3274232,1
10536,14,NCOA1,0.41000000000000003,0.34370150000000005,1
10537,14,CHIC2,0.08,0.0526032,1
10538,14,RUNX1,-0.01999999999999997,0.5738048000000001,1
10539,14,STAT6,0.42000000000000004,0.3689211,1
10540,14,FH,-0.05999999999999999,0.002276400000000005,1
10541,14,AKT3,1.1200000000000003,0.8384487,1
10542,14,GNAS,0.35,0.25782439999999995,1
10543,14,CTNNB1,1.4200000000000008,0.9975521000000003,1
10544,14,NONO,0.36,0.30959630000000005,1
10545,14,SMARCB1,1.0100000000000005,0.8168740999999998,1
10546,14,PRKAR1A,0.20000000000000004,0.2016596,1
10547,14,ITGAV,-0.04000000000000001,0.04365849999999999,1
10548,14,SS18,0.43,0.3114402,1
10549,14,MAP2K1,0.9800000000000004,0.6205234000000002,1
10550,14,SIRPA,-0.05,-0.0137019,1
10551,14,PPFIBP1,0.39999999999999997,0.29572840000000006,1
10552,14,RPL22,-0.22999999999999995,0.08453190000000001,1
10553,14,CYLD,0.31000000000000005,0.2502418,1
10554,14,ARID1B,0.8600000000000001,0.6759422999999999,1
10555,14,SETDB1,0.34,0.2470833,1
10556,14,AFDN,-0.37,-0.11030090000000001,1
10557,14,ZRSR2,-0.13,-0.09162800000000001,1
10558,14,PBRM1,1.0200000000000005,0.7996431,1
10559,14,XPC,0.53,0.3267405,1
10560,14,ASXL2,0.28,0.21144880000000005,1
10561,14,TRIM24,-0.08000000000000002,0.0598129,1
10562,14,SFPQ,-0.45999999999999996,-0.15903550000000002,1
10563,14,NCOA2,0.6500000000000001,0.5332614999999999,1
10564,14,FOXO4,0.33999999999999997,0.2221287,1
10565,14,LEF1,0.28,0.23410279999999994,1
10566,14,B2M,-0.26999999999999996,-0.1260557,1
10567,14,DDIT3,-0.36,-0.11098699999999999,1
10568,14,BCL6,0.44000000000000006,0.3479730000000001,1
10569,14,KRAS,-0.17999999999999994,0.10022750000000001,1
10570,14,FAT1,0.11,0.08247650000000001,1
10571,14,ABL2,0.09,0.0789508,1
10572,14,NF1,1.3200000000000007,1.0925236999999999,1
10573,14,BTG1,-0.07,-0.028971600000000004,1
10574,14,EIF4A2,0.09999999999999999,0.06441319999999999,1
10575,14,SET,0.16999999999999998,0.14058170000000003,1
10576,14,EPS15,0.1,0.08621200000000001,1
10577,14,RNF213,0.06,0.052819000000000005,1
10578,14,CTCF,1.0700000000000005,0.7349597000000002,1
10579,14,WDCP,0.19,0.1163898,1
10580,14,KAT7,0.16999999999999998,0.1434822,1
10581,14,KDM5C,0.21000000000000002,0.19905809999999996,1
10582,14,TGFBR2,0.26,0.2227021,1
10583,14,ATM,0.9100000000000006,1.0126511999999999,1
10584,14,NUMA1,0.019999999999999997,0.0357354,1
10585,14,STAT3,0.8300000000000003,0.8190705999999996,1
10586,14,SUB1,-0.09,-0.04033,1
10587,14,NUP98,0.2,0.21218590000000004,1
10588,14,ELL,0.12000000000000001,0.06142420000000001,1
10589,14,MAP3K1,0.37,0.304985,1
10590,14,MALT1,0.15,0.15336460000000002,1
10591,14,XPO1,0.5800000000000002,0.4813386,1
10592,14,SETD1B,0.26,0.2100422,1
10593,14,ETV6,-0.029999999999999995,0.021868400000000014,1
10594,14,TBL1XR1,0.24000000000000002,0.17471029999999999,1
10595,14,NUP214,0.030000000000000016,0.18237179999999997,1
10596,14,TPR,0.09,0.09147739999999997,1
10597,14,ATIC,0.12999999999999998,0.1262413,1
10598,14,NACA,0.21000000000000002,0.130307,1
10599,14,MYO5A,0.02,0.014730199999999999,1
10600,14,SMC1A,0.25000000000000006,0.4118786999999999,1
10601,14,LASP1,-0.26,-0.130492,1
10602,14,ERCC5,0.48,0.30361589999999994,1
10603,14,JUN,-0.7699999999999999,-0.07215519999999997,1
10604,14,THRAP3,0.12,0.0938471,1
10605,14,STAG2,0.2699999999999999,0.30235629999999997,1
10606,14,RAF1,0.7500000000000003,0.6108563,1
10607,14,ERCC3,0.54,0.46216130000000005,1
10608,14,SMAD2,0.39000000000000024,0.4966991,1
10609,14,TAF15,0.24000000000000005,0.192665,1
10610,14,ARNT,0.22999999999999995,0.22339359999999997,1
10611,14,CLTC,-0.6200000000000001,-0.2705914000000001,1
10612,14,IKBKB,0.4700000000000002,0.4713291,1
10613,14,IDH1,-0.6400000000000001,-0.1924365,1
10614,14,SND1,0.019999999999999997,0.037665199999999996,1
10615,14,KNSTRN,0.02,0.0151316,1
10616,14,RHOA,-3.42,-0.7650915,1
10617,14,PALB2,0.6,0.5491879,1
10618,14,ARID2,0.8600000000000001,0.6871014,1
10619,14,EZR,-0.11000000000000001,-0.036857799999999996,1
10620,14,TP53,0.3100000000000003,0.5243976999999999,1
10621,14,ARAF,0.42,0.2451037,1
10622,14,KIF5B,0.5900000000000001,0.45918419999999993,1
10623,14,KAT6A,0.13,0.1876565,1
10624,14,KTN1,-0.12000000000000001,-0.017716000000000006,1
10625,14,GOLGA5,-0.08,-0.0550111,1
10626,14,KDM5A,0.26,0.2519455,1
10627,14,RAD21,0.56,0.47866679999999995,1
10628,14,GNAQ,0.39,0.30969919999999995,1
10629,14,CAMTA1,0.07,0.051837900000000006,1
10630,14,ERCC2,0.63,0.49715790000000004,1
10631,14,EZH2,1.5400000000000011,1.2430503999999993,1
10632,14,TOP1,0.28,0.21511550000000002,1
10633,14,SRSF3,-0.29000000000000004,-0.05353940000000001,1
10634,14,NPM1,0.20999999999999994,0.206839,1
10635,14,BAX,-0.7899999999999999,-0.1754076,1
10636,14,NOTCH2,0.29000000000000004,0.2425672,1
10637,14,TRAF7,0.02,0.0136676,1
10638,14,KDM6A,0.9500000000000004,0.9214786999999999,1
10639,14,SPEN,0.15,0.12145090000000001,1
10640,14,TRIM27,-0.58,-0.1791952,1
10641,14,CRTC1,0.15999999999999998,0.1294838,1
10642,14,EML4,0.3700000000000001,0.35273420000000016,1
10643,14,USP9X,0.05,0.043034699999999995,1
10644,14,PTPRK,0.0,0.0,1
10645,14,CD74,-0.12000000000000002,-0.0030847000000000235,1
10646,14,CBL,0.56,0.5245091000000001,1
10647,14,ZNF384,0.03,0.024071000000000002,1
10648,14,NOTCH1,1.1700000000000006,0.8357507000000001,1
10649,14,COX6C,-0.16999999999999998,-0.04962829999999999,1
10650,14,CHCHD7,0.02,0.011980200000000002,1
10651,14,HMGA1,-0.060000000000000005,-0.0221653,1
10652,14,PTEN,1.0200000000000007,1.0660835,1
10653,14,FIP1L1,-0.06,-0.0241313,1
10654,14,JAK1,0.9000000000000004,0.7540313,1
10655,14,ZMYM2,0.010000000000000002,0.011105900000000002,1
10656,14,SUZ12,0.8400000000000004,0.6930710999999999,1
10657,14,FUS,-0.8200000000000001,-0.1318691,1
10658,14,BAP1,-0.63,-0.2308187,1
10659,14,ZCCHC8,-0.08,-0.0221128,1
10660,14,CRNKL1,0.019999999999999997,0.015116699999999999,1
10661,14,RAD17,0.21000000000000002,0.16147620000000001,1
10662,14,ATP1A1,0.02,0.0116874,1
10663,14,DNMT3A,1.0500000000000003,0.8684670999999999,1
10664,14,FBXW7,1.0100000000000002,0.8524450000000001,1
10665,14,WWTR1,-0.07999999999999999,-0.0277739,1
10666,14,CDKN1B,0.37999999999999995,0.3075526,1
10667,14,KMT2A,0.26,0.31260810000000006,1
10668,14,PTPN11,1.1000000000000005,0.9099972999999999,1
10669,14,STAT5B,0.7800000000000004,0.6454331,1
10670,14,CUX1,-0.049999999999999996,-0.032677099999999994,1
10671,14,ABI1,-0.18000000000000002,-0.04273930000000001,1
10672,14,BRCA1,1.7600000000000013,1.4921211000000003,1
10673,14,SH2B3,0.09,0.055836899999999995,1
10674,14,AFF4,-0.28,-0.15707099999999996,1
10675,14,NF2,0.12000000000000001,0.14438660000000003,1
10676,14,LMNA,0.09,0.0698489,1
10677,14,TSC2,0.8400000000000003,0.6889550999999999,1
10678,14,GOLPH3,-0.06,-0.0439296,1
10679,14,PCM1,-0.04000000000000001,-0.0318465,1
10680,14,PPP2R1A,-0.5900000000000001,-0.18720730000000002,1
10681,14,ARID1A,1.8900000000000012,1.5431049,1
10682,14,ABL1,-0.1399999999999999,0.08786479999999998,1
10683,14,AFF1,0.07999999999999999,0.08613109999999999,1
10684,14,DAXX,-0.5700000000000001,-0.1417207,1
10685,14,CBFB,0.05,0.1358639,1
10686,14,CBLB,0.18,0.1597201,1
10687,14,POLR2A,-0.5499999999999999,0.01808010000000005,1
10688,14,PRKACA,0.18000000000000008,0.2580560000000001,1
10689,14,DNM2,-0.11000000000000001,-0.0413616,1
10690,14,RAP1GDS1,0.020000000000000018,0.05262489999999999,1
10691,14,NCOR1,0.9200000000000003,0.9193534999999999,1
10692,14,NFKBIE,-0.36,-0.11750999999999999,1
10693,14,DDX3X,0.33000000000000007,0.2856131,1
10694,14,ELK4,0.02,0.016537800000000002,1
10695,14,MLLT6,0.06,0.05018160000000001,1
10696,14,SRSF2,-3.47,-0.7536641999999999,1
10697,14,CTNNA1,0.15000000000000002,0.1194502,1
10698,14,RBM10,0.13,0.10003829999999997,1
10699,14,PTPRC,0.06000000000000001,0.1347682,1
10700,14,HSP90AA1,1.0800000000000005,0.7805612999999998,1
10701,14,NSD1,0.21,0.1667055,0
10702,14,DICER1,0.16,0.19176859999999998,0
10703,14,BIRC6,0.02999999999999999,0.03613319999999999,0
10704,14,SDHC,0.28,0.19375370000000003,0
10705,14,TFG,0.32,0.1813565,0
10706,14,MAP2K2,0.28,0.21119530000000003,0
10707,14,TFRC,-0.27,-0.1321004,0
10708,14,CREB1,0.7400000000000003,0.5033642000000002,0
10709,14,POLG,0.01,0.0039331,0
10710,14,SETD2,0.6200000000000003,0.5115208000000001,0
10711,14,NAB2,-0.25,-0.1007244,0
10712,14,HIF1A,1.6200000000000008,1.0948458999999997,0
10713,14,FLCN,0.039999999999999994,0.0374391,0
10714,14,MAP2K4,0.04000000000000001,0.0720873,0
10715,14,CNOT3,-0.03,-0.0093845,0
10716,14,CIITA,0.12000000000000001,0.08587840000000001,0
10717,14,LSM14A,0.049999999999999996,0.051480500000000005,0
10718,14,AKAP9,-0.05,-0.010353100000000007,0
10719,14,MSN,-0.22000000000000003,-0.006586800000000011,0
10720,14,BCR,-0.009999999999999997,0.0102324,0
10721,14,TRRAP,0.08,0.1119649,0
10722,14,PPP6C,-0.16,-0.0817256,0
10723,14,NCOA4,-0.21000000000000002,-0.11512149999999999,0
10724,14,BCL9,0.12,0.09002369999999998,0
10725,14,PRCC,0.06000000000000001,0.043389000000000004,0
10726,14,LARP4B,-0.02,-0.0088216,0
10727,14,CHD2,0.01,0.0075417999999999995,0
10728,14,ASXL1,0.58,0.4808879,0
10729,14,SMARCA4,1.4000000000000008,1.0097663000000003,0
10730,14,ERC1,-0.019999999999999997,-0.013005,0
10731,14,DCTN1,-0.19,-0.0792384,0
10732,14,PIK3R1,1.4800000000000009,0.9569755999999999,0
10733,14,EED,-0.009999999999999986,0.049493800000000004,0
10734,14,CNBP,0.02,0.011364399999999998,0
10735,14,SGK1,0.32999999999999996,0.19190600000000002,0
10736,14,MLLT10,-0.039999999999999994,0.0002757999999999962,0
10737,14,BRD4,0.9500000000000005,0.6878200999999998,0
10738,14,RANBP2,0.13999999999999999,0.18703289999999995,0
10739,14,FBXO11,0.05,0.0395825,0
10740,14,PML,0.39,0.2857886,0
10741,14,AKT2,0.9300000000000002,0.6015683999999999,0
10742,14,CEP89,0.08,0.0494473,0
10743,14,LZTR1,0.06,0.07449710000000001,0
10744,14,YWHAE,0.22999999999999995,0.14748250000000002,0
10745,14,DNAJB1,0.0,0.014842799999999996,0
10746,14,PRDM2,0.03,0.021083,0
10747,14,TPM4,0.4600000000000001,0.3074371,0
10748,14,CREBBP,1.750000000000001,1.3741363000000002,0
10749,14,PMS2,0.7700000000000002,0.6403614,0
10750,14,DDR2,0.04,0.026330400000000004,0
10751,14,FANCA,0.32,0.26007349999999996,0
10752,14,PDE4DIP,0.05,0.03324,0
10753,14,USP8,-0.09,-0.0440219,0
10754,14,MYH9,-0.26,-0.03324970000000002,0
10755,14,MYC,-1.32,-0.4330315000000001,0
10756,14,NBN,0.51,0.3624488000000001,0
10757,14,CCND3,0.05000000000000001,0.0702918,0
10758,14,TRIP11,-0.17,-0.10236759999999999,0
10759,14,CNTRL,-0.05999999999999999,-0.042951699999999995,0
10760,14,PIK3CA,1.520000000000001,1.004393,0
10761,14,DDX5,0.28,0.26773350000000007,0
10762,14,PICALM,-0.010000000000000002,-0.001375199999999993,0
10763,14,RARA,0.5,0.3524080999999999,0
10764,14,DDX6,-0.019999999999999997,0.045275700000000016,0
10765,14,COL1A1,0.13,0.1374235,0
10766,14,VHL,0.21,0.14454060000000002,0
10767,14,MAPK1,1.4100000000000008,0.8566938999999999,0
10768,14,SRC,-0.20000000000000004,0.1619838,0
10769,14,NFE2L2,0.26,0.1699264,0
10770,14,MITF,-0.26,-0.04560560000000001,0
10771,14,SMAD3,1.2200000000000009,0.8519596999999999,0
10772,14,RBM15,0.04,0.0371029,0
10773,14,ATR,0.7200000000000003,0.5878593000000001,0
10774,14,EPAS1,0.36000000000000004,0.3502309,0
10775,14,TPM3,0.21999999999999997,0.1716127,0
10776,14,RPL10,0.09999999999999999,0.10410330000000001,0
10777,14,STAG1,0.09999999999999999,0.11861670000000002,0
10778,14,SBDS,-0.08,-0.0275656,0
10779,14,KMT2D,0.9500000000000004,0.6721704000000001,0
10780,14,MED12,0.25999999999999995,0.21020519999999995,0
10781,14,BCLAF1,-0.06999999999999999,0.006124400000000002,0
10782,14,ASPSCR1,0.05,0.03548110000000001,0
10783,14,CDK12,0.2,0.1403092,0
10784,14,EWSR1,0.4300000000000001,0.34292749999999994,0
10785,14,NDRG1,-0.05,-0.0135079,0
10786,14,PSIP1,-0.09,-0.0354632,0
10787,14,TRIM33,0.020000000000000004,0.031524399999999994,0
10788,14,MTOR,1.1800000000000006,0.8508524,0
10789,14,ARHGAP35,0.15000000000000002,0.13968880000000003,0
10790,14,POT1,-0.04000000000000001,-0.00048310000000000193,0
10791,14,EXT1,0.12,0.0770496,0
10792,14,IL6ST,0.26,0.18528050000000001,0
10793,14,IDH2,0.039999999999999994,0.0785203,0
10794,14,SMARCE1,0.41000000000000003,0.23776760000000002,0
10795,14,CRTC3,0.09,0.0671946,0
10796,14,TSC1,0.25,0.23015280000000002,0
10797,14,BCOR,-0.12000000000000002,-0.013794600000000008,0
10798,14,SDHA,0.26,0.16404400000000002,0
10799,14,EP300,1.740000000000001,1.2658278999999997,0
10800,14,HNRNPA2B1,0.3199999999999999,0.2550289,0
10801,14,CLIP1,-0.12000000000000001,-0.0647259,0
10802,14,PATZ1,-0.4,-0.11031180000000002,0
10803,14,FUBP1,-0.12,-0.009402699999999991,0
10804,14,HLA-A,-0.06999999999999999,0.04354540000000001,0
10805,14,CCNC,-0.15000000000000002,-0.053536600000000004,0
10806,14,RPN1,-0.22,-0.0451065,0
10807,14,TCF7L2,0.009999999999999972,0.059338200000000035,0
10808,14,CANT1,0.09000000000000002,0.0590667,0
10809,14,RPL5,-0.6399999999999999,-0.1603723,0
10810,14,CCDC6,-0.009999999999999995,0.037874000000000005,0
10811,14,NCKIPSD,0.03,0.0183982,0
10812,14,SMARCD1,0.47000000000000003,0.3155017,0
10813,14,BCL10,0.030000000000000013,0.042589400000000006,0
10814,14,MAX,-0.08000000000000002,-0.029705099999999998,0
10815,14,HERPUD1,0.03,0.0134142,0
10816,14,RAC1,-0.14,0.0493766,0
10817,14,FLNA,0.029999999999999992,0.0799983,0
10818,14,TFE3,-0.4100000000000001,-0.161951,0
10819,14,NCOR2,0.7100000000000002,0.5025424999999999,0
10820,14,PRPF40B,-0.04,-0.0236448,0
10821,14,BCL3,-0.06999999999999999,-0.01656629999999999,0
10822,14,TFPT,-0.16,-0.0681624,0
10823,14,MLH1,0.9400000000000001,0.7287654000000001,0
10824,14,ARHGAP5,0.16,0.1179458,0
10825,14,CIC,0.0,0.0,0
10826,14,LYN,0.91,0.6045923,0
10827,14,TCF12,0.26999999999999996,0.1917367,0
10828,14,KLF6,0.05,0.027694999999999997,0
10829,14,KMT2C,1.0500000000000005,0.7713085999999999,0
10830,14,PIM1,-0.09,-0.011902799999999998,0
10831,14,CCND1,1.4200000000000008,0.8766924999999999,0
10832,14,MLLT1,-0.56,-0.1608869,0
10833,14,MEN1,0.020000000000000004,0.0445179,0
10834,14,CUL3,0.13,0.13974180000000003,0
10835,14,RB1,0.6200000000000001,0.4475011,0
10836,14,LPP,-0.06,-0.0286472,0
10837,14,BUB1B,-0.16,-0.08028100000000002,0
10838,14,SMAD4,1.3800000000000008,0.9831459000000001,0
10839,14,FGFR1,0.29,0.2072863,0
10840,14,TMSB4X,0.04,0.0307932,0
10841,14,CDK4,0.7200000000000002,0.4912945,0
10842,14,MSI2,0.0,0.0,0
10843,14,MSH6,0.9200000000000004,0.6539356999999999,0
10844,14,BRAF,0.8400000000000003,0.7154874,0
10845,14,TCEA1,-0.12000000000000001,-0.0298301,0
10846,14,TNFAIP3,0.1,0.1045297,0
10847,14,RABEP1,-0.009999999999999998,-0.007946300000000002,0
10848,14,GMPS,-0.06999999999999999,-0.041488499999999984,0
10849,14,MDM2,1.3300000000000007,0.8618036999999997,0
10850,14,NSD2,0.16,0.10646369999999998,0
10851,14,CASP8,0.08,0.19667600000000002,0
10852,14,PER1,-0.16999999999999998,-0.0290208,0
10853,14,UBR5,-0.06999999999999998,-0.018295399999999996,0
10854,14,EIF3E,-0.12,0.0469861,0
10855,14,RFWD3,0.04,0.0363694,0
10856,14,BRD3,0.09000000000000001,0.07394500000000001,0
10857,14,PAFAH1B2,0.02,0.0157628,0
10858,14,EXT2,-0.010000000000000009,0.009255899999999997,0
10859,14,PLCG1,0.5900000000000001,0.38209279999999995,0
10860,14,SF3B1,-0.33,-0.1484393,0
10861,14,ARHGEF10L,0.02,0.0114266,0
10862,14,NFATC2,0.18,0.12242859999999998,0
10863,14,SDHD,0.22000000000000003,0.1178292,0
10864,14,PABPC1,-0.6599999999999999,-0.18848589999999998,0
10865,14,POLD1,-0.1,-0.003432800000000003,0
10866,14,CALR,-0.009999999999999998,0.01326660000000001,0
10867,14,PIK3CB,0.5599999999999999,0.4219832,0
10868,14,PPM1D,0.15000000000000002,0.11086979999999999,0
10869,14,ATRX,0.9200000000000004,0.7265626000000001,0
10870,14,DGCR8,0.14,0.0808718,0
10871,14,DDX10,0.1,0.0721291,0
10872,14,DROSHA,0.42000000000000004,0.29132820000000004,0
10873,14,TNFRSF14,-0.08,-0.031154,0
10874,14,BCL9L,0.12000000000000001,0.0761671,0
10875,14,QKI,-0.12,-0.0677577,0
10876,14,BAZ1A,0.0,0.0,0
10877,14,CHD4,0.19999999999999998,0.19685819999999996,0
10878,14,NSD3,0.06,0.0568303,0
10879,14,NT5C2,0.16,0.09302470000000002,0
10880,14,CCNB1IP1,0.1,0.043625,0
10881,14,PCBP1,-0.47000000000000003,-0.1391831,0
10882,14,RALGDS,0.14,0.0932351,0
10883,14,ARHGEF12,1.734723475976807e-18,0.0037141000000000014,0
10884,14,HSP90AB1,0.79,0.5759603999999999,0
10885,14,FOXO3,1.1500000000000004,0.7498781999999998,0
10886,14,HIP1,-0.01,-0.0064551,0
10887,14,CDC73,-0.07,0.009196399999999995,0
10888,14,NIN,0.0,0.0006879000000000086,0
10889,14,MDM4,0.15000000000000002,0.154101,0
10890,14,COL3A1,0.16,0.14322290000000001,0
10891,14,CTNND1,0.10999999999999999,0.1152394,0
10892,14,SPOP,0.019999999999999997,0.033424499999999996,0
10893,14,TMEM127,0.08,0.06641720000000001,0
10894,14,CREB3L2,0.12000000000000001,0.07324900000000001,0
10895,14,MSH2,0.9700000000000004,0.6960127999999999,0
10896,14,FNBP1,-0.019999999999999997,-0.010167099999999998,0
10897,14,ATF1,-0.019999999999999993,0.0013399000000000015,0
10898,14,EIF1AX,-0.38,-0.177233,0
10899,14,PMS1,0.5499999999999999,0.41122300000000006,0
10900,14,DEK,0.08,0.09397860000000001,0
10901,14,ERBB2,1.0500000000000005,0.6671171,0
10902,14,AKT1,0.6300000000000003,0.44481839999999995,0
10903,14,CHEK2,0.30999999999999994,0.37228200000000006,0
10904,14,SDHB,0.43,0.27661720000000006,0
10905,14,NCOA1,0.42999999999999994,0.28524599999999994,0
10906,14,CHIC2,0.060000000000000005,0.0330678,0
10907,14,RUNX1,0.4700000000000003,0.6660620999999998,0
10908,14,STAT6,0.37,0.273579,0
10909,14,FH,-0.12,-0.0207665,0
10910,14,AKT3,1.0400000000000005,0.6596843,0
10911,14,GNAS,0.21000000000000002,0.129896,0
10912,14,CTNNB1,1.4700000000000009,0.956047,0
10913,14,NONO,0.13,0.08226370000000001,0
10914,14,SMARCB1,0.9000000000000004,0.6366209,0
10915,14,PRKAR1A,0.03,0.055462,0
10916,14,ITGAV,0.04,0.037120799999999995,0
10917,14,SS18,0.39,0.2404164,0
10918,14,MAP2K1,1.1000000000000005,0.6889346,0
10919,14,SIRPA,0.01,0.0056511999999999995,0
10920,14,PPFIBP1,0.39,0.25233910000000004,0
10921,14,RPL22,-0.30000000000000004,0.06444,0
10922,14,CYLD,0.27,0.20181870000000002,0
10923,14,ARID1B,0.6300000000000001,0.4479717,0
10924,14,SETDB1,0.33,0.23094709999999996,0
10925,14,AFDN,-0.35,-0.15820480000000003,0
10926,14,ZRSR2,0.27,0.1914776,0
10927,14,PBRM1,0.9600000000000004,0.6639277999999998,0
10928,14,XPC,0.6200000000000001,0.4128103000000001,0
10929,14,ASXL2,0.22000000000000003,0.1433588,0
10930,14,TRIM24,-0.27,-0.1200037,0
10931,14,SFPQ,-0.12,0.0027145999999999976,0
10932,14,NCOA2,0.48000000000000004,0.31326930000000003,0
10933,14,FOXO4,0.39,0.2568234,0
10934,14,LEF1,0.12000000000000001,0.10757349999999999,0
10935,14,B2M,-0.4900000000000001,-0.18381320000000004,0
10936,14,DDIT3,-0.31,-0.0993586,0
10937,14,BCL6,0.6100000000000001,0.42720220000000014,0
10938,14,KRAS,-0.8500000000000001,-0.17493779999999998,0
10939,14,FAT1,0.05,0.048777299999999996,0
10940,14,ABL2,0.049999999999999996,0.040502399999999994,0
10941,14,NF1,0.6900000000000002,0.5483068,0
10942,14,BTG1,0.01,0.0063757,0
10943,14,EIF4A2,0.09000000000000001,0.0758305,0
10944,14,SET,0.15,0.13308520000000001,0
10945,14,EPS15,-3.469446951953614e-18,0.011389800000000005,0
10946,14,RNF213,0.019999999999999997,0.0166363,0
10947,14,CTCF,0.8800000000000003,0.6252863000000001,0
10948,14,WDCP,0.19,0.11776180000000001,0
10949,14,KAT7,0.11,0.08160650000000001,0
10950,14,KDM5C,0.16,0.13965989999999998,0
10951,14,TGFBR2,0.24,0.17189860000000004,0
10952,14,ATM,1.3400000000000007,1.0054293,0
10953,14,NUMA1,-0.020000000000000004,-7.870000000000186e-05,0
10954,14,STAT3,1.5200000000000007,1.1794325,0
10955,14,SUB1,-0.21,-0.07588030000000001,0
10956,14,NUP98,-8.673617379884035e-18,0.06690170000000001,0
10957,14,ELL,-0.019999999999999997,0.020793599999999995,0
10958,14,MAP3K1,0.51,0.338183,0
10959,14,MALT1,0.19000000000000003,0.14631860000000002,0
10960,14,XPO1,0.22999999999999998,0.1974608,0
10961,14,SETD1B,0.11000000000000001,0.0751556,0
10962,14,ETV6,-0.08999999999999998,-0.006902300000000008,0
10963,14,TBL1XR1,0.21000000000000002,0.13453,0
10964,14,NUP214,0.06000000000000002,0.10129039999999999,0
10965,14,TPR,0.07,0.08784800000000001,0
10966,14,ATIC,0.030000000000000013,0.039736400000000005,0
10967,14,NACA,0.23,0.15629890000000002,0
10968,14,MYO5A,-0.009999999999999998,-0.004457599999999999,0
10969,14,SMC1A,0.6200000000000001,0.4893611,0
10970,14,LASP1,-0.18,-0.10915620000000001,0
10971,14,ERCC5,0.48000000000000004,0.3264498,0
10972,14,JUN,0.7800000000000002,0.5733488000000002,0
10973,14,THRAP3,0.07,0.0580613,0
10974,14,STAG2,0.5900000000000001,0.4009332,0
10975,14,RAF1,1.2300000000000004,0.8310428,0
10976,14,ERCC3,0.5100000000000001,0.42768570000000006,0
10977,14,SMAD2,0.5400000000000001,0.4538897,0
10978,14,TAF15,0.09999999999999999,0.10080730000000002,0
10979,14,ARNT,0.26,0.2089519,0
10980,14,CLTC,-0.56,-0.3279603,0
10981,14,IKBKB,0.5700000000000001,0.3996566,0
10982,14,IDH1,-0.2,-0.011224000000000001,0
10983,14,SND1,-0.01,-0.0047995,0
10984,14,KNSTRN,0.03,0.0231747,0
10985,14,RHOA,-0.45999999999999996,-0.0663531,0
10986,14,PALB2,0.7000000000000001,0.5572324,0
10987,14,ARID2,0.7000000000000002,0.49471989999999993,0
10988,14,EZR,-0.15,-0.016071900000000004,0
10989,14,TP53,-0.7699999999999999,4.139999999995536e-05,0
10990,14,ARAF,0.3600000000000001,0.1998518,0
10991,14,KIF5B,0.4299999999999999,0.30810599999999994,0
10992,14,KAT6A,0.25999999999999995,0.21037230000000004,0
10993,14,KTN1,-0.06,-0.0254027,0
10994,14,GOLGA5,-0.13,-0.07456850000000001,0
10995,14,KDM5A,0.2,0.184844,0
10996,14,RAD21,0.41000000000000003,0.3140385,0
10997,14,GNAQ,0.14,0.08744489999999999,0
10998,14,CAMTA1,0.01,0.0070502,0
10999,14,ERCC2,0.63,0.4451640000000001,0
11000,14,EZH2,1.9500000000000013,1.2661985999999996,0
11001,14,TOP1,0.18000000000000002,0.129696,0
11002,14,SRSF3,-0.45000000000000007,-0.115069,0
11003,14,NPM1,-0.17000000000000004,0.07312710000000001,0
11004,14,BAX,-0.31,-0.09760139999999999,0
11005,14,NOTCH2,0.27,0.20450749999999998,0
11006,14,TRAF7,0.03,0.0214326,0
11007,14,KDM6A,0.7500000000000003,0.6273569999999999,0
11008,14,SPEN,0.09999999999999999,0.0688438,0
11009,14,TRIM27,-0.31,-0.11998039999999999,0
11010,14,CRTC1,0.14,0.11198219999999999,0
11011,14,EML4,0.14,0.12314350000000002,0
11012,14,USP9X,-0.12,-0.06897969999999999,0
11013,14,PTPRK,0.01,0.0068842,0
11014,14,CD74,-0.11,0.0030126999999999897,0
11015,14,CBL,0.5,0.3591618999999999,0
11016,14,ZNF384,-0.08,-0.0389191,0
11017,14,NOTCH1,1.0400000000000005,0.7377261000000002,0
11018,14,COX6C,-0.09,-0.04606349999999999,0
11019,14,CHCHD7,0.04,0.028478,0
11020,14,HMGA1,-0.14,-0.057824900000000005,0
11021,14,PTEN,1.5300000000000011,1.1484777,0
11022,14,FIP1L1,-0.06,-0.028935499999999996,0
11023,14,JAK1,0.7900000000000003,0.5962161,0
11024,14,ZMYM2,-0.09999999999999999,-0.0657094,0
11025,14,SUZ12,0.6400000000000002,0.4469930000000001,0
11026,14,FUS,-0.15,0.09794829999999996,0
11027,14,BAP1,0.07999999999999999,0.0892116,0
11028,14,ZCCHC8,-0.1,-0.025813000000000003,0
11029,14,CRNKL1,-0.05,-0.029216500000000003,0
11030,14,RAD17,0.08,0.0608163,0
11031,14,ATP1A1,-0.02,-0.0095738,0
11032,14,DNMT3A,0.9000000000000005,0.6343688000000001,0
11033,14,FBXW7,0.9800000000000004,0.7236127,0
11034,14,WWTR1,-0.06999999999999999,-0.033034299999999996,0
11035,14,CDKN1B,0.6100000000000001,0.3797106,0
11036,14,KMT2A,0.4099999999999999,0.3184838,0
11037,14,PTPN11,0.9100000000000001,0.6182532000000001,0
11038,14,STAT5B,0.6,0.47257459999999984,0
11039,14,CUX1,-0.1,-0.060455499999999995,0
11040,14,ABI1,-0.4,-0.1323044,0
11041,14,BRCA1,1.7100000000000013,1.3071815999999998,0
11042,14,SH2B3,0.06000000000000001,0.046864800000000005,0
11043,14,AFF4,0.16,0.10675480000000001,0
11044,14,NF2,0.00999999999999998,0.0644245,0
11045,14,LMNA,0.13,0.09507769999999997,0
11046,14,TSC2,0.65,0.481241,0
11047,14,GOLPH3,-0.09999999999999999,-0.057786899999999995,0
11048,14,PCM1,-0.06,-0.039165599999999995,0
11049,14,PPP2R1A,-0.3800000000000001,-0.1004684,0
11050,14,ARID1A,1.7000000000000008,1.1490546000000001,0
11051,14,ABL1,-0.18,0.05656789999999994,0
11052,14,AFF1,0.3,0.21395160000000002,0
11053,14,DAXX,-0.25,-0.035482100000000016,0
11054,14,CBFB,0.16,0.11031840000000001,0
11055,14,CBLB,0.13,0.0954824,0
11056,14,POLR2A,-0.020000000000000018,0.11601230000000007,0
11057,14,PRKACA,0.37999999999999995,0.28889549999999997,0
11058,14,DNM2,-0.11000000000000001,-0.05381670000000001,0
11059,14,RAP1GDS1,-0.020000000000000014,-0.0024575000000000066,0
11060,14,NCOR1,0.8800000000000002,0.7274728999999999,0
11061,14,NFKBIE,-0.08000000000000002,-0.0350981,0
11062,14,DDX3X,0.07000000000000002,0.11054810000000001,0
11063,14,ELK4,0.02,0.014232,0
11064,14,MLLT6,0.1,0.07016050000000001,0
11065,14,SRSF2,-0.7000000000000001,-0.2021481,0
11066,14,CTNNA1,0.09,0.0636689,0
11067,14,RBM10,0.21,0.1417373,0
11068,14,PTPRC,0.09,0.110343,0
11069,14,HSP90AA1,1.0100000000000005,0.6555911,0
11070,15,NSD1,0.32,0.2757672,1
11071,15,DICER1,0.21000000000000002,0.25946650000000004,1
11072,15,BIRC6,0.12,0.11263410000000001,1
11073,15,SDHC,0.41000000000000003,0.31619250000000004,1
11074,15,TFG,0.26,0.1657015,1
11075,15,MAP2K2,0.36,0.24712740000000002,1
11076,15,TFRC,-0.26,-0.10393260000000001,1
11077,15,CREB1,1.0000000000000004,0.8329866000000002,1
11078,15,POLG,-0.01,-0.0032023000000000004,1
11079,15,SETD2,0.6000000000000003,0.5660058,1
11080,15,NAB2,-0.5,-0.14902140000000003,1
11081,15,HIF1A,1.640000000000001,1.2574587,1
11082,15,FLCN,-0.06,0.0047189000000000016,1
11083,15,MAP2K4,6.938893903907228e-18,0.08676790000000001,1
11084,15,CNOT3,0.04999999999999999,0.0494844,1
11085,15,CIITA,0.07,0.0411644,1
11086,15,LSM14A,0.15,0.12440309999999999,1
11087,15,AKAP9,-0.08,-0.0033675999999999984,1
11088,15,MSN,-0.24999999999999997,-0.07764799999999997,1
11089,15,BCR,-0.060000000000000005,0.016435899999999996,1
11090,15,TRRAP,-0.00999999999999996,0.18892820000000002,1
11091,15,PPP6C,-0.16,-0.071572,1
11092,15,NCOA4,-0.09000000000000002,-0.035847800000000006,1
11093,15,BCL9,0.2,0.1668932,1
11094,15,PRCC,0.13,0.0974852,1
11095,15,LARP4B,0.03,0.0218646,1
11096,15,CHD2,0.02,0.018004199999999998,1
11097,15,ASXL1,0.4,0.41827359999999997,1
11098,15,SMARCA4,2.0000000000000013,1.5650450999999999,1
11099,15,ERC1,-0.02,-0.0157914,1
11100,15,DCTN1,-6.938893903907228e-18,0.033593200000000004,1
11101,15,PIK3R1,1.1600000000000006,0.9711995000000001,1
11102,15,EED,0.20000000000000004,0.1314188,1
11103,15,CNBP,0.02,0.012048000000000001,1
11104,15,SGK1,0.45999999999999996,0.318187,1
11105,15,MLLT10,-0.17999999999999994,-0.0876689,1
11106,15,BRD4,0.9500000000000005,0.8487425,1
11107,15,RANBP2,0.29000000000000004,0.27705219999999997,1
11108,15,FBXO11,0.06,0.050348,1
11109,15,PML,0.2800000000000001,0.22191509999999995,1
11110,15,AKT2,1.1300000000000003,0.7945788,1
11111,15,CEP89,0.06,0.038370600000000005,1
11112,15,LZTR1,0.09999999999999999,0.12007699999999999,1
11113,15,YWHAE,0.21999999999999997,0.14241910000000002,1
11114,15,DNAJB1,-0.07,-0.025515000000000003,1
11115,15,PRDM2,0.07,0.0591177,1
11116,15,TPM4,0.4900000000000001,0.3475794,1
11117,15,CREBBP,2.050000000000001,1.6503711999999997,1
11118,15,PMS2,0.8200000000000001,0.7093670999999999,1
11119,15,DDR2,0.0,0.0004276999999999996,1
11120,15,FANCA,0.37000000000000005,0.3230062,1
11121,15,PDE4DIP,0.08,0.060431399999999996,1
11122,15,USP8,-0.06,-0.03079049999999999,1
11123,15,MYH9,-0.41000000000000003,-0.12233900000000002,1
11124,15,MYC,-1.3700000000000003,-0.2804988000000002,1
11125,15,NBN,0.5800000000000001,0.4729587,1
11126,15,CCND3,-0.06999999999999999,-0.004733399999999999,1
11127,15,TRIP11,-0.11,-0.07995379999999999,1
11128,15,CNTRL,-0.09,-0.06758099999999999,1
11129,15,PIK3CA,1.190000000000001,1.0534162000000005,1
11130,15,DDX5,0.42,0.37336810000000004,1
11131,15,PICALM,0.010000000000000002,0.012521400000000002,1
11132,15,RARA,0.009999999999999988,0.08151569999999997,1
11133,15,DDX6,0.020000000000000025,0.1146852,1
11134,15,COL1A1,0.17000000000000004,0.15314290000000003,1
11135,15,VHL,0.22000000000000003,0.161524,1
11136,15,MAPK1,1.690000000000001,1.2209430999999995,1
11137,15,SRC,0.42,0.39109610000000006,1
11138,15,NFE2L2,0.31,0.23362060000000004,1
11139,15,MITF,-0.25,-0.06459960000000001,1
11140,15,SMAD3,1.270000000000001,1.1303490999999999,1
11141,15,RBM15,0.08,0.06732250000000001,1
11142,15,ATR,0.7200000000000002,0.6072818,1
11143,15,EPAS1,0.29,0.3143515,1
11144,15,TPM3,0.14,0.10898510000000002,1
11145,15,RPL10,0.1,0.1154029,1
11146,15,STAG1,0.14,0.1539174,1
11147,15,SBDS,-0.05,-0.0178829,1
11148,15,KMT2D,1.0200000000000005,0.8471577,1
11149,15,MED12,0.38000000000000006,0.3173334,1
11150,15,BCLAF1,-0.07,0.021461900000000006,1
11151,15,ASPSCR1,0.010000000000000002,0.009822799999999996,1
11152,15,CDK12,0.52,0.43233270000000007,1
11153,15,EWSR1,0.24,0.29420959999999996,1
11154,15,NDRG1,-0.11,-0.049080099999999995,1
11155,15,PSIP1,0.07,0.06913180000000001,1
11156,15,TRIM33,0.07,0.06962509999999998,1
11157,15,MTOR,1.0500000000000005,0.8875172000000001,1
11158,15,ARHGAP35,0.15000000000000002,0.1494858,1
11159,15,POT1,0.02,0.0256433,1
11160,15,EXT1,0.11,0.0791395,1
11161,15,IL6ST,0.32,0.2682392,1
11162,15,IDH2,-0.3000000000000001,-0.0697838,1
11163,15,SMARCE1,0.38,0.25682859999999996,1
11164,15,CRTC3,0.09,0.07443179999999999,1
11165,15,TSC1,0.29,0.3056904,1
11166,15,BCOR,-0.09,0.021905199999999993,1
11167,15,SDHA,0.25,0.1892788,1
11168,15,EP300,2.400000000000001,1.9974512,1
11169,15,HNRNPA2B1,0.5100000000000001,0.3568848000000001,1
11170,15,CLIP1,-0.12000000000000001,-0.068917,1
11171,15,PATZ1,-0.44,-0.1259775,1
11172,15,FUBP1,-0.16999999999999998,-0.020696899999999997,1
11173,15,HLA-A,-0.09999999999999999,0.017352999999999997,1
11174,15,CCNC,-0.27,-0.11064349999999999,1
11175,15,RPN1,-0.18000000000000002,-0.0602956,1
11176,15,TCF7L2,0.059999999999999984,0.11564139999999996,1
11177,15,CANT1,-0.03,0.014084499999999986,1
11178,15,RPL5,-0.5800000000000001,-0.17080269999999997,1
11179,15,CCDC6,0.08,0.08422879999999999,1
11180,15,NCKIPSD,-0.07,-0.0208124,1
11181,15,SMARCD1,0.5,0.40775730000000004,1
11182,15,BCL10,0.09,0.0962575,1
11183,15,MAX,0.07,0.0872098,1
11184,15,HERPUD1,-0.02,-0.0057168,1
11185,15,RAC1,0.23,0.2446357,1
11186,15,FLNA,0.1,0.0879323,1
11187,15,TFE3,-0.67,-0.26373589999999997,1
11188,15,NCOR2,0.5500000000000002,0.48035120000000003,1
11189,15,PRPF40B,0.02,0.015938,1
11190,15,BCL3,-0.1,-0.002473799999999999,1
11191,15,TFPT,-0.33999999999999997,-0.10133339999999999,1
11192,15,MLH1,0.9700000000000002,0.8318168000000001,1
11193,15,ARHGAP5,0.12000000000000001,0.11284469999999999,1
11194,15,CIC,0.0,0.0,1
11195,15,LYN,0.8700000000000002,0.6369474,1
11196,15,TCF12,0.32,0.27066260000000003,1
11197,15,KLF6,0.060000000000000005,0.0379056,1
11198,15,KMT2C,1.0100000000000002,0.8491760999999998,1
11199,15,PIM1,-0.15000000000000002,-0.026668300000000006,1
11200,15,CCND1,1.640000000000001,1.0279395999999998,1
11201,15,MLLT1,-1.2400000000000002,-0.3270785,1
11202,15,MEN1,-0.11,-0.0098455,1
11203,15,CUL3,0.14,0.1493568,1
11204,15,RB1,0.7,0.5582339000000001,1
11205,15,LPP,-0.12000000000000001,-0.031013800000000005,1
11206,15,BUB1B,-0.2,-0.07322659999999999,1
11207,15,SMAD4,1.650000000000001,1.3180733999999998,1
11208,15,FGFR1,0.24999999999999997,0.21857620000000003,1
11209,15,TMSB4X,0.03,0.0232008,1
11210,15,CDK4,0.9100000000000004,0.6371105999999999,1
11211,15,MSI2,0.01,0.0078591,1
11212,15,MSH6,1.0500000000000005,0.9136996000000001,1
11213,15,BRAF,1.2800000000000005,1.1497867000000002,1
11214,15,TCEA1,-0.08999999999999998,0.0031456000000000053,1
11215,15,TNFAIP3,0.12000000000000002,0.11246,1
11216,15,RABEP1,-0.010000000000000002,-0.0072487,1
11217,15,GMPS,-0.09,-0.049238899999999995,1
11218,15,MDM2,0.9100000000000005,0.7905102999999998,1
11219,15,NSD2,0.19999999999999998,0.15235669999999998,1
11220,15,CASP8,-0.11000000000000003,0.11640480000000002,1
11221,15,PER1,-0.2,-0.07487440000000001,1
11222,15,UBR5,-0.010000000000000012,0.02548239999999999,1
11223,15,EIF3E,0.009999999999999995,0.053970000000000004,1
11224,15,RFWD3,0.030000000000000002,0.032452999999999996,1
11225,15,BRD3,0.11,0.08148929999999999,1
11226,15,PAFAH1B2,0.02,0.017859,1
11227,15,EXT2,0.009999999999999995,0.014643500000000004,1
11228,15,PLCG1,0.44999999999999996,0.3860495,1
11229,15,SF3B1,-0.53,-0.23610660000000003,1
11230,15,ARHGEF10L,0.03,0.0158202,1
11231,15,NFATC2,0.2,0.1439658,1
11232,15,SDHD,0.25000000000000006,0.19703379999999995,1
11233,15,PABPC1,-0.9700000000000002,-0.26364040000000005,1
11234,15,POLD1,-0.21000000000000002,-0.04066850000000001,1
11235,15,CALR,0.0,0.039637099999999995,1
11236,15,PIK3CB,0.7400000000000002,0.6068504,1
11237,15,PPM1D,0.29000000000000004,0.22549820000000004,1
11238,15,ATRX,1.0500000000000005,0.8948181999999999,1
11239,15,DGCR8,0.18,0.1417562,1
11240,15,DDX10,0.16,0.1274429,1
11241,15,DROSHA,0.5300000000000001,0.4301222999999999,1
11242,15,TNFRSF14,-0.12000000000000001,-0.039551600000000006,1
11243,15,BCL9L,0.15000000000000002,0.11529569999999999,1
11244,15,QKI,0.03,0.0226834,1
11245,15,BAZ1A,0.01,0.0076512,1
11246,15,CHD4,0.37,0.3325178999999999,1
11247,15,NSD3,0.05999999999999999,0.0898051,1
11248,15,NT5C2,0.16,0.1003263,1
11249,15,CCNB1IP1,0.12000000000000001,0.056061400000000004,1
11250,15,PCBP1,-0.9699999999999999,-0.2772677,1
11251,15,RALGDS,-0.07,0.04068479999999999,1
11252,15,ARHGEF12,0.010000000000000009,0.032626600000000006,1
11253,15,HSP90AB1,1.0800000000000003,0.7541899000000002,1
11254,15,FOXO3,1.4100000000000008,1.0590195,1
11255,15,HIP1,-0.02,-0.012833,1
11256,15,CDC73,0.15,0.1409972,1
11257,15,NIN,-0.02,-0.0168728,1
11258,15,MDM4,0.12,0.18375180000000002,1
11259,15,COL3A1,0.22,0.1809171,1
11260,15,CTNND1,0.11000000000000001,0.14542390000000002,1
11261,15,SPOP,0.05,0.0748305,1
11262,15,TMEM127,0.16,0.0945642,1
11263,15,CREB3L2,0.15000000000000002,0.0960517,1
11264,15,MSH2,1.0000000000000002,0.8844481,1
11265,15,FNBP1,0.009999999999999998,0.020045599999999997,1
11266,15,ATF1,0.15,0.1038227,1
11267,15,EIF1AX,-0.49,-0.19995979999999997,1
11268,15,PMS1,0.5499999999999999,0.4335105,1
11269,15,DEK,0.21,0.16768249999999998,1
11270,15,ERBB2,0.8300000000000003,0.5357534,1
11271,15,AKT1,0.2599999999999999,0.28313320000000003,1
11272,15,CHEK2,0.6400000000000001,0.6155072,1
11273,15,SDHB,0.37,0.2952672,1
11274,15,NCOA1,0.37999999999999995,0.3139077,1
11275,15,CHIC2,0.07,0.0452312,1
11276,15,RUNX1,0.34999999999999987,0.6499028,1
11277,15,STAT6,0.35,0.31140840000000003,1
11278,15,FH,-0.1,-0.01913219999999999,1
11279,15,AKT3,1.0100000000000002,0.7523968000000002,1
11280,15,GNAS,0.36,0.2574022,1
11281,15,CTNNB1,1.2400000000000007,0.9045743000000003,1
11282,15,NONO,0.32000000000000006,0.2737527,1
11283,15,SMARCB1,0.9900000000000004,0.7776851,1
11284,15,PRKAR1A,0.18,0.18183519999999997,1
11285,15,ITGAV,0.020000000000000007,0.0478137,1
11286,15,SS18,0.41000000000000003,0.29528680000000007,1
11287,15,MAP2K1,1.0200000000000005,0.6052013999999999,1
11288,15,SIRPA,-0.07,-0.015951,1
11289,15,PPFIBP1,0.43,0.319692,1
11290,15,RPL22,-0.10000000000000002,0.10222479999999999,1
11291,15,CYLD,0.28,0.22873680000000002,1
11292,15,ARID1B,0.8200000000000001,0.6428170000000001,1
11293,15,SETDB1,0.31,0.2261793,1
11294,15,AFDN,-0.4800000000000001,-0.14971489999999998,1
11295,15,ZRSR2,0.02000000000000001,0.018380900000000016,1
11296,15,PBRM1,0.9700000000000004,0.7647984000000001,1
11297,15,XPC,0.5,0.3070453,1
11298,15,ASXL2,0.29000000000000004,0.2107971,1
11299,15,TRIM24,-0.21,-0.04620489999999999,1
11300,15,SFPQ,-0.39,-0.10327249999999999,1
11301,15,NCOA2,0.6100000000000001,0.5054581,1
11302,15,FOXO4,0.4600000000000001,0.286122,1
11303,15,LEF1,0.029999999999999985,0.11902839999999998,1
11304,15,B2M,-0.36000000000000004,-0.15309600000000007,1
11305,15,DDIT3,-0.24999999999999997,-0.09661750000000001,1
11306,15,BCL6,0.25000000000000006,0.22773440000000003,1
11307,15,KRAS,-0.040000000000000036,0.1713297,1
11308,15,FAT1,0.11,0.078592,1
11309,15,ABL2,0.03,0.04046069999999999,1
11310,15,NF1,1.3200000000000007,1.0936638,1
11311,15,BTG1,-0.04,-0.0198504,1
11312,15,EIF4A2,0.1,0.06062530000000001,1
11313,15,SET,0.19,0.1541014,1
11314,15,EPS15,0.07,0.063055,1
11315,15,RNF213,0.05,0.0438388,1
11316,15,CTCF,1.0700000000000005,0.7551350000000002,1
11317,15,WDCP,0.27,0.17681639999999996,1
11318,15,KAT7,0.15999999999999998,0.1359499,1
11319,15,KDM5C,0.17,0.1602403,1
11320,15,TGFBR2,0.18999999999999997,0.1557716,1
11321,15,ATM,0.9900000000000004,1.0444956999999997,1
11322,15,NUMA1,-0.04,-0.008368899999999995,1
11323,15,STAT3,1.1600000000000006,0.9953471000000004,1
11324,15,SUB1,-0.08,-0.037292,1
11325,15,NUP98,0.19999999999999998,0.20955430000000003,1
11326,15,ELL,-0.02,-0.005837299999999998,1
11327,15,MAP3K1,0.4799999999999999,0.37653720000000007,1
11328,15,MALT1,0.16999999999999998,0.160977,1
11329,15,XPO1,0.5100000000000001,0.4265865,1
11330,15,SETD1B,0.28,0.22584359999999998,1
11331,15,ETV6,-0.08000000000000002,0.001974000000000007,1
11332,15,TBL1XR1,0.22000000000000003,0.15996090000000002,1
11333,15,NUP214,-0.08000000000000002,0.15325149999999998,1
11334,15,TPR,0.12000000000000001,0.1017419,1
11335,15,ATIC,0.13999999999999999,0.1719253,1
11336,15,NACA,0.22999999999999998,0.153868,1
11337,15,MYO5A,0.0,0.00011139999999999935,1
11338,15,SMC1A,0.33000000000000007,0.41922030000000005,1
11339,15,LASP1,-0.24000000000000002,-0.12443950000000001,1
11340,15,ERCC5,0.42999999999999994,0.2555745,1
11341,15,JUN,-1.4200000000000002,-0.28532189999999996,1
11342,15,THRAP3,0.08,0.06227670000000001,1
11343,15,STAG2,0.26999999999999996,0.2910519,1
11344,15,RAF1,0.9500000000000004,0.7162673999999999,1
11345,15,ERCC3,0.5599999999999999,0.47079889999999996,1
11346,15,SMAD2,0.4500000000000002,0.4780001999999998,1
11347,15,TAF15,0.2,0.16182680000000002,1
11348,15,ARNT,0.21999999999999997,0.20682879999999998,1
11349,15,CLTC,-0.6900000000000001,-0.30974130000000005,1
11350,15,IKBKB,0.5100000000000001,0.47017290000000006,1
11351,15,IDH1,-0.6600000000000001,-0.1976891,1
11352,15,SND1,0.03,0.0338998,1
11353,15,KNSTRN,0.02,0.0149218,1
11354,15,RHOA,-2.45,-0.6084221999999999,1
11355,15,PALB2,0.7100000000000002,0.6121652000000001,1
11356,15,ARID2,0.8600000000000001,0.6851602999999999,1
11357,15,EZR,-0.23000000000000004,-0.0802926,1
11358,15,TP53,0.04000000000000005,0.2870403999999999,1
11359,15,ARAF,0.44,0.25362540000000006,1
11360,15,KIF5B,0.49999999999999994,0.3752637999999999,1
11361,15,KAT6A,0.24000000000000002,0.2514138,1
11362,15,KTN1,-0.06999999999999999,-0.000945199999999995,1
11363,15,GOLGA5,-0.09,-0.05794069999999999,1
11364,15,KDM5A,0.31999999999999995,0.28786029999999996,1
11365,15,RAD21,0.5900000000000001,0.4906969,1
11366,15,GNAQ,0.29000000000000004,0.234657,1
11367,15,CAMTA1,0.060000000000000005,0.0460747,1
11368,15,ERCC2,0.65,0.5155654000000001,1
11369,15,EZH2,1.380000000000001,1.1605302,1
11370,15,TOP1,0.25000000000000006,0.20288319999999996,1
11371,15,SRSF3,-0.4399999999999999,-0.12569640000000004,1
11372,15,NPM1,3.122502256758253e-17,0.11392649999999999,1
11373,15,BAX,-0.62,-0.1506731,1
11374,15,NOTCH2,0.27,0.2292448,1
11375,15,TRAF7,0.02,0.0141692,1
11376,15,KDM6A,0.8500000000000003,0.8839308999999999,1
11377,15,SPEN,0.13,0.10273090000000001,1
11378,15,TRIM27,-0.53,-0.1653689,1
11379,15,CRTC1,0.15,0.1186941,1
11380,15,EML4,0.28,0.3040044,1
11381,15,USP9X,-0.05,-0.0389704,1
11382,15,PTPRK,-0.01,-0.0058668,1
11383,15,CD74,-0.2,-0.01415580000000001,1
11384,15,CBL,0.55,0.47861539999999997,1
11385,15,ZNF384,0.02,0.0165116,1
11386,15,NOTCH1,1.0600000000000005,0.7916433000000002,1
11387,15,COX6C,-0.14,-0.0440125,1
11388,15,CHCHD7,0.02,0.012709,1
11389,15,HMGA1,-0.02,-0.010843100000000001,1
11390,15,PTEN,1.490000000000001,1.3330860000000004,1
11391,15,FIP1L1,-0.04999999999999999,-0.020379399999999995,1
11392,15,JAK1,0.8500000000000003,0.7059284000000001,1
11393,15,ZMYM2,3.469446951953614e-18,0.0006362999999999994,1
11394,15,SUZ12,0.8200000000000004,0.6479366,1
11395,15,FUS,-0.57,-0.03199389999999999,1
11396,15,BAP1,-0.53,-0.2050154,1
11397,15,ZCCHC8,-0.06,-0.0196578,1
11398,15,CRNKL1,0.009999999999999998,0.007520299999999997,1
11399,15,RAD17,0.18,0.13458369999999997,1
11400,15,ATP1A1,0.0,0.0017491,1
11401,15,DNMT3A,1.0500000000000005,0.853038,1
11402,15,FBXW7,0.9700000000000004,0.8261027999999998,1
11403,15,WWTR1,-0.11000000000000001,-0.0419999,1
11404,15,CDKN1B,0.44,0.3046859,1
11405,15,KMT2A,0.34,0.37262929999999994,1
11406,15,PTPN11,1.0700000000000005,0.8678750999999999,1
11407,15,STAT5B,0.7400000000000001,0.592465,1
11408,15,CUX1,-0.1,-0.0629633,1
11409,15,ABI1,-0.26,-0.0727599,1
11410,15,BRCA1,1.8000000000000012,1.5106426000000002,1
11411,15,SH2B3,0.07,0.0406429,1
11412,15,AFF4,-1.3877787807814457e-17,0.011664200000000007,1
11413,15,NF2,0.15,0.14517680000000002,1
11414,15,LMNA,0.019999999999999993,0.02834310000000001,1
11415,15,TSC2,0.8400000000000003,0.6727053999999999,1
11416,15,GOLPH3,-0.030000000000000002,-0.022038100000000005,1
11417,15,PCM1,-0.04,-0.033460199999999996,1
11418,15,PPP2R1A,-0.24,-0.0604347,1
11419,15,ARID1A,1.8400000000000012,1.4902780000000002,1
11420,15,ABL1,-0.1599999999999998,0.05898529999999999,1
11421,15,AFF1,0.13999999999999999,0.12932440000000003,1
11422,15,DAXX,-0.37000000000000005,-0.103404,1
11423,15,CBFB,0.060000000000000005,0.107358,1
11424,15,CBLB,0.17,0.1493525,1
11425,15,POLR2A,-0.1499999999999999,0.1777815,1
11426,15,PRKACA,0.19000000000000014,0.2396221,1
11427,15,DNM2,-0.12,-0.0556327,1
11428,15,RAP1GDS1,0.020000000000000018,0.051367,1
11429,15,NCOR1,0.9700000000000004,0.9138068999999999,1
11430,15,NFKBIE,-0.36000000000000004,-0.11927280000000001,1
11431,15,DDX3X,0.28,0.2429463,1
11432,15,ELK4,0.03,0.025902599999999998,1
11433,15,MLLT6,0.07,0.0574913,1
11434,15,SRSF2,-2.7500000000000004,-0.6621899,1
11435,15,CTNNA1,0.17,0.1333033,1
11436,15,RBM10,0.12000000000000001,0.09707219999999998,1
11437,15,PTPRC,0.009999999999999988,0.09702759999999999,1
11438,15,HSP90AA1,0.8500000000000003,0.6123781000000003,1
11439,15,NSD1,0.24,0.2052951,0
11440,15,DICER1,0.29999999999999993,0.2829374,0
11441,15,BIRC6,0.11,0.0948397,0
11442,15,SDHC,0.33000000000000007,0.21486280000000002,0
11443,15,TFG,0.33,0.1889399,0
11444,15,MAP2K2,0.24,0.1787887,0
11445,15,TFRC,-0.29,-0.1366051,0
11446,15,CREB1,0.8700000000000004,0.6751730999999997,0
11447,15,POLG,0.02,0.0073946,0
11448,15,SETD2,0.7100000000000003,0.6074719000000001,0
11449,15,NAB2,-0.35,-0.1160507,0
11450,15,HIF1A,1.590000000000001,1.1584577000000003,0
11451,15,FLCN,0.030000000000000002,0.030512500000000005,0
11452,15,MAP2K4,0.039999999999999994,0.0921621,0
11453,15,CNOT3,0.020000000000000004,0.022090899999999997,0
11454,15,CIITA,0.07,0.0429977,0
11455,15,LSM14A,0.1,0.08620889999999999,0
11456,15,AKAP9,-0.049999999999999996,-0.0033621999999999992,0
11457,15,MSN,-0.3999999999999999,-0.1053976,0
11458,15,BCR,0.03,0.0657987,0
11459,15,TRRAP,3.469446951953614e-18,0.13419,0
11460,15,PPP6C,-0.18,-0.0873367,0
11461,15,NCOA4,-0.18,-0.09599869999999999,0
11462,15,BCL9,0.13999999999999999,0.11309849999999998,0
11463,15,PRCC,0.05,0.036856400000000004,0
11464,15,LARP4B,0.0,0.0,0
11465,15,CHD2,0.02,0.016367,0
11466,15,ASXL1,0.53,0.48174739999999994,0
11467,15,SMARCA4,1.4000000000000008,1.0699590999999997,0
11468,15,ERC1,-0.02,-0.0158902,0
11469,15,DCTN1,-0.26,-0.12225609999999999,0
11470,15,PIK3R1,1.4400000000000008,1.0359357,0
11471,15,EED,-0.08000000000000002,-0.0019419000000000103,0
11472,15,CNBP,-0.01,-0.0045912,0
11473,15,SGK1,0.31999999999999995,0.1888795,0
11474,15,MLLT10,-0.16000000000000003,-0.07271699999999999,0
11475,15,BRD4,0.9600000000000005,0.7614637999999998,0
11476,15,RANBP2,0.13999999999999996,0.20619789999999996,0
11477,15,FBXO11,0.060000000000000005,0.04891770000000001,0
11478,15,PML,0.3400000000000001,0.2370623,0
11479,15,AKT2,0.9600000000000003,0.6663908,0
11480,15,CEP89,0.07,0.0452848,0
11481,15,LZTR1,0.05,0.0702564,0
11482,15,YWHAE,0.26,0.16883230000000005,0
11483,15,DNAJB1,-0.06999999999999999,-0.011555700000000002,0
11484,15,PRDM2,0.03,0.0216593,0
11485,15,TPM4,0.44000000000000006,0.285327,0
11486,15,CREBBP,1.9600000000000013,1.6043070000000008,0
11487,15,PMS2,0.6000000000000001,0.5530491000000001,0
11488,15,DDR2,0.06,0.0387956,0
11489,15,FANCA,0.35,0.28175349999999993,0
11490,15,PDE4DIP,0.05,0.034991,0
11491,15,USP8,-0.08,-0.0405368,0
11492,15,MYH9,-0.29000000000000004,-0.06424350000000001,0
11493,15,MYC,-1.2300000000000004,-0.4871332000000003,0
11494,15,NBN,0.53,0.4010029,0
11495,15,CCND3,-0.10000000000000002,-0.007007999999999992,0
11496,15,TRIP11,-0.11000000000000001,-0.0752351,0
11497,15,CNTRL,-0.039999999999999994,-0.029162399999999995,0
11498,15,PIK3CA,1.4200000000000008,1.0654077000000004,0
11499,15,DDX5,0.41,0.3325968,0
11500,15,PICALM,3.469446951953614e-18,0.0038165000000000074,0
11501,15,RARA,0.42000000000000004,0.3033004,0
11502,15,DDX6,-0.13,0.0394172,0
11503,15,COL1A1,0.09,0.1088401,0
11504,15,VHL,0.18999999999999997,0.13544200000000003,0
11505,15,MAPK1,1.540000000000001,1.0274194,0
11506,15,SRC,-0.18999999999999997,0.12848379999999998,0
11507,15,NFE2L2,0.28,0.18895499999999998,0
11508,15,MITF,-0.27999999999999997,-0.0643929,0
11509,15,SMAD3,1.2300000000000009,0.9723040999999994,0
11510,15,RBM15,0.07,0.05925990000000001,0
11511,15,ATR,0.6800000000000003,0.5926520999999999,0
11512,15,EPAS1,0.42,0.36680009999999996,0
11513,15,TPM3,0.2,0.1416493,0
11514,15,RPL10,0.14,0.1262136,0
11515,15,STAG1,0.16999999999999998,0.170077,0
11516,15,SBDS,-0.05,-0.0186414,0
11517,15,KMT2D,1.0000000000000004,0.762005,0
11518,15,MED12,0.30000000000000004,0.24718159999999997,0
11519,15,BCLAF1,-0.03999999999999999,0.0246192,0
11520,15,ASPSCR1,0.009999999999999998,0.011519500000000002,0
11521,15,CDK12,0.35,0.25899239999999996,0
11522,15,EWSR1,0.42999999999999994,0.36262770000000005,0
11523,15,NDRG1,-0.05,-0.012985600000000003,0
11524,15,PSIP1,-0.18000000000000002,-0.09020199999999999,0
11525,15,TRIM33,0.06999999999999999,0.0631197,0
11526,15,MTOR,1.1500000000000004,0.8464048000000002,0
11527,15,ARHGAP35,0.1,0.1289961,0
11528,15,POT1,-0.04000000000000001,-0.001232700000000005,0
11529,15,EXT1,0.1,0.064915,0
11530,15,IL6ST,0.29000000000000004,0.2288114,0
11531,15,IDH2,0.1,0.08173120000000002,0
11532,15,SMARCE1,0.47000000000000003,0.30254149999999996,0
11533,15,CRTC3,0.09,0.07179429999999999,0
11534,15,TSC1,0.30000000000000004,0.2806265,0
11535,15,BCOR,-0.22,-0.0181793,0
11536,15,SDHA,0.25,0.15519429999999998,0
11537,15,EP300,1.7200000000000013,1.4481042999999996,0
11538,15,HNRNPA2B1,0.29,0.2424398,0
11539,15,CLIP1,-0.12000000000000001,-0.0670113,0
11540,15,PATZ1,-0.46,-0.1231084,0
11541,15,FUBP1,-0.15000000000000002,-0.006075099999999995,0
11542,15,HLA-A,-0.25,-0.011410400000000001,0
11543,15,CCNC,-0.11,-0.0499939,0
11544,15,RPN1,-0.27999999999999997,-0.08429350000000001,0
11545,15,TCF7L2,0.09000000000000002,0.10531640000000003,0
11546,15,CANT1,0.09000000000000001,0.052380399999999994,0
11547,15,RPL5,-0.7100000000000001,-0.20896479999999998,0
11548,15,CCDC6,0.020000000000000004,0.058815800000000015,0
11549,15,NCKIPSD,0.019999999999999997,0.012242299999999998,0
11550,15,SMARCD1,0.44,0.30706920000000004,0
11551,15,BCL10,6.938893903907228e-18,0.0349372,0
11552,15,MAX,-0.01,0.011941600000000002,0
11553,15,HERPUD1,0.02,0.0078726,0
11554,15,RAC1,0.01999999999999999,0.12388009999999999,0
11555,15,FLNA,0.07999999999999999,0.087923,0
11556,15,TFE3,-0.45000000000000007,-0.19103930000000002,0
11557,15,NCOR2,0.7400000000000002,0.5598422999999999,0
11558,15,PRPF40B,0.009999999999999995,0.012644900000000002,0
11559,15,BCL3,-0.010000000000000004,0.008069900000000008,0
11560,15,TFPT,-0.27,-0.0897114,0
11561,15,MLH1,0.8,0.6962252,0
11562,15,ARHGAP5,0.14,0.12283290000000002,0
11563,15,CIC,0.0,0.0,0
11564,15,LYN,0.8700000000000001,0.6093675,0
11565,15,TCF12,0.31,0.24679159999999997,0
11566,15,KLF6,0.03,0.0160929,0
11567,15,KMT2C,1.0000000000000002,0.8195063000000001,0
11568,15,PIM1,-0.25,-0.0829991,0
11569,15,CCND1,1.1900000000000006,0.7383483,0
11570,15,MLLT1,-1.1800000000000002,-0.33682690000000004,0
11571,15,MEN1,0.06999999999999999,0.0848487,0
11572,15,CUL3,0.11999999999999998,0.14677159999999997,0
11573,15,RB1,0.6200000000000001,0.4803686000000001,0
11574,15,LPP,-0.09,-0.029678000000000006,0
11575,15,BUB1B,-0.18,-0.094254,0
11576,15,SMAD4,1.4800000000000009,1.1379501,0
11577,15,FGFR1,0.26,0.16736330000000002,0
11578,15,TMSB4X,0.04,0.0309444,0
11579,15,CDK4,0.5800000000000001,0.38281540000000003,0
11580,15,MSI2,0.01,0.007685300000000001,0
11581,15,MSH6,0.8900000000000003,0.7111890000000001,0
11582,15,BRAF,0.9200000000000004,0.8922348000000003,0
11583,15,TCEA1,-0.030000000000000006,0.0137512,0
11584,15,TNFAIP3,0.13,0.11411570000000001,0
11585,15,RABEP1,0.010000000000000002,0.005944700000000001,0
11586,15,GMPS,-0.06,-0.034810399999999984,0
11587,15,MDM2,1.280000000000001,0.9049888,0
11588,15,NSD2,0.21000000000000002,0.1497227,0
11589,15,CASP8,-0.07999999999999999,0.18916020000000003,0
11590,15,PER1,-0.21000000000000002,-0.05525139999999999,0
11591,15,UBR5,-0.049999999999999996,-0.012635999999999998,0
11592,15,EIF3E,-0.020000000000000004,0.05789700000000002,0
11593,15,RFWD3,0.03,0.028010399999999998,0
11594,15,BRD3,0.14,0.1186445,0
11595,15,PAFAH1B2,0.02,0.016167800000000003,0
11596,15,EXT2,0.020000000000000004,0.011346199999999994,0
11597,15,PLCG1,0.55,0.39448339999999993,0
11598,15,SF3B1,-0.32,-0.11838970000000001,0
11599,15,ARHGEF10L,0.02,0.0104172,0
11600,15,NFATC2,0.2,0.1445043,0
11601,15,SDHD,0.28,0.15675280000000003,0
11602,15,PABPC1,-0.9199999999999999,-0.21618140000000005,0
11603,15,POLD1,-0.36999999999999994,-0.08504950000000001,0
11604,15,CALR,0.060000000000000005,0.0457119,0
11605,15,PIK3CB,0.39999999999999997,0.40437530000000005,0
11606,15,PPM1D,0.22000000000000003,0.1665965,0
11607,15,ATRX,0.9200000000000005,0.7697752,0
11608,15,DGCR8,0.17,0.11169700000000002,0
11609,15,DDX10,0.12000000000000001,0.0797391,0
11610,15,DROSHA,0.45000000000000007,0.3386527,0
11611,15,TNFRSF14,-0.12,-0.0451284,0
11612,15,BCL9L,0.13999999999999999,0.09713759999999999,0
11613,15,QKI,-0.060000000000000005,-0.0388021,0
11614,15,BAZ1A,0.01,0.0074781,0
11615,15,CHD4,0.18,0.1823033,0
11616,15,NSD3,0.07999999999999999,0.0735319,0
11617,15,NT5C2,0.16,0.0938563,0
11618,15,CCNB1IP1,0.07,0.026665599999999998,0
11619,15,PCBP1,-0.89,-0.27241839999999995,0
11620,15,RALGDS,0.13,0.0991805,0
11621,15,ARHGEF12,-0.05,-0.004755400000000007,0
11622,15,HSP90AB1,1.1000000000000003,0.7342811,0
11623,15,FOXO3,1.2600000000000005,0.8777697999999998,0
11624,15,HIP1,-0.01,-0.005531000000000001,0
11625,15,CDC73,-0.060000000000000005,0.023328099999999997,0
11626,15,NIN,0.010000000000000002,0.0067913,0
11627,15,MDM4,0.13000000000000003,0.17834930000000002,0
11628,15,COL3A1,0.15,0.13774269999999997,0
11629,15,CTNND1,0.04999999999999999,0.11071260000000001,0
11630,15,SPOP,-0.010000000000000007,0.017164599999999988,0
11631,15,TMEM127,0.08,0.0623782,0
11632,15,CREB3L2,0.09999999999999999,0.056691099999999994,0
11633,15,MSH2,0.9300000000000004,0.688565,0
11634,15,FNBP1,-0.019999999999999997,-0.0031398000000000016,0
11635,15,ATF1,0.039999999999999994,0.02293139999999999,0
11636,15,EIF1AX,-0.51,-0.223354,0
11637,15,PMS1,0.45000000000000007,0.35524259999999996,0
11638,15,DEK,0.07,0.07996630000000002,0
11639,15,ERBB2,0.9500000000000003,0.6406860000000001,0
11640,15,AKT1,0.8300000000000003,0.5434666999999997,0
11641,15,CHEK2,0.29,0.3504184,0
11642,15,SDHB,0.3799999999999999,0.24517309999999998,0
11643,15,NCOA1,0.45000000000000007,0.3179504000000001,0
11644,15,CHIC2,0.039999999999999994,0.021231599999999996,0
11645,15,RUNX1,0.5300000000000005,0.6724569,0
11646,15,STAT6,0.29000000000000004,0.2152857,0
11647,15,FH,-0.22,-0.0748417,0
11648,15,AKT3,1.0200000000000005,0.6995518000000002,0
11649,15,GNAS,0.24000000000000002,0.1723125,0
11650,15,CTNNB1,1.510000000000001,1.0322415999999994,0
11651,15,NONO,0.16,0.11189369999999998,0
11652,15,SMARCB1,0.9100000000000004,0.6995794,0
11653,15,PRKAR1A,0.13,0.11942269999999999,0
11654,15,ITGAV,0.00999999999999999,0.030056799999999998,0
11655,15,SS18,0.41000000000000003,0.2761705,0
11656,15,MAP2K1,1.1000000000000005,0.6855066000000002,0
11657,15,SIRPA,-0.02,-0.0086892,0
11658,15,PPFIBP1,0.39,0.2621653,0
11659,15,RPL22,-0.16999999999999996,0.07890110000000003,0
11660,15,CYLD,0.28,0.21940520000000002,0
11661,15,ARID1B,0.7,0.5179977,0
11662,15,SETDB1,0.32,0.22989210000000002,0
11663,15,AFDN,-0.49,-0.17887209999999998,0
11664,15,ZRSR2,0.26,0.1954005,0
11665,15,PBRM1,0.9600000000000004,0.7071085999999999,0
11666,15,XPC,0.5900000000000001,0.42166570000000003,0
11667,15,ASXL2,0.22,0.1484655,0
11668,15,TRIM24,-0.19999999999999998,-0.0784736,0
11669,15,SFPQ,-0.10999999999999999,0.010113800000000003,0
11670,15,NCOA2,0.55,0.39915769999999995,0
11671,15,FOXO4,0.39,0.2461047,0
11672,15,LEF1,0.16,0.12918440000000003,0
11673,15,B2M,-0.61,-0.22768310000000003,0
11674,15,DDIT3,-0.5,-0.1121702,0
11675,15,BCL6,0.6100000000000001,0.4393967,0
11676,15,KRAS,-1.5800000000000007,-0.4583173000000001,0
11677,15,FAT1,0.04000000000000001,0.048095399999999996,0
11678,15,ABL2,0.10000000000000002,0.0696015,0
11679,15,NF1,0.9200000000000004,0.7515037999999999,0
11680,15,BTG1,-0.03,-0.0147237,0
11681,15,EIF4A2,0.12,0.07982699999999998,0
11682,15,SET,0.17,0.14379670000000003,0
11683,15,EPS15,0.05,0.04650220000000001,0
11684,15,RNF213,0.04,0.0315033,0
11685,15,CTCF,0.9300000000000004,0.6658951000000001,0
11686,15,WDCP,0.12000000000000001,0.08161,0
11687,15,KAT7,0.11,0.0905291,0
11688,15,KDM5C,0.13999999999999999,0.147622,0
11689,15,TGFBR2,0.26999999999999996,0.195447,0
11690,15,ATM,1.3000000000000007,1.0772879999999994,0
11691,15,NUMA1,0.020000000000000004,0.021296299999999997,0
11692,15,STAT3,1.4600000000000009,1.1775861000000003,0
11693,15,SUB1,-0.27,-0.09710460000000001,0
11694,15,NUP98,0.09,0.10942100000000003,0
11695,15,ELL,-0.049999999999999975,0.0021864000000000154,0
11696,15,MAP3K1,0.36,0.29241870000000003,0
11697,15,MALT1,0.12000000000000002,0.1409309,0
11698,15,XPO1,0.3400000000000001,0.27775060000000007,0
11699,15,SETD1B,0.14,0.0984581,0
11700,15,ETV6,-0.18999999999999997,-0.06978699999999999,0
11701,15,TBL1XR1,0.21000000000000002,0.1438611,0
11702,15,NUP214,0.06,0.1362063,0
11703,15,TPR,0.07999999999999999,0.0941024,0
11704,15,ATIC,-0.00999999999999998,0.02773870000000001,0
11705,15,NACA,0.23,0.14773270000000002,0
11706,15,MYO5A,0.009999999999999998,0.0093809,0
11707,15,SMC1A,0.5700000000000002,0.5000064000000001,0
11708,15,LASP1,-0.21000000000000002,-0.1201982,0
11709,15,ERCC5,0.47,0.31924,0
11710,15,JUN,-0.14,0.10742979999999999,0
11711,15,THRAP3,0.1,0.08236260000000001,0
11712,15,STAG2,0.4,0.348414,0
11713,15,RAF1,1.0800000000000003,0.7713756999999999,0
11714,15,ERCC3,0.5099999999999999,0.4356230000000001,0
11715,15,SMAD2,0.4600000000000001,0.4707082,0
11716,15,TAF15,0.18000000000000002,0.1523198,0
11717,15,ARNT,0.29000000000000004,0.2524017,0
11718,15,CLTC,-0.5800000000000001,-0.3148519,0
11719,15,IKBKB,0.5500000000000003,0.45971950000000006,0
11720,15,IDH1,-0.7500000000000002,-0.2212309,0
11721,15,SND1,-0.019999999999999997,-0.0060461,0
11722,15,KNSTRN,0.03,0.0246303,0
11723,15,RHOA,-1.8600000000000003,-0.4868234,0
11724,15,PALB2,0.5299999999999999,0.46494660000000004,0
11725,15,ARID2,0.7300000000000002,0.5518746000000001,0
11726,15,EZR,-0.12000000000000001,-0.022499700000000004,0
11727,15,TP53,-0.9099999999999998,-0.02069339999999996,0
11728,15,ARAF,0.39,0.2191715,0
11729,15,KIF5B,0.41,0.29921670000000006,0
11730,15,KAT6A,0.16999999999999998,0.17782989999999999,0
11731,15,KTN1,-0.10999999999999999,-0.026953199999999997,0
11732,15,GOLGA5,-0.14,-0.0927143,0
11733,15,KDM5A,0.22,0.2111549,0
11734,15,RAD21,0.46,0.3726273,0
11735,15,GNAQ,0.15999999999999998,0.11520079999999999,0
11736,15,CAMTA1,0.0,0.0005017000000000008,0
11737,15,ERCC2,0.6200000000000001,0.4478230000000001,0
11738,15,EZH2,1.7800000000000011,1.1750798000000002,0
11739,15,TOP1,0.19,0.14854890000000004,0
11740,15,SRSF3,-0.3500000000000001,-0.1090063,0
11741,15,NPM1,1.0408340855860843e-17,0.15323190000000003,0
11742,15,BAX,-0.6100000000000001,-0.1575919,0
11743,15,NOTCH2,0.27,0.2180928,0
11744,15,TRAF7,0.04,0.0321484,0
11745,15,KDM6A,0.8500000000000003,0.7768742000000001,0
11746,15,SPEN,0.1,0.0765223,0
11747,15,TRIM27,-0.4,-0.1500785,0
11748,15,CRTC1,0.14,0.1112062,0
11749,15,EML4,0.3200000000000001,0.2548006,0
11750,15,USP9X,-0.030000000000000002,-0.018577500000000004,0
11751,15,PTPRK,0.01,0.0068641,0
11752,15,CD74,-0.13,-0.0009894000000000014,0
11753,15,CBL,0.5499999999999999,0.415797,0
11754,15,ZNF384,-0.049999999999999996,-0.0228013,0
11755,15,NOTCH1,1.0300000000000005,0.78569,0
11756,15,COX6C,-0.15000000000000002,-0.06093720000000001,0
11757,15,CHCHD7,0.03,0.02073,0
11758,15,HMGA1,-0.12,-0.0507259,0
11759,15,PTEN,1.340000000000001,1.1488226,0
11760,15,FIP1L1,-0.04000000000000001,-0.023766700000000005,0
11761,15,JAK1,0.8000000000000003,0.6381352,0
11762,15,ZMYM2,-0.07,-0.047852000000000006,0
11763,15,SUZ12,0.7600000000000002,0.5460982,0
11764,15,FUS,-0.16000000000000003,0.12415709999999999,0
11765,15,BAP1,-1.734723475976807e-18,0.03821840000000001,0
11766,15,ZCCHC8,-0.07,-0.020928600000000002,0
11767,15,CRNKL1,-0.03,-0.0186082,0
11768,15,RAD17,0.14,0.1036084,0
11769,15,ATP1A1,0.0,0.0021075000000000017,0
11770,15,DNMT3A,0.8900000000000006,0.6796122000000002,0
11771,15,FBXW7,1.0700000000000005,0.8577105,0
11772,15,WWTR1,-0.049999999999999996,-0.027715800000000002,0
11773,15,CDKN1B,0.5700000000000002,0.3456518000000001,0
11774,15,KMT2A,0.44000000000000017,0.38608799999999993,0
11775,15,PTPN11,0.9500000000000004,0.7084526,0
11776,15,STAT5B,0.6600000000000001,0.5199738,0
11777,15,CUX1,-0.1,-0.0679084,0
11778,15,ABI1,-0.37,-0.1304802,0
11779,15,BRCA1,1.7300000000000013,1.3838575000000002,0
11780,15,SH2B3,0.019999999999999997,0.018282800000000002,0
11781,15,AFF4,0.060000000000000005,0.0500449,0
11782,15,NF2,-0.030000000000000006,0.04921099999999999,0
11783,15,LMNA,0.05000000000000002,0.045840000000000006,0
11784,15,TSC2,0.6500000000000002,0.5152754,0
11785,15,GOLPH3,-0.12000000000000001,-0.0705196,0
11786,15,PCM1,-0.07,-0.0497639,0
11787,15,PPP2R1A,-0.5,-0.1779184,0
11788,15,ARID1A,1.8000000000000012,1.3379512,0
11789,15,ABL1,0.18,0.18394309999999997,0
11790,15,AFF1,0.18,0.1487383,0
11791,15,DAXX,-0.38999999999999996,-0.10621829999999999,0
11792,15,CBFB,0.12999999999999998,0.1081518,0
11793,15,CBLB,0.15000000000000002,0.1188089,0
11794,15,POLR2A,0.03,0.20890559999999997,0
11795,15,PRKACA,0.25999999999999995,0.20195380000000007,0
11796,15,DNM2,-0.11,-0.047608,0
11797,15,RAP1GDS1,-0.08,-0.0341848,0
11798,15,NCOR1,0.8700000000000002,0.7976887000000001,0
11799,15,NFKBIE,-0.31000000000000005,-0.1053829,0
11800,15,DDX3X,0.14000000000000004,0.136155,0
11801,15,ELK4,0.03,0.024730199999999997,0
11802,15,MLLT6,0.1,0.07855019999999999,0
11803,15,SRSF2,-1.44,-0.4114165,0
11804,15,CTNNA1,0.13,0.0939239,0
11805,15,RBM10,0.2,0.1387706,0
11806,15,PTPRC,0.13999999999999999,0.1307093,0
11807,15,HSP90AA1,1.0400000000000005,0.6910163,0
11808,16,NSD1,0.33,0.2929366,1
11809,16,DICER1,0.33000000000000007,0.3346601999999999,1
11810,16,BIRC6,0.09999999999999999,0.10301629999999999,1
11811,16,SDHC,0.43,0.32992520000000003,1
11812,16,TFG,0.17,0.1136158,1
11813,16,MAP2K2,0.25999999999999995,0.20470259999999998,1
11814,16,TFRC,-0.26,-0.09943540000000001,1
11815,16,CREB1,0.8400000000000004,0.7745778000000001,1
11816,16,POLG,0.0,0.0,1
11817,16,SETD2,0.6800000000000002,0.6387343999999998,1
11818,16,NAB2,-0.56,-0.15579490000000001,1
11819,16,HIF1A,1.660000000000001,1.3099568999999998,1
11820,16,FLCN,-0.029999999999999992,0.025287000000000004,1
11821,16,MAP2K4,0.07,0.1220483,1
11822,16,CNOT3,0.08,0.0751898,1
11823,16,CIITA,0.08,0.0507524,1
11824,16,LSM14A,0.16,0.1345461,1
11825,16,AKAP9,-0.11000000000000001,-0.009037899999999995,1
11826,16,MSN,-0.21999999999999997,-0.07408350000000001,1
11827,16,BCR,-0.1,0.0329219,1
11828,16,TRRAP,-0.1,0.19415420000000003,1
11829,16,PPP6C,-0.15,-0.06117070000000001,1
11830,16,NCOA4,-0.1,-0.015375799999999992,1
11831,16,BCL9,0.18000000000000002,0.1460224,1
11832,16,PRCC,0.05999999999999999,0.052500099999999994,1
11833,16,LARP4B,0.03,0.0228195,1
11834,16,CHD2,0.02,0.018286800000000002,1
11835,16,ASXL1,0.27,0.34847870000000003,1
11836,16,SMARCA4,2.0000000000000013,1.6009236999999998,1
11837,16,ERC1,-0.02,-0.0159148,1
11838,16,DCTN1,0.030000000000000006,0.04749819999999999,1
11839,16,PIK3R1,1.1500000000000006,0.9742724000000003,1
11840,16,EED,0.13999999999999999,0.0957876,1
11841,16,CNBP,0.01,0.0060154,1
11842,16,SGK1,0.5,0.3497381,1
11843,16,MLLT10,-0.21999999999999997,-0.13854519999999998,1
11844,16,BRD4,0.9400000000000004,0.8975952,1
11845,16,RANBP2,0.32999999999999996,0.3191754,1
11846,16,FBXO11,0.06,0.0514042,1
11847,16,PML,0.29999999999999993,0.21967230000000001,1
11848,16,AKT2,1.1400000000000006,0.8714754,1
11849,16,CEP89,0.05,0.0321303,1
11850,16,LZTR1,0.039999999999999994,0.09569269999999999,1
11851,16,YWHAE,0.27999999999999997,0.1885887,1
11852,16,DNAJB1,-0.09999999999999999,-0.030777099999999995,1
11853,16,PRDM2,0.06,0.05133760000000001,1
11854,16,TPM4,0.54,0.3896904,1
11855,16,CREBBP,2.0400000000000014,1.7276974000000003,1
11856,16,PMS2,0.73,0.6672156,1
11857,16,DDR2,0.03,0.021077300000000004,1
11858,16,FANCA,0.37000000000000005,0.3206882,1
11859,16,PDE4DIP,0.08,0.0636362,1
11860,16,USP8,-0.04,-0.016194199999999995,1
11861,16,MYH9,-0.3600000000000001,-0.0972972,1
11862,16,MYC,-1.1700000000000004,-0.2708882,1
11863,16,NBN,0.6100000000000001,0.5083934,1
11864,16,CCND3,-0.15000000000000005,-0.02839830000000001,1
11865,16,TRIP11,-0.08,-0.0625806,1
11866,16,CNTRL,-0.06,-0.0512514,1
11867,16,PIK3CA,1.230000000000001,1.1068613,1
11868,16,DDX5,0.4,0.3789120000000001,1
11869,16,PICALM,3.469446951953614e-18,0.0035061000000000016,1
11870,16,RARA,-0.06000000000000001,0.0601343,1
11871,16,DDX6,-0.009999999999999988,0.10708499999999999,1
11872,16,COL1A1,0.21,0.1845265,1
11873,16,VHL,0.24999999999999994,0.19646790000000003,1
11874,16,MAPK1,1.870000000000001,1.3853064,1
11875,16,SRC,0.22999999999999993,0.31561419999999996,1
11876,16,NFE2L2,0.39,0.27698140000000004,1
11877,16,MITF,-0.26,-0.0595816,1
11878,16,SMAD3,1.1700000000000008,1.1496463000000001,1
11879,16,RBM15,0.11000000000000001,0.09863849999999999,1
11880,16,ATR,0.7500000000000002,0.6371202999999999,1
11881,16,EPAS1,0.35000000000000003,0.37409479999999995,1
11882,16,TPM3,0.21,0.15950660000000003,1
11883,16,RPL10,0.11000000000000001,0.1220633,1
11884,16,STAG1,0.16,0.1687102,1
11885,16,SBDS,-0.06,-0.0214173,1
11886,16,KMT2D,1.0300000000000002,0.8505284,1
11887,16,MED12,0.35000000000000003,0.308007,1
11888,16,BCLAF1,-0.05,0.034046499999999986,1
11889,16,ASPSCR1,-0.010000000000000009,0.0012382999999999977,1
11890,16,CDK12,0.52,0.4377306,1
11891,16,EWSR1,0.19,0.28956010000000004,1
11892,16,NDRG1,-0.07,-0.0235186,1
11893,16,PSIP1,0.06999999999999998,0.06860769999999998,1
11894,16,TRIM33,0.12000000000000001,0.1053743,1
11895,16,MTOR,0.9300000000000002,0.8178640999999999,1
11896,16,ARHGAP35,0.15000000000000002,0.14632789999999998,1
11897,16,POT1,0.010000000000000002,0.017782900000000004,1
11898,16,EXT1,0.11,0.08614100000000001,1
11899,16,IL6ST,0.34,0.2924755,1
11900,16,IDH2,1.3877787807814457e-17,0.044142600000000004,1
11901,16,SMARCE1,0.4,0.26785230000000004,1
11902,16,CRTC3,0.09,0.0762036,1
11903,16,TSC1,0.33999999999999997,0.3347054,1
11904,16,BCOR,-0.09,0.013792599999999995,1
11905,16,SDHA,0.24000000000000002,0.2067003,1
11906,16,EP300,2.4,2.0931718,1
11907,16,HNRNPA2B1,0.44999999999999996,0.3228163,1
11908,16,CLIP1,-0.13999999999999999,-0.0818619,1
11909,16,PATZ1,-0.51,-0.14411220000000002,1
11910,16,FUBP1,-0.09999999999999999,0.0036463000000000016,1
11911,16,HLA-A,-0.10999999999999997,0.0122133,1
11912,16,CCNC,-0.27,-0.1158787,1
11913,16,RPN1,-0.19,-0.0669576,1
11914,16,TCF7L2,0.04999999999999999,0.10963379999999996,1
11915,16,CANT1,0.020000000000000004,0.017747500000000006,1
11916,16,RPL5,-0.63,-0.19928140000000003,1
11917,16,CCDC6,0.1,0.10380450000000001,1
11918,16,NCKIPSD,-0.060000000000000005,-0.0154411,1
11919,16,SMARCD1,0.46,0.37307480000000004,1
11920,16,BCL10,-0.04000000000000001,0.0452138,1
11921,16,MAX,0.06999999999999999,0.1000337,1
11922,16,HERPUD1,-0.02,-0.005602200000000001,1
11923,16,RAC1,0.07,0.1269208,1
11924,16,FLNA,0.19999999999999996,0.1345712,1
11925,16,TFE3,-0.7900000000000001,-0.2825843,1
11926,16,NCOR2,0.6400000000000001,0.5418113,1
11927,16,PRPF40B,0.030000000000000002,0.0241011,1
11928,16,BCL3,-0.1,-0.016808299999999998,1
11929,16,TFPT,-0.45,-0.11941879999999999,1
11930,16,MLH1,0.7300000000000002,0.7124055000000001,1
11931,16,ARHGAP5,0.09000000000000001,0.1055774,1
11932,16,CIC,0.0,0.0,1
11933,16,LYN,0.77,0.5999517,1
11934,16,TCF12,0.35000000000000003,0.2970393,1
11935,16,KLF6,0.05,0.034251500000000004,1
11936,16,KMT2C,0.9500000000000002,0.84347,1
11937,16,PIM1,-0.09,-0.004669899999999998,1
11938,16,CCND1,1.3000000000000007,0.8240581,1
11939,16,MLLT1,-1.52,-0.3754179,1
11940,16,MEN1,-0.18,-0.0684014,1
11941,16,CUL3,0.11000000000000003,0.1468651,1
11942,16,RB1,0.7200000000000002,0.5948613,1
11943,16,LPP,-0.19,-0.0318258,1
11944,16,BUB1B,-0.18,-0.055159599999999996,1
11945,16,SMAD4,1.550000000000001,1.3099612,1
11946,16,FGFR1,0.25999999999999995,0.2508979,1
11947,16,TMSB4X,0.04,0.0316348,1
11948,16,CDK4,0.9600000000000003,0.6884397999999999,1
11949,16,MSI2,0.01,0.0082282,1
11950,16,MSH6,0.9700000000000004,0.8777114999999999,1
11951,16,BRAF,1.3100000000000005,1.1824149000000004,1
11952,16,TCEA1,-0.13,-0.017305299999999996,1
11953,16,TNFAIP3,0.11,0.11436550000000001,1
11954,16,RABEP1,0.0,0.0013491999999999983,1
11955,16,GMPS,-0.08000000000000002,-0.04073750000000001,1
11956,16,MDM2,1.0300000000000007,0.8694181000000002,1
11957,16,NSD2,0.23,0.18650540000000002,1
11958,16,CASP8,-0.24999999999999997,0.07438149999999998,1
11959,16,PER1,-0.21000000000000002,-0.0842516,1
11960,16,UBR5,0.04,0.057884500000000005,1
11961,16,EIF3E,-0.03,0.03709090000000001,1
11962,16,RFWD3,0.02,0.022444600000000002,1
11963,16,BRD3,0.11,0.0851132,1
11964,16,PAFAH1B2,0.02,0.018209,1
11965,16,EXT2,0.0,0.012794100000000003,1
11966,16,PLCG1,0.36000000000000004,0.36832109999999996,1
11967,16,SF3B1,-0.55,-0.2490344,1
11968,16,ARHGEF10L,0.03,0.015561599999999998,1
11969,16,NFATC2,0.24000000000000002,0.18521230000000002,1
11970,16,SDHD,0.29000000000000004,0.2108132,1
11971,16,PABPC1,-0.9600000000000002,-0.25842080000000006,1
11972,16,POLD1,-0.37,-0.10218169999999997,1
11973,16,CALR,0.010000000000000005,0.0565971,1
11974,16,PIK3CB,0.6800000000000002,0.5786093,1
11975,16,PPM1D,0.30000000000000004,0.24343569999999998,1
11976,16,ATRX,1.1100000000000005,0.9835073,1
11977,16,DGCR8,0.19000000000000003,0.1552976,1
11978,16,DDX10,0.19,0.1500504,1
11979,16,DROSHA,0.55,0.44933460000000003,1
11980,16,TNFRSF14,-0.18,-0.0585018,1
11981,16,BCL9L,0.13999999999999999,0.1059116,1
11982,16,QKI,0.04,0.0316668,1
11983,16,BAZ1A,0.01,0.0078538,1
11984,16,CHD4,0.41000000000000003,0.37107500000000004,1
11985,16,NSD3,0.11,0.12087720000000002,1
11986,16,NT5C2,0.16,0.09176700000000002,1
11987,16,CCNB1IP1,0.15000000000000002,0.07332559999999999,1
11988,16,PCBP1,-1.1,-0.2809668,1
11989,16,RALGDS,-0.12000000000000001,0.016690699999999996,1
11990,16,ARHGEF12,-0.030000000000000013,0.026649599999999996,1
11991,16,HSP90AB1,1.0700000000000005,0.7505764999999999,1
11992,16,FOXO3,1.4500000000000008,1.1362627,1
11993,16,HIP1,-0.01,-0.005340000000000001,1
11994,16,CDC73,-0.01000000000000001,0.04362880000000001,1
11995,16,NIN,-0.009999999999999998,-0.007724100000000005,1
11996,16,MDM4,0.12,0.1786233,1
11997,16,COL3A1,0.23,0.1917636,1
11998,16,CTNND1,0.12,0.15816570000000002,1
11999,16,SPOP,0.11000000000000001,0.1147038,1
12000,16,TMEM127,0.019999999999999997,0.015004899999999998,1
12001,16,CREB3L2,0.11,0.0723179,1
12002,16,MSH2,0.9500000000000004,0.8616734,1
12003,16,FNBP1,0.04,0.04201339999999999,1
12004,16,ATF1,0.15000000000000002,0.1069792,1
12005,16,EIF1AX,-0.6000000000000001,-0.22905230000000001,1
12006,16,PMS1,0.48999999999999994,0.39761979999999997,1
12007,16,DEK,0.18,0.1487033,1
12008,16,ERBB2,0.8700000000000003,0.5603429,1
12009,16,AKT1,0.8100000000000003,0.5324652999999998,1
12010,16,CHEK2,0.6800000000000002,0.6488655999999999,1
12011,16,SDHB,0.42000000000000004,0.31591449999999993,1
12012,16,NCOA1,0.4,0.33965490000000004,1
12013,16,CHIC2,0.07,0.0467313,1
12014,16,RUNX1,0.17999999999999994,0.6348102999999999,1
12015,16,STAT6,0.39999999999999997,0.3552872,1
12016,16,FH,-0.03,0.02657220000000001,1
12017,16,AKT3,1.1200000000000006,0.8462670999999999,1
12018,16,GNAS,0.39,0.2880994,1
12019,16,CTNNB1,1.3700000000000008,1.0116647,1
12020,16,NONO,0.30000000000000004,0.27500670000000005,1
12021,16,SMARCB1,0.9700000000000002,0.8106343,1
12022,16,PRKAR1A,0.21,0.2091542,1
12023,16,ITGAV,-0.04,0.0380916,1
12024,16,SS18,0.39,0.28247370000000005,1
12025,16,MAP2K1,1.0700000000000003,0.6717214000000002,1
12026,16,SIRPA,-0.06,-0.014105000000000003,1
12027,16,PPFIBP1,0.42,0.31573179999999995,1
12028,16,RPL22,-0.18000000000000005,0.09859249999999999,1
12029,16,CYLD,0.31000000000000005,0.2554111,1
12030,16,ARID1B,0.8200000000000001,0.6573692,1
12031,16,SETDB1,0.32,0.2343444,1
12032,16,AFDN,-0.51,-0.1453809,1
12033,16,ZRSR2,-0.13,-0.0900029,1
12034,16,PBRM1,0.9900000000000004,0.7780444999999998,1
12035,16,XPC,0.43,0.2862071,1
12036,16,ASXL2,0.28,0.2139491,1
12037,16,TRIM24,-0.15,0.007605699999999984,1
12038,16,SFPQ,-0.52,-0.1661098,1
12039,16,NCOA2,0.6000000000000001,0.5157807000000001,1
12040,16,FOXO4,0.39,0.24324889999999996,1
12041,16,LEF1,0.19,0.17908150000000003,1
12042,16,B2M,-0.3500000000000001,-0.14945080000000002,1
12043,16,DDIT3,-0.32999999999999996,-0.11132709999999998,1
12044,16,BCL6,0.30000000000000004,0.2696069,1
12045,16,KRAS,-0.33999999999999997,0.03679059999999999,1
12046,16,FAT1,0.13,0.1020675,1
12047,16,ABL2,0.08,0.07186569999999999,1
12048,16,NF1,1.3200000000000007,1.1217424,1
12049,16,BTG1,-0.06,-0.025898400000000002,1
12050,16,EIF4A2,0.05,0.027978199999999998,1
12051,16,SET,0.18,0.1469487,1
12052,16,EPS15,0.09,0.08036290000000001,1
12053,16,RNF213,0.05,0.043364299999999995,1
12054,16,CTCF,1.1000000000000005,0.7900131000000001,1
12055,16,WDCP,0.18999999999999997,0.11763100000000004,1
12056,16,KAT7,0.18,0.1532023,1
12057,16,KDM5C,0.18000000000000002,0.17991420000000002,1
12058,16,TGFBR2,0.14999999999999997,0.1629726,1
12059,16,ATM,1.310000000000001,1.2339003000000002,1
12060,16,NUMA1,0.020000000000000004,0.030427,1
12061,16,STAT3,0.8700000000000004,0.8425164999999999,1
12062,16,SUB1,-0.09,-0.0400814,1
12063,16,NUP98,0.25999999999999995,0.2577057,1
12064,16,ELL,0.040000000000000015,0.021852500000000014,1
12065,16,MAP3K1,0.2899999999999999,0.2687169,1
12066,16,MALT1,0.05,0.10818560000000002,1
12067,16,XPO1,0.6100000000000002,0.5050574,1
12068,16,SETD1B,0.28,0.23347550000000003,1
12069,16,ETV6,-0.14,-0.044738500000000014,1
12070,16,TBL1XR1,0.24,0.17871759999999998,1
12071,16,NUP214,-0.20999999999999994,0.12012450000000001,1
12072,16,TPR,0.14,0.1274801,1
12073,16,ATIC,0.17,0.16872850000000003,1
12074,16,NACA,0.22999999999999998,0.15112730000000002,1
12075,16,MYO5A,0.03,0.022876399999999998,1
12076,16,SMC1A,0.23000000000000004,0.40420540000000005,1
12077,16,LASP1,-0.22,-0.1174081,1
12078,16,ERCC5,0.42000000000000004,0.26199490000000003,1
12079,16,JUN,-0.99,-0.18702100000000005,1
12080,16,THRAP3,0.09,0.07197509999999999,1
12081,16,STAG2,0.06999999999999997,0.1978468,1
12082,16,RAF1,0.8400000000000003,0.6551336000000001,1
12083,16,ERCC3,0.54,0.4734969,1
12084,16,SMAD2,0.41000000000000025,0.5086246000000001,1
12085,16,TAF15,0.21000000000000002,0.17731410000000003,1
12086,16,ARNT,0.31000000000000005,0.2750722,1
12087,16,CLTC,-0.61,-0.26965160000000005,1
12088,16,IKBKB,0.35,0.4307569999999999,1
12089,16,IDH1,-0.54,-0.18114180000000005,1
12090,16,SND1,6.938893903907228e-18,0.016945300000000003,1
12091,16,KNSTRN,0.02,0.015163800000000002,1
12092,16,RHOA,-3.3100000000000005,-0.7514028,1
12093,16,PALB2,0.6600000000000001,0.5847671999999999,1
12094,16,ARID2,0.8400000000000001,0.6822057,1
12095,16,EZR,-0.16999999999999998,-0.059565799999999995,1
12096,16,TP53,-0.05999999999999997,0.3533613999999999,1
12097,16,ARAF,0.42,0.2466711,1
12098,16,KIF5B,0.5500000000000002,0.4247035,1
12099,16,KAT6A,0.18000000000000002,0.22304780000000002,1
12100,16,KTN1,-0.12000000000000001,-0.010271200000000005,1
12101,16,GOLGA5,-0.07,-0.05322,1
12102,16,KDM5A,0.31000000000000005,0.2951112,1
12103,16,RAD21,0.6,0.5194341,1
12104,16,GNAQ,0.26999999999999996,0.22772039999999996,1
12105,16,CAMTA1,0.06,0.0430132,1
12106,16,ERCC2,0.63,0.5026745,1
12107,16,EZH2,1.350000000000001,1.1211359999999997,1
12108,16,TOP1,0.23,0.20243479999999997,1
12109,16,SRSF3,-0.27,-0.0660337,1
12110,16,NPM1,0.06999999999999998,0.14107050000000002,1
12111,16,BAX,-0.88,-0.18252089999999999,1
12112,16,NOTCH2,0.29000000000000004,0.25005279999999996,1
12113,16,TRAF7,0.02,0.014348399999999999,1
12114,16,KDM6A,0.8800000000000002,0.9123204000000001,1
12115,16,SPEN,0.13,0.1057946,1
12116,16,TRIM27,-0.56,-0.17581660000000002,1
12117,16,CRTC1,0.13,0.10411129999999999,1
12118,16,EML4,0.30000000000000004,0.3274949000000001,1
12119,16,USP9X,0.02,0.0145408,1
12120,16,PTPRK,0.0,0.0,1
12121,16,CD74,-0.2,-0.023019900000000003,1
12122,16,CBL,0.6500000000000001,0.5722034000000001,1
12123,16,ZNF384,0.04,0.032263799999999995,1
12124,16,NOTCH1,1.0700000000000005,0.7956648999999997,1
12125,16,COX6C,-0.24,-0.056451600000000005,1
12126,16,CHCHD7,0.03,0.0196965,1
12127,16,HMGA1,-0.060000000000000005,-0.024796100000000005,1
12128,16,PTEN,1.1700000000000006,1.1596142999999997,1
12129,16,FIP1L1,-0.06,-0.017884299999999995,1
12130,16,JAK1,0.8500000000000003,0.7294274999999998,1
12131,16,ZMYM2,0.0,0.0009528999999999978,1
12132,16,SUZ12,0.8600000000000002,0.6916155999999998,1
12133,16,FUS,-0.5,-0.008306299999999983,1
12134,16,BAP1,-0.39999999999999997,-0.17380280000000004,1
12135,16,ZCCHC8,-0.05,-0.017073500000000002,1
12136,16,CRNKL1,0.04,0.0320296,1
12137,16,RAD17,0.2,0.15381690000000003,1
12138,16,ATP1A1,-0.01,-0.0028122000000000017,1
12139,16,DNMT3A,0.9500000000000006,0.8229207000000001,1
12140,16,FBXW7,1.0400000000000005,0.8971229000000001,1
12141,16,WWTR1,-0.08,-0.027364400000000007,1
12142,16,CDKN1B,0.4800000000000001,0.3497059,1
12143,16,KMT2A,0.3999999999999999,0.4368849000000001,1
12144,16,PTPN11,1.1400000000000008,0.9735702999999999,1
12145,16,STAT5B,0.7300000000000002,0.6158925000000001,1
12146,16,CUX1,-0.07,-0.0456433,1
12147,16,ABI1,-0.25,-0.07094190000000002,1
12148,16,BRCA1,1.6800000000000013,1.4354037999999996,1
12149,16,SH2B3,0.08,0.050109600000000004,1
12150,16,AFF4,-0.15999999999999998,-0.08796110000000001,1
12151,16,NF2,0.15999999999999998,0.1605903,1
12152,16,LMNA,0.010000000000000007,0.02109650000000001,1
12153,16,TSC2,0.8000000000000003,0.6714863999999999,1
12154,16,GOLPH3,-0.07,-0.050763300000000004,1
12155,16,PCM1,-0.05,-0.0403537,1
12156,16,PPP2R1A,-0.27999999999999997,-0.08832119999999999,1
12157,16,ARID1A,1.9400000000000013,1.6051,1
12158,16,ABL1,-0.23999999999999994,0.020191799999999926,1
12159,16,AFF1,0.019999999999999997,0.0489668,1
12160,16,DAXX,-0.4799999999999999,-0.14865509999999998,1
12161,16,CBFB,0.030000000000000006,0.11491699999999998,1
12162,16,CBLB,0.17,0.14955190000000002,1
12163,16,POLR2A,-0.32999999999999996,0.09219639999999997,1
12164,16,PRKACA,0.12000000000000008,0.2504885,1
12165,16,DNM2,-0.11000000000000001,-0.0364458,1
12166,16,RAP1GDS1,0.0,0.03799000000000002,1
12167,16,NCOR1,1.0900000000000003,1.0145927,1
12168,16,NFKBIE,-0.54,-0.1412887,1
12169,16,DDX3X,0.28,0.26417999999999997,1
12170,16,ELK4,0.02,0.017231,1
12171,16,MLLT6,-0.009999999999999995,0.010454100000000001,1
12172,16,SRSF2,-3.2899999999999996,-0.7294351,1
12173,16,CTNNA1,0.16,0.1282562,1
12174,16,RBM10,0.1,0.07988709999999997,1
12175,16,PTPRC,0.030000000000000006,0.11118360000000002,1
12176,16,HSP90AA1,0.9000000000000004,0.6479788000000004,1
12177,16,NSD1,0.24,0.2047031,0
12178,16,DICER1,0.32,0.28615670000000004,0
12179,16,BIRC6,0.1,0.0937676,0
12180,16,SDHC,0.33000000000000007,0.2152846,0
12181,16,TFG,0.28,0.15849180000000002,0
12182,16,MAP2K2,0.32,0.2270312,0
12183,16,TFRC,-0.31,-0.1409829,0
12184,16,CREB1,0.8900000000000005,0.6740122,0
12185,16,POLG,0.01,0.0035128,0
12186,16,SETD2,0.7700000000000002,0.6467681,0
12187,16,NAB2,-0.31,-0.1043442,0
12188,16,HIF1A,1.590000000000001,1.1242254999999994,0
12189,16,FLCN,0.04,0.043629,0
12190,16,MAP2K4,0.10000000000000002,0.12129539999999998,0
12191,16,CNOT3,0.030000000000000002,0.026330799999999994,0
12192,16,CIITA,0.1,0.06770050000000001,0
12193,16,LSM14A,0.09,0.0800523,0
12194,16,AKAP9,-0.07999999999999999,-0.021459699999999998,0
12195,16,MSN,-0.45000000000000007,-0.11754300000000002,0
12196,16,BCR,8.673617379884035e-18,0.03142060000000001,0
12197,16,TRRAP,0.029999999999999943,0.1269617,0
12198,16,PPP6C,-0.17,-0.08232210000000001,0
12199,16,NCOA4,-0.18000000000000002,-0.0952277,0
12200,16,BCL9,0.16,0.11802789999999999,0
12201,16,PRCC,0.08,0.0552197,0
12202,16,LARP4B,0.01,0.0059492,0
12203,16,CHD2,0.01,0.0079813,0
12204,16,ASXL1,0.43000000000000005,0.43409970000000003,0
12205,16,SMARCA4,1.4000000000000008,1.0643215000000001,0
12206,16,ERC1,-0.019999999999999997,-0.014313999999999999,0
12207,16,DCTN1,-0.14,-0.0456766,0
12208,16,PIK3R1,1.3600000000000008,0.9689959999999999,0
12209,16,EED,0.060000000000000005,0.057149300000000014,0
12210,16,CNBP,0.0,0.0,0
12211,16,SGK1,0.3,0.1718582,0
12212,16,MLLT10,-0.1,-0.03998869999999999,0
12213,16,BRD4,1.0100000000000005,0.7809330000000001,0
12214,16,RANBP2,0.15999999999999998,0.217401,0
12215,16,FBXO11,0.07,0.05724370000000001,0
12216,16,PML,0.33999999999999997,0.2551122,0
12217,16,AKT2,0.9600000000000003,0.6693795,0
12218,16,CEP89,0.07,0.0421231,0
12219,16,LZTR1,0.039999999999999994,0.06952,0
12220,16,YWHAE,0.3,0.1926674,0
12221,16,DNAJB1,-0.05,-0.009688899999999999,0
12222,16,PRDM2,0.01,0.007433200000000001,0
12223,16,TPM4,0.45,0.2777697,0
12224,16,CREBBP,1.8600000000000014,1.5334461,0
12225,16,PMS2,0.5100000000000001,0.4858657,0
12226,16,DDR2,0.060000000000000005,0.0398503,0
12227,16,FANCA,0.37000000000000005,0.29701160000000004,0
12228,16,PDE4DIP,0.05,0.033201,0
12229,16,USP8,-0.08,-0.038909,0
12230,16,MYH9,-0.38,-0.10122760000000001,0
12231,16,MYC,-0.54,-0.15473150000000005,0
12232,16,NBN,0.5700000000000001,0.43686620000000004,0
12233,16,CCND3,-0.11000000000000003,0.006040700000000001,0
12234,16,TRIP11,-0.13,-0.07965209999999999,0
12235,16,CNTRL,-0.06,-0.04143290000000001,0
12236,16,PIK3CA,1.3600000000000005,0.9771062999999999,0
12237,16,DDX5,0.30000000000000004,0.2626566999999999,0
12238,16,PICALM,0.010000000000000002,0.0105622,0
12239,16,RARA,0.33999999999999997,0.26615320000000003,0
12240,16,DDX6,-0.05000000000000002,0.056587700000000005,0
12241,16,COL1A1,0.09,0.1154946,0
12242,16,VHL,0.21000000000000002,0.15843,0
12243,16,MAPK1,1.5000000000000007,0.9386744000000001,0
12244,16,SRC,-0.2599999999999999,0.12446170000000002,0
12245,16,NFE2L2,0.30999999999999994,0.19411869999999998,0
12246,16,MITF,-0.28,-0.041179900000000005,0
12247,16,SMAD3,1.2100000000000009,0.9339761000000001,0
12248,16,RBM15,0.05,0.0498051,0
12249,16,ATR,0.7400000000000003,0.6228686000000001,0
12250,16,EPAS1,0.42,0.3770128,0
12251,16,TPM3,0.19,0.1338265,0
12252,16,RPL10,0.13,0.1043682,0
12253,16,STAG1,0.18,0.1672208,0
12254,16,SBDS,-0.03,-0.0123992,0
12255,16,KMT2D,0.9800000000000004,0.736384,0
12256,16,MED12,0.34,0.2754038999999999,0
12257,16,BCLAF1,-0.07,0.012410899999999996,0
12258,16,ASPSCR1,0.039999999999999994,0.0311665,0
12259,16,CDK12,0.33999999999999997,0.2503054,0
12260,16,EWSR1,0.45999999999999985,0.37783029999999995,0
12261,16,NDRG1,-0.06999999999999999,-0.0201041,0
12262,16,PSIP1,-0.19999999999999998,-0.0961694,0
12263,16,TRIM33,0.06,0.060118700000000004,0
12264,16,MTOR,1.1100000000000003,0.8215165,0
12265,16,ARHGAP35,0.09999999999999999,0.134126,0
12266,16,POT1,-0.030000000000000006,0.007844,0
12267,16,EXT1,0.11,0.0707289,0
12268,16,IL6ST,0.3,0.2339776,0
12269,16,IDH2,0.18,0.1314063,0
12270,16,SMARCE1,0.41000000000000003,0.2463016,0
12271,16,CRTC3,0.08,0.06548430000000001,0
12272,16,TSC1,0.28,0.2794997,0
12273,16,BCOR,-0.19999999999999998,-0.017305199999999993,0
12274,16,SDHA,0.25,0.1478133,0
12275,16,EP300,1.5700000000000012,1.3473411000000006,0
12276,16,HNRNPA2B1,0.17,0.1541728,0
12277,16,CLIP1,-0.07999999999999999,-0.042066099999999995,0
12278,16,PATZ1,-0.43000000000000005,-0.11838589999999999,0
12279,16,FUBP1,-0.19,-0.027517399999999997,0
12280,16,HLA-A,-0.11,0.013940699999999993,0
12281,16,CCNC,-0.05,-0.017728800000000003,0
12282,16,RPN1,-0.21000000000000002,-0.06870949999999999,0
12283,16,TCF7L2,0.10999999999999997,0.1358708,0
12284,16,CANT1,0.05,0.03801089999999999,0
12285,16,RPL5,-0.5899999999999999,-0.186626,0
12286,16,CCDC6,0.04999999999999999,0.0698029,0
12287,16,NCKIPSD,0.04,0.022885,0
12288,16,SMARCD1,0.43,0.2845385,0
12289,16,BCL10,1.3877787807814457e-17,0.032921900000000004,0
12290,16,MAX,-0.010000000000000007,0.019873199999999997,0
12291,16,HERPUD1,0.0,0.0,0
12292,16,RAC1,0.009999999999999983,0.08394330000000001,0
12293,16,FLNA,0.06,0.0625803,0
12294,16,TFE3,-0.45000000000000007,-0.1792715,0
12295,16,NCOR2,0.7500000000000002,0.5510549,0
12296,16,PRPF40B,0.009999999999999998,0.009458100000000002,0
12297,16,BCL3,-0.019999999999999997,0.005039199999999995,0
12298,16,TFPT,-0.23,-0.0824689,0
12299,16,MLH1,0.77,0.6605069,0
12300,16,ARHGAP5,0.14,0.1190734,0
12301,16,CIC,0.0,0.0,0
12302,16,LYN,0.8700000000000001,0.6033296,0
12303,16,TCF12,0.33,0.24894349999999998,0
12304,16,KLF6,0.05,0.026712800000000002,0
12305,16,KMT2C,0.9500000000000002,0.7750667,0
12306,16,PIM1,-0.14,-0.0435608,0
12307,16,CCND1,1.0900000000000007,0.6895399000000002,0
12308,16,MLLT1,-1.08,-0.2997288999999999,0
12309,16,MEN1,-0.04000000000000001,0.026718399999999996,0
12310,16,CUL3,0.17,0.1620589,0
12311,16,RB1,0.6100000000000001,0.4658320999999999,0
12312,16,LPP,-0.06,-0.0181587,0
12313,16,BUB1B,-0.17,-0.08274,0
12314,16,SMAD4,1.4800000000000009,1.1268683,0
12315,16,FGFR1,0.25,0.1550931,0
12316,16,TMSB4X,0.04,0.0310188,0
12317,16,CDK4,0.48,0.33634619999999993,0
12318,16,MSI2,0.01,0.0075227,0
12319,16,MSH6,0.9300000000000004,0.7102319,0
12320,16,BRAF,0.9900000000000005,0.8801746000000001,0
12321,16,TCEA1,-0.029999999999999992,0.012123500000000002,0
12322,16,TNFAIP3,0.10000000000000002,0.1037573,0
12323,16,RABEP1,0.010000000000000002,0.006155899999999999,0
12324,16,GMPS,-0.07,-0.0386896,0
12325,16,MDM2,1.1600000000000006,0.7948253000000002,0
12326,16,NSD2,0.17,0.1153203,0
12327,16,CASP8,-0.08000000000000004,0.16955830000000002,0
12328,16,PER1,-0.24,-0.05314499999999999,0
12329,16,UBR5,-0.029999999999999992,0.005281300000000004,0
12330,16,EIF3E,-0.05000000000000002,0.053769,0
12331,16,RFWD3,0.04,0.0363066,0
12332,16,BRD3,0.14,0.1066487,0
12333,16,PAFAH1B2,0.02,0.0152924,0
12334,16,EXT2,0.0,0.0053228999999999915,0
12335,16,PLCG1,0.52,0.3651637,0
12336,16,SF3B1,-0.37,-0.1460563,0
12337,16,ARHGEF10L,0.03,0.016191900000000002,0
12338,16,NFATC2,0.21,0.1475471,0
12339,16,SDHD,0.30000000000000004,0.16917,0
12340,16,PABPC1,-0.77,-0.18662589999999998,0
12341,16,POLD1,-0.46,-0.09013849999999998,0
12342,16,CALR,-0.020000000000000004,-0.000549199999999998,0
12343,16,PIK3CB,0.42,0.40306910000000007,0
12344,16,PPM1D,0.23,0.1715152,0
12345,16,ATRX,1.0100000000000005,0.8226225000000001,0
12346,16,DGCR8,0.15000000000000002,0.09428350000000002,0
12347,16,DDX10,0.11000000000000001,0.07239129999999999,0
12348,16,DROSHA,0.45000000000000007,0.3313894,0
12349,16,TNFRSF14,-0.1,-0.039432,0
12350,16,BCL9L,0.13999999999999999,0.0932578,0
12351,16,QKI,-0.06999999999999999,-0.04357509999999999,0
12352,16,BAZ1A,0.02,0.0148982,0
12353,16,CHD4,0.2,0.18449530000000003,0
12354,16,NSD3,0.09,0.0837106,0
12355,16,NT5C2,0.16,0.09396099999999999,0
12356,16,CCNB1IP1,0.11,0.0478395,0
12357,16,PCBP1,-0.7999999999999999,-0.22539529999999994,0
12358,16,RALGDS,0.12,0.08623800000000001,0
12359,16,ARHGEF12,-0.05000000000000001,-0.0033583000000000033,0
12360,16,HSP90AB1,1.1000000000000003,0.7217825,0
12361,16,FOXO3,1.3000000000000007,0.9105334,0
12362,16,HIP1,-0.01,-0.0064603,0
12363,16,CDC73,-0.12000000000000001,0.004956200000000009,0
12364,16,NIN,0.03,0.020589400000000004,0
12365,16,MDM4,0.09000000000000001,0.1549071,0
12366,16,COL3A1,0.17,0.15748489999999998,0
12367,16,CTNND1,0.059999999999999984,0.10758440000000002,0
12368,16,SPOP,-0.020000000000000004,0.010223,0
12369,16,TMEM127,0.009999999999999995,0.03148639999999999,0
12370,16,CREB3L2,0.03999999999999999,0.0272498,0
12371,16,MSH2,0.8900000000000003,0.6624361999999998,0
12372,16,FNBP1,-0.019999999999999997,-0.0051491,0
12373,16,ATF1,0.060000000000000005,0.0346069,0
12374,16,EIF1AX,-0.53,-0.23078150000000003,0
12375,16,PMS1,0.43,0.3305137,0
12376,16,DEK,0.05000000000000002,0.07677990000000001,0
12377,16,ERBB2,0.9000000000000004,0.5848752999999999,0
12378,16,AKT1,0.7300000000000002,0.4965415999999998,0
12379,16,CHEK2,0.20999999999999994,0.3117109,0
12380,16,SDHB,0.3899999999999999,0.24441259999999998,0
12381,16,NCOA1,0.47,0.32519729999999997,0
12382,16,CHIC2,0.05,0.02779940000000001,0
12383,16,RUNX1,0.43999999999999995,0.6126647,0
12384,16,STAT6,0.28,0.1990831,0
12385,16,FH,-0.25,-0.08206600000000003,0
12386,16,AKT3,0.9600000000000004,0.6612302000000002,0
12387,16,GNAS,0.23999999999999996,0.1634542,0
12388,16,CTNNB1,1.2900000000000007,0.8957836000000003,0
12389,16,NONO,0.20999999999999996,0.1413501,0
12390,16,SMARCB1,0.9500000000000004,0.7170993000000001,0
12391,16,PRKAR1A,0.09999999999999999,0.10268580000000001,0
12392,16,ITGAV,0.029999999999999995,0.03796300000000001,0
12393,16,SS18,0.41000000000000003,0.268703,0
12394,16,MAP2K1,1.0500000000000005,0.6331627999999998,0
12395,16,SIRPA,-0.01,-0.002336200000000001,0
12396,16,PPFIBP1,0.38,0.24933620000000004,0
12397,16,RPL22,-0.21,0.0618727,0
12398,16,CYLD,0.30000000000000004,0.23304560000000002,0
12399,16,ARID1B,0.71,0.5311062,0
12400,16,SETDB1,0.32,0.22642210000000002,0
12401,16,AFDN,-0.43999999999999995,-0.158824,0
12402,16,ZRSR2,0.28,0.20082690000000006,0
12403,16,PBRM1,0.9800000000000004,0.7167586,0
12404,16,XPC,0.6000000000000001,0.41263890000000003,0
12405,16,ASXL2,0.24,0.1596722,0
12406,16,TRIM24,-0.24,-0.07869880000000001,0
12407,16,SFPQ,-0.17,-0.037453299999999995,0
12408,16,NCOA2,0.5700000000000001,0.40212780000000004,0
12409,16,FOXO4,0.49,0.3153363,0
12410,16,LEF1,0.020000000000000007,0.05676290000000001,0
12411,16,B2M,-0.4900000000000001,-0.19042250000000005,0
12412,16,DDIT3,-0.4600000000000001,-0.1076667,0
12413,16,BCL6,0.5100000000000001,0.3591894,0
12414,16,KRAS,-1.5800000000000003,-0.4011753999999999,0
12415,16,FAT1,0.06000000000000001,0.0550976,0
12416,16,ABL2,0.10000000000000002,0.0703746,0
12417,16,NF1,1.0000000000000004,0.8043036000000001,0
12418,16,BTG1,-0.02,-0.010283800000000001,0
12419,16,EIF4A2,0.13,0.0884577,0
12420,16,SET,0.15000000000000002,0.1300666,0
12421,16,EPS15,0.03,0.032027299999999995,0
12422,16,RNF213,0.04,0.0311758,0
12423,16,CTCF,0.8600000000000003,0.6165556999999999,0
12424,16,WDCP,0.09000000000000002,0.06545650000000001,0
12425,16,KAT7,0.12999999999999998,0.10277400000000002,0
12426,16,KDM5C,0.17,0.1613062,0
12427,16,TGFBR2,0.20999999999999994,0.1664156,0
12428,16,ATM,1.0900000000000007,0.9426394000000005,0
12429,16,NUMA1,1.734723475976807e-18,0.010440400000000002,0
12430,16,STAT3,1.2800000000000007,1.0347432999999997,0
12431,16,SUB1,-0.22999999999999998,-0.0834287,0
12432,16,NUP98,0.1,0.1199021,0
12433,16,ELL,-0.10000000000000002,-0.015108800000000014,0
12434,16,MAP3K1,0.3299999999999999,0.2775484,0
12435,16,MALT1,0.14,0.14704630000000002,0
12436,16,XPO1,0.37,0.3041452,0
12437,16,SETD1B,0.16,0.1150756,0
12438,16,ETV6,-0.22,-0.07897819999999998,0
12439,16,TBL1XR1,0.19,0.12197870000000001,0
12440,16,NUP214,0.07000000000000002,0.15004409999999999,0
12441,16,TPR,0.07999999999999999,0.10878279999999997,0
12442,16,ATIC,-0.02000000000000001,0.022311599999999997,0
12443,16,NACA,0.21000000000000002,0.1286883,0
12444,16,MYO5A,0.03,0.0226086,0
12445,16,SMC1A,0.5200000000000001,0.4487744,0
12446,16,LASP1,-0.2,-0.1145536,0
12447,16,ERCC5,0.44,0.2906855,0
12448,16,JUN,-0.24,0.09026809999999993,0
12449,16,THRAP3,0.09999999999999999,0.0797068,0
12450,16,STAG2,0.55,0.4240368,0
12451,16,RAF1,1.0600000000000005,0.7505673999999999,0
12452,16,ERCC3,0.47000000000000003,0.38892519999999997,0
12453,16,SMAD2,0.4600000000000002,0.46755220000000003,0
12454,16,TAF15,0.12000000000000001,0.1158205,0
12455,16,ARNT,0.33999999999999997,0.2825059,0
12456,16,CLTC,-0.54,-0.2991898,0
12457,16,IKBKB,0.5900000000000003,0.4771463,0
12458,16,IDH1,-0.6900000000000002,-0.21106770000000002,0
12459,16,SND1,-0.04,-0.0185786,0
12460,16,KNSTRN,0.03,0.024661199999999998,0
12461,16,RHOA,-1.6500000000000006,-0.4140855000000001,0
12462,16,PALB2,0.51,0.45396890000000006,0
12463,16,ARID2,0.7300000000000002,0.5476302000000001,0
12464,16,EZR,-0.13,-0.024192100000000032,0
12465,16,TP53,-0.42999999999999994,0.1817248,0
12466,16,ARAF,0.39,0.2155158,0
12467,16,KIF5B,0.44,0.3136885000000001,0
12468,16,KAT6A,0.15999999999999998,0.1767989,0
12469,16,KTN1,-0.09999999999999999,-0.029498099999999996,0
12470,16,GOLGA5,-0.12000000000000001,-0.07621539999999999,0
12471,16,KDM5A,0.26,0.23692209999999997,0
12472,16,RAD21,0.43000000000000005,0.334124,0
12473,16,GNAQ,0.13000000000000003,0.09027270000000001,0
12474,16,CAMTA1,0.01,0.006934800000000001,0
12475,16,ERCC2,0.59,0.4229628000000001,0
12476,16,EZH2,1.730000000000001,1.1313663999999999,0
12477,16,TOP1,0.11000000000000003,0.0872117,0
12478,16,SRSF3,-0.5,-0.14859789999999998,0
12479,16,NPM1,0.15,0.2309027,0
12480,16,BAX,-0.5399999999999999,-0.14551820000000001,0
12481,16,NOTCH2,0.27999999999999997,0.221751,0
12482,16,TRAF7,0.04,0.030557599999999997,0
12483,16,KDM6A,0.9600000000000004,0.8360776999999997,0
12484,16,SPEN,0.11,0.0832462,0
12485,16,TRIM27,-0.45000000000000007,-0.1568352,0
12486,16,CRTC1,0.15000000000000002,0.1184587,0
12487,16,EML4,0.26,0.21804629999999997,0
12488,16,USP9X,-0.05,-0.028377700000000002,0
12489,16,PTPRK,0.01,0.0067096000000000005,0
12490,16,CD74,-0.14,-0.008789100000000008,0
12491,16,CBL,0.58,0.41650610000000005,0
12492,16,ZNF384,-0.07,-0.0324042,0
12493,16,NOTCH1,0.9800000000000004,0.7039599000000001,0
12494,16,COX6C,-0.12,-0.0513444,0
12495,16,CHCHD7,0.02,0.0124566,0
12496,16,HMGA1,-0.12000000000000001,-0.049539700000000006,0
12497,16,PTEN,1.570000000000001,1.2709133000000004,0
12498,16,FIP1L1,-0.03,-0.013054399999999994,0
12499,16,JAK1,0.8200000000000003,0.6385185,0
12500,16,ZMYM2,-0.09000000000000001,-0.060110199999999996,0
12501,16,SUZ12,0.6900000000000002,0.49560529999999997,0
12502,16,FUS,-0.17000000000000007,0.1266278,0
12503,16,BAP1,0.09999999999999999,0.0910131,0
12504,16,ZCCHC8,-0.05,-0.016559,0
12505,16,CRNKL1,-0.03,-0.0177774,0
12506,16,RAD17,0.14,0.10709199999999999,0
12507,16,ATP1A1,0.0,0.0016642999999999988,0
12508,16,DNMT3A,0.8300000000000005,0.6470818,0
12509,16,FBXW7,0.9400000000000005,0.7454289999999998,0
12510,16,WWTR1,-0.1,-0.050074999999999995,0
12511,16,CDKN1B,0.6000000000000001,0.3757974000000001,0
12512,16,KMT2A,0.5300000000000001,0.4385184,0
12513,16,PTPN11,0.9700000000000004,0.6931513,0
12514,16,STAT5B,0.6700000000000002,0.5156803000000002,0
12515,16,CUX1,-0.1,-0.06575840000000001,0
12516,16,ABI1,-0.32,-0.1053136,0
12517,16,BRCA1,1.580000000000001,1.2868572000000005,0
12518,16,SH2B3,-0.009999999999999998,0.0102994,0
12519,16,AFF4,0.06999999999999999,0.0565698,0
12520,16,NF2,-0.04,0.0456238,0
12521,16,LMNA,0.05000000000000001,0.0522378,0
12522,16,TSC2,0.5900000000000001,0.47242239999999996,0
12523,16,GOLPH3,-0.11,-0.0621893,0
12524,16,PCM1,-0.05,-0.035759,0
12525,16,PPP2R1A,-0.31999999999999995,-0.1084089,0
12526,16,ARID1A,1.8000000000000012,1.3419683,0
12527,16,ABL1,0.19999999999999996,0.2055714,0
12528,16,AFF1,0.2,0.1618482,0
12529,16,DAXX,-0.37,-0.09349429999999997,0
12530,16,CBFB,0.13,0.0998155,0
12531,16,CBLB,0.14,0.10847190000000001,0
12532,16,POLR2A,0.09000000000000002,0.23145690000000002,0
12533,16,PRKACA,0.34,0.24482429999999994,0
12534,16,DNM2,-0.11,-0.0468684,0
12535,16,RAP1GDS1,-0.1,-0.0483434,0
12536,16,NCOR1,0.9700000000000003,0.8266460000000001,0
12537,16,NFKBIE,-0.30000000000000004,-0.1051685,0
12538,16,DDX3X,0.14,0.1345166,0
12539,16,ELK4,0.02,0.0147434,0
12540,16,MLLT6,0.12,0.08805779999999999,0
12541,16,SRSF2,-1.27,-0.35669570000000006,0
12542,16,CTNNA1,0.12000000000000001,0.08677529999999999,0
12543,16,RBM10,0.2,0.1295599,0
12544,16,PTPRC,0.13,0.1257819,0
12545,16,HSP90AA1,0.9200000000000006,0.6111196999999999,0
12546,17,NSD1,0.33,0.28120850000000003,1
12547,17,DICER1,0.19000000000000009,0.23121080000000005,1
12548,17,BIRC6,0.09999999999999999,0.0995735,1
12549,17,SDHC,0.41000000000000003,0.30675030000000003,1
12550,17,TFG,0.11000000000000001,0.07417180000000001,1
12551,17,MAP2K2,0.38,0.27444280000000004,1
12552,17,TFRC,-0.30000000000000004,-0.1023009,1
12553,17,CREB1,0.8200000000000006,0.6859835,1
12554,17,POLG,0.0,0.0,1
12555,17,SETD2,0.5500000000000003,0.5125605999999998,1
12556,17,NAB2,-0.45999999999999996,-0.13819769999999998,1
12557,17,HIF1A,1.4900000000000007,1.1195754,1
12558,17,FLCN,-0.060000000000000005,0.0246715,1
12559,17,MAP2K4,-0.059999999999999984,0.0451903,1
12560,17,CNOT3,0.060000000000000005,0.050186800000000004,1
12561,17,CIITA,0.1,0.0655015,1
12562,17,LSM14A,0.16,0.1278719,1
12563,17,AKAP9,0.03,0.050054299999999996,1
12564,17,MSN,-0.18000000000000005,-0.0387531,1
12565,17,BCR,0.01000000000000002,0.0635352,1
12566,17,TRRAP,0.11,0.21061799999999997,1
12567,17,PPP6C,-0.18,-0.0667115,1
12568,17,NCOA4,-0.07,-0.015500799999999999,1
12569,17,BCL9,0.19999999999999998,0.1657756,1
12570,17,PRCC,0.18,0.1446557,1
12571,17,LARP4B,0.02,0.0133728,1
12572,17,CHD2,0.02,0.017826599999999998,1
12573,17,ASXL1,0.37000000000000005,0.3828508,1
12574,17,SMARCA4,1.9100000000000013,1.4970969,1
12575,17,ERC1,-0.03,-0.0219726,1
12576,17,DCTN1,-0.020000000000000014,0.02467700000000001,1
12577,17,PIK3R1,1.2800000000000007,1.0202289999999998,1
12578,17,EED,0.11,0.08730109999999999,1
12579,17,CNBP,0.02,0.0118394,1
12580,17,SGK1,0.52,0.3310507,1
12581,17,MLLT10,-0.2899999999999999,-0.1534112,1
12582,17,BRD4,1.0700000000000005,0.9013550000000002,1
12583,17,RANBP2,0.23999999999999996,0.2510451,1
12584,17,FBXO11,0.06,0.0478098,1
12585,17,PML,0.47,0.3212759,1
12586,17,AKT2,1.1900000000000006,0.8294601000000001,1
12587,17,CEP89,0.05,0.033802,1
12588,17,LZTR1,0.07999999999999999,0.1014896,1
12589,17,YWHAE,0.26,0.15784560000000003,1
12590,17,DNAJB1,-0.07,-0.0184101,1
12591,17,PRDM2,0.07,0.055113999999999996,1
12592,17,TPM4,0.4800000000000001,0.3295448999999999,1
12593,17,CREBBP,2.1300000000000012,1.7652589,1
12594,17,PMS2,0.8700000000000003,0.7340918000000001,1
12595,17,DDR2,-0.02,-0.0137706,1
12596,17,FANCA,0.43,0.34893509999999994,1
12597,17,PDE4DIP,0.06999999999999999,0.0538408,1
12598,17,USP8,-0.06,-0.03032209999999999,1
12599,17,MYH9,-0.47000000000000003,-0.10449110000000002,1
12600,17,MYC,-1.7000000000000002,-0.3430736000000001,1
12601,17,NBN,0.6700000000000002,0.5498085,1
12602,17,CCND3,-0.04000000000000001,0.015925100000000005,1
12603,17,TRIP11,-0.1,-0.06924250000000001,1
12604,17,CNTRL,-0.08,-0.058974200000000004,1
12605,17,PIK3CA,1.1700000000000008,1.0021463000000002,1
12606,17,DDX5,0.13,0.1788116,1
12607,17,PICALM,0.009999999999999995,0.013059999999999999,1
12608,17,RARA,0.33,0.27069979999999993,1
12609,17,DDX6,0.010000000000000012,0.11402860000000004,1
12610,17,COL1A1,0.24000000000000002,0.1998303,1
12611,17,VHL,0.3,0.2135715,1
12612,17,MAPK1,1.3000000000000007,0.9153174000000002,1
12613,17,SRC,0.8300000000000005,0.6537995999999999,1
12614,17,NFE2L2,0.31000000000000005,0.22781469999999998,1
12615,17,MITF,-0.38,-0.1262672,1
12616,17,SMAD3,1.2400000000000009,1.1315953,1
12617,17,RBM15,0.14,0.112095,1
12618,17,ATR,0.7900000000000003,0.6500401000000001,1
12619,17,EPAS1,0.33999999999999997,0.35616190000000003,1
12620,17,TPM3,0.22000000000000003,0.180537,1
12621,17,RPL10,0.11,0.1370568,1
12622,17,STAG1,0.11,0.1390492,1
12623,17,SBDS,-0.09,-0.029287100000000003,1
12624,17,KMT2D,1.1000000000000005,0.8939088000000002,1
12625,17,MED12,0.37000000000000005,0.30271460000000006,1
12626,17,BCLAF1,-0.04,0.03805119999999999,1
12627,17,ASPSCR1,0.03,0.025387399999999997,1
12628,17,CDK12,0.53,0.4101784,1
12629,17,EWSR1,0.2899999999999999,0.3124606,1
12630,17,NDRG1,-0.07999999999999999,-0.0208905,1
12631,17,PSIP1,0.1,0.08734580000000003,1
12632,17,TRIM33,0.13,0.11282120000000001,1
12633,17,MTOR,0.8800000000000001,0.7662339,1
12634,17,ARHGAP35,0.19999999999999998,0.17254930000000002,1
12635,17,POT1,0.03,0.030198700000000002,1
12636,17,EXT1,0.11,0.0852247,1
12637,17,IL6ST,0.35000000000000003,0.28487229999999997,1
12638,17,IDH2,0.11000000000000003,0.10011060000000002,1
12639,17,SMARCE1,0.48,0.32946159999999997,1
12640,17,CRTC3,0.09,0.07708889999999999,1
12641,17,TSC1,0.33,0.3140969,1
12642,17,BCOR,-0.16000000000000003,0.022107499999999992,1
12643,17,SDHA,0.26,0.1847656,1
12644,17,EP300,2.270000000000001,1.8857225000000006,1
12645,17,HNRNPA2B1,0.55,0.3839325,1
12646,17,CLIP1,-0.1,-0.0613681,1
12647,17,PATZ1,-0.49,-0.1304935,1
12648,17,FUBP1,-0.15,-0.0210717,1
12649,17,HLA-A,-0.039999999999999994,0.042014499999999996,1
12650,17,CCNC,-0.26,-0.10219410000000001,1
12651,17,RPN1,-0.2,-0.06874859999999999,1
12652,17,TCF7L2,-0.12000000000000001,0.04998220000000001,1
12653,17,CANT1,-0.04000000000000001,0.013434399999999999,1
12654,17,RPL5,-0.75,-0.17466710000000002,1
12655,17,CCDC6,0.06999999999999999,0.0822245,1
12656,17,NCKIPSD,-0.08,-0.0197906,1
12657,17,SMARCD1,0.45,0.405267,1
12658,17,BCL10,0.09,0.0825751,1
12659,17,MAX,-1.3877787807814457e-17,0.0586616,1
12660,17,HERPUD1,-0.03,-0.007659599999999999,1
12661,17,RAC1,-0.02000000000000002,0.1592664,1
12662,17,FLNA,0.1,0.093652,1
12663,17,TFE3,-0.66,-0.2480814,1
12664,17,NCOR2,0.6400000000000001,0.5637482999999999,1
12665,17,PRPF40B,0.060000000000000005,0.0426068,1
12666,17,BCL3,-0.05,0.0016584999999999898,1
12667,17,TFPT,-0.31,-0.10946739999999999,1
12668,17,MLH1,0.9000000000000002,0.7869958000000001,1
12669,17,ARHGAP5,0.16,0.13493130000000003,1
12670,17,CIC,0.0,0.0,1
12671,17,LYN,0.7900000000000001,0.5776366999999999,1
12672,17,TCF12,0.31,0.2415508,1
12673,17,KLF6,0.060000000000000005,0.042126000000000004,1
12674,17,KMT2C,0.9400000000000004,0.7951931,1
12675,17,PIM1,-0.12000000000000001,-0.0033987000000000184,1
12676,17,CCND1,1.3700000000000008,0.8692945000000001,1
12677,17,MLLT1,-1.3000000000000003,-0.3322514000000001,1
12678,17,MEN1,0.0799999999999999,0.08451990000000001,1
12679,17,CUL3,0.17000000000000004,0.19414199999999998,1
12680,17,RB1,0.6500000000000001,0.5161949,1
12681,17,LPP,-0.12000000000000001,-0.032497700000000004,1
12682,17,BUB1B,-0.10999999999999999,-0.01884519999999999,1
12683,17,SMAD4,1.520000000000001,1.2142914999999999,1
12684,17,FGFR1,0.4200000000000001,0.34840289999999996,1
12685,17,TMSB4X,0.04,0.030077600000000003,1
12686,17,CDK4,1.1600000000000006,0.7964785,1
12687,17,MSI2,0.01,0.0074995999999999995,1
12688,17,MSH6,1.0800000000000005,0.8981003000000002,1
12689,17,BRAF,1.1800000000000006,1.0907049999999998,1
12690,17,TCEA1,-0.04000000000000001,0.030238499999999995,1
12691,17,TNFAIP3,0.17,0.1212433,1
12692,17,RABEP1,-0.010000000000000002,-0.005303899999999997,1
12693,17,GMPS,-0.12,-0.058638300000000004,1
12694,17,MDM2,0.8300000000000006,0.7379028999999996,1
12695,17,NSD2,0.22999999999999998,0.17564200000000002,1
12696,17,CASP8,-0.4,0.018300299999999978,1
12697,17,PER1,-0.24,-0.0750042,1
12698,17,UBR5,0.08000000000000002,0.0764786,1
12699,17,EIF3E,-0.030000000000000013,0.062232000000000016,1
12700,17,RFWD3,0.04,0.036806000000000005,1
12701,17,BRD3,0.17,0.12242960000000001,1
12702,17,PAFAH1B2,0.03,0.026761200000000002,1
12703,17,EXT2,0.020000000000000004,0.024901300000000008,1
12704,17,PLCG1,0.49999999999999994,0.4081238000000001,1
12705,17,SF3B1,-0.79,-0.34056240000000004,1
12706,17,ARHGEF10L,0.04,0.0242536,1
12707,17,NFATC2,0.24000000000000002,0.1744879,1
12708,17,SDHD,0.35,0.23486000000000007,1
12709,17,PABPC1,-0.84,-0.2353697,1
12710,17,POLD1,-0.17000000000000004,-0.016221600000000006,1
12711,17,CALR,0.020000000000000004,0.0608052,1
12712,17,PIK3CB,0.7800000000000002,0.6059368999999999,1
12713,17,PPM1D,0.30000000000000004,0.2310268,1
12714,17,ATRX,0.9600000000000004,0.8394954,1
12715,17,DGCR8,0.21,0.1586663,1
12716,17,DDX10,0.16,0.12416849999999999,1
12717,17,DROSHA,0.5300000000000001,0.4164041,1
12718,17,TNFRSF14,-0.13,-0.04562340000000001,1
12719,17,BCL9L,0.16,0.1174402,1
12720,17,QKI,0.019999999999999997,0.014603900000000001,1
12721,17,BAZ1A,0.01,0.00742,1
12722,17,CHD4,0.32999999999999996,0.3015308,1
12723,17,NSD3,0.09,0.1057312,1
12724,17,NT5C2,0.17,0.10067200000000001,1
12725,17,CCNB1IP1,0.12000000000000001,0.055080300000000006,1
12726,17,PCBP1,-0.9,-0.2526677,1
12727,17,RALGDS,-0.019999999999999993,0.049131700000000014,1
12728,17,ARHGEF12,0.009999999999999995,0.0409754,1
12729,17,HSP90AB1,1.3300000000000007,0.9023246999999999,1
12730,17,FOXO3,1.3300000000000005,0.9665365,1
12731,17,HIP1,-0.01,-0.006289599999999999,1
12732,17,CDC73,0.09000000000000002,0.10361610000000002,1
12733,17,NIN,-0.03,-0.017016,1
12734,17,MDM4,0.13,0.1802745,1
12735,17,COL3A1,0.21,0.16722919999999997,1
12736,17,CTNND1,0.15000000000000002,0.16845100000000002,1
12737,17,SPOP,0.06000000000000001,0.07102620000000001,1
12738,17,TMEM127,-1.3877787807814457e-17,0.019197599999999995,1
12739,17,CREB3L2,0.16999999999999998,0.11034790000000003,1
12740,17,MSH2,0.9600000000000004,0.8371539,1
12741,17,FNBP1,-0.030000000000000006,0.0037388999999999973,1
12742,17,ATF1,0.12000000000000001,0.08230920000000001,1
12743,17,EIF1AX,-0.6800000000000002,-0.2006101,1
12744,17,PMS1,0.61,0.47811360000000014,1
12745,17,DEK,0.17,0.15280120000000003,1
12746,17,ERBB2,0.9700000000000004,0.6173231,1
12747,17,AKT1,1.2400000000000007,0.8104012000000003,1
12748,17,CHEK2,0.7100000000000002,0.7199855000000002,1
12749,17,SDHB,0.43,0.31406120000000004,1
12750,17,NCOA1,0.37000000000000005,0.3222203,1
12751,17,CHIC2,0.07,0.0429226,1
12752,17,RUNX1,0.10999999999999993,0.5591105999999998,1
12753,17,STAT6,0.45000000000000007,0.3742048,1
12754,17,FH,-0.1,-0.0290262,1
12755,17,AKT3,0.9800000000000004,0.7110432999999999,1
12756,17,GNAS,0.43000000000000005,0.2996092,1
12757,17,CTNNB1,1.580000000000001,1.0980521,1
12758,17,NONO,0.3999999999999999,0.3225962,1
12759,17,SMARCB1,1.1100000000000005,0.8623374999999998,1
12760,17,PRKAR1A,0.21999999999999997,0.20139020000000002,1
12761,17,ITGAV,0.030000000000000016,0.043878200000000006,1
12762,17,SS18,0.44,0.3150379,1
12763,17,MAP2K1,0.8400000000000003,0.5190794000000001,1
12764,17,SIRPA,-0.06,-0.0240192,1
12765,17,PPFIBP1,0.39999999999999997,0.29584209999999994,1
12766,17,RPL22,-0.15999999999999998,0.11415960000000003,1
12767,17,CYLD,0.29000000000000004,0.22199640000000004,1
12768,17,ARID1B,0.8600000000000001,0.6694595999999999,1
12769,17,SETDB1,0.36000000000000004,0.26382700000000003,1
12770,17,AFDN,-0.23999999999999994,-0.07428969999999997,1
12771,17,ZRSR2,-0.029999999999999992,-0.02376390000000001,1
12772,17,PBRM1,1.0100000000000005,0.7458292000000001,1
12773,17,XPC,0.56,0.35500139999999997,1
12774,17,ASXL2,0.28,0.19729639999999998,1
12775,17,TRIM24,-0.28,-0.05389810000000001,1
12776,17,SFPQ,-0.44000000000000006,-0.14744339999999997,1
12777,17,NCOA2,0.6600000000000001,0.5116134999999999,1
12778,17,FOXO4,0.4,0.266961,1
12779,17,LEF1,0.31999999999999995,0.2673846,1
12780,17,B2M,-0.40000000000000013,-0.1600017,1
12781,17,DDIT3,-0.32000000000000006,-0.10034030000000001,1
12782,17,BCL6,0.41999999999999993,0.3160299,1
12783,17,KRAS,-0.4900000000000001,-0.017674100000000022,1
12784,17,FAT1,0.12000000000000002,0.0884298,1
12785,17,ABL2,0.05,0.0448141,1
12786,17,NF1,1.4400000000000008,1.1471638999999998,1
12787,17,BTG1,-0.05,-0.021318000000000004,1
12788,17,EIF4A2,0.13,0.07490430000000001,1
12789,17,SET,0.2,0.16043690000000002,1
12790,17,EPS15,0.07999999999999999,0.0701284,1
12791,17,RNF213,0.05,0.0432972,1
12792,17,CTCF,1.0700000000000003,0.7515058000000001,1
12793,17,WDCP,0.25000000000000006,0.1589874,1
12794,17,KAT7,0.14,0.11522810000000001,1
12795,17,KDM5C,0.17,0.17391179999999998,1
12796,17,TGFBR2,0.26000000000000006,0.21430659999999999,1
12797,17,ATM,0.8800000000000007,0.9750980000000001,1
12798,17,NUMA1,0.020000000000000004,0.029976600000000003,1
12799,17,STAT3,0.8900000000000005,0.8566904999999998,1
12800,17,SUB1,-0.16,-0.0552608,1
12801,17,NUP98,0.1999999999999999,0.20654250000000002,1
12802,17,ELL,0.11,0.060479399999999996,1
12803,17,MAP3K1,0.40999999999999986,0.33088080000000003,1
12804,17,MALT1,0.21000000000000002,0.17288890000000004,1
12805,17,XPO1,0.5500000000000002,0.441718,1
12806,17,SETD1B,0.26,0.19743259999999999,1
12807,17,ETV6,-0.05000000000000001,0.01577959999999999,1
12808,17,TBL1XR1,0.22,0.14821610000000002,1
12809,17,NUP214,-1.0408340855860843e-17,0.15853750000000003,1
12810,17,TPR,0.10000000000000002,0.08567989999999998,1
12811,17,ATIC,0.11,0.1183358,1
12812,17,NACA,0.22999999999999998,0.1483966,1
12813,17,MYO5A,0.01,0.0080578,1
12814,17,SMC1A,0.30999999999999994,0.42106309999999997,1
12815,17,LASP1,-0.27,-0.1321016,1
12816,17,ERCC5,0.42000000000000004,0.28703370000000006,1
12817,17,JUN,-1.9800000000000004,-0.3659548,1
12818,17,THRAP3,0.049999999999999996,0.0388722,1
12819,17,STAG2,0.27999999999999997,0.28733739999999997,1
12820,17,RAF1,0.8000000000000003,0.6449903000000001,1
12821,17,ERCC3,0.65,0.5446512,1
12822,17,SMAD2,0.4700000000000002,0.5097586,1
12823,17,TAF15,0.23,0.1894158,1
12824,17,ARNT,0.22,0.20765820000000001,1
12825,17,CLTC,-0.64,-0.2761454,1
12826,17,IKBKB,0.5700000000000003,0.4706256,1
12827,17,IDH1,-0.21000000000000002,-0.0382653,1
12828,17,SND1,1.734723475976807e-18,0.0239013,1
12829,17,KNSTRN,0.03,0.0236955,1
12830,17,RHOA,-2.8700000000000006,-0.6749434,1
12831,17,PALB2,0.7200000000000002,0.6177765000000001,1
12832,17,ARID2,0.8900000000000001,0.6901506,1
12833,17,EZR,-0.26,-0.07997530000000001,1
12834,17,TP53,0.47000000000000075,0.7239162,1
12835,17,ARAF,0.39,0.2276621,1
12836,17,KIF5B,0.52,0.39770729999999993,1
12837,17,KAT6A,0.27,0.2552655,1
12838,17,KTN1,-0.04,0.001026000000000006,1
12839,17,GOLGA5,-0.1,-0.061651899999999996,1
12840,17,KDM5A,0.26,0.25138119999999997,1
12841,17,RAD21,0.6100000000000001,0.48743690000000006,1
12842,17,GNAQ,0.36,0.2845378,1
12843,17,CAMTA1,0.07,0.0520249,1
12844,17,ERCC2,0.7400000000000001,0.5633132000000001,1
12845,17,EZH2,1.5900000000000012,1.3306516,1
12846,17,TOP1,0.30000000000000004,0.23948100000000003,1
12847,17,SRSF3,-0.2899999999999999,-0.05042270000000001,1
12848,17,NPM1,0.2899999999999999,0.30173829999999996,1
12849,17,BAX,-0.6799999999999999,-0.16695560000000004,1
12850,17,NOTCH2,0.32,0.2690597,1
12851,17,TRAF7,0.02,0.014317200000000002,1
12852,17,KDM6A,0.8600000000000002,0.8897291999999999,1
12853,17,SPEN,0.15000000000000002,0.1187317,1
12854,17,TRIM27,-0.58,-0.1577842,1
12855,17,CRTC1,0.16999999999999998,0.1330583,1
12856,17,EML4,0.32000000000000006,0.3114951,1
12857,17,USP9X,-0.02,-0.016314999999999996,1
12858,17,PTPRK,0.0,0.0,1
12859,17,CD74,-0.15,0.014074300000000001,1
12860,17,CBL,0.53,0.47040940000000014,1
12861,17,ZNF384,0.04,0.0310712,1
12862,17,NOTCH1,1.1900000000000006,0.9007646,1
12863,17,COX6C,-0.15000000000000002,-0.05059400000000001,1
12864,17,CHCHD7,0.03,0.0209577,1
12865,17,HMGA1,-0.05,-0.0190288,1
12866,17,PTEN,1.1400000000000006,1.0732661000000001,1
12867,17,FIP1L1,-0.03,-0.014822600000000005,1
12868,17,JAK1,0.8300000000000003,0.6760399000000001,1
12869,17,ZMYM2,0.0,0.0056124,1
12870,17,SUZ12,0.7100000000000004,0.5833400000000002,1
12871,17,FUS,-0.73,-0.12222300000000008,1
12872,17,BAP1,-0.30000000000000004,-0.11760980000000001,1
12873,17,ZCCHC8,-0.08,-0.0230248,1
12874,17,CRNKL1,0.009999999999999998,0.009544099999999996,1
12875,17,RAD17,0.19999999999999998,0.13825749999999998,1
12876,17,ATP1A1,0.02,0.0158195,1
12877,17,DNMT3A,1.2000000000000004,0.9663059,1
12878,17,FBXW7,0.9000000000000002,0.7846613,1
12879,17,WWTR1,-0.07,-0.0256503,1
12880,17,CDKN1B,0.4900000000000001,0.3514933000000001,1
12881,17,KMT2A,0.42000000000000004,0.4178707000000001,1
12882,17,PTPN11,1.3200000000000005,1.0109646,1
12883,17,STAT5B,0.8400000000000003,0.6758168999999998,1
12884,17,CUX1,-0.07,-0.0442699,1
12885,17,ABI1,-0.36,-0.1014083,1
12886,17,BRCA1,1.5000000000000009,1.2897564000000001,1
12887,17,SH2B3,0.10999999999999999,0.0673566,1
12888,17,AFF4,-0.11000000000000001,-0.04219259999999998,1
12889,17,NF2,0.10999999999999999,0.13150810000000002,1
12890,17,LMNA,0.09,0.058642999999999994,1
12891,17,TSC2,0.8800000000000003,0.6972247,1
12892,17,GOLPH3,-0.06,-0.0420042,1
12893,17,PCM1,-0.030000000000000002,-0.0243592,1
12894,17,PPP2R1A,-0.25,-0.027134099999999998,1
12895,17,ARID1A,1.8400000000000012,1.4438523999999993,1
12896,17,ABL1,-0.23000000000000004,0.06074690000000005,1
12897,17,AFF1,-0.019999999999999997,0.04738790000000001,1
12898,17,DAXX,-0.51,-0.11728920000000004,1
12899,17,CBFB,0.16,0.15076509999999999,1
12900,17,CBLB,0.17,0.145537,1
12901,17,POLR2A,-0.27,0.11232260000000001,1
12902,17,PRKACA,0.2300000000000001,0.2810944,1
12903,17,DNM2,-0.1,-0.0467916,1
12904,17,RAP1GDS1,0.06000000000000001,0.0647655,1
12905,17,NCOR1,0.8600000000000003,0.8310771000000001,1
12906,17,NFKBIE,-0.22000000000000003,-0.0747372,1
12907,17,DDX3X,0.2799999999999999,0.2502148,1
12908,17,ELK4,0.03,0.0253467,1
12909,17,MLLT6,0.09,0.0653444,1
12910,17,SRSF2,-3.17,-0.7127548,1
12911,17,CTNNA1,0.17,0.1313878,1
12912,17,RBM10,0.15,0.1104474,1
12913,17,PTPRC,0.010000000000000009,0.10381800000000001,1
12914,17,HSP90AA1,1.1300000000000006,0.776927,1
12915,17,NSD1,0.22999999999999998,0.1895523,0
12916,17,DICER1,0.15000000000000002,0.1820169,0
12917,17,BIRC6,0.07,0.059768600000000005,0
12918,17,SDHC,0.32000000000000006,0.22092070000000003,0
12919,17,TFG,0.34,0.1890788,0
12920,17,MAP2K2,0.29,0.2248904,0
12921,17,TFRC,-0.26,-0.12117080000000001,0
12922,17,CREB1,0.7300000000000004,0.5161876999999999,0
12923,17,POLG,0.01,0.0037823,0
12924,17,SETD2,0.7000000000000002,0.5802902,0
12925,17,NAB2,-0.27,-0.09960870000000001,0
12926,17,HIF1A,1.5100000000000007,1.0488046999999998,0
12927,17,FLCN,0.03,0.029304599999999997,0
12928,17,MAP2K4,0.06999999999999999,0.09521159999999998,0
12929,17,CNOT3,-0.04,-0.013585,0
12930,17,CIITA,0.13,0.09157630000000001,0
12931,17,LSM14A,0.049999999999999996,0.0517605,0
12932,17,AKAP9,-0.039999999999999994,-0.006400999999999997,0
12933,17,MSN,-0.15000000000000002,0.004839700000000013,0
12934,17,BCR,0.030000000000000006,0.027790700000000012,0
12935,17,TRRAP,0.08000000000000003,0.1217046,0
12936,17,PPP6C,-0.16999999999999998,-0.08379550000000001,0
12937,17,NCOA4,-0.19,-0.10387089999999999,0
12938,17,BCL9,0.13,0.09690870000000001,0
12939,17,PRCC,0.05,0.03909930000000001,0
12940,17,LARP4B,-0.01,-0.0050771,0
12941,17,CHD2,0.01,0.0074471,0
12942,17,ASXL1,0.52,0.4648633000000001,0
12943,17,SMARCA4,1.1400000000000006,0.8570129999999998,0
12944,17,ERC1,-0.01,-0.0072849,0
12945,17,DCTN1,-0.27999999999999997,-0.12760280000000004,0
12946,17,PIK3R1,1.4900000000000009,0.9783229,0
12947,17,EED,0.01999999999999999,0.051710799999999994,0
12948,17,CNBP,0.01,0.0052469,0
12949,17,SGK1,0.3,0.16516399999999998,0
12950,17,MLLT10,-0.08999999999999998,-0.025825300000000002,0
12951,17,BRD4,1.0300000000000005,0.7579305000000001,0
12952,17,RANBP2,0.15,0.1998673,0
12953,17,FBXO11,0.060000000000000005,0.0468613,0
12954,17,PML,0.5399999999999999,0.37398059999999994,0
12955,17,AKT2,0.8600000000000002,0.5698844999999999,0
12956,17,CEP89,0.07,0.040846999999999994,0
12957,17,LZTR1,0.04000000000000001,0.0642167,0
12958,17,YWHAE,0.26,0.16687390000000002,0
12959,17,DNAJB1,0.0,0.011870099999999991,0
12960,17,PRDM2,0.02,0.013916399999999999,0
12961,17,TPM4,0.47000000000000003,0.30875749999999996,0
12962,17,CREBBP,1.650000000000001,1.3346320999999999,0
12963,17,PMS2,0.6900000000000002,0.6072462,0
12964,17,DDR2,0.010000000000000002,0.009666899999999996,0
12965,17,FANCA,0.36,0.28687679999999993,0
12966,17,PDE4DIP,0.05,0.033481,0
12967,17,USP8,-0.060000000000000005,-0.029882400000000007,0
12968,17,MYH9,-0.30000000000000004,-0.0379329,0
12969,17,MYC,-1.0300000000000002,-0.3475398000000001,0
12970,17,NBN,0.51,0.3688103999999999,0
12971,17,CCND3,-0.02999999999999999,0.032731500000000004,0
12972,17,TRIP11,-0.15,-0.08699260000000002,0
12973,17,CNTRL,-0.060000000000000005,-0.039354299999999995,0
12974,17,PIK3CA,1.540000000000001,1.0354139,0
12975,17,DDX5,0.2500000000000001,0.24350359999999996,0
12976,17,PICALM,0.0,0.004780599999999996,0
12977,17,RARA,0.5000000000000001,0.35476870000000005,0
12978,17,DDX6,1.9081958235744878e-17,0.05634990000000001,0
12979,17,COL1A1,0.13,0.1370723,0
12980,17,VHL,0.17999999999999997,0.12445220000000001,0
12981,17,MAPK1,1.4000000000000008,0.8565635000000001,0
12982,17,SRC,-0.6699999999999999,-0.009877600000000028,0
12983,17,NFE2L2,0.23999999999999996,0.1519413,0
12984,17,MITF,-0.21000000000000002,-0.03870740000000001,0
12985,17,SMAD3,1.260000000000001,0.8955458000000003,0
12986,17,RBM15,0.07,0.057993699999999995,0
12987,17,ATR,0.7000000000000003,0.5750048,0
12988,17,EPAS1,0.37999999999999995,0.3504008999999999,0
12989,17,TPM3,0.35000000000000003,0.24652339999999998,0
12990,17,RPL10,0.13,0.1217984,0
12991,17,STAG1,0.13,0.1316411,0
12992,17,SBDS,-0.07,-0.023851499999999998,0
12993,17,KMT2D,0.9700000000000003,0.7080036000000001,0
12994,17,MED12,0.30000000000000004,0.23585859999999995,0
12995,17,BCLAF1,-0.06999999999999999,0.004017,0
12996,17,ASPSCR1,0.03,0.0248475,0
12997,17,CDK12,0.21000000000000002,0.1480123,0
12998,17,EWSR1,0.45000000000000007,0.35760129999999996,0
12999,17,NDRG1,-0.030000000000000002,-0.006860800000000002,0
13000,17,PSIP1,-0.24,-0.10729110000000001,0
13001,17,TRIM33,0.04000000000000001,0.04194360000000001,0
13002,17,MTOR,1.2800000000000005,0.8834108,0
13003,17,ARHGAP35,0.15,0.1449751,0
13004,17,POT1,-0.019999999999999993,0.0078574,0
13005,17,EXT1,0.1,0.059795,0
13006,17,IL6ST,0.27,0.1985375,0
13007,17,IDH2,0.19,0.14973879999999998,0
13008,17,SMARCE1,0.43,0.2530354,0
13009,17,CRTC3,0.09,0.0641017,0
13010,17,TSC1,0.3,0.2592299,0
13011,17,BCOR,-0.18999999999999997,-0.016066099999999993,0
13012,17,SDHA,0.25000000000000006,0.15247219999999997,0
13013,17,EP300,1.7500000000000013,1.2718688999999996,0
13014,17,HNRNPA2B1,0.29,0.25383690000000003,0
13015,17,CLIP1,-0.12,-0.0596622,0
13016,17,PATZ1,-0.4,-0.11567640000000001,0
13017,17,FUBP1,-0.14,-0.005013900000000009,0
13018,17,HLA-A,-0.04999999999999999,0.05931570000000001,0
13019,17,CCNC,-0.08999999999999998,-0.03472139999999999,0
13020,17,RPN1,-0.27,-0.06207410000000001,0
13021,17,TCF7L2,-0.04000000000000001,0.03079119999999997,0
13022,17,CANT1,0.14,0.0830567,0
13023,17,RPL5,-0.72,-0.17841400000000004,0
13024,17,CCDC6,-0.039999999999999994,0.024328500000000017,0
13025,17,NCKIPSD,0.03,0.017481,0
13026,17,SMARCD1,0.4099999999999999,0.28053839999999997,0
13027,17,BCL10,0.030000000000000013,0.04230619999999999,0
13028,17,MAX,-0.009999999999999998,0.003927700000000003,0
13029,17,HERPUD1,0.02,0.008144400000000001,0
13030,17,RAC1,-0.21999999999999992,0.023316499999999997,0
13031,17,FLNA,0.019999999999999993,0.07796240000000002,0
13032,17,TFE3,-0.33,-0.14523160000000002,0
13033,17,NCOR2,0.7200000000000002,0.5235736,0
13034,17,PRPF40B,-0.04,-0.0238904,0
13035,17,BCL3,-0.09000000000000001,-0.028122400000000006,0
13036,17,TFPT,-0.2,-0.0831289,0
13037,17,MLH1,0.8700000000000001,0.7054283,0
13038,17,ARHGAP5,0.16,0.11514030000000001,0
13039,17,CIC,-0.01,-0.0059793,0
13040,17,LYN,0.9000000000000002,0.6053872,0
13041,17,TCF12,0.27999999999999997,0.19890839999999999,0
13042,17,KLF6,0.06,0.0336074,0
13043,17,KMT2C,1.0200000000000002,0.7742536,0
13044,17,PIM1,-0.08,-0.013175000000000006,0
13045,17,CCND1,1.1900000000000006,0.7467233000000001,0
13046,17,MLLT1,-0.8000000000000003,-0.2287134,0
13047,17,MEN1,-0.030000000000000013,0.026038499999999992,0
13048,17,CUL3,0.14,0.1173974,0
13049,17,RB1,0.63,0.4610734999999999,0
13050,17,LPP,-0.05000000000000001,-0.020837900000000003,0
13051,17,BUB1B,-0.12000000000000001,-0.050096100000000005,0
13052,17,SMAD4,1.2700000000000007,0.9329108000000002,0
13053,17,FGFR1,0.18,0.1375425,0
13054,17,TMSB4X,0.04,0.0319008,0
13055,17,CDK4,0.5800000000000001,0.404069,0
13056,17,MSI2,0.01,0.0069828,0
13057,17,MSH6,0.8500000000000003,0.6249059,0
13058,17,BRAF,0.8900000000000003,0.7644377999999998,0
13059,17,TCEA1,-0.12,-0.029924200000000012,0
13060,17,TNFAIP3,0.10999999999999999,0.1280368,0
13061,17,RABEP1,-0.009999999999999998,-0.008611099999999998,0
13062,17,GMPS,-0.09000000000000002,-0.04330180000000001,0
13063,17,MDM2,1.3000000000000007,0.8032144000000001,0
13064,17,NSD2,0.16999999999999998,0.11316920000000001,0
13065,17,CASP8,0.09999999999999998,0.2143559,0
13066,17,PER1,-0.25999999999999995,-0.04783739999999999,0
13067,17,UBR5,-0.05999999999999999,-0.014931999999999999,0
13068,17,EIF3E,-0.12000000000000005,0.0342045,0
13069,17,RFWD3,0.020000000000000004,0.0253772,0
13070,17,BRD3,0.11000000000000001,0.0998327,0
13071,17,PAFAH1B2,0.02,0.0153208,0
13072,17,EXT2,0.0,0.002447999999999992,0
13073,17,PLCG1,0.5700000000000001,0.3746361,0
13074,17,SF3B1,-0.29000000000000004,-0.1102912,0
13075,17,ARHGEF10L,0.03,0.0185883,0
13076,17,NFATC2,0.21,0.1445502,0
13077,17,SDHD,0.24000000000000005,0.13711560000000003,0
13078,17,PABPC1,-0.7500000000000002,-0.20117290000000004,0
13079,17,POLD1,-0.17,-0.030403000000000003,0
13080,17,CALR,-1.0408340855860843e-17,0.015944299999999998,0
13081,17,PIK3CB,0.6200000000000001,0.4641389000000001,0
13082,17,PPM1D,0.15000000000000002,0.11620490000000003,0
13083,17,ATRX,0.9700000000000006,0.7492086999999998,0
13084,17,DGCR8,0.13,0.07475010000000001,0
13085,17,DDX10,0.08,0.052047300000000005,0
13086,17,DROSHA,0.40000000000000013,0.2745305,0
13087,17,TNFRSF14,-0.09000000000000001,-0.03219740000000001,0
13088,17,BCL9L,0.14,0.093957,0
13089,17,QKI,-0.11,-0.0626143,0
13090,17,BAZ1A,0.01,0.006731399999999999,0
13091,17,CHD4,0.21,0.19519879999999995,0
13092,17,NSD3,0.06999999999999999,0.0649541,0
13093,17,NT5C2,0.16,0.0990344,0
13094,17,CCNB1IP1,0.1,0.0431878,0
13095,17,PCBP1,-0.5900000000000001,-0.1800562,0
13096,17,RALGDS,0.08,0.0650388,0
13097,17,ARHGEF12,-0.01,-0.0016524999999999995,0
13098,17,HSP90AB1,0.8500000000000003,0.6027051,0
13099,17,FOXO3,1.1900000000000006,0.7772890000000001,0
13100,17,HIP1,0.0,0.0,0
13101,17,CDC73,-0.12999999999999998,-0.018320499999999997,0
13102,17,NIN,0.03,0.024231999999999997,0
13103,17,MDM4,0.1,0.1398062,0
13104,17,COL3A1,0.18,0.1554268,0
13105,17,CTNND1,0.15,0.14024009999999998,0
13106,17,SPOP,0.009999999999999998,0.033921700000000006,0
13107,17,TMEM127,0.09000000000000001,0.0671582,0
13108,17,CREB3L2,0.16,0.09689569999999999,0
13109,17,MSH2,0.9300000000000004,0.6736432999999998,0
13110,17,FNBP1,0.02,0.0166549,0
13111,17,ATF1,-0.010000000000000005,0.0031883999999999975,0
13112,17,EIF1AX,-0.41,-0.19114289999999998,0
13113,17,PMS1,0.5499999999999999,0.41473909999999997,0
13114,17,DEK,0.11,0.10739090000000003,0
13115,17,ERBB2,1.0000000000000004,0.6164683999999999,0
13116,17,AKT1,1.1700000000000006,0.7070590999999999,0
13117,17,CHEK2,0.22000000000000008,0.3405726000000001,0
13118,17,SDHB,0.42,0.2725003,0
13119,17,NCOA1,0.42999999999999994,0.28847100000000003,0
13120,17,CHIC2,0.05,0.0267062,0
13121,17,RUNX1,0.4900000000000001,0.6315358,0
13122,17,STAT6,0.3400000000000001,0.22698039999999997,0
13123,17,FH,-0.09000000000000001,-0.01697210000000001,0
13124,17,AKT3,1.0300000000000005,0.6527539,0
13125,17,GNAS,0.22,0.1284526,0
13126,17,CTNNB1,1.4100000000000008,0.9047303999999999,0
13127,17,NONO,0.1,0.0650046,0
13128,17,SMARCB1,0.8600000000000003,0.6010022,0
13129,17,PRKAR1A,0.06,0.0747044,0
13130,17,ITGAV,0.06000000000000001,0.051742,0
13131,17,SS18,0.38,0.2337492,0
13132,17,MAP2K1,1.0700000000000005,0.6839006000000001,0
13133,17,SIRPA,0.02,0.0110468,0
13134,17,PPFIBP1,0.37,0.2395574,0
13135,17,RPL22,-0.16999999999999998,0.0954843,0
13136,17,CYLD,0.28,0.21360540000000003,0
13137,17,ARID1B,0.6000000000000001,0.4203054,0
13138,17,SETDB1,0.3,0.20817770000000002,0
13139,17,AFDN,-0.36000000000000004,-0.14168450000000002,0
13140,17,ZRSR2,0.32000000000000006,0.22714749999999997,0
13141,17,PBRM1,0.9800000000000004,0.6917581,0
13142,17,XPC,0.6200000000000001,0.4141311000000001,0
13143,17,ASXL2,0.22999999999999998,0.1488773,0
13144,17,TRIM24,-0.25,-0.1174662,0
13145,17,SFPQ,-0.09,0.014529900000000002,0
13146,17,NCOA2,0.49000000000000005,0.3249721,0
13147,17,FOXO4,0.34,0.23074989999999998,0
13148,17,LEF1,0.08,0.07336490000000001,0
13149,17,B2M,-0.4900000000000001,-0.1721425,0
13150,17,DDIT3,-0.30000000000000004,-0.0929245,0
13151,17,BCL6,0.5499999999999999,0.38260409999999995,0
13152,17,KRAS,-1.4100000000000004,-0.31065799999999993,0
13153,17,FAT1,0.03,0.0349659,0
13154,17,ABL2,0.08,0.056801,0
13155,17,NF1,0.7500000000000002,0.5827593,0
13156,17,BTG1,0.0,0.0,0
13157,17,EIF4A2,0.09,0.06883660000000001,0
13158,17,SET,0.14,0.1288249,0
13159,17,EPS15,0.019999999999999997,0.0244149,0
13160,17,RNF213,0.03,0.024119099999999997,0
13161,17,CTCF,0.7700000000000002,0.5514532000000001,0
13162,17,WDCP,0.05000000000000002,0.04472289999999999,0
13163,17,KAT7,0.07999999999999999,0.0673114,0
13164,17,KDM5C,0.18,0.1623465,0
13165,17,TGFBR2,0.30000000000000004,0.2099451,0
13166,17,ATM,1.540000000000001,1.1266667000000001,0
13167,17,NUMA1,-0.049999999999999996,-0.014220599999999993,0
13168,17,STAT3,1.3500000000000008,1.0767842000000003,0
13169,17,SUB1,-0.25,-0.0912341,0
13170,17,NUP98,0.029999999999999933,0.07812969999999998,0
13171,17,ELL,0.07000000000000002,0.050326400000000014,0
13172,17,MAP3K1,0.52,0.35368370000000005,0
13173,17,MALT1,0.18999999999999997,0.1627069,0
13174,17,XPO1,0.25,0.2095418,0
13175,17,SETD1B,0.11000000000000001,0.0803403,0
13176,17,ETV6,-0.19999999999999998,-0.0821457,0
13177,17,TBL1XR1,0.2,0.1279406,0
13178,17,NUP214,0.06000000000000001,0.10078850000000003,0
13179,17,TPR,0.09,0.0889281,0
13180,17,ATIC,0.01000000000000002,0.017588399999999997,0
13181,17,NACA,0.23,0.15884140000000002,0
13182,17,MYO5A,0.0,0.0025258000000000017,0
13183,17,SMC1A,0.6300000000000001,0.5210840999999999,0
13184,17,LASP1,-0.2,-0.1179831,0
13185,17,ERCC5,0.48,0.31893279999999996,0
13186,17,JUN,0.6800000000000003,0.5251374,0
13187,17,THRAP3,0.06,0.050063,0
13188,17,STAG2,0.5700000000000001,0.4005634999999999,0
13189,17,RAF1,1.1600000000000004,0.7910851999999999,0
13190,17,ERCC3,0.5299999999999999,0.43223039999999996,0
13191,17,SMAD2,0.4400000000000002,0.4070514000000001,0
13192,17,TAF15,0.12,0.1139332,0
13193,17,ARNT,0.33999999999999997,0.2544995,0
13194,17,CLTC,-0.53,-0.28794590000000003,0
13195,17,IKBKB,0.5800000000000002,0.4196683,0
13196,17,IDH1,-0.2899999999999999,-0.045321300000000016,0
13197,17,SND1,0.01,0.008626100000000001,0
13198,17,KNSTRN,0.03,0.0240159,0
13199,17,RHOA,-0.6499999999999999,-0.15241980000000008,0
13200,17,PALB2,0.6600000000000001,0.5310062999999999,0
13201,17,ARID2,0.7000000000000002,0.5069632,0
13202,17,EZR,-0.07999999999999999,0.02692600000000001,0
13203,17,TP53,-1.16,-0.1867374,0
13204,17,ARAF,0.3600000000000001,0.1949442,0
13205,17,KIF5B,0.39999999999999997,0.2816127,0
13206,17,KAT6A,0.19999999999999996,0.1790578,0
13207,17,KTN1,-0.05,-0.020205800000000003,0
13208,17,GOLGA5,-0.13,-0.07834909999999999,0
13209,17,KDM5A,0.23,0.20756520000000003,0
13210,17,RAD21,0.42000000000000004,0.32303529999999997,0
13211,17,GNAQ,0.12999999999999998,0.0867007,0
13212,17,CAMTA1,0.01,0.007402999999999999,0
13213,17,ERCC2,0.63,0.43308170000000007,0
13214,17,EZH2,1.8700000000000012,1.1924750000000002,0
13215,17,TOP1,0.2,0.1496431,0
13216,17,SRSF3,-0.37,-0.10650700000000002,0
13217,17,NPM1,-0.27000000000000013,0.03214639999999999,0
13218,17,BAX,-0.4,-0.1342895,0
13219,17,NOTCH2,0.27,0.20828970000000002,0
13220,17,TRAF7,0.03,0.0220914,0
13221,17,KDM6A,0.8400000000000003,0.6948167000000001,0
13222,17,SPEN,0.08,0.058096300000000003,0
13223,17,TRIM27,-0.30000000000000004,-0.119284,0
13224,17,CRTC1,0.13,0.10076550000000001,0
13225,17,EML4,0.18000000000000005,0.14784199999999995,0
13226,17,USP9X,-0.10999999999999999,-0.06408649999999999,0
13227,17,PTPRK,0.01,0.0065438,0
13228,17,CD74,-0.10000000000000002,0.006177999999999984,0
13229,17,CBL,0.48,0.3413762,0
13230,17,ZNF384,-0.09,-0.044648400000000005,0
13231,17,NOTCH1,0.9700000000000004,0.7191917999999999,0
13232,17,COX6C,-0.11000000000000001,-0.05472489999999999,0
13233,17,CHCHD7,0.03,0.0194877,0
13234,17,HMGA1,-0.2,-0.07420510000000001,0
13235,17,PTEN,1.720000000000001,1.2637051000000004,0
13236,17,FIP1L1,-0.009999999999999995,-0.009257399999999999,0
13237,17,JAK1,0.7800000000000002,0.5840484,0
13238,17,ZMYM2,-0.07,-0.0454021,0
13239,17,SUZ12,0.6100000000000001,0.4476825,0
13240,17,FUS,-0.11000000000000001,0.13009769999999998,0
13241,17,BAP1,0.07999999999999999,0.0825622,0
13242,17,ZCCHC8,-0.1,-0.024041000000000003,0
13243,17,CRNKL1,-0.060000000000000005,-0.03030160000000001,0
13244,17,RAD17,0.08,0.0634266,0
13245,17,ATP1A1,0.0,0.0003495999999999985,0
13246,17,DNMT3A,0.8100000000000005,0.5800128,0
13247,17,FBXW7,0.9800000000000004,0.7329638999999998,0
13248,17,WWTR1,-0.12000000000000001,-0.052567000000000016,0
13249,17,CDKN1B,0.6700000000000002,0.4236961000000001,0
13250,17,KMT2A,0.3899999999999999,0.3112934,0
13251,17,PTPN11,0.8700000000000003,0.6068900999999999,0
13252,17,STAT5B,0.5800000000000001,0.456329,0
13253,17,CUX1,-0.12,-0.0728336,0
13254,17,ABI1,-0.3,-0.0948899,0
13255,17,BRCA1,1.7200000000000013,1.3083037,0
13256,17,SH2B3,0.05,0.0358451,0
13257,17,AFF4,0.11,0.0798922,0
13258,17,NF2,6.938893903907228e-18,0.05757320000000002,0
13259,17,LMNA,0.07999999999999999,0.0689184,0
13260,17,TSC2,0.44000000000000006,0.38390989999999997,0
13261,17,GOLPH3,-0.11,-0.0627066,0
13262,17,PCM1,-0.049999999999999996,-0.028700399999999997,0
13263,17,PPP2R1A,-0.5600000000000002,-0.18007510000000002,0
13264,17,ARID1A,1.750000000000001,1.1968181,0
13265,17,ABL1,0.31000000000000005,0.23853900000000006,0
13266,17,AFF1,0.32,0.233095,0
13267,17,DAXX,-0.21000000000000002,-0.034728400000000006,0
13268,17,CBFB,0.14,0.10067389999999998,0
13269,17,CBLB,0.13,0.096583,0
13270,17,POLR2A,0.009999999999999981,0.1201744,0
13271,17,PRKACA,0.36000000000000004,0.2794688999999999,0
13272,17,DNM2,-0.14,-0.05573060000000001,0
13273,17,RAP1GDS1,-0.04000000000000001,-0.0188172,0
13274,17,NCOR1,0.9600000000000003,0.7749155,0
13275,17,NFKBIE,-0.15000000000000002,-0.061018800000000005,0
13276,17,DDX3X,0.09000000000000001,0.113856,0
13277,17,ELK4,0.02,0.0144904,0
13278,17,MLLT6,0.11,0.073968,0
13279,17,SRSF2,-0.7200000000000001,-0.20649620000000002,0
13280,17,CTNNA1,0.08000000000000002,0.0622609,0
13281,17,RBM10,0.23,0.1570625,0
13282,17,PTPRC,0.1,0.1144282,0
13283,17,HSP90AA1,1.1300000000000006,0.7137770999999999,0
13284,18,NSD1,0.35000000000000003,0.30498,1
13285,18,DICER1,0.24000000000000005,0.28134010000000004,1
13286,18,BIRC6,0.17,0.1575387,1
13287,18,SDHC,0.43999999999999995,0.3205361,1
13288,18,TFG,0.2,0.1263812,1
13289,18,MAP2K2,0.32999999999999996,0.24103509999999997,1
13290,18,TFRC,-0.31000000000000005,-0.10705970000000001,1
13291,18,CREB1,0.7900000000000005,0.7689905999999999,1
13292,18,POLG,-0.02,-0.0061688,1
13293,18,SETD2,0.6500000000000001,0.6059795,1
13294,18,NAB2,-0.5700000000000001,-0.1545532,1
13295,18,HIF1A,1.720000000000001,1.3352357,1
13296,18,FLCN,-0.020000000000000004,0.020090099999999993,1
13297,18,MAP2K4,0.030000000000000013,0.10117380000000001,1
13298,18,CNOT3,0.05,0.0478826,1
13299,18,CIITA,0.08,0.0502974,1
13300,18,LSM14A,0.17,0.1430221,1
13301,18,AKAP9,-0.04000000000000001,0.016599599999999992,1
13302,18,MSN,-0.15000000000000002,-0.026347000000000002,1
13303,18,BCR,-0.030000000000000002,0.049479800000000004,1
13304,18,TRRAP,0.020000000000000014,0.19593319999999995,1
13305,18,PPP6C,-0.14,-0.056474800000000006,1
13306,18,NCOA4,-0.11000000000000001,-0.027510399999999997,1
13307,18,BCL9,0.2,0.169842,1
13308,18,PRCC,0.14,0.11498299999999999,1
13309,18,LARP4B,0.03,0.0220833,1
13310,18,CHD2,0.02,0.0181938,1
13311,18,ASXL1,0.21999999999999997,0.3095379,1
13312,18,SMARCA4,2.050000000000001,1.5985821,1
13313,18,ERC1,-0.02,-0.0162504,1
13314,18,DCTN1,0.02000000000000001,0.047018899999999995,1
13315,18,PIK3R1,1.1700000000000006,0.9783463000000002,1
13316,18,EED,0.16999999999999998,0.12507630000000003,1
13317,18,CNBP,0.01,0.0057702,1
13318,18,SGK1,0.5099999999999999,0.3406701,1
13319,18,MLLT10,-0.26,-0.1555735,1
13320,18,BRD4,0.9800000000000004,0.8744250000000001,1
13321,18,RANBP2,0.3500000000000001,0.33800140000000006,1
13322,18,FBXO11,0.08,0.0658019,1
13323,18,PML,0.41999999999999993,0.28642090000000003,1
13324,18,AKT2,1.1400000000000003,0.8156186000000003,1
13325,18,CEP89,0.05,0.035129,1
13326,18,LZTR1,0.12,0.1313272,1
13327,18,YWHAE,0.16000000000000003,0.1142952,1
13328,18,DNAJB1,-0.09999999999999999,-0.026996299999999997,1
13329,18,PRDM2,0.07,0.0585063,1
13330,18,TPM4,0.54,0.39876370000000005,1
13331,18,CREBBP,2.240000000000001,1.8666074999999998,1
13332,18,PMS2,0.8600000000000003,0.7344778999999999,1
13333,18,DDR2,0.020000000000000004,0.011920199999999995,1
13334,18,FANCA,0.38000000000000006,0.3301888,1
13335,18,PDE4DIP,0.08,0.06585479999999999,1
13336,18,USP8,-0.04,-0.0175885,1
13337,18,MYH9,-0.38,-0.0907234,1
13338,18,MYC,-1.5500000000000005,-0.2981970000000001,1
13339,18,NBN,0.6100000000000001,0.5102077,1
13340,18,CCND3,-0.11000000000000001,-0.008326900000000002,1
13341,18,TRIP11,-0.09,-0.0662517,1
13342,18,CNTRL,-0.049999999999999996,-0.0416586,1
13343,18,PIK3CA,1.0100000000000007,0.9477095000000001,1
13344,18,DDX5,0.21000000000000005,0.22737930000000006,1
13345,18,PICALM,0.020000000000000004,0.017242300000000002,1
13346,18,RARA,0.03999999999999999,0.12995640000000003,1
13347,18,DDX6,-0.029999999999999992,0.09104359999999999,1
13348,18,COL1A1,0.21,0.18099049999999997,1
13349,18,VHL,0.32000000000000006,0.24471210000000002,1
13350,18,MAPK1,1.7700000000000011,1.2718944999999997,1
13351,18,SRC,0.3199999999999999,0.3625902999999999,1
13352,18,NFE2L2,0.36,0.2709636,1
13353,18,MITF,-0.21000000000000002,-0.0378566,1
13354,18,SMAD3,1.3200000000000007,1.2074642,1
13355,18,RBM15,0.13,0.1067534,1
13356,18,ATR,0.7600000000000002,0.6417780999999999,1
13357,18,EPAS1,0.45,0.4195112,1
13358,18,TPM3,0.13000000000000003,0.11183360000000003,1
13359,18,RPL10,0.13,0.12698009999999998,1
13360,18,STAG1,0.11999999999999998,0.16551680000000002,1
13361,18,SBDS,-0.04,-0.0149576,1
13362,18,KMT2D,1.0300000000000002,0.8326609000000001,1
13363,18,MED12,0.38000000000000006,0.3225918,1
13364,18,BCLAF1,-0.06,0.0346337,1
13365,18,ASPSCR1,-0.04,-0.0191445,1
13366,18,CDK12,0.5700000000000001,0.4633866000000001,1
13367,18,EWSR1,0.24999999999999997,0.3031249,1
13368,18,NDRG1,-0.05,-0.0133457,1
13369,18,PSIP1,0.05,0.0667278,1
13370,18,TRIM33,0.11,0.1007488,1
13371,18,MTOR,0.9100000000000004,0.7844094,1
13372,18,ARHGAP35,0.15000000000000002,0.1475338,1
13373,18,POT1,0.03,0.0261567,1
13374,18,EXT1,0.12,0.0939228,1
13375,18,IL6ST,0.34,0.28875520000000005,1
13376,18,IDH2,0.030000000000000002,0.0813844,1
13377,18,SMARCE1,0.42000000000000004,0.2801275999999999,1
13378,18,CRTC3,0.09,0.0767463,1
13379,18,TSC1,0.31,0.3057395,1
13380,18,BCOR,-0.13,0.0151943,1
13381,18,SDHA,0.23,0.1798207,1
13382,18,EP300,2.420000000000001,2.1171136000000006,1
13383,18,HNRNPA2B1,0.54,0.38164129999999996,1
13384,18,CLIP1,-0.11,-0.0703034,1
13385,18,PATZ1,-0.63,-0.1495029,1
13386,18,FUBP1,-0.22999999999999998,-0.06002050000000002,1
13387,18,HLA-A,-0.07,0.013358199999999997,1
13388,18,CCNC,-0.22,-0.09051300000000001,1
13389,18,RPN1,-0.17,-0.0635498,1
13390,18,TCF7L2,0.07000000000000002,0.12662359999999995,1
13391,18,CANT1,-0.010000000000000009,0.01770920000000001,1
13392,18,RPL5,-0.55,-0.1629675,1
13393,18,CCDC6,0.11000000000000001,0.1111625,1
13394,18,NCKIPSD,-0.04,-0.0172154,1
13395,18,SMARCD1,0.41000000000000003,0.3634968,1
13396,18,BCL10,0.019999999999999997,0.060701599999999994,1
13397,18,MAX,0.05999999999999999,0.09370609999999999,1
13398,18,HERPUD1,-0.05,-0.0116355,1
13399,18,RAC1,0.19999999999999998,0.21062429999999996,1
13400,18,FLNA,0.16,0.11619540000000002,1
13401,18,TFE3,-0.66,-0.2613334,1
13402,18,NCOR2,0.6100000000000003,0.5245633999999999,1
13403,18,PRPF40B,0.04,0.0274994,1
13404,18,BCL3,-0.13999999999999996,-0.0171363,1
13405,18,TFPT,-0.33,-0.1044627,1
13406,18,MLH1,0.8100000000000003,0.7335112000000001,1
13407,18,ARHGAP5,0.11999999999999998,0.1123764,1
13408,18,CIC,0.01,0.0075649,1
13409,18,LYN,0.6300000000000001,0.5241128,1
13410,18,TCF12,0.36000000000000004,0.2987818,1
13411,18,KLF6,0.06,0.0384528,1
13412,18,KMT2C,1.0600000000000003,0.8866203000000001,1
13413,18,PIM1,-0.07,0.005944099999999994,1
13414,18,CCND1,1.1200000000000006,0.6872372000000001,1
13415,18,MLLT1,-1.5400000000000003,-0.3645701,1
13416,18,MEN1,-0.02999999999999999,0.021082999999999984,1
13417,18,CUL3,0.14999999999999997,0.1929623,1
13418,18,RB1,0.7400000000000002,0.6074589,1
13419,18,LPP,-0.13,-0.027532299999999996,1
13420,18,BUB1B,-0.11000000000000001,-0.021303600000000002,1
13421,18,SMAD4,1.750000000000001,1.4113608000000002,1
13422,18,FGFR1,0.23,0.23211579999999998,1
13423,18,TMSB4X,0.03,0.0228126,1
13424,18,CDK4,1.0900000000000005,0.7374451999999998,1
13425,18,MSI2,0.01,0.0077514,1
13426,18,MSH6,1.0800000000000005,0.9225536,1
13427,18,BRAF,1.3200000000000007,1.1601599999999999,1
13428,18,TCEA1,-0.1,-0.004267999999999994,1
13429,18,TNFAIP3,0.09000000000000001,0.1042769,1
13430,18,RABEP1,0.0,0.0002716000000000038,1
13431,18,GMPS,-0.07,-0.03701529999999999,1
13432,18,MDM2,1.1200000000000008,0.8922352999999997,1
13433,18,NSD2,0.24,0.1905376,1
13434,18,CASP8,-0.26000000000000006,0.05286869999999998,1
13435,18,PER1,-0.26999999999999996,-0.08470830000000001,1
13436,18,UBR5,-0.010000000000000007,0.0267558,1
13437,18,EIF3E,0.05,0.07924830000000001,1
13438,18,RFWD3,0.030000000000000002,0.032415400000000004,1
13439,18,BRD3,0.13,0.09219110000000001,1
13440,18,PAFAH1B2,0.02,0.0181938,1
13441,18,EXT2,-0.010000000000000009,0.01472939999999999,1
13442,18,PLCG1,0.3700000000000001,0.3601805,1
13443,18,SF3B1,-0.7200000000000001,-0.3623174,1
13444,18,ARHGEF10L,0.03,0.0160533,1
13445,18,NFATC2,0.26,0.1984957,1
13446,18,SDHD,0.33999999999999997,0.24807200000000004,1
13447,18,PABPC1,-0.9199999999999999,-0.2500152,1
13448,18,POLD1,-0.22999999999999993,-0.0369486,1
13449,18,CALR,0.03,0.06997609999999999,1
13450,18,PIK3CB,0.5700000000000001,0.5178813,1
13451,18,PPM1D,0.30000000000000004,0.23733020000000005,1
13452,18,ATRX,1.0800000000000005,0.9557482000000002,1
13453,18,DGCR8,0.18,0.13747589999999998,1
13454,18,DDX10,0.2,0.158005,1
13455,18,DROSHA,0.5500000000000002,0.44027430000000006,1
13456,18,TNFRSF14,-0.16,-0.0584174,1
13457,18,BCL9L,0.14,0.1120359,1
13458,18,QKI,0.05,0.038413,1
13459,18,BAZ1A,0.01,0.0079168,1
13460,18,CHD4,0.44000000000000006,0.40380090000000013,1
13461,18,NSD3,0.09,0.11168010000000002,1
13462,18,NT5C2,0.16,0.09830680000000001,1
13463,18,CCNB1IP1,0.12000000000000001,0.05460580000000001,1
13464,18,PCBP1,-1.08,-0.28182090000000004,1
13465,18,RALGDS,-0.06,0.031661100000000005,1
13466,18,ARHGEF12,-0.009999999999999995,0.0333445,1
13467,18,HSP90AB1,1.2900000000000005,0.8658822000000002,1
13468,18,FOXO3,1.520000000000001,1.1754839,1
13469,18,HIP1,-0.01,-0.004790100000000002,1
13470,18,CDC73,0.039999999999999994,0.07122150000000001,1
13471,18,NIN,-0.020000000000000004,-0.010589700000000007,1
13472,18,MDM4,0.09999999999999998,0.1718578,1
13473,18,COL3A1,0.22,0.18045830000000002,1
13474,18,CTNND1,0.09000000000000005,0.14741050000000003,1
13475,18,SPOP,0.06000000000000002,0.09196050000000001,1
13476,18,TMEM127,0.05,0.029512499999999997,1
13477,18,CREB3L2,0.16,0.10244560000000001,1
13478,18,MSH2,1.0200000000000005,0.8846837000000002,1
13479,18,FNBP1,-0.010000000000000002,0.024862299999999997,1
13480,18,ATF1,0.14,0.09573540000000001,1
13481,18,EIF1AX,-0.45999999999999996,-0.1744644,1
13482,18,PMS1,0.6,0.47856129999999997,1
13483,18,DEK,0.18,0.1497234,1
13484,18,ERBB2,0.79,0.5148830999999999,1
13485,18,AKT1,0.9000000000000004,0.6216492999999998,1
13486,18,CHEK2,0.6000000000000001,0.6569871,1
13487,18,SDHB,0.45000000000000007,0.3138286,1
13488,18,NCOA1,0.35,0.3073175,1
13489,18,CHIC2,0.08,0.0543463,1
13490,18,RUNX1,0.21999999999999997,0.6303342000000002,1
13491,18,STAT6,0.38,0.3558311,1
13492,18,FH,-0.09000000000000001,-0.023110800000000008,1
13493,18,AKT3,1.1400000000000003,0.8339543000000003,1
13494,18,GNAS,0.37,0.2756878,1
13495,18,CTNNB1,1.3700000000000006,0.9641601,1
13496,18,NONO,0.37000000000000005,0.3285281,1
13497,18,SMARCB1,1.0700000000000003,0.8447509999999999,1
13498,18,PRKAR1A,0.18999999999999997,0.19356140000000002,1
13499,18,ITGAV,-0.04,0.031676899999999994,1
13500,18,SS18,0.41000000000000003,0.2956184,1
13501,18,MAP2K1,1.0600000000000003,0.667089,1
13502,18,SIRPA,-0.09,-0.028584099999999998,1
13503,18,PPFIBP1,0.39999999999999997,0.2999682,1
13504,18,RPL22,-0.09999999999999998,0.10090070000000001,1
13505,18,CYLD,0.32,0.25680179999999997,1
13506,18,ARID1B,0.8400000000000001,0.6569053,1
13507,18,SETDB1,0.36000000000000004,0.2627064,1
13508,18,AFDN,-0.33999999999999997,-0.09582010000000002,1
13509,18,ZRSR2,-0.19999999999999998,-0.1455396,1
13510,18,PBRM1,0.9900000000000004,0.7648532000000001,1
13511,18,XPC,0.48,0.2985415,1
13512,18,ASXL2,0.30000000000000004,0.224157,1
13513,18,TRIM24,-0.18,0.0009417000000000054,1
13514,18,SFPQ,-0.38,-0.11106579999999999,1
13515,18,NCOA2,0.5900000000000001,0.4909257,1
13516,18,FOXO4,0.43999999999999995,0.2656077,1
13517,18,LEF1,0.28,0.23723570000000002,1
13518,18,B2M,-0.32,-0.1450724,1
13519,18,DDIT3,-0.35,-0.10761799999999999,1
13520,18,BCL6,0.4700000000000001,0.37245149999999994,1
13521,18,KRAS,0.14000000000000007,0.2526664,1
13522,18,FAT1,0.14,0.1023721,1
13523,18,ABL2,0.06,0.06063260000000001,1
13524,18,NF1,1.2400000000000007,1.0334292999999999,1
13525,18,BTG1,-0.08,-0.0312592,1
13526,18,EIF4A2,0.07999999999999999,0.0556446,1
13527,18,SET,0.19,0.1553751,1
13528,18,EPS15,0.09,0.076627,1
13529,18,RNF213,0.06,0.051779000000000006,1
13530,18,CTCF,1.1500000000000004,0.8152307999999999,1
13531,18,WDCP,0.22999999999999995,0.1473564,1
13532,18,KAT7,0.15999999999999998,0.1371196,1
13533,18,KDM5C,0.21000000000000002,0.2014193,1
13534,18,TGFBR2,0.18999999999999995,0.18119670000000002,1
13535,18,ATM,1.1300000000000008,1.1492859000000004,1
13536,18,NUMA1,3.469446951953614e-18,0.0267685,1
13537,18,STAT3,0.9400000000000004,0.8640669999999997,1
13538,18,SUB1,-0.07,-0.031094300000000005,1
13539,18,NUP98,0.17999999999999997,0.21073680000000003,1
13540,18,ELL,0.14,0.0681676,1
13541,18,MAP3K1,0.30000000000000004,0.27646450000000006,1
13542,18,MALT1,0.1,0.1246229,1
13543,18,XPO1,0.5700000000000002,0.47322549999999985,1
13544,18,SETD1B,0.28,0.22437110000000005,1
13545,18,ETV6,-0.01000000000000001,0.0449389,1
13546,18,TBL1XR1,0.24000000000000002,0.1763526,1
13547,18,NUP214,-0.039999999999999966,0.1578121,1
13548,18,TPR,0.11000000000000001,0.10797989999999999,1
13549,18,ATIC,0.13999999999999996,0.1418623,1
13550,18,NACA,0.22,0.1411188,1
13551,18,MYO5A,0.0,0.0014232999999999997,1
13552,18,SMC1A,0.26999999999999996,0.4064261,1
13553,18,LASP1,-0.28,-0.13233100000000003,1
13554,18,ERCC5,0.48,0.32048090000000007,1
13555,18,JUN,-1.17,-0.1535615,1
13556,18,THRAP3,0.12,0.0942186,1
13557,18,STAG2,0.14999999999999997,0.23462279999999996,1
13558,18,RAF1,0.7300000000000002,0.597123,1
13559,18,ERCC3,0.64,0.5295346999999999,1
13560,18,SMAD2,0.5500000000000003,0.5781934000000001,1
13561,18,TAF15,0.24000000000000005,0.19036730000000002,1
13562,18,ARNT,0.24999999999999997,0.2345237,1
13563,18,CLTC,-0.53,-0.2143216,1
13564,18,IKBKB,0.41000000000000003,0.4473694999999999,1
13565,18,IDH1,-0.6300000000000001,-0.18476740000000003,1
13566,18,SND1,0.039999999999999994,0.0454785,1
13567,18,KNSTRN,0.02,0.0157914,1
13568,18,RHOA,-3.39,-0.7522673999999998,1
13569,18,PALB2,0.7300000000000002,0.6264557000000001,1
13570,18,ARID2,0.8500000000000001,0.6712962,1
13571,18,EZR,-0.13000000000000003,-0.0405022,1
13572,18,TP53,0.15000000000000002,0.4765156,1
13573,18,ARAF,0.46,0.26506250000000003,1
13574,18,KIF5B,0.5800000000000001,0.4475902000000001,1
13575,18,KAT6A,0.21000000000000002,0.23880929999999997,1
13576,18,KTN1,-0.08,-0.010089999999999997,1
13577,18,GOLGA5,-0.09000000000000001,-0.060627,1
13578,18,KDM5A,0.31000000000000005,0.2932137,1
13579,18,RAD21,0.6200000000000001,0.5178374,1
13580,18,GNAQ,0.4000000000000001,0.3059799,1
13581,18,CAMTA1,0.06,0.043375,1
13582,18,ERCC2,0.7400000000000001,0.5720248000000001,1
13583,18,EZH2,1.500000000000001,1.2265092,1
13584,18,TOP1,0.32,0.27775299999999997,1
13585,18,SRSF3,-0.25,-0.04342899999999999,1
13586,18,NPM1,0.08,0.1524197,1
13587,18,BAX,-0.7200000000000001,-0.16009630000000002,1
13588,18,NOTCH2,0.28,0.2442091,1
13589,18,TRAF7,0.02,0.0141272,1
13590,18,KDM6A,0.9100000000000004,0.9244176999999998,1
13591,18,SPEN,0.16,0.1309575,1
13592,18,TRIM27,-0.55,-0.16620510000000002,1
13593,18,CRTC1,0.15,0.1192842,1
13594,18,EML4,0.38,0.37564210000000003,1
13595,18,USP9X,0.019999999999999993,0.017696299999999998,1
13596,18,PTPRK,-0.02,-0.0106342,1
13597,18,CD74,-0.15999999999999998,-0.020785700000000025,1
13598,18,CBL,0.52,0.5013644,1
13599,18,ZNF384,0.05,0.0412655,1
13600,18,NOTCH1,1.1100000000000005,0.8193286999999999,1
13601,18,COX6C,-0.18,-0.05420679999999999,1
13602,18,CHCHD7,0.03,0.0215553,1
13603,18,HMGA1,-0.07,-0.0261454,1
13604,18,PTEN,1.0400000000000005,1.0476300000000003,1
13605,18,FIP1L1,-0.06,-0.022275800000000002,1
13606,18,JAK1,0.9000000000000004,0.7601669000000001,1
13607,18,ZMYM2,0.020000000000000004,0.0177794,1
13608,18,SUZ12,0.6600000000000003,0.6245225999999997,1
13609,18,FUS,-0.8500000000000001,-0.12210549999999999,1
13610,18,BAP1,-0.54,-0.2082652,1
13611,18,ZCCHC8,-0.07,-0.021474600000000003,1
13612,18,CRNKL1,0.03,0.024809900000000003,1
13613,18,RAD17,0.22999999999999998,0.1809368,1
13614,18,ATP1A1,0.01,0.0050046,1
13615,18,DNMT3A,1.0400000000000005,0.8589498999999999,1
13616,18,FBXW7,1.0500000000000005,0.9019760999999998,1
13617,18,WWTR1,-0.07,-0.022060300000000005,1
13618,18,CDKN1B,0.3600000000000001,0.29416580000000003,1
13619,18,KMT2A,0.25,0.32022229999999996,1
13620,18,PTPN11,1.1700000000000008,0.9672559999999998,1
13621,18,STAT5B,0.7900000000000003,0.6644903000000001,1
13622,18,CUX1,-0.07,-0.0473846,1
13623,18,ABI1,-0.13,-0.026018200000000002,1
13624,18,BRCA1,1.740000000000001,1.4484617000000002,1
13625,18,SH2B3,0.09999999999999999,0.0630323,1
13626,18,AFF4,-0.20999999999999996,-0.1068413,1
13627,18,NF2,0.14999999999999994,0.15441100000000002,1
13628,18,LMNA,0.05,0.05050060000000002,1
13629,18,TSC2,0.8700000000000003,0.7071663999999998,1
13630,18,GOLPH3,-0.04,-0.032051500000000004,1
13631,18,PCM1,-0.04000000000000001,-0.0317443,1
13632,18,PPP2R1A,-0.31,-0.0757509,1
13633,18,ARID1A,1.8600000000000012,1.5148598,1
13634,18,ABL1,-0.22999999999999998,0.05445949999999995,1
13635,18,AFF1,0.02,0.05627080000000001,1
13636,18,DAXX,-0.37000000000000005,-0.0974657,1
13637,18,CBFB,0.039999999999999994,0.12241139999999998,1
13638,18,CBLB,0.18,0.15993570000000001,1
13639,18,POLR2A,-0.54,0.000859400000000024,1
13640,18,PRKACA,0.15000000000000008,0.22792180000000004,1
13641,18,DNM2,-0.09999999999999999,-0.0369672,1
13642,18,RAP1GDS1,0.030000000000000013,0.05742730000000002,1
13643,18,NCOR1,0.9200000000000003,0.9148252,1
13644,18,NFKBIE,-0.51,-0.152267,1
13645,18,DDX3X,0.32,0.28781640000000003,1
13646,18,ELK4,0.03,0.0255354,1
13647,18,MLLT6,-0.019999999999999993,0.0037545999999999986,1
13648,18,SRSF2,-3.34,-0.7439157000000001,1
13649,18,CTNNA1,0.17,0.1321336,1
13650,18,RBM10,0.03,0.0351934,1
13651,18,PTPRC,6.938893903907228e-18,0.10507230000000001,1
13652,18,HSP90AA1,1.1600000000000006,0.7833287000000003,1
13653,18,NSD1,0.22999999999999998,0.19589070000000003,0
13654,18,DICER1,0.21,0.22108299999999997,0
13655,18,BIRC6,0.08,0.06613780000000001,0
13656,18,SDHC,0.28,0.2090115,0
13657,18,TFG,0.35000000000000003,0.1994928,0
13658,18,MAP2K2,0.27,0.2051235,0
13659,18,TFRC,-0.21000000000000002,-0.10011610000000001,0
13660,18,CREB1,0.7600000000000006,0.5719236000000001,0
13661,18,POLG,0.01,0.0036644,0
13662,18,SETD2,0.7100000000000002,0.5964811000000001,0
13663,18,NAB2,-0.34,-0.12275649999999999,0
13664,18,HIF1A,1.620000000000001,1.1518392999999998,0
13665,18,FLCN,0.03,0.0320091,0
13666,18,MAP2K4,-0.04999999999999999,0.0555478,0
13667,18,CNOT3,-0.009999999999999998,0.007912899999999997,0
13668,18,CIITA,0.06,0.033513100000000004,0
13669,18,LSM14A,0.09,0.0797504,0
13670,18,AKAP9,-0.05,-0.014947699999999998,0
13671,18,MSN,-0.43999999999999995,-0.11961689999999998,0
13672,18,BCR,0.050000000000000024,0.0560479,0
13673,18,TRRAP,-0.02999999999999996,0.10573079999999999,0
13674,18,PPP6C,-0.15,-0.0752613,0
13675,18,NCOA4,-0.16999999999999998,-0.0895779,0
13676,18,BCL9,0.12,0.09829770000000002,0
13677,18,PRCC,0.030000000000000002,0.025425999999999997,0
13678,18,LARP4B,0.0,0.0,0
13679,18,CHD2,0.01,0.0077916,0
13680,18,ASXL1,0.5099999999999999,0.4740017,0
13681,18,SMARCA4,1.3900000000000008,1.0452533999999998,0
13682,18,ERC1,-0.03,-0.0219969,0
13683,18,DCTN1,-0.2699999999999999,-0.1298889,0
13684,18,PIK3R1,1.2500000000000007,0.9121446000000001,0
13685,18,EED,-0.08000000000000002,-0.0022940999999999942,0
13686,18,CNBP,0.01,0.0055679,0
13687,18,SGK1,0.28,0.1633835,0
13688,18,MLLT10,-0.10999999999999999,-0.037769899999999995,0
13689,18,BRD4,0.9700000000000004,0.7391165,0
13690,18,RANBP2,0.13,0.19477020000000003,0
13691,18,FBXO11,0.05,0.041080099999999994,0
13692,18,PML,0.33,0.2354623,0
13693,18,AKT2,0.9100000000000001,0.6241882,0
13694,18,CEP89,0.05,0.0289476,0
13695,18,LZTR1,0.08,0.08671599999999999,0
13696,18,YWHAE,0.28,0.1756555,0
13697,18,DNAJB1,-0.04,0.0025762000000000007,0
13698,18,PRDM2,0.02,0.015506100000000002,0
13699,18,TPM4,0.5,0.32155780000000006,0
13700,18,CREBBP,1.8800000000000012,1.5210206999999998,0
13701,18,PMS2,0.6000000000000001,0.5436798,0
13702,18,DDR2,0.049999999999999996,0.032019200000000005,0
13703,18,FANCA,0.35,0.2805059,0
13704,18,PDE4DIP,0.04,0.027044000000000002,0
13705,18,USP8,-0.1,-0.0465046,0
13706,18,MYH9,-0.3,-0.06564530000000002,0
13707,18,MYC,-1.0000000000000002,-0.3894688,0
13708,18,NBN,0.51,0.384871,0
13709,18,CCND3,-0.07000000000000002,0.007999900000000004,0
13710,18,TRIP11,-0.13,-0.08807090000000001,0
13711,18,CNTRL,-0.060000000000000005,-0.0447383,0
13712,18,PIK3CA,1.4400000000000006,1.0246960000000005,0
13713,18,DDX5,0.41000000000000003,0.32745739999999995,0
13714,18,PICALM,0.0,0.005127700000000002,0
13715,18,RARA,0.37,0.286504,0
13716,18,DDX6,-1.734723475976807e-17,0.0707498,0
13717,18,COL1A1,0.09999999999999999,0.1066672,0
13718,18,VHL,0.18,0.1278945,0
13719,18,MAPK1,1.670000000000001,1.1092914999999997,0
13720,18,SRC,-0.27,0.10311080000000004,0
13721,18,NFE2L2,0.24,0.16803639999999997,0
13722,18,MITF,-0.27,-0.05386349999999999,0
13723,18,SMAD3,1.2100000000000009,0.9283911999999999,0
13724,18,RBM15,0.08,0.06499540000000001,0
13725,18,ATR,0.6600000000000003,0.5624856,0
13726,18,EPAS1,0.36000000000000004,0.31523439999999997,0
13727,18,TPM3,0.22999999999999998,0.16147270000000002,0
13728,18,RPL10,0.13,0.11038320000000001,0
13729,18,STAG1,0.13,0.13531559999999998,0
13730,18,SBDS,-0.04,-0.0157348,0
13731,18,KMT2D,0.9300000000000004,0.6883225,0
13732,18,MED12,0.27,0.2219183,0
13733,18,BCLAF1,-0.020000000000000004,0.022425299999999995,0
13734,18,ASPSCR1,1.734723475976807e-18,0.009721000000000002,0
13735,18,CDK12,0.25,0.1857279,0
13736,18,EWSR1,0.42999999999999994,0.35303029999999996,0
13737,18,NDRG1,-0.04000000000000001,-0.0122716,0
13738,18,PSIP1,-0.22,-0.10955519999999999,0
13739,18,TRIM33,0.01000000000000001,0.01976790000000001,0
13740,18,MTOR,1.2400000000000007,0.8936256,0
13741,18,ARHGAP35,0.13,0.1435547,0
13742,18,POT1,-0.05,-0.009502399999999998,0
13743,18,EXT1,0.1,0.065721,0
13744,18,IL6ST,0.28,0.21597449999999999,0
13745,18,IDH2,-0.039999999999999994,0.0259567,0
13746,18,SMARCE1,0.41000000000000003,0.2571718,0
13747,18,CRTC3,0.09,0.0664352,0
13748,18,TSC1,0.32,0.28582189999999996,0
13749,18,BCOR,-0.13999999999999999,-0.017332800000000006,0
13750,18,SDHA,0.21999999999999995,0.14136970000000001,0
13751,18,EP300,1.5900000000000012,1.2642130999999996,0
13752,18,HNRNPA2B1,0.36999999999999994,0.2915251,0
13753,18,CLIP1,-0.12000000000000001,-0.0672549,0
13754,18,PATZ1,-0.46,-0.12777550000000001,0
13755,18,FUBP1,-0.15,-0.007391899999999991,0
13756,18,HLA-A,-0.29000000000000004,-0.031412300000000004,0
13757,18,CCNC,-0.09999999999999999,-0.044398299999999995,0
13758,18,RPN1,-0.26,-0.0703838,0
13759,18,TCF7L2,0.04999999999999998,0.07801519999999999,0
13760,18,CANT1,0.1,0.059354600000000014,0
13761,18,RPL5,-0.66,-0.2011373,0
13762,18,CCDC6,-0.010000000000000009,0.03427170000000001,0
13763,18,NCKIPSD,0.03,0.018106300000000006,0
13764,18,SMARCD1,0.45,0.31586050000000004,0
13765,18,BCL10,-0.010000000000000002,0.023117799999999994,0
13766,18,MAX,-0.010000000000000005,0.0088826,0
13767,18,HERPUD1,0.01,0.0037983,0
13768,18,RAC1,-0.10999999999999999,0.061266099999999976,0
13769,18,FLNA,0.01999999999999999,0.056299499999999995,0
13770,18,TFE3,-0.4200000000000001,-0.17785929999999997,0
13771,18,NCOR2,0.7200000000000002,0.5337905000000001,0
13772,18,PRPF40B,-0.04,-0.015936600000000002,0
13773,18,BCL3,-0.05000000000000001,-0.008540599999999995,0
13774,18,TFPT,-0.29,-0.0932336,0
13775,18,MLH1,0.8200000000000001,0.6795703,0
13776,18,ARHGAP5,0.13,0.1081113,0
13777,18,CIC,0.0,0.0,0
13778,18,LYN,0.85,0.5982142999999999,0
13779,18,TCF12,0.26999999999999996,0.201918,0
13780,18,KLF6,0.05,0.0284993,0
13781,18,KMT2C,1.0000000000000002,0.7915174000000001,0
13782,18,PIM1,-0.19000000000000003,-0.0638747,0
13783,18,CCND1,1.3200000000000007,0.7993488999999999,0
13784,18,MLLT1,-0.9200000000000002,-0.29271700000000006,0
13785,18,MEN1,0.049999999999999975,0.07025799999999999,0
13786,18,CUL3,0.08999999999999998,0.10907510000000001,0
13787,18,RB1,0.5900000000000001,0.45750110000000005,0
13788,18,LPP,-0.06,-0.020629600000000005,0
13789,18,BUB1B,-0.18,-0.09484290000000001,0
13790,18,SMAD4,1.4100000000000008,1.0616707,0
13791,18,FGFR1,0.26,0.18831269999999994,0
13792,18,TMSB4X,0.04,0.0319012,0
13793,18,CDK4,0.6600000000000001,0.4537614000000001,0
13794,18,MSI2,0.01,0.0069838999999999995,0
13795,18,MSH6,0.7900000000000003,0.6205065000000001,0
13796,18,BRAF,0.8600000000000001,0.8288508999999998,0
13797,18,TCEA1,-0.03,0.0156698,0
13798,18,TNFAIP3,0.09999999999999999,0.1010144,0
13799,18,RABEP1,0.0,-0.001813200000000001,0
13800,18,GMPS,-0.06,-0.036390300000000014,0
13801,18,MDM2,1.0800000000000005,0.7549765000000002,0
13802,18,NSD2,0.15,0.10503029999999998,0
13803,18,CASP8,0.019999999999999997,0.1964017,0
13804,18,PER1,-0.21999999999999997,-0.04705129999999999,0
13805,18,UBR5,-0.029999999999999995,-0.0012353000000000017,0
13806,18,EIF3E,0.009999999999999995,0.07116460000000001,0
13807,18,RFWD3,0.020000000000000004,0.02546540000000001,0
13808,18,BRD3,0.13,0.11117930000000001,0
13809,18,PAFAH1B2,0.02,0.0160534,0
13810,18,EXT2,0.020000000000000004,0.011808199999999998,0
13811,18,PLCG1,0.5100000000000001,0.37000059999999996,0
13812,18,SF3B1,-0.24999999999999997,-0.0838258,0
13813,18,ARHGEF10L,0.02,0.010028800000000001,0
13814,18,NFATC2,0.2,0.1460669,0
13815,18,SDHD,0.26,0.1496142,0
13816,18,PABPC1,-0.82,-0.2155875,0
13817,18,POLD1,-0.25,-0.049474000000000004,0
13818,18,CALR,0.05000000000000001,0.04891540000000001,0
13819,18,PIK3CB,0.54,0.4390628,0
13820,18,PPM1D,0.16,0.12415090000000001,0
13821,18,ATRX,0.9300000000000005,0.7517653000000003,0
13822,18,DGCR8,0.17,0.11169190000000001,0
13823,18,DDX10,0.12,0.08418039999999999,0
13824,18,DROSHA,0.4700000000000001,0.3531991,0
13825,18,TNFRSF14,-0.12,-0.0461401,0
13826,18,BCL9L,0.13999999999999999,0.0970781,0
13827,18,QKI,-0.09999999999999999,-0.06084690000000001,0
13828,18,BAZ1A,0.01,0.0073068000000000004,0
13829,18,CHD4,0.15,0.1495878,0
13830,18,NSD3,0.020000000000000004,0.028942800000000005,0
13831,18,NT5C2,0.16,0.09630530000000001,0
13832,18,CCNB1IP1,0.09000000000000001,0.0405762,0
13833,18,PCBP1,-0.79,-0.24254810000000002,0
13834,18,RALGDS,0.12,0.093578,0
13835,18,ARHGEF12,-0.019999999999999997,0.0016176000000000038,0
13836,18,HSP90AB1,1.0200000000000002,0.6959463999999997,0
13837,18,FOXO3,1.2700000000000007,0.8700407000000002,0
13838,18,HIP1,0.0,0.0009831000000000006,0
13839,18,CDC73,-0.15999999999999998,-0.021610699999999997,0
13840,18,NIN,0.02,0.015019999999999999,0
13841,18,MDM4,0.09,0.1472301,0
13842,18,COL3A1,0.15,0.1315826,0
13843,18,CTNND1,0.10000000000000002,0.1325399,0
13844,18,SPOP,-0.03,0.0037150999999999946,0
13845,18,TMEM127,0.08,0.060431700000000005,0
13846,18,CREB3L2,0.12,0.0771192,0
13847,18,MSH2,0.8900000000000003,0.6563296000000002,0
13848,18,FNBP1,0.01,0.0120133,0
13849,18,ATF1,0.039999999999999994,0.0263093,0
13850,18,EIF1AX,-0.4600000000000001,-0.20526469999999997,0
13851,18,PMS1,0.48000000000000004,0.3644683,0
13852,18,DEK,0.09999999999999999,0.09504030000000001,0
13853,18,ERBB2,1.0600000000000005,0.6937177999999999,0
13854,18,AKT1,0.9700000000000005,0.6098133999999997,0
13855,18,CHEK2,0.29,0.3558871,0
13856,18,SDHB,0.43,0.2807946,0
13857,18,NCOA1,0.39,0.27175790000000005,0
13858,18,CHIC2,0.049999999999999996,0.026227599999999997,0
13859,18,RUNX1,0.6400000000000006,0.6865176000000001,0
13860,18,STAT6,0.29000000000000004,0.21610810000000003,0
13861,18,FH,-0.18000000000000002,-0.0657533,0
13862,18,AKT3,0.9800000000000004,0.6571644,0
13863,18,GNAS,0.22999999999999998,0.1627804,0
13864,18,CTNNB1,1.2500000000000007,0.8650422000000002,0
13865,18,NONO,0.11,0.0779919,0
13866,18,SMARCB1,0.9300000000000004,0.6937291999999999,0
13867,18,PRKAR1A,0.09999999999999999,0.1070738,0
13868,18,ITGAV,0.00999999999999999,0.0260441,0
13869,18,SS18,0.4,0.2646382,0
13870,18,MAP2K1,1.1100000000000005,0.6985488999999999,0
13871,18,SIRPA,-0.009999999999999998,-0.0035718999999999994,0
13872,18,PPFIBP1,0.39,0.25901029999999997,0
13873,18,RPL22,-0.13999999999999999,0.0713979,0
13874,18,CYLD,0.30000000000000004,0.2318857,0
13875,18,ARID1B,0.6599999999999999,0.4799235,0
13876,18,SETDB1,0.32,0.2267056,0
13877,18,AFDN,-0.37,-0.1408305,0
13878,18,ZRSR2,0.29000000000000004,0.21641379999999996,0
13879,18,PBRM1,0.9400000000000004,0.6804183000000001,0
13880,18,XPC,0.6200000000000001,0.42128259999999995,0
13881,18,ASXL2,0.24,0.16238370000000002,0
13882,18,TRIM24,-0.28,-0.1286643,0
13883,18,SFPQ,-0.1,0.008503700000000006,0
13884,18,NCOA2,0.54,0.3928215,0
13885,18,FOXO4,0.33000000000000007,0.22133139999999996,0
13886,18,LEF1,0.11,0.1113066,0
13887,18,B2M,-0.66,-0.24559970000000003,0
13888,18,DDIT3,-0.37,-0.09805860000000001,0
13889,18,BCL6,0.6100000000000001,0.43331480000000006,0
13890,18,KRAS,-1.3500000000000005,-0.37048940000000014,0
13891,18,FAT1,0.06000000000000001,0.054811399999999996,0
13892,18,ABL2,0.07,0.0545785,0
13893,18,NF1,0.8500000000000003,0.6804351999999997,0
13894,18,BTG1,-0.02,-0.010790800000000001,0
13895,18,EIF4A2,0.07999999999999999,0.06593009999999999,0
13896,18,SET,0.16,0.1367332,0
13897,18,EPS15,0.04,0.03830080000000001,0
13898,18,RNF213,0.04,0.030951199999999998,0
13899,18,CTCF,0.9100000000000004,0.6487416000000003,0
13900,18,WDCP,0.14,0.0891081,0
13901,18,KAT7,0.09999999999999999,0.0781703,0
13902,18,KDM5C,0.13999999999999999,0.1366135,0
13903,18,TGFBR2,0.20999999999999996,0.1545679,0
13904,18,ATM,1.3300000000000007,1.0485130999999999,0
13905,18,NUMA1,-0.01,0.0029048999999999985,0
13906,18,STAT3,1.5200000000000007,1.2139731999999994,0
13907,18,SUB1,-0.25,-0.0907999,0
13908,18,NUP98,0.06999999999999999,0.08476889999999998,0
13909,18,ELL,-0.03000000000000001,-0.0038019999999999946,0
13910,18,MAP3K1,0.39999999999999997,0.3038362,0
13911,18,MALT1,0.15000000000000002,0.1505125,0
13912,18,XPO1,0.29000000000000004,0.2322887,0
13913,18,SETD1B,0.15,0.10886690000000002,0
13914,18,ETV6,-0.22,-0.0849828,0
13915,18,TBL1XR1,0.2,0.1349183,0
13916,18,NUP214,0.020000000000000028,0.0931731,0
13917,18,TPR,0.09999999999999999,0.09167990000000001,0
13918,18,ATIC,0.049999999999999996,0.04440789999999999,0
13919,18,NACA,0.21000000000000002,0.13771930000000002,0
13920,18,MYO5A,0.009999999999999998,0.0084951,0
13921,18,SMC1A,0.6300000000000001,0.5191359999999999,0
13922,18,LASP1,-0.21000000000000002,-0.11836450000000001,0
13923,18,ERCC5,0.46,0.29506019999999994,0
13924,18,JUN,0.010000000000000018,0.1921418,0
13925,18,THRAP3,0.06,0.05365679999999999,0
13926,18,STAG2,0.45999999999999996,0.3735691999999999,0
13927,18,RAF1,1.0900000000000003,0.7698632000000002,0
13928,18,ERCC3,0.52,0.42991050000000003,0
13929,18,SMAD2,0.5700000000000001,0.5040425,0
13930,18,TAF15,0.17,0.1400996,0
13931,18,ARNT,0.27999999999999997,0.23202660000000003,0
13932,18,CLTC,-0.5700000000000001,-0.29789699999999997,0
13933,18,IKBKB,0.46000000000000013,0.4040752,0
13934,18,IDH1,-0.6500000000000001,-0.19353759999999998,0
13935,18,SND1,0.0,0.0018884000000000001,0
13936,18,KNSTRN,0.03,0.0252654,0
13937,18,RHOA,-1.4200000000000004,-0.3740200999999999,0
13938,18,PALB2,0.58,0.4831605,0
13939,18,ARID2,0.73,0.5429977,0
13940,18,EZR,-0.13,-0.023701799999999995,0
13941,18,TP53,-0.9599999999999999,-0.11562500000000002,0
13942,18,ARAF,0.4,0.21894419999999998,0
13943,18,KIF5B,0.45,0.3210739,0
13944,18,KAT6A,0.19999999999999998,0.18103750000000002,0
13945,18,KTN1,-0.07,-0.020642300000000002,0
13946,18,GOLGA5,-0.13,-0.0843694,0
13947,18,KDM5A,0.22999999999999998,0.199601,0
13948,18,RAD21,0.53,0.41912109999999997,0
13949,18,GNAQ,0.12000000000000001,0.0947304,0
13950,18,CAMTA1,0.01,0.006168400000000001,0
13951,18,ERCC2,0.63,0.46148599999999995,0
13952,18,EZH2,1.9900000000000013,1.3438776000000003,0
13953,18,TOP1,0.22999999999999998,0.18001329999999996,0
13954,18,SRSF3,-0.22,-0.07442900000000002,0
13955,18,NPM1,0.06999999999999998,0.18841730000000007,0
13956,18,BAX,-0.48,-0.150194,0
13957,18,NOTCH2,0.27999999999999997,0.22593589999999997,0
13958,18,TRAF7,0.03,0.022865399999999998,0
13959,18,KDM6A,0.7900000000000004,0.6959911999999999,0
13960,18,SPEN,0.11,0.0826307,0
13961,18,TRIM27,-0.43,-0.15130870000000002,0
13962,18,CRTC1,0.14,0.1087368,0
13963,18,EML4,0.19,0.16369920000000004,0
13964,18,USP9X,-0.07999999999999999,-0.052537299999999995,0
13965,18,PTPRK,0.01,0.006840199999999999,0
13966,18,CD74,-0.16,-0.015644300000000007,0
13967,18,CBL,0.58,0.4338565999999999,0
13968,18,ZNF384,-0.08,-0.0403023,0
13969,18,NOTCH1,1.0200000000000007,0.7854150999999998,0
13970,18,COX6C,-0.13,-0.059812000000000004,0
13971,18,CHCHD7,0.02,0.0132554,0
13972,18,HMGA1,-0.1,-0.0472331,0
13973,18,PTEN,1.3300000000000007,1.1259640999999998,0
13974,18,FIP1L1,-0.04000000000000001,-0.024293000000000006,0
13975,18,JAK1,0.8200000000000003,0.6411545999999999,0
13976,18,ZMYM2,-0.09000000000000001,-0.062511,0
13977,18,SUZ12,0.6700000000000002,0.46776329999999994,0
13978,18,FUS,-0.13000000000000006,0.13599080000000002,0
13979,18,BAP1,0.04,0.058276699999999994,0
13980,18,ZCCHC8,-0.08,-0.022535200000000002,0
13981,18,CRNKL1,-0.05,-0.028663499999999998,0
13982,18,RAD17,0.13,0.09478969999999999,0
13983,18,ATP1A1,0.009999999999999998,0.006799899999999999,0
13984,18,DNMT3A,0.9000000000000004,0.6715818999999998,0
13985,18,FBXW7,0.9600000000000003,0.7490785000000001,0
13986,18,WWTR1,-0.060000000000000005,-0.0315082,0
13987,18,CDKN1B,0.6,0.37830680000000005,0
13988,18,KMT2A,0.4000000000000001,0.3401471,0
13989,18,PTPN11,0.9500000000000004,0.6980512999999999,0
13990,18,STAT5B,0.6700000000000002,0.5116054,0
13991,18,CUX1,-0.11000000000000001,-0.072806,0
13992,18,ABI1,-0.42999999999999994,-0.1441751,0
13993,18,BRCA1,1.7400000000000013,1.3603143,0
13994,18,SH2B3,0.03,0.024902800000000006,0
13995,18,AFF4,0.14,0.10068060000000001,0
13996,18,NF2,0.060000000000000005,0.10134089999999998,0
13997,18,LMNA,0.030000000000000002,0.041225,0
13998,18,TSC2,0.58,0.4594192000000001,0
13999,18,GOLPH3,-0.09,-0.0579884,0
14000,18,PCM1,-0.060000000000000005,-0.03874380000000001,0
14001,18,PPP2R1A,-0.5500000000000002,-0.19967669999999998,0
14002,18,ARID1A,1.710000000000001,1.2387456999999995,0
14003,18,ABL1,0.17000000000000004,0.17624369999999992,0
14004,18,AFF1,0.2,0.1636773,0
14005,18,DAXX,-0.3399999999999999,-0.0876035,0
14006,18,CBFB,0.11999999999999997,0.09781590000000001,0
14007,18,CBLB,0.13,0.1002832,0
14008,18,POLR2A,-0.04000000000000001,0.1373373,0
14009,18,PRKACA,0.31,0.23636409999999994,0
14010,18,DNM2,-0.13,-0.0507133,0
14011,18,RAP1GDS1,-0.07,-0.0281726,0
14012,18,NCOR1,0.8000000000000002,0.7271264000000001,0
14013,18,NFKBIE,-0.27,-0.09180930000000001,0
14014,18,DDX3X,0.14,0.12393430000000002,0
14015,18,ELK4,0.02,0.015288600000000001,0
14016,18,MLLT6,0.11000000000000001,0.08613249999999999,0
14017,18,SRSF2,-1.17,-0.33555730000000006,0
14018,18,CTNNA1,0.12,0.08750229999999999,0
14019,18,RBM10,0.18,0.1305651,0
14020,18,PTPRC,0.11000000000000001,0.11049089999999999,0
14021,18,HSP90AA1,1.1200000000000006,0.7504004999999998,0
14022,19,NSD1,0.34,0.2861727,1
14023,19,DICER1,0.24999999999999992,0.27197730000000003,1
14024,19,BIRC6,0.11,0.10240740000000001,1
14025,19,SDHC,0.4,0.2936854,1
14026,19,TFG,0.17,0.09989920000000002,1
14027,19,MAP2K2,0.30999999999999994,0.2026097,1
14028,19,TFRC,-0.28,-0.0986973,1
14029,19,CREB1,0.8600000000000004,0.735689,1
14030,19,POLG,-0.01,-0.0030361,1
14031,19,SETD2,0.6100000000000003,0.5590885999999999,1
14032,19,NAB2,-0.48,-0.14487650000000002,1
14033,19,HIF1A,1.5700000000000007,1.1952526,1
14034,19,FLCN,-0.04999999999999999,0.007381200000000001,1
14035,19,MAP2K4,0.04000000000000001,0.1023397,1
14036,19,CNOT3,0.06999999999999999,0.0629163,1
14037,19,CIITA,0.07,0.041532700000000006,1
14038,19,LSM14A,0.15000000000000002,0.12823120000000002,1
14039,19,AKAP9,-0.07,0.002760799999999994,1
14040,19,MSN,-0.29,-0.0838984,1
14041,19,BCR,-0.029999999999999992,0.0319826,1
14042,19,TRRAP,0.020000000000000028,0.1656574,1
14043,19,PPP6C,-0.14,-0.0639006,1
14044,19,NCOA4,-0.13,-0.0431522,1
14045,19,BCL9,0.19,0.14851999999999999,1
14046,19,PRCC,0.09,0.0733691,1
14047,19,LARP4B,0.02,0.014092400000000001,1
14048,19,CHD2,0.02,0.017959799999999998,1
14049,19,ASXL1,0.4600000000000001,0.4369209,1
14050,19,SMARCA4,1.970000000000001,1.5081654,1
14051,19,ERC1,-0.04,-0.029356800000000002,1
14052,19,DCTN1,-0.04000000000000002,0.008955199999999986,1
14053,19,PIK3R1,1.2700000000000007,1.0306975,1
14054,19,EED,0.09000000000000002,0.08058520000000002,1
14055,19,CNBP,0.01,0.0059348000000000005,1
14056,19,SGK1,0.47,0.3069908,1
14057,19,MLLT10,-0.31999999999999995,-0.1792918,1
14058,19,BRD4,0.8400000000000003,0.7649642000000001,1
14059,19,RANBP2,0.28,0.2784585,1
14060,19,FBXO11,0.05,0.04266590000000001,1
14061,19,PML,0.21,0.1692089,1
14062,19,AKT2,1.08,0.7468551000000001,1
14063,19,CEP89,0.05,0.0327165,1
14064,19,LZTR1,0.09999999999999999,0.0988048,1
14065,19,YWHAE,0.23000000000000004,0.148635,1
14066,19,DNAJB1,-0.05,-0.0099526,1
14067,19,PRDM2,0.06,0.048424999999999996,1
14068,19,TPM4,0.51,0.35791270000000003,1
14069,19,CREBBP,2.120000000000001,1.7170975000000002,1
14070,19,PMS2,0.75,0.6428474,1
14071,19,DDR2,0.010000000000000002,0.0057526000000000035,1
14072,19,FANCA,0.42000000000000004,0.3450003000000001,1
14073,19,PDE4DIP,0.08,0.0658608,1
14074,19,USP8,-0.05,-0.0274905,1
14075,19,MYH9,-0.37,-0.095247,1
14076,19,MYC,-1.11,-0.13972710000000016,1
14077,19,NBN,0.6200000000000001,0.5126203000000001,1
14078,19,CCND3,-0.11000000000000001,-0.014036400000000008,1
14079,19,TRIP11,-0.09,-0.0681702,1
14080,19,CNTRL,-0.08,-0.0563026,1
14081,19,PIK3CA,1.1900000000000008,1.0568279999999999,1
14082,19,DDX5,0.25999999999999995,0.2531458999999999,1
14083,19,PICALM,0.02,0.018584299999999998,1
14084,19,RARA,0.10999999999999999,0.1527438,1
14085,19,DDX6,-0.019999999999999976,0.0953862,1
14086,19,COL1A1,0.21000000000000002,0.1789314,1
14087,19,VHL,0.24999999999999994,0.18023260000000002,1
14088,19,MAPK1,1.630000000000001,1.166923,1
14089,19,SRC,-0.22000000000000008,0.14388190000000006,1
14090,19,NFE2L2,0.28,0.21924759999999996,1
14091,19,MITF,-0.27999999999999997,-0.0691804,1
14092,19,SMAD3,1.1900000000000008,1.0926428000000004,1
14093,19,RBM15,0.1,0.0859905,1
14094,19,ATR,0.7,0.5752756000000001,1
14095,19,EPAS1,0.36,0.33944839999999993,1
14096,19,TPM3,0.16999999999999998,0.14146360000000005,1
14097,19,RPL10,0.07000000000000002,0.1001986,1
14098,19,STAG1,0.12000000000000001,0.13570659999999998,1
14099,19,SBDS,-0.07,-0.023601699999999996,1
14100,19,KMT2D,1.0300000000000005,0.8091755,1
14101,19,MED12,0.36000000000000004,0.29695509999999997,1
14102,19,BCLAF1,-0.03,0.040238499999999996,1
14103,19,ASPSCR1,-0.030000000000000013,-0.010873,1
14104,19,CDK12,0.51,0.4186848000000001,1
14105,19,EWSR1,0.26,0.2843936,1
14106,19,NDRG1,-0.06,-0.019784500000000003,1
14107,19,PSIP1,-0.01,0.014739799999999989,1
14108,19,TRIM33,0.08,0.0709651,1
14109,19,MTOR,1.0100000000000002,0.8135953999999999,1
14110,19,ARHGAP35,0.16000000000000003,0.15317380000000003,1
14111,19,POT1,0.02,0.022174600000000003,1
14112,19,EXT1,0.12,0.09573599999999999,1
14113,19,IL6ST,0.34,0.2887086,1
14114,19,IDH2,-0.08,0.0034988999999999966,1
14115,19,SMARCE1,0.4,0.27081269999999996,1
14116,19,CRTC3,0.08,0.06601370000000001,1
14117,19,TSC1,0.25,0.277816,1
14118,19,BCOR,-0.18000000000000002,0.014177099999999991,1
14119,19,SDHA,0.23,0.17451280000000002,1
14120,19,EP300,2.3000000000000007,1.8918916999999997,1
14121,19,HNRNPA2B1,0.48000000000000004,0.33874699999999996,1
14122,19,CLIP1,-0.15,-0.08941,1
14123,19,PATZ1,-0.53,-0.1395414,1
14124,19,FUBP1,-0.12,-0.012556200000000003,1
14125,19,HLA-A,-0.05,0.030539099999999986,1
14126,19,CCNC,-0.16999999999999998,-0.0722423,1
14127,19,RPN1,-0.16,-0.0627906,1
14128,19,TCF7L2,0.09000000000000001,0.1293226,1
14129,19,CANT1,0.07,0.0360705,1
14130,19,RPL5,-0.53,-0.1800795,1
14131,19,CCDC6,0.06000000000000001,0.07742399999999999,1
14132,19,NCKIPSD,-0.02,-0.0063574999999999994,1
14133,19,SMARCD1,0.41000000000000003,0.32761700000000005,1
14134,19,BCL10,0.07,0.08262230000000001,1
14135,19,MAX,0.039999999999999994,0.0763974,1
14136,19,HERPUD1,-0.04,-0.010003200000000002,1
14137,19,RAC1,0.10999999999999999,0.17610309999999996,1
14138,19,FLNA,0.030000000000000013,0.0600081,1
14139,19,TFE3,-0.8,-0.2823446,1
14140,19,NCOR2,0.6100000000000002,0.5210946,1
14141,19,PRPF40B,0.01,0.005301400000000006,1
14142,19,BCL3,-0.14,-0.020991700000000012,1
14143,19,TFPT,-0.32,-0.1081904,1
14144,19,MLH1,0.74,0.6822312,1
14145,19,ARHGAP5,0.09999999999999999,0.1043327,1
14146,19,CIC,0.01,0.0073769,1
14147,19,LYN,0.8400000000000002,0.6158858000000001,1
14148,19,TCF12,0.34,0.2701193,1
14149,19,KLF6,0.060000000000000005,0.039393,1
14150,19,KMT2C,1.0400000000000003,0.8354864999999999,1
14151,19,PIM1,-0.16999999999999998,-0.0318061,1
14152,19,CCND1,1.510000000000001,0.9498654999999999,1
14153,19,MLLT1,-1.5100000000000002,-0.35142570000000006,1
14154,19,MEN1,-0.19,-0.061188400000000004,1
14155,19,CUL3,0.11000000000000003,0.1282306,1
14156,19,RB1,0.7300000000000002,0.5795449999999999,1
14157,19,LPP,-0.13,-0.0290842,1
14158,19,BUB1B,-0.12000000000000004,-0.028524099999999997,1
14159,19,SMAD4,1.580000000000001,1.2795559,1
14160,19,FGFR1,0.24999999999999994,0.23195120000000002,1
14161,19,TMSB4X,0.03,0.0232227,1
14162,19,CDK4,0.9500000000000003,0.6570262999999998,1
14163,19,MSI2,0.01,0.007743100000000001,1
14164,19,MSH6,1.0200000000000005,0.8508950000000001,1
14165,19,BRAF,1.2300000000000004,1.0664026000000002,1
14166,19,TCEA1,-0.09,0.003078899999999999,1
14167,19,TNFAIP3,0.17,0.1451623,1
14168,19,RABEP1,-0.020000000000000004,-0.013719100000000001,1
14169,19,GMPS,-0.06,-0.033267399999999996,1
14170,19,MDM2,1.2000000000000006,0.9435862999999999,1
14171,19,NSD2,0.22,0.16964739999999998,1
14172,19,CASP8,-0.2,0.07833810000000001,1
14173,19,PER1,-0.17,-0.0582028,1
14174,19,UBR5,0.02,0.0414504,1
14175,19,EIF3E,0.020000000000000004,0.05837910000000002,1
14176,19,RFWD3,0.010000000000000002,0.021770700000000004,1
14177,19,BRD3,0.06999999999999999,0.051990299999999996,1
14178,19,PAFAH1B2,0.03,0.027018900000000002,1
14179,19,EXT2,0.0,0.01985279999999999,1
14180,19,PLCG1,0.38000000000000006,0.3498049999999999,1
14181,19,SF3B1,-0.68,-0.3297665,1
14182,19,ARHGEF10L,0.03,0.0166332,1
14183,19,NFATC2,0.21,0.1468709,1
14184,19,SDHD,0.31,0.2201645,1
14185,19,PABPC1,-0.78,-0.209449,1
14186,19,POLD1,-0.31999999999999995,-0.05727319999999998,1
14187,19,CALR,0.01000000000000001,0.0657177,1
14188,19,PIK3CB,0.7200000000000002,0.5864151,1
14189,19,PPM1D,0.27,0.21009000000000003,1
14190,19,ATRX,1.0900000000000005,0.9420346999999999,1
14191,19,DGCR8,0.15999999999999998,0.1265741,1
14192,19,DDX10,0.19,0.14224150000000002,1
14193,19,DROSHA,0.54,0.4370044,1
14194,19,TNFRSF14,-0.2,-0.062262,1
14195,19,BCL9L,0.14,0.1067516,1
14196,19,QKI,0.019999999999999997,0.016458900000000002,1
14197,19,BAZ1A,0.0,0.0,1
14198,19,CHD4,0.38,0.3091615,1
14199,19,NSD3,0.12000000000000001,0.1256014,1
14200,19,NT5C2,0.15000000000000002,0.0869053,1
14201,19,CCNB1IP1,0.13,0.0605435,1
14202,19,PCBP1,-0.9699999999999999,-0.2580209,1
14203,19,RALGDS,-0.01999999999999999,0.0402771,1
14204,19,ARHGEF12,-0.009999999999999995,0.035128999999999994,1
14205,19,HSP90AB1,1.0300000000000002,0.7428706,1
14206,19,FOXO3,1.4500000000000008,1.0785743,1
14207,19,HIP1,-0.01,-0.005153199999999999,1
14208,19,CDC73,-0.030000000000000006,0.0288946,1
14209,19,NIN,-0.010000000000000002,-0.0022356000000000008,1
14210,19,MDM4,0.13,0.1680993,1
14211,19,COL3A1,0.22,0.1819514,1
14212,19,CTNND1,0.08000000000000002,0.13238090000000002,1
14213,19,SPOP,0.060000000000000005,0.0772612,1
14214,19,TMEM127,0.060000000000000005,0.034902100000000005,1
14215,19,CREB3L2,0.14,0.09331890000000001,1
14216,19,MSH2,1.0000000000000004,0.8424462000000001,1
14217,19,FNBP1,-3.469446951953614e-18,0.016716899999999996,1
14218,19,ATF1,0.12000000000000001,0.084284,1
14219,19,EIF1AX,-0.54,-0.21418090000000004,1
14220,19,PMS1,0.5199999999999999,0.4065555,1
14221,19,DEK,0.15,0.1306336,1
14222,19,ERBB2,0.8100000000000003,0.5293983999999999,1
14223,19,AKT1,1.3500000000000008,0.86908,1
14224,19,CHEK2,0.5900000000000002,0.5980221,1
14225,19,SDHB,0.38,0.2767409,1
14226,19,NCOA1,0.38999999999999996,0.3242714,1
14227,19,CHIC2,0.08,0.049288200000000004,1
14228,19,RUNX1,0.06999999999999998,0.548275,1
14229,19,STAT6,0.41000000000000003,0.3465666,1
14230,19,FH,-0.10999999999999999,-0.0342934,1
14231,19,AKT3,1.1400000000000003,0.8348106,1
14232,19,GNAS,0.36,0.2629066,1
14233,19,CTNNB1,1.2500000000000007,0.9126185000000004,1
14234,19,NONO,0.31000000000000005,0.2872451999999999,1
14235,19,SMARCB1,0.9900000000000004,0.7756983000000002,1
14236,19,PRKAR1A,0.16000000000000003,0.17081700000000002,1
14237,19,ITGAV,-0.019999999999999997,0.0384029,1
14238,19,SS18,0.41000000000000003,0.2873842,1
14239,19,MAP2K1,0.9700000000000002,0.6008308,1
14240,19,SIRPA,-0.060000000000000005,-0.0214868,1
14241,19,PPFIBP1,0.41000000000000003,0.29893319999999995,1
14242,19,RPL22,-0.16,0.08761,1
14243,19,CYLD,0.29000000000000004,0.23772880000000002,1
14244,19,ARID1B,0.8,0.6100676,1
14245,19,SETDB1,0.34,0.247476,1
14246,19,AFDN,-0.37000000000000005,-0.11418549999999998,1
14247,19,ZRSR2,-0.14,-0.09825120000000001,1
14248,19,PBRM1,0.9800000000000004,0.75146,1
14249,19,XPC,0.48,0.29949939999999997,1
14250,19,ASXL2,0.24000000000000002,0.17500239999999997,1
14251,19,TRIM24,-0.19,-0.0333305,1
14252,19,SFPQ,-0.43000000000000005,-0.1191896,1
14253,19,NCOA2,0.6300000000000001,0.5060211,1
14254,19,FOXO4,0.41000000000000003,0.25978400000000007,1
14255,19,LEF1,0.2,0.17569869999999999,1
14256,19,B2M,-0.29000000000000004,-0.1211342,1
14257,19,DDIT3,-0.34,-0.1153571,1
14258,19,BCL6,0.25999999999999995,0.23810879999999995,1
14259,19,KRAS,0.23999999999999994,0.2575106999999999,1
14260,19,FAT1,0.1,0.0755203,1
14261,19,ABL2,0.07000000000000002,0.05909759999999999,1
14262,19,NF1,1.2400000000000007,1.0057802000000002,1
14263,19,BTG1,-0.06,-0.0260268,1
14264,19,EIF4A2,0.049999999999999996,0.035226299999999995,1
14265,19,SET,0.16,0.1299274,1
14266,19,EPS15,0.08,0.0680405,1
14267,19,RNF213,0.05,0.043309400000000005,1
14268,19,CTCF,0.9800000000000003,0.6748940999999999,1
14269,19,WDCP,0.21,0.13108359999999997,1
14270,19,KAT7,0.16,0.1349021,1
14271,19,KDM5C,0.16999999999999998,0.16179649999999998,1
14272,19,TGFBR2,0.11,0.1341125,1
14273,19,ATM,1.0700000000000007,1.0815143,1
14274,19,NUMA1,-0.05,-0.012782200000000007,1
14275,19,STAT3,0.9700000000000005,0.8576143999999998,1
14276,19,SUB1,-0.09,-0.0413119,1
14277,19,NUP98,0.23,0.22844830000000002,1
14278,19,ELL,1.5612511283791264e-17,0.0055833,1
14279,19,MAP3K1,0.39,0.32376620000000006,1
14280,19,MALT1,0.15,0.15124950000000004,1
14281,19,XPO1,0.5300000000000001,0.43138980000000005,1
14282,19,SETD1B,0.23,0.1835348,1
14283,19,ETV6,-0.1,-0.02812360000000001,1
14284,19,TBL1XR1,0.21000000000000002,0.1511146,1
14285,19,NUP214,-0.05000000000000003,0.1327944,1
14286,19,TPR,0.06999999999999998,0.0761597,1
14287,19,ATIC,0.17,0.1298656,1
14288,19,NACA,0.21000000000000002,0.13320510000000002,1
14289,19,MYO5A,0.0,0.0017020000000000013,1
14290,19,SMC1A,0.23000000000000004,0.3712861,1
14291,19,LASP1,-0.26,-0.1281131,1
14292,19,ERCC5,0.42000000000000004,0.2725735999999999,1
14293,19,JUN,-0.7499999999999999,-0.054386099999999965,1
14294,19,THRAP3,0.09,0.0687358,1
14295,19,STAG2,0.23000000000000004,0.2664084,1
14296,19,RAF1,0.8500000000000004,0.6457988000000001,1
14297,19,ERCC3,0.5499999999999999,0.45104160000000004,1
14298,19,SMAD2,0.4400000000000003,0.5419550999999999,1
14299,19,TAF15,0.23000000000000004,0.18569490000000002,1
14300,19,ARNT,0.24999999999999997,0.22215619999999997,1
14301,19,CLTC,-0.5800000000000001,-0.2672625,1
14302,19,IKBKB,0.42000000000000015,0.40927869999999994,1
14303,19,IDH1,-0.48,-0.1621927,1
14304,19,SND1,-0.010000000000000004,0.015402699999999995,1
14305,19,KNSTRN,0.02,0.0152266,1
14306,19,RHOA,-2.7899999999999996,-0.6693863,1
14307,19,PALB2,0.62,0.5562524999999999,1
14308,19,ARID2,0.8200000000000001,0.6396732999999999,1
14309,19,EZR,-0.16000000000000003,-0.05201550000000001,1
14310,19,TP53,0.23000000000000018,0.4235707000000001,1
14311,19,ARAF,0.38999999999999996,0.23148489999999997,1
14312,19,KIF5B,0.4600000000000001,0.3461351999999999,1
14313,19,KAT6A,0.15000000000000002,0.18120789999999998,1
14314,19,KTN1,-0.09000000000000001,-0.012566,1
14315,19,GOLGA5,-0.07,-0.0492592,1
14316,19,KDM5A,0.30000000000000004,0.275524,1
14317,19,RAD21,0.5700000000000001,0.466442,1
14318,19,GNAQ,0.31,0.2497377,1
14319,19,CAMTA1,0.08,0.059279700000000005,1
14320,19,ERCC2,0.68,0.5320297999999999,1
14321,19,EZH2,1.7600000000000013,1.3528955999999996,1
14322,19,TOP1,0.2800000000000001,0.2222658,1
14323,19,SRSF3,-0.19,-0.01372530000000001,1
14324,19,NPM1,0.22,0.24331669999999997,1
14325,19,BAX,-0.67,-0.16292869999999998,1
14326,19,NOTCH2,0.29000000000000004,0.24022310000000002,1
14327,19,TRAF7,0.01,0.0066959,1
14328,19,KDM6A,0.8600000000000001,0.832047,1
14329,19,SPEN,0.12000000000000001,0.09534640000000001,1
14330,19,TRIM27,-0.54,-0.1719997,1
14331,19,CRTC1,0.15000000000000002,0.11819100000000002,1
14332,19,EML4,0.3400000000000001,0.3143556,1
14333,19,USP9X,-0.010000000000000002,-0.007153500000000004,1
14334,19,PTPRK,-0.01,-0.0057634,1
14335,19,CD74,-0.13999999999999999,-0.013681600000000002,1
14336,19,CBL,0.5700000000000002,0.4898745,1
14337,19,ZNF384,0.0,0.0011236000000000006,1
14338,19,NOTCH1,1.1000000000000005,0.7688437000000001,1
14339,19,COX6C,-0.15999999999999998,-0.0470759,1
14340,19,CHCHD7,0.03,0.0204909,1
14341,19,HMGA1,-0.05,-0.02013,1
14342,19,PTEN,1.2600000000000007,1.1731840999999998,1
14343,19,FIP1L1,-0.06999999999999999,-0.024908800000000002,1
14344,19,JAK1,0.8400000000000001,0.6814235,1
14345,19,ZMYM2,-0.009999999999999998,-0.0037285999999999986,1
14346,19,SUZ12,0.7400000000000001,0.6361730000000001,1
14347,19,FUS,-0.58,-0.041240899999999976,1
14348,19,BAP1,-0.67,-0.23949239999999997,1
14349,19,ZCCHC8,-0.07,-0.020174700000000004,1
14350,19,CRNKL1,0.009999999999999998,0.0084512,1
14351,19,RAD17,0.18000000000000002,0.1344151,1
14352,19,ATP1A1,0.019999999999999997,0.011830999999999998,1
14353,19,DNMT3A,1.1500000000000004,0.9041716999999999,1
14354,19,FBXW7,1.1100000000000005,0.8965755000000003,1
14355,19,WWTR1,-0.14,-0.049780000000000005,1
14356,19,CDKN1B,0.36000000000000004,0.3029625,1
14357,19,KMT2A,0.42999999999999994,0.4142142,1
14358,19,PTPN11,1.0600000000000005,0.8900156000000001,1
14359,19,STAT5B,0.7100000000000002,0.5762057,1
14360,19,CUX1,-0.09,-0.0607202,1
14361,19,ABI1,-0.18000000000000002,-0.0446662,1
14362,19,BRCA1,1.6600000000000013,1.4029892999999998,1
14363,19,SH2B3,0.08,0.0473905,1
14364,19,AFF4,-0.24000000000000002,-0.1221015,1
14365,19,NF2,0.11,0.12242070000000002,1
14366,19,LMNA,-0.020000000000000007,0.009507699999999997,1
14367,19,TSC2,0.9000000000000004,0.708963,1
14368,19,GOLPH3,-0.049999999999999996,-0.036245,1
14369,19,PCM1,-0.04000000000000001,-0.03140760000000001,1
14370,19,PPP2R1A,-0.48,-0.1578643,1
14371,19,ARID1A,1.790000000000001,1.4353675,1
14372,19,ABL1,0.010000000000000106,0.13342330000000013,1
14373,19,AFF1,-0.010000000000000009,0.027411299999999996,1
14374,19,DAXX,-0.38999999999999996,-0.09319349999999998,1
14375,19,CBFB,0.09000000000000001,0.1331568,1
14376,19,CBLB,0.16000000000000003,0.1386659,1
14377,19,POLR2A,-0.34,0.0751375,1
14378,19,PRKACA,0.050000000000000044,0.15823449999999997,1
14379,19,DNM2,-0.12,-0.0541398,1
14380,19,RAP1GDS1,1.3877787807814457e-17,0.03617020000000001,1
14381,19,NCOR1,0.9300000000000003,0.8821515999999999,1
14382,19,NFKBIE,-0.36,-0.1159221,1
14383,19,DDX3X,0.24999999999999994,0.21813879999999997,1
14384,19,ELK4,0.03,0.025395,1
14385,19,MLLT6,0.009999999999999995,0.0223407,1
14386,19,SRSF2,-2.94,-0.6956096,1
14387,19,CTNNA1,0.16,0.1278608,1
14388,19,RBM10,0.13,0.09379849999999999,1
14389,19,PTPRC,0.0,0.08910670000000001,1
14390,19,HSP90AA1,1.0200000000000005,0.7400703999999998,1
14391,19,NSD1,0.22999999999999998,0.19497879999999998,0
14392,19,DICER1,0.23,0.2342449,0
14393,19,BIRC6,0.08,0.065636,0
14394,19,SDHC,0.28,0.18882339999999997,0
14395,19,TFG,0.35000000000000003,0.20142490000000002,0
14396,19,MAP2K2,0.25,0.1865737,0
14397,19,TFRC,-0.21000000000000002,-0.1058989,0
14398,19,CREB1,0.8800000000000003,0.6456331999999999,0
14399,19,POLG,0.01,0.0035088000000000003,0
14400,19,SETD2,0.7500000000000002,0.6292518000000001,0
14401,19,NAB2,-0.29000000000000004,-0.1066652,0
14402,19,HIF1A,1.620000000000001,1.1544727,0
14403,19,FLCN,0.039999999999999994,0.0386965,0
14404,19,MAP2K4,-0.05,0.062259499999999995,0
14405,19,CNOT3,-0.05,-0.012659600000000007,0
14406,19,CIITA,0.08,0.0512996,0
14407,19,LSM14A,0.09,0.0807282,0
14408,19,AKAP9,-0.020000000000000004,0.002808899999999996,0
14409,19,MSN,-0.38,-0.0931269,0
14410,19,BCR,3.469446951953614e-18,0.0362421,0
14411,19,TRRAP,0.04000000000000001,0.12805829999999999,0
14412,19,PPP6C,-0.14,-0.0718634,0
14413,19,NCOA4,-0.16999999999999998,-0.09139680000000001,0
14414,19,BCL9,0.15,0.1123509,0
14415,19,PRCC,0.02,0.017108500000000013,0
14416,19,LARP4B,-0.01,-0.005065300000000001,0
14417,19,CHD2,0.01,0.0076457,0
14418,19,ASXL1,0.54,0.4930131000000001,0
14419,19,SMARCA4,1.3600000000000008,1.0187062000000002,0
14420,19,ERC1,-0.02,-0.015007999999999999,0
14421,19,DCTN1,-0.27999999999999997,-0.11935259999999999,0
14422,19,PIK3R1,1.3500000000000008,0.9513197000000001,0
14423,19,EED,-0.07999999999999999,0.0061509999999999985,0
14424,19,CNBP,0.01,0.0052912,0
14425,19,SGK1,0.25,0.15457189999999998,0
14426,19,MLLT10,-0.09999999999999999,-0.0354492,0
14427,19,BRD4,0.9400000000000003,0.71239,0
14428,19,RANBP2,0.16999999999999998,0.2170792,0
14429,19,FBXO11,0.060000000000000005,0.04820290000000001,0
14430,19,PML,0.36,0.2585816,0
14431,19,AKT2,0.9300000000000003,0.6446417000000001,0
14432,19,CEP89,0.07,0.040891000000000004,0
14433,19,LZTR1,0.05,0.0748518,0
14434,19,YWHAE,0.22999999999999998,0.1489056,0
14435,19,DNAJB1,-0.03,0.0006450000000000032,0
14436,19,PRDM2,0.02,0.014568499999999998,0
14437,19,TPM4,0.43000000000000005,0.27669,0
14438,19,CREBBP,1.7600000000000011,1.4916487000000003,0
14439,19,PMS2,0.5700000000000001,0.529485,0
14440,19,DDR2,0.04,0.0226129,0
14441,19,FANCA,0.35,0.2812949,0
14442,19,PDE4DIP,0.04,0.026161599999999997,0
14443,19,USP8,-0.09,-0.0435089,0
14444,19,MYH9,-0.34,-0.0788008,0
14445,19,MYC,-1.0600000000000003,-0.38682209999999995,0
14446,19,NBN,0.52,0.3837613,0
14447,19,CCND3,-0.17,-0.007558500000000001,0
14448,19,TRIP11,-0.13,-0.083093,0
14449,19,CNTRL,-0.07,-0.045549700000000005,0
14450,19,PIK3CA,1.590000000000001,1.1251598000000007,0
14451,19,DDX5,0.3500000000000001,0.3091271000000001,0
14452,19,PICALM,3.469446951953614e-18,0.0022694000000000047,0
14453,19,RARA,0.38,0.27479649999999994,0
14454,19,DDX6,-0.039999999999999994,0.058351599999999997,0
14455,19,COL1A1,0.08999999999999998,0.100866,0
14456,19,VHL,0.17999999999999997,0.1310858,0
14457,19,MAPK1,1.620000000000001,1.0359216,0
14458,19,SRC,-0.44999999999999996,0.04066350000000002,0
14459,19,NFE2L2,0.26,0.1739438,0
14460,19,MITF,-0.26,-0.04883749999999999,0
14461,19,SMAD3,1.2100000000000009,0.9258621000000002,0
14462,19,RBM15,0.08,0.0662552,0
14463,19,ATR,0.7300000000000003,0.6089667,0
14464,19,EPAS1,0.39999999999999997,0.3521313,0
14465,19,TPM3,0.27,0.1858045,0
14466,19,RPL10,0.14,0.11559910000000001,0
14467,19,STAG1,0.12,0.1269945,0
14468,19,SBDS,-0.02,-0.008492,0
14469,19,KMT2D,0.9700000000000004,0.7218223999999999,0
14470,19,MED12,0.29000000000000004,0.2370065,0
14471,19,BCLAF1,-0.04999999999999999,0.018799999999999997,0
14472,19,ASPSCR1,0.010000000000000004,0.015571100000000008,0
14473,19,CDK12,0.3,0.21825840000000002,0
14474,19,EWSR1,0.43999999999999995,0.35388790000000003,0
14475,19,NDRG1,-0.039999999999999994,-0.013354100000000002,0
14476,19,PSIP1,-0.23000000000000004,-0.10909110000000001,0
14477,19,TRIM33,0.049999999999999996,0.0472034,0
14478,19,MTOR,1.2700000000000007,0.9180311000000001,0
14479,19,ARHGAP35,0.10000000000000002,0.1284864,0
14480,19,POT1,-0.029999999999999992,-0.0006923999999999975,0
14481,19,EXT1,0.1,0.066068,0
14482,19,IL6ST,0.28,0.21467979999999998,0
14483,19,IDH2,0.08,0.0887385,0
14484,19,SMARCE1,0.45,0.2779617,0
14485,19,CRTC3,0.09,0.0668496,0
14486,19,TSC1,0.31,0.2787224,0
14487,19,BCOR,-0.12999999999999998,-0.010146099999999998,0
14488,19,SDHA,0.22,0.132853,0
14489,19,EP300,1.6200000000000012,1.2842777000000003,0
14490,19,HNRNPA2B1,0.24,0.2106954,0
14491,19,CLIP1,-0.11,-0.061363400000000005,0
14492,19,PATZ1,-0.45999999999999996,-0.1284537,0
14493,19,FUBP1,-0.13,-0.0018324999999999973,0
14494,19,HLA-A,-0.12000000000000001,0.010289,0
14495,19,CCNC,-0.08,-0.0377272,0
14496,19,RPN1,-0.19,-0.060669,0
14497,19,TCF7L2,0.059999999999999984,0.07844880000000001,0
14498,19,CANT1,0.07,0.054924600000000004,0
14499,19,RPL5,-0.5700000000000001,-0.16510470000000005,0
14500,19,CCDC6,-0.009999999999999981,0.03967910000000001,0
14501,19,NCKIPSD,0.03,0.019349200000000004,0
14502,19,SMARCD1,0.38999999999999996,0.2668415,0
14503,19,BCL10,6.938893903907228e-18,0.019705599999999997,0
14504,19,MAX,-0.009999999999999997,0.010317400000000004,0
14505,19,HERPUD1,0.01,0.0038485999999999998,0
14506,19,RAC1,-0.09999999999999998,0.039752999999999976,0
14507,19,FLNA,0.04000000000000001,0.061425299999999995,0
14508,19,TFE3,-0.4,-0.1763065,0
14509,19,NCOR2,0.7100000000000002,0.5309718000000001,0
14510,19,PRPF40B,-0.02,-0.007987500000000005,0
14511,19,BCL3,-0.07,-0.024641100000000003,0
14512,19,TFPT,-0.25,-0.09353600000000001,0
14513,19,MLH1,0.81,0.6821646,0
14514,19,ARHGAP5,0.14,0.110452,0
14515,19,CIC,0.0,0.0,0
14516,19,LYN,0.8700000000000001,0.6161355000000001,0
14517,19,TCF12,0.28,0.21307189999999998,0
14518,19,KLF6,0.04,0.022647,0
14519,19,KMT2C,1.0100000000000002,0.7997639999999999,0
14520,19,PIM1,-0.2,-0.062107499999999996,0
14521,19,CCND1,1.1800000000000006,0.7490758999999999,0
14522,19,MLLT1,-0.8700000000000001,-0.2749574,0
14523,19,MEN1,0.010000000000000005,0.034501100000000014,0
14524,19,CUL3,0.13,0.13944050000000005,0
14525,19,RB1,0.6599999999999999,0.4901711,0
14526,19,LPP,-0.05,-0.018467100000000004,0
14527,19,BUB1B,-0.18,-0.0907786,0
14528,19,SMAD4,1.4300000000000008,1.0672217,0
14529,19,FGFR1,0.21000000000000002,0.1456412,0
14530,19,TMSB4X,0.04,0.030345200000000003,0
14531,19,CDK4,0.5,0.354076,0
14532,19,MSI2,0.01,0.0070536,0
14533,19,MSH6,0.9300000000000005,0.707338,0
14534,19,BRAF,0.9700000000000005,0.8728932,0
14535,19,TCEA1,-0.05000000000000001,0.0014541999999999992,0
14536,19,TNFAIP3,0.12000000000000001,0.10646680000000001,0
14537,19,RABEP1,0.010000000000000002,0.005734099999999999,0
14538,19,GMPS,-0.07,-0.039296,0
14539,19,MDM2,1.1600000000000008,0.8077572000000001,0
14540,19,NSD2,0.18,0.1258562,0
14541,19,CASP8,0.010000000000000049,0.1986668,0
14542,19,PER1,-0.27999999999999997,-0.048421999999999986,0
14543,19,UBR5,-0.05999999999999999,-0.020356700000000002,0
14544,19,EIF3E,-0.039999999999999994,0.06117360000000001,0
14545,19,RFWD3,0.030000000000000002,0.0315715,0
14546,19,BRD3,0.13,0.1075357,0
14547,19,PAFAH1B2,0.02,0.015835600000000002,0
14548,19,EXT2,0.010000000000000009,0.007471699999999998,0
14549,19,PLCG1,0.55,0.388376,0
14550,19,SF3B1,-0.3,-0.1176156,0
14551,19,ARHGEF10L,0.02,0.010968,0
14552,19,NFATC2,0.19999999999999998,0.1474748,0
14553,19,SDHD,0.23,0.12415680000000001,0
14554,19,PABPC1,-0.7900000000000001,-0.20309399999999997,0
14555,19,POLD1,-0.41,-0.087678,0
14556,19,CALR,-0.009999999999999993,0.007043300000000009,0
14557,19,PIK3CB,0.51,0.43359390000000003,0
14558,19,PPM1D,0.19,0.14918160000000003,0
14559,19,ATRX,0.9900000000000004,0.8008911999999998,0
14560,19,DGCR8,0.16,0.10133679999999999,0
14561,19,DDX10,0.14,0.0946366,0
14562,19,DROSHA,0.41000000000000003,0.2993457,0
14563,19,TNFRSF14,-0.15000000000000002,-0.054154900000000006,0
14564,19,BCL9L,0.12000000000000001,0.0824675,0
14565,19,QKI,-0.08,-0.049717599999999994,0
14566,19,BAZ1A,0.02,0.0150514,0
14567,19,CHD4,0.16999999999999998,0.16180360000000002,0
14568,19,NSD3,0.04000000000000001,0.04619459999999999,0
14569,19,NT5C2,0.18000000000000002,0.11082520000000001,0
14570,19,CCNB1IP1,0.11000000000000001,0.0473419,0
14571,19,PCBP1,-0.78,-0.2454402,0
14572,19,RALGDS,0.14,0.10645009999999999,0
14573,19,ARHGEF12,-0.019999999999999997,0.0013323999999999992,0
14574,19,HSP90AB1,1.0100000000000005,0.6927559999999998,0
14575,19,FOXO3,1.2600000000000005,0.8719557000000001,0
14576,19,HIP1,-0.02,-0.0125702,0
14577,19,CDC73,-0.18000000000000002,-0.0330329,0
14578,19,NIN,0.019999999999999997,0.0154282,0
14579,19,MDM4,0.12000000000000001,0.1665215,0
14580,19,COL3A1,0.14,0.1255513,0
14581,19,CTNND1,0.13,0.13782610000000003,0
14582,19,SPOP,-0.02,0.013617899999999992,0
14583,19,TMEM127,0.08000000000000002,0.0631005,0
14584,19,CREB3L2,0.09,0.054261000000000004,0
14585,19,MSH2,0.8800000000000004,0.634485,0
14586,19,FNBP1,0.0,0.003985799999999999,0
14587,19,ATF1,-0.019999999999999993,-0.008743099999999993,0
14588,19,EIF1AX,-0.48000000000000004,-0.2139423,0
14589,19,PMS1,0.38,0.29855539999999997,0
14590,19,DEK,0.05,0.0728053,0
14591,19,ERBB2,1.1300000000000006,0.7198252,0
14592,19,AKT1,1.0100000000000005,0.6240910000000001,0
14593,19,CHEK2,0.1,0.2804822,0
14594,19,SDHB,0.41000000000000003,0.2560099,0
14595,19,NCOA1,0.44,0.310004,0
14596,19,CHIC2,0.039999999999999994,0.020879399999999992,0
14597,19,RUNX1,0.30000000000000004,0.5892255999999998,0
14598,19,STAT6,0.25999999999999995,0.18518560000000003,0
14599,19,FH,-0.23000000000000004,-0.08765920000000002,0
14600,19,AKT3,1.0300000000000005,0.6876068999999997,0
14601,19,GNAS,0.22,0.14676400000000003,0
14602,19,CTNNB1,1.4400000000000008,0.9677537999999999,0
14603,19,NONO,0.11000000000000001,0.07311580000000001,0
14604,19,SMARCB1,0.9100000000000004,0.6708296000000001,0
14605,19,PRKAR1A,0.13,0.11403800000000001,0
14606,19,ITGAV,0.010000000000000004,0.021516300000000006,0
14607,19,SS18,0.39999999999999997,0.25637940000000004,0
14608,19,MAP2K1,1.0400000000000003,0.6494392,0
14609,19,SIRPA,-0.01,-0.0043751,0
14610,19,PPFIBP1,0.39999999999999997,0.2668807,0
14611,19,RPL22,-0.31000000000000005,0.05532120000000001,0
14612,19,CYLD,0.29000000000000004,0.22702270000000002,0
14613,19,ARID1B,0.6599999999999999,0.4895557,0
14614,19,SETDB1,0.29999999999999993,0.2142732,0
14615,19,AFDN,-0.3,-0.10941089999999999,0
14616,19,ZRSR2,0.3400000000000001,0.2428382,0
14617,19,PBRM1,0.9600000000000004,0.7006288999999998,0
14618,19,XPC,0.6400000000000001,0.4507193,0
14619,19,ASXL2,0.24,0.16216570000000002,0
14620,19,TRIM24,-0.24,-0.1021003,0
14621,19,SFPQ,-0.14,-0.0197982,0
14622,19,NCOA2,0.53,0.3750281,0
14623,19,FOXO4,0.3900000000000001,0.2595268,0
14624,19,LEF1,0.08,0.0871468,0
14625,19,B2M,-0.5400000000000001,-0.20410350000000005,0
14626,19,DDIT3,-0.36,-0.0974712,0
14627,19,BCL6,0.55,0.39820790000000006,0
14628,19,KRAS,-1.3500000000000005,-0.36044319999999996,0
14629,19,FAT1,0.05,0.0487772,0
14630,19,ABL2,0.11000000000000001,0.07871339999999999,0
14631,19,NF1,0.8400000000000003,0.6845577000000002,0
14632,19,BTG1,-0.01,-0.0056177,0
14633,19,EIF4A2,0.09,0.07415400000000001,0
14634,19,SET,0.14,0.1268315,0
14635,19,EPS15,0.010000000000000002,0.0185444,0
14636,19,RNF213,0.04,0.0308313,0
14637,19,CTCF,0.8800000000000003,0.6291678,0
14638,19,WDCP,0.05999999999999997,0.059604300000000006,0
14639,19,KAT7,0.11,0.0908029,0
14640,19,KDM5C,0.16999999999999998,0.1522122,0
14641,19,TGFBR2,0.24000000000000002,0.17875590000000002,0
14642,19,ATM,1.3600000000000008,1.0898016000000001,0
14643,19,NUMA1,-0.029999999999999992,-0.003996699999999997,0
14644,19,STAT3,1.5000000000000007,1.1964058,0
14645,19,SUB1,-0.26,-0.0966747,0
14646,19,NUP98,0.09,0.10464810000000001,0
14647,19,ELL,0.030000000000000006,0.03567530000000002,0
14648,19,MAP3K1,0.41,0.31953270000000006,0
14649,19,MALT1,0.16000000000000003,0.15238580000000002,0
14650,19,XPO1,0.30000000000000004,0.24537960000000003,0
14651,19,SETD1B,0.12,0.0873022,0
14652,19,ETV6,-0.15000000000000002,-0.0441063,0
14653,19,TBL1XR1,0.2,0.1305486,0
14654,19,NUP214,0.03000000000000001,0.1008793,0
14655,19,TPR,0.09,0.09470819999999999,0
14656,19,ATIC,0.009999999999999985,0.034093,0
14657,19,NACA,0.22000000000000003,0.1426437,0
14658,19,MYO5A,0.0,0.002652500000000002,0
14659,19,SMC1A,0.56,0.4584225,0
14660,19,LASP1,-0.19,-0.11348040000000001,0
14661,19,ERCC5,0.44,0.28935429999999995,0
14662,19,JUN,0.18999999999999992,0.24753640000000005,0
14663,19,THRAP3,0.08,0.0656798,0
14664,19,STAG2,0.52,0.39640889999999995,0
14665,19,RAF1,1.1600000000000004,0.8092453999999999,0
14666,19,ERCC3,0.5199999999999999,0.42904420000000004,0
14667,19,SMAD2,0.5700000000000002,0.5135409,0
14668,19,TAF15,0.11999999999999998,0.11398910000000002,0
14669,19,ARNT,0.30000000000000004,0.24985599999999994,0
14670,19,CLTC,-0.56,-0.3189332999999999,0
14671,19,IKBKB,0.5300000000000002,0.44309210000000004,0
14672,19,IDH1,-0.4799999999999999,-0.1329838,0
14673,19,SND1,-0.04,-0.023846,0
14674,19,KNSTRN,0.03,0.024052499999999997,0
14675,19,RHOA,-1.3000000000000005,-0.3323376999999999,0
14676,19,PALB2,0.51,0.45353190000000004,0
14677,19,ARID2,0.7300000000000002,0.5471716,0
14678,19,EZR,-0.19,-0.042579000000000006,0
14679,19,TP53,-0.94,-0.045584200000000026,0
14680,19,ARAF,0.38,0.20920689999999997,0
14681,19,KIF5B,0.41000000000000003,0.3011096,0
14682,19,KAT6A,0.18999999999999997,0.18303570000000002,0
14683,19,KTN1,-0.09,-0.03154559999999999,0
14684,19,GOLGA5,-0.14,-0.09191060000000001,0
14685,19,KDM5A,0.26,0.23105260000000002,0
14686,19,RAD21,0.44000000000000006,0.34628610000000004,0
14687,19,GNAQ,0.08,0.06498179999999999,0
14688,19,CAMTA1,0.0,0.000437299999999999,0
14689,19,ERCC2,0.6000000000000001,0.4211628,0
14690,19,EZH2,1.730000000000001,1.0948529999999999,0
14691,19,TOP1,0.22000000000000003,0.1714224,0
14692,19,SRSF3,-0.43999999999999995,-0.14395639999999998,0
14693,19,NPM1,-0.059999999999999984,0.12652089999999996,0
14694,19,BAX,-0.49,-0.1474561,0
14695,19,NOTCH2,0.26999999999999996,0.2168372,0
14696,19,TRAF7,0.03,0.0232674,0
14697,19,KDM6A,0.8500000000000003,0.7225615,0
14698,19,SPEN,0.12000000000000001,0.0930379,0
14699,19,TRIM27,-0.42,-0.15057410000000002,0
14700,19,CRTC1,0.15000000000000002,0.1106704,0
14701,19,EML4,0.2,0.18564960000000003,0
14702,19,USP9X,-0.06999999999999999,-0.04383419999999999,0
14703,19,PTPRK,0.01,0.0066355,0
14704,19,CD74,-0.19,-0.0318382,0
14705,19,CBL,0.6100000000000001,0.4462933999999999,0
14706,19,ZNF384,-0.08,-0.0405714,0
14707,19,NOTCH1,1.0600000000000005,0.7851334000000002,0
14708,19,COX6C,-0.11000000000000001,-0.04978370000000001,0
14709,19,CHCHD7,0.02,0.0130826,0
14710,19,HMGA1,-0.14,-0.0626119,0
14711,19,PTEN,1.540000000000001,1.2173434000000003,0
14712,19,FIP1L1,-0.020000000000000004,-0.015124500000000006,0
14713,19,JAK1,0.7800000000000002,0.6204194,0
14714,19,ZMYM2,-0.05,-0.03459689999999999,0
14715,19,SUZ12,0.7200000000000002,0.48854849999999994,0
14716,19,FUS,-0.15000000000000008,0.12282179999999998,0
14717,19,BAP1,0.05999999999999999,0.067436,0
14718,19,ZCCHC8,-0.08,-0.021608000000000002,0
14719,19,CRNKL1,-0.04,-0.0243188,0
14720,19,RAD17,0.1,0.0740654,0
14721,19,ATP1A1,0.009999999999999998,0.007622299999999997,0
14722,19,DNMT3A,0.8700000000000006,0.6628191000000001,0
14723,19,FBXW7,1.0000000000000002,0.7861773,0
14724,19,WWTR1,-0.06999999999999999,-0.036895,0
14725,19,CDKN1B,0.6300000000000001,0.3939411,0
14726,19,KMT2A,0.49,0.4112941,0
14727,19,PTPN11,0.9000000000000004,0.6844887,0
14728,19,STAT5B,0.7400000000000002,0.5606299,0
14729,19,CUX1,-0.14,-0.09033569999999999,0
14730,19,ABI1,-0.30000000000000004,-0.09906480000000001,0
14731,19,BRCA1,1.7700000000000014,1.3778708000000002,0
14732,19,SH2B3,0.05,0.035402,0
14733,19,AFF4,0.14,0.1018606,0
14734,19,NF2,0.030000000000000006,0.0765609,0
14735,19,LMNA,0.09000000000000001,0.0685184,0
14736,19,TSC2,0.53,0.43914580000000003,0
14737,19,GOLPH3,-0.09000000000000001,-0.05886210000000001,0
14738,19,PCM1,-0.07,-0.04557819999999999,0
14739,19,PPP2R1A,-0.5600000000000002,-0.19398069999999998,0
14740,19,ARID1A,1.7100000000000009,1.2487789,0
14741,19,ABL1,0.17000000000000004,0.15764450000000005,0
14742,19,AFF1,0.25999999999999995,0.2087937,0
14743,19,DAXX,-0.3,-0.07420390000000002,0
14744,19,CBFB,0.10999999999999997,0.0904924,0
14745,19,CBLB,0.13,0.0991298,0
14746,19,POLR2A,0.03,0.15672839999999996,0
14747,19,PRKACA,0.23999999999999996,0.20267510000000002,0
14748,19,DNM2,-0.13,-0.0594747,0
14749,19,RAP1GDS1,-0.06,-0.029158000000000003,0
14750,19,NCOR1,0.9400000000000003,0.8091860999999999,0
14751,19,NFKBIE,-0.22,-0.0783604,0
14752,19,DDX3X,0.15,0.1339965,0
14753,19,ELK4,0.01,0.0071053,0
14754,19,MLLT6,0.11,0.0845999,0
14755,19,SRSF2,-1.0899999999999999,-0.31307559999999995,0
14756,19,CTNNA1,0.11,0.08051599999999999,0
14757,19,RBM10,0.21,0.1433734,0
14758,19,PTPRC,0.13,0.1263918,0
14759,19,HSP90AA1,1.1200000000000006,0.7316471999999997,0
14760,20,NSD1,0.29,0.262201,1
14761,20,DICER1,0.2500000000000001,0.2662574,1
14762,20,BIRC6,0.08999999999999998,0.09672209999999998,1
14763,20,SDHC,0.41999999999999993,0.3185587,1
14764,20,TFG,0.12,0.08818570000000002,1
14765,20,MAP2K2,0.32,0.23370200000000002,1
14766,20,TFRC,-0.2700000000000001,-0.0924761,1
14767,20,CREB1,0.8400000000000005,0.7272315999999999,1
14768,20,POLG,-0.02,-0.0059368,1
14769,20,SETD2,0.6800000000000002,0.6252591999999999,1
14770,20,NAB2,-0.48,-0.1461706,1
14771,20,HIF1A,1.680000000000001,1.2843029999999998,1
14772,20,FLCN,-0.07,0.003139799999999991,1
14773,20,MAP2K4,0.08,0.12033860000000002,1
14774,20,CNOT3,0.039999999999999994,0.043963999999999996,1
14775,20,CIITA,0.07,0.0412568,1
14776,20,LSM14A,0.14,0.1139529,1
14777,20,AKAP9,-0.05,0.008976999999999999,1
14778,20,MSN,-0.19,-0.06351810000000001,1
14779,20,BCR,-0.08,0.03590799999999999,1
14780,20,TRRAP,0.06000000000000005,0.19563329999999998,1
14781,20,PPP6C,-0.15000000000000002,-0.069549,1
14782,20,NCOA4,-0.1,-0.0343288,1
14783,20,BCL9,0.18000000000000002,0.14128079999999998,1
14784,20,PRCC,0.06999999999999999,0.059293,1
14785,20,LARP4B,0.03,0.022274699999999998,1
14786,20,CHD2,0.02,0.0180408,1
14787,20,ASXL1,0.31000000000000005,0.36990380000000006,1
14788,20,SMARCA4,1.730000000000001,1.3982237000000004,1
14789,20,ERC1,-0.02,-0.0155902,1
14790,20,DCTN1,0.019999999999999997,0.046688900000000005,1
14791,20,PIK3R1,1.3400000000000005,1.0857266999999995,1
14792,20,EED,0.14,0.10929280000000001,1
14793,20,CNBP,0.01,0.0060165,1
14794,20,SGK1,0.4799999999999999,0.3222211,1
14795,20,MLLT10,-0.14,-0.072487,1
14796,20,BRD4,0.9300000000000004,0.8421969000000002,1
14797,20,RANBP2,0.22,0.23638340000000005,1
14798,20,FBXO11,0.05,0.044216200000000004,1
14799,20,PML,0.2699999999999999,0.20476219999999998,1
14800,20,AKT2,1.1300000000000003,0.8198057000000002,1
14801,20,CEP89,0.060000000000000005,0.039146200000000006,1
14802,20,LZTR1,0.05,0.0933635,1
14803,20,YWHAE,0.24,0.1579195,1
14804,20,DNAJB1,-0.09,-0.0333778,1
14805,20,PRDM2,0.06,0.049926200000000004,1
14806,20,TPM4,0.5,0.34374920000000003,1
14807,20,CREBBP,1.9700000000000013,1.6227937999999995,1
14808,20,PMS2,0.7400000000000002,0.6631522000000001,1
14809,20,DDR2,0.010000000000000002,0.005390099999999998,1
14810,20,FANCA,0.4,0.3461672,1
14811,20,PDE4DIP,0.08,0.0651686,1
14812,20,USP8,-0.06999999999999999,-0.0369833,1
14813,20,MYH9,-0.55,-0.16171370000000002,1
14814,20,MYC,-0.76,-0.05152060000000004,1
14815,20,NBN,0.5800000000000001,0.4722388,1
14816,20,CCND3,-0.08,-0.004182500000000009,1
14817,20,TRIP11,-0.10999999999999999,-0.07972699999999999,1
14818,20,CNTRL,-0.06999999999999999,-0.056502099999999986,1
14819,20,PIK3CA,1.2600000000000011,1.1247113999999998,1
14820,20,DDX5,0.3000000000000001,0.2982801999999999,1
14821,20,PICALM,-0.009999999999999998,-0.0008541,1
14822,20,RARA,0.03999999999999999,0.11331269999999997,1
14823,20,DDX6,0.020000000000000025,0.1124848,1
14824,20,COL1A1,0.18000000000000002,0.1622159,1
14825,20,VHL,0.25,0.1836173,1
14826,20,MAPK1,1.780000000000001,1.2728639000000004,1
14827,20,SRC,0.4399999999999999,0.39859520000000015,1
14828,20,NFE2L2,0.3000000000000001,0.21765890000000004,1
14829,20,MITF,-0.27,-0.068568,1
14830,20,SMAD3,1.280000000000001,1.1610685999999997,1
14831,20,RBM15,0.08,0.0671319,1
14832,20,ATR,0.7300000000000003,0.6147293,1
14833,20,EPAS1,0.33,0.35533990000000004,1
14834,20,TPM3,0.17,0.14598319999999998,1
14835,20,RPL10,0.09999999999999999,0.11461840000000001,1
14836,20,STAG1,0.13,0.1459945,1
14837,20,SBDS,-0.04,-0.01507,1
14838,20,KMT2D,1.0500000000000005,0.8722924999999998,1
14839,20,MED12,0.30000000000000004,0.2772528,1
14840,20,BCLAF1,-0.05,0.020611600000000008,1
14841,20,ASPSCR1,0.019999999999999997,0.018509800000000003,1
14842,20,CDK12,0.49,0.3905562,1
14843,20,EWSR1,0.2299999999999999,0.29495420000000006,1
14844,20,NDRG1,-0.06999999999999999,-0.028526999999999997,1
14845,20,PSIP1,0.05,0.05323209999999999,1
14846,20,TRIM33,0.1,0.08840220000000001,1
14847,20,MTOR,0.9600000000000003,0.8201886,1
14848,20,ARHGAP35,0.17,0.1475113,1
14849,20,POT1,0.01,0.009249700000000001,1
14850,20,EXT1,0.11,0.0857175,1
14851,20,IL6ST,0.33,0.2799821,1
14852,20,IDH2,-0.01999999999999996,0.053746599999999964,1
14853,20,SMARCE1,0.43000000000000005,0.29767390000000005,1
14854,20,CRTC3,0.09,0.0752157,1
14855,20,TSC1,0.35000000000000003,0.3375564,1
14856,20,BCOR,-0.08000000000000002,0.015334399999999991,1
14857,20,SDHA,0.23,0.19891740000000002,1
14858,20,EP300,2.2300000000000004,1.8970120000000001,1
14859,20,HNRNPA2B1,0.52,0.37115929999999997,1
14860,20,CLIP1,-0.13,-0.06949290000000001,1
14861,20,PATZ1,-0.42,-0.130208,1
14862,20,FUBP1,-0.18000000000000002,-0.025299099999999998,1
14863,20,HLA-A,-0.06000000000000001,0.0323874,1
14864,20,CCNC,-0.35,-0.13827319999999999,1
14865,20,RPN1,-0.14,-0.058309299999999994,1
14866,20,TCF7L2,-3.469446951953614e-18,0.0736936,1
14867,20,CANT1,0.0,0.019919199999999998,1
14868,20,RPL5,-0.6000000000000001,-0.1821061,1
14869,20,CCDC6,0.059999999999999984,0.07868670000000001,1
14870,20,NCKIPSD,-0.04000000000000001,-0.0020616000000000002,1
14871,20,SMARCD1,0.45,0.3804928,1
14872,20,BCL10,0.019999999999999997,0.0583001,1
14873,20,MAX,0.09000000000000001,0.10338870000000001,1
14874,20,HERPUD1,-0.01,-0.0030791000000000004,1
14875,20,RAC1,0.020000000000000004,0.12718069999999998,1
14876,20,FLNA,0.09,0.072306,1
14877,20,TFE3,-0.7900000000000001,-0.29048480000000004,1
14878,20,NCOR2,0.5900000000000001,0.5101262,1
14879,20,PRPF40B,0.010000000000000002,0.012553300000000003,1
14880,20,BCL3,-0.09000000000000001,-0.01633860000000001,1
14881,20,TFPT,-0.33999999999999997,-0.11289940000000001,1
14882,20,MLH1,0.88,0.7840625999999999,1
14883,20,ARHGAP5,0.13999999999999999,0.1217984,1
14884,20,CIC,0.0,0.0,1
14885,20,LYN,0.8200000000000002,0.6163204,1
14886,20,TCF12,0.32,0.25658970000000003,1
14887,20,KLF6,0.05,0.0322719,1
14888,20,KMT2C,0.9300000000000003,0.8207143999999998,1
14889,20,PIM1,-0.16000000000000003,-0.0387814,1
14890,20,CCND1,1.520000000000001,0.9543198000000002,1
14891,20,MLLT1,-1.3100000000000003,-0.3688483,1
14892,20,MEN1,-0.040000000000000036,0.022272399999999984,1
14893,20,CUL3,0.08999999999999998,0.1178883,1
14894,20,RB1,0.6799999999999999,0.5371674999999999,1
14895,20,LPP,-0.12000000000000001,-0.026848800000000006,1
14896,20,BUB1B,-0.22,-0.06963920000000001,1
14897,20,SMAD4,1.560000000000001,1.27732,1
14898,20,FGFR1,0.3,0.2573204,1
14899,20,TMSB4X,0.03,0.022217399999999998,1
14900,20,CDK4,1.0400000000000005,0.7468418000000001,1
14901,20,MSI2,0.01,0.0077273,1
14902,20,MSH6,1.0100000000000005,0.9154175000000001,1
14903,20,BRAF,1.2300000000000006,1.0905216,1
14904,20,TCEA1,-0.10999999999999999,-0.017591599999999995,1
14905,20,TNFAIP3,0.12000000000000001,0.10882850000000001,1
14906,20,RABEP1,0.0,0.0007139999999999994,1
14907,20,GMPS,-0.09000000000000002,-0.048380000000000006,1
14908,20,MDM2,1.0100000000000007,0.8518201000000001,1
14909,20,NSD2,0.21999999999999997,0.16810540000000002,1
14910,20,CASP8,-0.14000000000000004,0.10277679999999999,1
14911,20,PER1,-0.25,-0.0841376,1
14912,20,UBR5,0.030000000000000006,0.047594000000000004,1
14913,20,EIF3E,-0.05999999999999999,0.0244368,1
14914,20,RFWD3,0.030000000000000002,0.0321405,1
14915,20,BRD3,0.16,0.12319870000000001,1
14916,20,PAFAH1B2,0.03,0.0269703,1
14917,20,EXT2,0.009999999999999995,0.018879500000000007,1
14918,20,PLCG1,0.4599999999999999,0.42369510000000005,1
14919,20,SF3B1,-0.5700000000000001,-0.2610492,1
14920,20,ARHGEF10L,0.04,0.0221292,1
14921,20,NFATC2,0.23,0.1679495,1
14922,20,SDHD,0.27,0.2148525,1
14923,20,PABPC1,-0.8,-0.207144,1
14924,20,POLD1,-0.20000000000000007,-0.0476924,1
14925,20,CALR,-0.040000000000000015,0.032609799999999994,1
14926,20,PIK3CB,0.6599999999999999,0.5537203,1
14927,20,PPM1D,0.27,0.21231790000000003,1
14928,20,ATRX,1.0200000000000005,0.8824287999999999,1
14929,20,DGCR8,0.16,0.127,1
14930,20,DDX10,0.15000000000000002,0.12086120000000002,1
14931,20,DROSHA,0.51,0.39847200000000005,1
14932,20,TNFRSF14,-0.14,-0.052725400000000006,1
14933,20,BCL9L,0.13999999999999999,0.1010398,1
14934,20,QKI,0.01,0.008279900000000001,1
14935,20,BAZ1A,0.01,0.0073702,1
14936,20,CHD4,0.37,0.3258554,1
14937,20,NSD3,0.12,0.1130236,1
14938,20,NT5C2,0.15000000000000002,0.08980110000000001,1
14939,20,CCNB1IP1,0.14,0.0647017,1
14940,20,PCBP1,-0.8999999999999999,-0.26476330000000015,1
14941,20,RALGDS,-0.07999999999999999,0.03788910000000001,1
14942,20,ARHGEF12,0.0,0.03200039999999999,1
14943,20,HSP90AB1,1.1300000000000003,0.8157135999999999,1
14944,20,FOXO3,1.4300000000000008,1.074169,1
14945,20,HIP1,-0.009999999999999998,-0.0021375000000000005,1
14946,20,CDC73,0.08000000000000002,0.08771589999999999,1
14947,20,NIN,-0.019999999999999993,-0.014318399999999998,1
14948,20,MDM4,0.13000000000000003,0.19401220000000002,1
14949,20,COL3A1,0.2,0.1651715,1
14950,20,CTNND1,0.12,0.14277750000000003,1
14951,20,SPOP,0.13,0.11289610000000001,1
14952,20,TMEM127,0.08000000000000002,0.0426921,1
14953,20,CREB3L2,0.11000000000000001,0.06889870000000001,1
14954,20,MSH2,0.9500000000000004,0.8660407000000002,1
14955,20,FNBP1,0.02,0.0242985,1
14956,20,ATF1,0.15,0.10161150000000001,1
14957,20,EIF1AX,-0.5399999999999999,-0.2125407,1
14958,20,PMS1,0.61,0.4931945999999999,1
14959,20,DEK,0.17000000000000004,0.1445786,1
14960,20,ERBB2,0.8100000000000003,0.5522041,1
14961,20,AKT1,0.4600000000000001,0.40943710000000005,1
14962,20,CHEK2,0.6300000000000001,0.6539210000000002,1
14963,20,SDHB,0.39,0.2932125,1
14964,20,NCOA1,0.41,0.33592970000000005,1
14965,20,CHIC2,0.07,0.0451955,1
14966,20,RUNX1,0.1699999999999999,0.6133964000000002,1
14967,20,STAT6,0.43999999999999995,0.35448170000000007,1
14968,20,FH,-0.030000000000000013,0.022573099999999992,1
14969,20,AKT3,1.1100000000000005,0.817197,1
14970,20,GNAS,0.36,0.25878340000000005,1
14971,20,CTNNB1,1.4500000000000008,1.0728841000000005,1
14972,20,NONO,0.3,0.27614330000000004,1
14973,20,SMARCB1,1.0100000000000005,0.7967681999999998,1
14974,20,PRKAR1A,0.21,0.18719349999999998,1
14975,20,ITGAV,0.00999999999999999,0.0377073,1
14976,20,SS18,0.39,0.27289759999999996,1
14977,20,MAP2K1,0.9900000000000004,0.6054733,1
14978,20,SIRPA,-0.06999999999999999,-0.025056699999999998,1
14979,20,PPFIBP1,0.35,0.2516197,1
14980,20,RPL22,-0.22000000000000003,0.09261350000000002,1
14981,20,CYLD,0.27999999999999997,0.2287962,1
14982,20,ARID1B,0.8300000000000001,0.6544083999999999,1
14983,20,SETDB1,0.34,0.2589388,1
14984,20,AFDN,-0.38,-0.11139510000000002,1
14985,20,ZRSR2,-0.030000000000000006,-0.011361599999999996,1
14986,20,PBRM1,0.9700000000000004,0.7469441000000001,1
14987,20,XPC,0.51,0.3487436,1
14988,20,ASXL2,0.29000000000000004,0.21185379999999998,1
14989,20,TRIM24,-0.15,-0.0428769,1
14990,20,SFPQ,-0.31999999999999995,-0.0700245,1
14991,20,NCOA2,0.6300000000000001,0.5187374,1
14992,20,FOXO4,0.45999999999999996,0.30606110000000003,1
14993,20,LEF1,0.09999999999999996,0.12322359999999997,1
14994,20,B2M,-0.42000000000000004,-0.1648839,1
14995,20,DDIT3,-0.27,-0.09502490000000002,1
14996,20,BCL6,0.26,0.22913699999999998,1
14997,20,KRAS,-0.7899999999999999,-0.14088879999999987,1
14998,20,FAT1,0.12000000000000001,0.08978539999999999,1
14999,20,ABL2,0.060000000000000005,0.0549103,1
15000,20,NF1,1.3700000000000006,1.1152554999999995,1
15001,20,BTG1,-0.04,-0.0193808,1
15002,20,EIF4A2,0.09000000000000001,0.0535723,1
15003,20,SET,0.15,0.12636239999999999,1
15004,20,EPS15,0.09,0.0817588,1
15005,20,RNF213,0.05,0.044224,1
15006,20,CTCF,1.0600000000000003,0.7656672999999998,1
15007,20,WDCP,0.22999999999999995,0.14168260000000002,1
15008,20,KAT7,0.15,0.1257945,1
15009,20,KDM5C,0.18000000000000002,0.1724492,1
15010,20,TGFBR2,0.18999999999999997,0.188045,1
15011,20,ATM,1.2100000000000006,1.1239690999999996,1
15012,20,NUMA1,0.0,0.011914399999999999,1
15013,20,STAT3,0.8300000000000004,0.8418494999999997,1
15014,20,SUB1,-0.13,-0.0563785,1
15015,20,NUP98,0.16,0.17852290000000007,1
15016,20,ELL,0.07,0.03549629999999998,1
15017,20,MAP3K1,0.4099999999999999,0.3425694999999999,1
15018,20,MALT1,0.15999999999999998,0.1681087,1
15019,20,XPO1,0.5500000000000002,0.4438748,1
15020,20,SETD1B,0.25,0.2004378,1
15021,20,ETV6,-0.13999999999999996,-0.04979899999999999,1
15022,20,TBL1XR1,0.20000000000000004,0.1419261,1
15023,20,NUP214,-0.06999999999999999,0.15170560000000002,1
15024,20,TPR,0.10999999999999999,0.09048390000000002,1
15025,20,ATIC,0.15999999999999998,0.1690005,1
15026,20,NACA,0.22999999999999998,0.1472232,1
15027,20,MYO5A,0.01,0.0076002,1
15028,20,SMC1A,0.32000000000000006,0.4233479,1
15029,20,LASP1,-0.24,-0.1272837,1
15030,20,ERCC5,0.38000000000000006,0.24264599999999997,1
15031,20,JUN,-1.5000000000000002,-0.34930809999999984,1
15032,20,THRAP3,0.04,0.0333765,1
15033,20,STAG2,0.29999999999999993,0.3045726000000001,1
15034,20,RAF1,0.8500000000000003,0.6728268999999999,1
15035,20,ERCC3,0.55,0.49866620000000006,1
15036,20,SMAD2,0.5200000000000001,0.5314913999999997,1
15037,20,TAF15,0.21000000000000002,0.17529039999999999,1
15038,20,ARNT,0.29000000000000004,0.24721690000000004,1
15039,20,CLTC,-0.7400000000000001,-0.3596222999999999,1
15040,20,IKBKB,0.45000000000000023,0.42627219999999993,1
15041,20,IDH1,-0.8700000000000003,-0.2866136000000001,1
15042,20,SND1,-0.01,0.0026834999999999993,1
15043,20,KNSTRN,0.02,0.0156852,1
15044,20,RHOA,-2.8499999999999996,-0.7026583,1
15045,20,PALB2,0.7400000000000002,0.6301268,1
15046,20,ARID2,0.8500000000000001,0.676282,1
15047,20,EZR,-0.24000000000000002,-0.087206,1
15048,20,TP53,-0.08999999999999993,0.25837319999999986,1
15049,20,ARAF,0.41,0.22950250000000003,1
15050,20,KIF5B,0.45,0.3326227,1
15051,20,KAT6A,0.16999999999999998,0.19843439999999996,1
15052,20,KTN1,-0.07,-0.008814000000000006,1
15053,20,GOLGA5,-0.08000000000000002,-0.0533385,1
15054,20,KDM5A,0.30000000000000004,0.2791154,1
15055,20,RAD21,0.61,0.5013256,1
15056,20,GNAQ,0.29,0.24138820000000002,1
15057,20,CAMTA1,0.06,0.043544200000000005,1
15058,20,ERCC2,0.7300000000000001,0.5643392999999999,1
15059,20,EZH2,1.490000000000001,1.1918748,1
15060,20,TOP1,0.22000000000000003,0.21179720000000002,1
15061,20,SRSF3,-0.2999999999999998,-0.06351150000000003,1
15062,20,NPM1,0.11,0.1727614,1
15063,20,BAX,-0.68,-0.163538,1
15064,20,NOTCH2,0.29000000000000004,0.24526520000000002,1
15065,20,TRAF7,0.02,0.0140514,1
15066,20,KDM6A,0.8800000000000003,0.9111289999999999,1
15067,20,SPEN,0.13,0.10240360000000003,1
15068,20,TRIM27,-0.4,-0.14692739999999999,1
15069,20,CRTC1,0.15,0.11722350000000001,1
15070,20,EML4,0.2600000000000001,0.27018359999999997,1
15071,20,USP9X,-0.01,-0.009266499999999999,1
15072,20,PTPRK,0.0,0.0,1
15073,20,CD74,-0.19,-0.02327059999999999,1
15074,20,CBL,0.6200000000000001,0.5326763,1
15075,20,ZNF384,0.04,0.0319645,1
15076,20,NOTCH1,1.1300000000000006,0.8855085,1
15077,20,COX6C,-0.17,-0.05363230000000001,1
15078,20,CHCHD7,0.02,0.0125942,1
15079,20,HMGA1,-0.08000000000000002,-0.0356339,1
15080,20,PTEN,1.5700000000000012,1.3614694999999997,1
15081,20,FIP1L1,-0.04,-0.019752800000000008,1
15082,20,JAK1,0.8400000000000001,0.705812,1
15083,20,ZMYM2,-0.029999999999999992,-0.021656,1
15084,20,SUZ12,0.8100000000000003,0.6513104,1
15085,20,FUS,-0.33000000000000007,0.05134410000000002,1
15086,20,BAP1,-0.32,-0.13426069999999998,1
15087,20,ZCCHC8,-0.08,-0.023820800000000003,1
15088,20,CRNKL1,0.019999999999999997,0.014943399999999999,1
15089,20,RAD17,0.18,0.1374587,1
15090,20,ATP1A1,0.01,0.0091147,1
15091,20,DNMT3A,0.9100000000000004,0.8115435000000003,1
15092,20,FBXW7,0.9300000000000002,0.8222087000000001,1
15093,20,WWTR1,-0.14,-0.05849999999999999,1
15094,20,CDKN1B,0.41,0.29422800000000005,1
15095,20,KMT2A,0.38000000000000006,0.3992016000000001,1
15096,20,PTPN11,1.1300000000000006,0.9099759000000002,1
15097,20,STAT5B,0.7600000000000002,0.6086368000000001,1
15098,20,CUX1,-0.12000000000000001,-0.07486459999999999,1
15099,20,ABI1,-0.29000000000000004,-0.0892325,1
15100,20,BRCA1,1.710000000000001,1.4604308000000001,1
15101,20,SH2B3,0.07,0.04206650000000001,1
15102,20,AFF4,-0.13,-0.0591868,1
15103,20,NF2,0.12000000000000001,0.13304960000000005,1
15104,20,LMNA,0.06999999999999999,0.04704160000000001,1
15105,20,TSC2,0.7800000000000004,0.6410000999999999,1
15106,20,GOLPH3,-0.060000000000000005,-0.0421696,1
15107,20,PCM1,-0.05,-0.0384081,1
15108,20,PPP2R1A,-0.37,-0.11140080000000001,1
15109,20,ARID1A,1.900000000000001,1.5264060000000002,1
15110,20,ABL1,-0.01999999999999999,0.10982799999999995,1
15111,20,AFF1,0.08000000000000002,0.09194290000000001,1
15112,20,DAXX,-0.3700000000000001,-0.10115259999999998,1
15113,20,CBFB,0.09000000000000001,0.12264040000000001,1
15114,20,CBLB,0.17,0.1481924,1
15115,20,POLR2A,-0.22,0.1168634,1
15116,20,PRKACA,0.1600000000000001,0.25620950000000003,1
15117,20,DNM2,-0.1,-0.04440509999999999,1
15118,20,RAP1GDS1,-0.02000000000000001,0.014807199999999986,1
15119,20,NCOR1,1.0400000000000003,0.952983,1
15120,20,NFKBIE,-0.37,-0.11504310000000001,1
15121,20,DDX3X,0.27,0.24092310000000003,1
15122,20,ELK4,0.02,0.0164638,1
15123,20,MLLT6,0.08,0.06451119999999999,1
15124,20,SRSF2,-2.7500000000000004,-0.6799231,1
15125,20,CTNNA1,0.15,0.1155078,1
15126,20,RBM10,0.16000000000000003,0.1254461,1
15127,20,PTPRC,0.03999999999999999,0.11602529999999998,1
15128,20,HSP90AA1,0.9900000000000004,0.7245313,1
15129,20,NSD1,0.24,0.1942473,0
15130,20,DICER1,0.25,0.23824759999999998,0
15131,20,BIRC6,0.05999999999999999,0.0493324,0
15132,20,SDHC,0.26,0.18024599999999996,0
15133,20,TFG,0.33,0.18350920000000004,0
15134,20,MAP2K2,0.35000000000000003,0.26464580000000004,0
15135,20,TFRC,-0.31,-0.1476806,0
15136,20,CREB1,0.7600000000000005,0.5472716000000001,0
15137,20,POLG,0.02,0.0078304,0
15138,20,SETD2,0.7100000000000003,0.5842799999999998,0
15139,20,NAB2,-0.31,-0.1127242,0
15140,20,HIF1A,1.5500000000000007,1.0810698999999997,0
15141,20,FLCN,0.05,0.04276460000000001,0
15142,20,MAP2K4,0.029999999999999992,0.08400659999999999,0
15143,20,CNOT3,-0.04,-0.004815600000000003,0
15144,20,CIITA,0.08,0.0549777,0
15145,20,LSM14A,0.1,0.08454699999999998,0
15146,20,AKAP9,-0.04000000000000001,-0.005488900000000005,0
15147,20,MSN,-0.29999999999999993,-0.0721807,0
15148,20,BCR,0.04000000000000001,0.050230000000000004,0
15149,20,TRRAP,0.04000000000000001,0.11080049999999998,0
15150,20,PPP6C,-0.17,-0.08274680000000001,0
15151,20,NCOA4,-0.23,-0.1250516,0
15152,20,BCL9,0.15000000000000002,0.1150519,0
15153,20,PRCC,0.030000000000000002,0.024731300000000008,0
15154,20,LARP4B,0.0,0.0,0
15155,20,CHD2,0.01,0.007591400000000001,0
15156,20,ASXL1,0.3700000000000001,0.3902243,0
15157,20,SMARCA4,1.2000000000000006,0.9466767000000001,0
15158,20,ERC1,-0.03,-0.0218302,0
15159,20,DCTN1,-0.25999999999999995,-0.1170153,0
15160,20,PIK3R1,1.4300000000000008,0.9995991000000003,0
15161,20,EED,-0.19000000000000003,-0.030129200000000016,0
15162,20,CNBP,0.01,0.0055591,0
15163,20,SGK1,0.29,0.16801610000000003,0
15164,20,MLLT10,-0.04000000000000001,-0.005105000000000004,0
15165,20,BRD4,1.0300000000000005,0.7809121000000001,0
15166,20,RANBP2,0.09999999999999998,0.19084240000000005,0
15167,20,FBXO11,0.060000000000000005,0.048348800000000004,0
15168,20,PML,0.42,0.30405239999999994,0
15169,20,AKT2,0.9500000000000003,0.6498413000000001,0
15170,20,CEP89,0.07,0.0402828,0
15171,20,LZTR1,-0.029999999999999992,0.0370595,0
15172,20,YWHAE,0.21,0.13632909999999998,0
15173,20,DNAJB1,-0.020000000000000004,-0.0014667000000000013,0
15174,20,PRDM2,0.05,0.0377351,0
15175,20,TPM4,0.47000000000000003,0.298191,0
15176,20,CREBBP,1.8000000000000012,1.4489073000000001,0
15177,20,PMS2,0.54,0.49605869999999996,0
15178,20,DDR2,0.049999999999999996,0.0314206,0
15179,20,FANCA,0.33999999999999997,0.2674746,0
15180,20,PDE4DIP,0.04,0.0264308,0
15181,20,USP8,-0.08,-0.043755800000000004,0
15182,20,MYH9,-0.25,-0.043273,0
15183,20,MYC,-1.0500000000000005,-0.3808545000000002,0
15184,20,NBN,0.54,0.40965039999999997,0
15185,20,CCND3,-0.09000000000000001,0.007930699999999997,0
15186,20,TRIP11,-0.11000000000000001,-0.07184080000000001,0
15187,20,CNTRL,-0.08,-0.054736599999999996,0
15188,20,PIK3CA,1.560000000000001,1.103806,0
15189,20,DDX5,0.44000000000000017,0.3637734000000001,0
15190,20,PICALM,0.010000000000000002,0.009133200000000001,0
15191,20,RARA,0.6700000000000002,0.4541521,0
15192,20,DDX6,-0.04,0.05144109999999997,0
15193,20,COL1A1,0.13,0.12215390000000001,0
15194,20,VHL,0.15,0.10846149999999997,0
15195,20,MAPK1,1.5000000000000009,0.9428657,0
15196,20,SRC,-0.6,0.005768299999999997,0
15197,20,NFE2L2,0.22,0.16558480000000003,0
15198,20,MITF,-0.29,-0.06630910000000001,0
15199,20,SMAD3,1.270000000000001,0.9459748999999997,0
15200,20,RBM15,0.060000000000000005,0.055733000000000005,0
15201,20,ATR,0.6400000000000002,0.5494135,0
15202,20,EPAS1,0.38999999999999996,0.3281757,0
15203,20,TPM3,0.23000000000000004,0.15616479999999994,0
15204,20,RPL10,0.12,0.10743810000000001,0
15205,20,STAG1,0.12,0.1228039,0
15206,20,SBDS,-0.05,-0.018413199999999998,0
15207,20,KMT2D,0.9400000000000004,0.6764857,0
15208,20,MED12,0.29000000000000004,0.2339804,0
15209,20,BCLAF1,1.3877787807814457e-17,0.041545900000000024,0
15210,20,ASPSCR1,0.019999999999999997,0.018660800000000005,0
15211,20,CDK12,0.23,0.16860980000000003,0
15212,20,EWSR1,0.5,0.38493649999999996,0
15213,20,NDRG1,-0.06,-0.024485800000000002,0
15214,20,PSIP1,-0.19999999999999998,-0.09485740000000001,0
15215,20,TRIM33,-3.469446951953614e-18,0.013180400000000005,0
15216,20,MTOR,1.1800000000000006,0.8602715999999999,0
15217,20,ARHGAP35,0.07000000000000002,0.12985230000000003,0
15218,20,POT1,-0.039999999999999994,-0.008044399999999998,0
15219,20,EXT1,0.11,0.0752664,0
15220,20,IL6ST,0.29000000000000004,0.2230899,0
15221,20,IDH2,0.1,0.09664429999999999,0
15222,20,SMARCE1,0.49,0.30685550000000006,0
15223,20,CRTC3,0.09,0.07013580000000001,0
15224,20,TSC1,0.3499999999999999,0.2900988,0
15225,20,BCOR,-0.11999999999999997,-0.009868599999999995,0
15226,20,SDHA,0.21,0.1309628,0
15227,20,EP300,1.5800000000000012,1.2063962,0
15228,20,HNRNPA2B1,0.2,0.18788199999999997,0
15229,20,CLIP1,-0.09000000000000001,-0.0548713,0
15230,20,PATZ1,-0.52,-0.1366236,0
15231,20,FUBP1,-0.18,-0.02469880000000001,0
15232,20,HLA-A,-0.10000000000000002,0.01705120000000001,0
15233,20,CCNC,-0.09999999999999999,-0.0406772,0
15234,20,RPN1,-0.22,-0.07808659999999999,0
15235,20,TCF7L2,0.07999999999999999,0.09733300000000003,0
15236,20,CANT1,0.12000000000000001,0.07637400000000001,0
15237,20,RPL5,-0.61,-0.18060439999999997,0
15238,20,CCDC6,0.039999999999999994,0.053796300000000005,0
15239,20,NCKIPSD,0.03,0.016548,0
15240,20,SMARCD1,0.45999999999999996,0.3242031000000001,0
15241,20,BCL10,6.938893903907228e-18,0.0223043,0
15242,20,MAX,-0.009999999999999993,0.005724499999999996,0
15243,20,HERPUD1,0.02,0.0082826,0
15244,20,RAC1,0.15999999999999998,0.1829928,0
15245,20,FLNA,0.1,0.1022323,0
15246,20,TFE3,-0.37,-0.15760470000000004,0
15247,20,NCOR2,0.7300000000000002,0.5345506,0
15248,20,PRPF40B,-3.469446951953614e-18,0.002777899999999998,0
15249,20,BCL3,-0.03999999999999999,-0.004115699999999997,0
15250,20,TFPT,-0.2,-0.0773783,0
15251,20,MLH1,0.7700000000000002,0.6391464,0
15252,20,ARHGAP5,0.15000000000000002,0.11496359999999999,0
15253,20,CIC,0.01,0.0070559,0
15254,20,LYN,0.9400000000000002,0.6584676999999999,0
15255,20,TCF12,0.27999999999999997,0.2108081,0
15256,20,KLF6,0.06,0.035584,0
15257,20,KMT2C,0.9600000000000004,0.7335644000000001,0
15258,20,PIM1,-0.18000000000000005,-0.0563469,0
15259,20,CCND1,1.3400000000000007,0.8274552,0
15260,20,MLLT1,-0.7200000000000002,-0.23598620000000003,0
15261,20,MEN1,0.01000000000000002,0.05015240000000001,0
15262,20,CUL3,0.10000000000000002,0.1409764,0
15263,20,RB1,0.6800000000000002,0.494345,0
15264,20,LPP,-0.049999999999999996,-0.017708799999999997,0
15265,20,BUB1B,-0.16999999999999998,-0.08943900000000002,0
15266,20,SMAD4,1.3100000000000007,0.9661044999999998,0
15267,20,FGFR1,0.22999999999999998,0.1560337,0
15268,20,TMSB4X,0.04,0.032041599999999996,0
15269,20,CDK4,0.63,0.4319227,0
15270,20,MSI2,0.0,0.0,0
15271,20,MSH6,0.8400000000000004,0.6249111000000002,0
15272,20,BRAF,0.9400000000000003,0.8105207000000001,0
15273,20,TCEA1,-0.04000000000000001,0.006517599999999988,0
15274,20,TNFAIP3,0.09,0.0849619,0
15275,20,RABEP1,0.02,0.012508599999999998,0
15276,20,GMPS,-0.07,-0.03582359999999999,0
15277,20,MDM2,1.1800000000000006,0.8013598000000001,0
15278,20,NSD2,0.16,0.1095851,0
15279,20,CASP8,0.019999999999999997,0.1775391,0
15280,20,PER1,-0.24,-0.05268140000000001,0
15281,20,UBR5,-0.049999999999999996,-0.014525600000000001,0
15282,20,EIF3E,-0.019999999999999987,0.07665080000000002,0
15283,20,RFWD3,0.020000000000000004,0.024896700000000008,0
15284,20,BRD3,0.11000000000000001,0.0876253,0
15285,20,PAFAH1B2,0.02,0.016249,0
15286,20,EXT2,0.0,0.009948399999999996,0
15287,20,PLCG1,0.5800000000000001,0.41104430000000003,0
15288,20,SF3B1,-0.32,-0.12288500000000001,0
15289,20,ARHGEF10L,0.02,0.01002,0
15290,20,NFATC2,0.18,0.1251881,0
15291,20,SDHD,0.24,0.1367453,0
15292,20,PABPC1,-0.7800000000000001,-0.19632360000000001,0
15293,20,POLD1,-0.3399999999999999,-0.0684243,0
15294,20,CALR,0.019999999999999997,0.022277400000000013,0
15295,20,PIK3CB,0.5700000000000001,0.4538762999999999,0
15296,20,PPM1D,0.18000000000000002,0.1358452,0
15297,20,ATRX,0.9600000000000006,0.7575693,0
15298,20,DGCR8,0.14,0.08796379999999998,0
15299,20,DDX10,0.16,0.10511580000000001,0
15300,20,DROSHA,0.42000000000000004,0.3103053,0
15301,20,TNFRSF14,-0.13,-0.04258990000000001,0
15302,20,BCL9L,0.14,0.0977404,0
15303,20,QKI,-0.09,-0.05445930000000001,0
15304,20,BAZ1A,0.01,0.0071116,0
15305,20,CHD4,0.22999999999999998,0.20129510000000003,0
15306,20,NSD3,0.06,0.0515178,0
15307,20,NT5C2,0.18000000000000002,0.11570470000000002,0
15308,20,CCNB1IP1,0.1,0.044409800000000006,0
15309,20,PCBP1,-0.77,-0.24392839999999993,0
15310,20,RALGDS,0.12,0.0865295,0
15311,20,ARHGEF12,-0.019999999999999997,-1.0499999999996623e-05,0
15312,20,HSP90AB1,1.2800000000000007,0.8525294000000001,0
15313,20,FOXO3,1.2400000000000007,0.8523172999999999,0
15314,20,HIP1,-0.01,-0.0064773,0
15315,20,CDC73,-0.13000000000000003,-0.008857200000000006,0
15316,20,NIN,0.019999999999999997,0.0137806,0
15317,20,MDM4,0.06999999999999998,0.1429653,0
15318,20,COL3A1,0.14,0.12405659999999999,0
15319,20,CTNND1,0.16,0.1556701,0
15320,20,SPOP,0.03999999999999999,0.04571309999999999,0
15321,20,TMEM127,0.13,0.09968199999999999,0
15322,20,CREB3L2,0.09,0.05594240000000001,0
15323,20,MSH2,0.9000000000000005,0.6216067999999999,0
15324,20,FNBP1,0.0,0.0012662000000000003,0
15325,20,ATF1,6.938893903907228e-18,-0.00023969999999999547,0
15326,20,EIF1AX,-0.48,-0.21026770000000003,0
15327,20,PMS1,0.48000000000000004,0.3647036,0
15328,20,DEK,0.13,0.1174088,0
15329,20,ERBB2,0.9800000000000004,0.6418558999999998,0
15330,20,AKT1,1.590000000000001,0.9943808000000004,0
15331,20,CHEK2,0.27999999999999997,0.3655654,0
15332,20,SDHB,0.43000000000000005,0.2751567,0
15333,20,NCOA1,0.42000000000000004,0.29503540000000006,0
15334,20,CHIC2,0.05,0.028252500000000003,0
15335,20,RUNX1,0.45000000000000007,0.5964578,0
15336,20,STAT6,0.27,0.1892332,0
15337,20,FH,-0.25,-0.1000331,0
15338,20,AKT3,1.0900000000000003,0.7393592999999999,0
15339,20,GNAS,0.27,0.17659470000000002,0
15340,20,CTNNB1,1.2100000000000006,0.7936791000000003,0
15341,20,NONO,0.12000000000000001,0.076907,0
15342,20,SMARCB1,0.9300000000000004,0.6779500999999999,0
15343,20,PRKAR1A,0.11000000000000001,0.09610129999999999,0
15344,20,ITGAV,0.030000000000000006,0.03187539999999999,0
15345,20,SS18,0.39,0.24774349999999998,0
15346,20,MAP2K1,1.0600000000000005,0.6613145000000001,0
15347,20,SIRPA,0.0,0.00031229999999999886,0
15348,20,PPFIBP1,0.37999999999999995,0.250622,0
15349,20,RPL22,-0.19000000000000003,0.0764279,0
15350,20,CYLD,0.27,0.2051203,0
15351,20,ARID1B,0.6599999999999999,0.49083180000000004,0
15352,20,SETDB1,0.30000000000000004,0.2152189,0
15353,20,AFDN,-0.27999999999999997,-0.08710800000000003,0
15354,20,ZRSR2,0.30999999999999994,0.22592990000000002,0
15355,20,PBRM1,0.9200000000000004,0.6591712,0
15356,20,XPC,0.5900000000000001,0.3942066,0
15357,20,ASXL2,0.24,0.1619526,0
15358,20,TRIM24,-0.28,-0.1247326,0
15359,20,SFPQ,-0.10999999999999999,-0.003926699999999988,0
15360,20,NCOA2,0.56,0.3965325,0
15361,20,FOXO4,0.45000000000000007,0.29225090000000004,0
15362,20,LEF1,0.05,0.075937,0
15363,20,B2M,-0.7399999999999998,-0.24033499999999997,0
15364,20,DDIT3,-0.33999999999999997,-0.09482290000000002,0
15365,20,BCL6,0.52,0.3622666,0
15366,20,KRAS,-1.9200000000000004,-0.4744634,0
15367,20,FAT1,0.060000000000000005,0.05748399999999999,0
15368,20,ABL2,0.12000000000000001,0.08236639999999999,0
15369,20,NF1,0.8500000000000003,0.6601201999999998,0
15370,20,BTG1,-0.02,-0.0107662,0
15371,20,EIF4A2,0.06000000000000001,0.0665264,0
15372,20,SET,0.14,0.12918970000000002,0
15373,20,EPS15,-0.03,-0.0052669000000000014,0
15374,20,RNF213,0.03,0.023632499999999997,0
15375,20,CTCF,0.9500000000000004,0.6841798000000001,0
15376,20,WDCP,0.09,0.07624529999999999,0
15377,20,KAT7,0.10999999999999997,0.08577090000000001,0
15378,20,KDM5C,0.18000000000000002,0.1645646,0
15379,20,TGFBR2,0.22,0.15981270000000006,0
15380,20,ATM,1.4400000000000008,1.0811314,0
15381,20,NUMA1,-0.049999999999999996,-0.016579199999999995,0
15382,20,STAT3,1.4900000000000009,1.1473887000000003,0
15383,20,SUB1,-0.30000000000000004,-0.0982484,0
15384,20,NUP98,0.06,0.07862469999999996,0
15385,20,ELL,0.030000000000000013,0.035709700000000004,0
15386,20,MAP3K1,0.41,0.31783110000000003,0
15387,20,MALT1,0.14,0.13844599999999999,0
15388,20,XPO1,0.27,0.2273481,0
15389,20,SETD1B,0.17,0.12147459999999999,0
15390,20,ETV6,-0.17,-0.04412710000000001,0
15391,20,TBL1XR1,0.16,0.10265389999999999,0
15392,20,NUP214,1.0408340855860843e-17,0.0864919,0
15393,20,TPR,0.09,0.09542010000000001,0
15394,20,ATIC,0.09000000000000001,0.06541740000000001,0
15395,20,NACA,0.22000000000000003,0.15106229999999998,0
15396,20,MYO5A,0.009999999999999998,0.0096188,0
15397,20,SMC1A,0.6000000000000001,0.47314420000000007,0
15398,20,LASP1,-0.18,-0.10936660000000001,0
15399,20,ERCC5,0.48,0.31523889999999993,0
15400,20,JUN,0.3500000000000001,0.32455159999999994,0
15401,20,THRAP3,0.07,0.05941080000000001,0
15402,20,STAG2,0.45999999999999996,0.36488229999999994,0
15403,20,RAF1,1.1300000000000003,0.7898941000000002,0
15404,20,ERCC3,0.49000000000000005,0.39490970000000003,0
15405,20,SMAD2,0.5300000000000002,0.4788328,0
15406,20,TAF15,0.14,0.12527090000000002,0
15407,20,ARNT,0.31000000000000005,0.24307310000000001,0
15408,20,CLTC,-0.53,-0.30066430000000005,0
15409,20,IKBKB,0.5800000000000001,0.4515476,0
15410,20,IDH1,-0.7200000000000002,-0.19275449999999997,0
15411,20,SND1,-0.019999999999999997,-0.006889899999999998,0
15412,20,KNSTRN,0.03,0.024536999999999996,0
15413,20,RHOA,-1.2800000000000002,-0.352035,0
15414,20,PALB2,0.57,0.4838831999999999,0
15415,20,ARID2,0.75,0.5613707000000001,0
15416,20,EZR,-0.14,-0.02429950000000001,0
15417,20,TP53,-1.26,-0.19654549999999998,0
15418,20,ARAF,0.4,0.22551829999999998,0
15419,20,KIF5B,0.41000000000000003,0.3001574,0
15420,20,KAT6A,0.23,0.1978013,0
15421,20,KTN1,-0.08,-0.022626200000000003,0
15422,20,GOLGA5,-0.11,-0.07182340000000001,0
15423,20,KDM5A,0.21,0.18980329999999998,0
15424,20,RAD21,0.49000000000000005,0.3760198,0
15425,20,GNAQ,0.1,0.07069029999999998,0
15426,20,CAMTA1,0.0,0.0046289999999999994,0
15427,20,ERCC2,0.6000000000000001,0.4247200000000001,0
15428,20,EZH2,1.690000000000001,1.0651451000000005,0
15429,20,TOP1,0.12999999999999998,0.10670989999999998,0
15430,20,SRSF3,-0.37,-0.11830760000000005,0
15431,20,NPM1,-0.04999999999999995,0.1305914,0
15432,20,BAX,-0.51,-0.1617428,0
15433,20,NOTCH2,0.27,0.21103940000000002,0
15434,20,TRAF7,0.04,0.0317904,0
15435,20,KDM6A,0.8400000000000003,0.7107198000000002,0
15436,20,SPEN,0.12,0.08783010000000001,0
15437,20,TRIM27,-0.43,-0.15184160000000002,0
15438,20,CRTC1,0.14,0.10765190000000002,0
15439,20,EML4,0.18000000000000002,0.16466509999999998,0
15440,20,USP9X,-0.07999999999999999,-0.0502629,0
15441,20,PTPRK,0.01,0.0064062,0
15442,20,CD74,-0.15000000000000002,-0.0026923999999999984,0
15443,20,CBL,0.6800000000000002,0.49273959999999994,0
15444,20,ZNF384,-0.09000000000000001,-0.0479868,0
15445,20,NOTCH1,0.9300000000000006,0.6925918999999999,0
15446,20,COX6C,-0.11,-0.051598,0
15447,20,CHCHD7,0.03,0.0201351,0
15448,20,HMGA1,-0.09999999999999999,-0.049266,0
15449,20,PTEN,1.590000000000001,1.2256960000000003,0
15450,20,FIP1L1,-0.029999999999999992,-0.018610499999999995,0
15451,20,JAK1,0.7200000000000002,0.5724945,0
15452,20,ZMYM2,-0.08,-0.055071100000000005,0
15453,20,SUZ12,0.8300000000000003,0.5582079999999999,0
15454,20,FUS,-0.10000000000000003,0.13097789999999992,0
15455,20,BAP1,0.07,0.08480280000000001,0
15456,20,ZCCHC8,-0.07,-0.021672700000000003,0
15457,20,CRNKL1,-0.05,-0.030784100000000002,0
15458,20,RAD17,0.12999999999999998,0.09905889999999999,0
15459,20,ATP1A1,0.0,-0.00027979999999999845,0
15460,20,DNMT3A,0.8000000000000005,0.6481864,0
15461,20,FBXW7,0.9200000000000004,0.7022423999999997,0
15462,20,WWTR1,-0.08,-0.0399978,0
15463,20,CDKN1B,0.5800000000000001,0.3687990999999999,0
15464,20,KMT2A,0.46,0.3685253,0
15465,20,PTPN11,0.8800000000000002,0.6598288999999999,0
15466,20,STAT5B,0.6900000000000003,0.5215539000000001,0
15467,20,CUX1,-0.09,-0.05972580000000001,0
15468,20,ABI1,-0.38000000000000006,-0.13245350000000003,0
15469,20,BRCA1,1.6700000000000013,1.2927132000000003,0
15470,20,SH2B3,0.06999999999999999,0.04860160000000001,0
15471,20,AFF4,0.17,0.12346019999999999,0
15472,20,NF2,-0.07,0.018946800000000003,0
15473,20,LMNA,0.10000000000000002,0.0743029,0
15474,20,TSC2,0.44,0.39262270000000005,0
15475,20,GOLPH3,-0.09000000000000001,-0.0591459,0
15476,20,PCM1,-0.06,-0.039303000000000005,0
15477,20,PPP2R1A,-0.29000000000000004,-0.0837499,0
15478,20,ARID1A,1.7100000000000009,1.2054839999999998,0
15479,20,ABL1,0.31000000000000005,0.24614420000000012,0
15480,20,AFF1,0.31,0.23484230000000006,0
15481,20,DAXX,-0.16,-0.018964399999999996,0
15482,20,CBFB,0.12,0.0915832,0
15483,20,CBLB,0.13,0.09858510000000001,0
15484,20,POLR2A,0.06999999999999998,0.18453319999999998,0
15485,20,PRKACA,0.39000000000000007,0.31158150000000007,0
15486,20,DNM2,-0.12,-0.05261189999999999,0
15487,20,RAP1GDS1,-0.07,-0.021621400000000006,0
15488,20,NCOR1,0.9500000000000003,0.8145587000000001,0
15489,20,NFKBIE,-0.26,-0.09462229999999999,0
15490,20,DDX3X,0.09,0.0979613,0
15491,20,ELK4,0.01,0.006999,0
15492,20,MLLT6,0.11,0.0832963,0
15493,20,SRSF2,-1.1400000000000001,-0.31912470000000004,0
15494,20,CTNNA1,0.11,0.08254929999999998,0
15495,20,RBM10,0.23,0.1582048,0
15496,20,PTPRC,0.1,0.1079282,0
15497,20,HSP90AA1,1.3700000000000008,0.9399489000000001,0
15498,21,NSD1,0.34,0.2992878,1
15499,21,DICER1,0.32000000000000006,0.33518010000000004,1
15500,21,BIRC6,0.12,0.11762929999999999,1
15501,21,SDHC,0.44,0.3326821,1
15502,21,TFG,0.13,0.0844316,1
15503,21,MAP2K2,0.32999999999999996,0.23381990000000002,1
15504,21,TFRC,-0.30000000000000004,-0.11753720000000001,1
15505,21,CREB1,0.8300000000000004,0.7477839000000002,1
15506,21,POLG,-0.01,-0.0027721,1
15507,21,SETD2,0.6900000000000002,0.6364955000000001,1
15508,21,NAB2,-0.54,-0.1490054,1
15509,21,HIF1A,1.630000000000001,1.2951638,1
15510,21,FLCN,-0.019999999999999997,0.033062,1
15511,21,MAP2K4,0.04,0.1185323,1
15512,21,CNOT3,0.06999999999999999,0.0661545,1
15513,21,CIITA,0.11,0.07175830000000001,1
15514,21,LSM14A,0.16,0.1332213,1
15515,21,AKAP9,-0.04000000000000001,0.021812999999999992,1
15516,21,MSN,-0.31,-0.11057959999999999,1
15517,21,BCR,-0.04999999999999999,0.056762900000000005,1
15518,21,TRRAP,-0.04000000000000006,0.2053121,1
15519,21,PPP6C,-0.17,-0.06725510000000001,1
15520,21,NCOA4,-0.11999999999999997,-0.029652,1
15521,21,BCL9,0.19999999999999998,0.15735529999999998,1
15522,21,PRCC,0.09,0.0768517,1
15523,21,LARP4B,0.04,0.031637200000000004,1
15524,21,CHD2,0.02,0.017856399999999998,1
15525,21,ASXL1,0.29000000000000004,0.3415168999999999,1
15526,21,SMARCA4,2.030000000000001,1.6563122000000001,1
15527,21,ERC1,-0.03,-0.0230064,1
15528,21,DCTN1,0.010000000000000002,0.03870029999999998,1
15529,21,PIK3R1,1.1200000000000006,0.9497093999999999,1
15530,21,EED,0.15999999999999998,0.10504109999999998,1
15531,21,CNBP,0.01,0.0057526999999999995,1
15532,21,SGK1,0.53,0.3786447000000001,1
15533,21,MLLT10,-0.22999999999999998,-0.1399539,1
15534,21,BRD4,0.8600000000000003,0.8227621,1
15535,21,RANBP2,0.33999999999999997,0.3402236,1
15536,21,FBXO11,0.08,0.0689295,1
15537,21,PML,0.3400000000000001,0.23337469999999996,1
15538,21,AKT2,1.2200000000000006,0.9099277999999998,1
15539,21,CEP89,0.06,0.0385198,1
15540,21,LZTR1,0.06000000000000001,0.10943259999999999,1
15541,21,YWHAE,0.29000000000000004,0.18302500000000005,1
15542,21,DNAJB1,-0.13,-0.0324546,1
15543,21,PRDM2,0.06,0.0500316,1
15544,21,TPM4,0.51,0.3718802,1
15545,21,CREBBP,1.9500000000000013,1.6580805999999997,1
15546,21,PMS2,0.7200000000000002,0.6598333,1
15547,21,DDR2,0.03,0.020182100000000005,1
15548,21,FANCA,0.39000000000000007,0.33919180000000004,1
15549,21,PDE4DIP,0.08,0.062322199999999994,1
15550,21,USP8,-0.04,-0.016378200000000002,1
15551,21,MYH9,-0.4,-0.104895,1
15552,21,MYC,-0.8200000000000003,-0.1394278,1
15553,21,NBN,0.6400000000000001,0.5422549,1
15554,21,CCND3,-0.1,0.005232500000000006,1
15555,21,TRIP11,-0.08,-0.0602043,1
15556,21,CNTRL,-0.08,-0.0637489,1
15557,21,PIK3CA,1.220000000000001,1.0841267999999997,1
15558,21,DDX5,0.33,0.3176554000000001,1
15559,21,PICALM,3.469446951953614e-18,0.004040200000000004,1
15560,21,RARA,-0.05000000000000002,0.0704989,1
15561,21,DDX6,-0.03999999999999999,0.07763769999999999,1
15562,21,COL1A1,0.24000000000000002,0.20732870000000003,1
15563,21,VHL,0.31000000000000005,0.2349216,1
15564,21,MAPK1,1.890000000000001,1.3984245000000006,1
15565,21,SRC,0.31999999999999995,0.37239019999999984,1
15566,21,NFE2L2,0.32999999999999996,0.26452850000000006,1
15567,21,MITF,-0.25,-0.057191500000000006,1
15568,21,SMAD3,1.2500000000000009,1.2122559000000002,1
15569,21,RBM15,0.12,0.1051859,1
15570,21,ATR,0.8000000000000003,0.6767966,1
15571,21,EPAS1,0.32999999999999996,0.352458,1
15572,21,TPM3,0.22000000000000003,0.1812897,1
15573,21,RPL10,0.08000000000000003,0.10994310000000002,1
15574,21,STAG1,0.16,0.16468130000000003,1
15575,21,SBDS,-0.06,-0.0197052,1
15576,21,KMT2D,1.0700000000000005,0.8803118999999999,1
15577,21,MED12,0.41000000000000003,0.34841880000000003,1
15578,21,BCLAF1,-0.00999999999999999,0.052744700000000005,1
15579,21,ASPSCR1,-0.010000000000000009,0.0073539,1
15580,21,CDK12,0.52,0.4324573,1
15581,21,EWSR1,0.21000000000000002,0.3000823,1
15582,21,NDRG1,-0.04000000000000001,-0.010977600000000002,1
15583,21,PSIP1,0.08,0.0788585,1
15584,21,TRIM33,0.14,0.12239060000000002,1
15585,21,MTOR,0.9000000000000004,0.7837645000000001,1
15586,21,ARHGAP35,0.14,0.1473391,1
15587,21,POT1,0.010000000000000002,0.0191162,1
15588,21,EXT1,0.11,0.0859925,1
15589,21,IL6ST,0.34,0.29337830000000004,1
15590,21,IDH2,-0.020000000000000004,0.03076790000000001,1
15591,21,SMARCE1,0.4,0.2891692,1
15592,21,CRTC3,0.09999999999999999,0.0843456,1
15593,21,TSC1,0.36000000000000004,0.33799440000000003,1
15594,21,BCOR,-0.13,0.02538369999999999,1
15595,21,SDHA,0.24000000000000002,0.20356879999999997,1
15596,21,EP300,2.3100000000000005,1.9746836999999995,1
15597,21,HNRNPA2B1,0.51,0.3687334,1
15598,21,CLIP1,-0.12,-0.0724617,1
15599,21,PATZ1,-0.62,-0.15475550000000002,1
15600,21,FUBP1,-0.11000000000000001,-0.008418999999999992,1
15601,21,HLA-A,-0.12000000000000001,0.00997710000000001,1
15602,21,CCNC,-0.22,-0.0979742,1
15603,21,RPN1,-0.19,-0.0732091,1
15604,21,TCF7L2,0.039999999999999966,0.10192420000000003,1
15605,21,CANT1,0.05,0.024196699999999995,1
15606,21,RPL5,-0.7100000000000001,-0.2220553,1
15607,21,CCDC6,0.09000000000000001,0.10346539999999999,1
15608,21,NCKIPSD,-0.039999999999999994,-0.007426600000000002,1
15609,21,SMARCD1,0.48000000000000004,0.39728489999999994,1
15610,21,BCL10,-0.009999999999999995,0.06088550000000001,1
15611,21,MAX,0.03999999999999999,0.07868409999999999,1
15612,21,HERPUD1,-0.03,-0.0076854,1
15613,21,RAC1,0.049999999999999996,0.13372649999999997,1
15614,21,FLNA,0.18,0.1299287,1
15615,21,TFE3,-0.8,-0.2722925,1
15616,21,NCOR2,0.7000000000000003,0.5873263,1
15617,21,PRPF40B,0.030000000000000002,0.024628699999999996,1
15618,21,BCL3,-0.06,-0.0032667999999999916,1
15619,21,TFPT,-0.43000000000000005,-0.1190928,1
15620,21,MLH1,0.7600000000000002,0.736598,1
15621,21,ARHGAP5,0.09999999999999999,0.1073526,1
15622,21,CIC,0.0,0.0,1
15623,21,LYN,0.64,0.5200654000000001,1
15624,21,TCF12,0.37000000000000005,0.3074577,1
15625,21,KLF6,0.06999999999999999,0.047915,1
15626,21,KMT2C,0.9500000000000003,0.8384651999999999,1
15627,21,PIM1,-0.09999999999999998,-0.011912800000000001,1
15628,21,CCND1,1.2200000000000006,0.7666932999999999,1
15629,21,MLLT1,-1.6300000000000003,-0.3838754,1
15630,21,MEN1,-0.09,-0.02149209999999999,1
15631,21,CUL3,0.03000000000000004,0.15087710000000001,1
15632,21,RB1,0.74,0.6207901,1
15633,21,LPP,-0.16999999999999998,-0.029445199999999994,1
15634,21,BUB1B,-0.15,-0.045530100000000004,1
15635,21,SMAD4,1.550000000000001,1.3005517999999998,1
15636,21,FGFR1,0.32,0.2877091,1
15637,21,TMSB4X,0.03,0.023065799999999997,1
15638,21,CDK4,1.0300000000000005,0.7311747,1
15639,21,MSI2,0.01,0.0082078,1
15640,21,MSH6,0.9000000000000005,0.8241957999999998,1
15641,21,BRAF,1.3900000000000008,1.2112236999999997,1
15642,21,TCEA1,-0.13,-0.018391900000000003,1
15643,21,TNFAIP3,0.14,0.127056,1
15644,21,RABEP1,0.020000000000000004,0.0167031,1
15645,21,GMPS,-0.06000000000000001,-0.021980600000000017,1
15646,21,MDM2,1.2300000000000009,1.0108371999999999,1
15647,21,NSD2,0.24999999999999997,0.20163389999999998,1
15648,21,CASP8,-0.17000000000000004,0.08747130000000002,1
15649,21,PER1,-0.22000000000000003,-0.07874330000000002,1
15650,21,UBR5,0.060000000000000005,0.0710251,1
15651,21,EIF3E,-0.010000000000000009,0.03411120000000001,1
15652,21,RFWD3,0.03,0.029672700000000003,1
15653,21,BRD3,0.11000000000000001,0.08622210000000002,1
15654,21,PAFAH1B2,0.03,0.027717000000000002,1
15655,21,EXT2,0.020000000000000004,0.0208136,1
15656,21,PLCG1,0.5,0.43765289999999996,1
15657,21,SF3B1,-0.63,-0.30170510000000006,1
15658,21,ARHGEF10L,0.04,0.0202356,1
15659,21,NFATC2,0.23,0.1746249,1
15660,21,SDHD,0.29,0.20328229999999997,1
15661,21,PABPC1,-1.24,-0.34436560000000005,1
15662,21,POLD1,-0.5099999999999999,-0.12978130000000002,1
15663,21,CALR,-0.03000000000000001,0.03601060000000001,1
15664,21,PIK3CB,0.5899999999999999,0.5228445,1
15665,21,PPM1D,0.29000000000000004,0.23621640000000002,1
15666,21,ATRX,1.0500000000000005,0.9355585,1
15667,21,DGCR8,0.22,0.17600559999999998,1
15668,21,DDX10,0.19,0.149574,1
15669,21,DROSHA,0.5900000000000001,0.49058430000000003,1
15670,21,TNFRSF14,-0.18000000000000002,-0.0620222,1
15671,21,BCL9L,0.13999999999999999,0.10157149999999998,1
15672,21,QKI,0.03,0.024298399999999998,1
15673,21,BAZ1A,0.01,0.0079069,1
15674,21,CHD4,0.41000000000000003,0.36796249999999997,1
15675,21,NSD3,0.13999999999999999,0.1372061,1
15676,21,NT5C2,0.17,0.09945709999999999,1
15677,21,CCNB1IP1,0.15000000000000002,0.07024820000000001,1
15678,21,PCBP1,-1.2400000000000002,-0.3120699,1
15679,21,RALGDS,-0.15,0.0093299,1
15680,21,ARHGEF12,-0.05000000000000001,0.022781400000000007,1
15681,21,HSP90AB1,1.2100000000000006,0.8337206000000003,1
15682,21,FOXO3,1.4600000000000009,1.1261958,1
15683,21,HIP1,-0.01,-0.0070213,1
15684,21,CDC73,-0.010000000000000002,0.049222300000000004,1
15685,21,NIN,0.0,-0.0015417999999999994,1
15686,21,MDM4,0.11000000000000001,0.1825631,1
15687,21,COL3A1,0.24000000000000002,0.1990711,1
15688,21,CTNND1,0.07,0.1294286,1
15689,21,SPOP,0.15000000000000002,0.1352839,1
15690,21,TMEM127,0.0,0.010362799999999998,1
15691,21,CREB3L2,0.11,0.073931,1
15692,21,MSH2,0.9800000000000004,0.8727195999999999,1
15693,21,FNBP1,0.009999999999999998,0.0220009,1
15694,21,ATF1,0.17000000000000004,0.12458910000000001,1
15695,21,EIF1AX,-0.53,-0.2110137,1
15696,21,PMS1,0.44000000000000006,0.3497981,1
15697,21,DEK,0.24,0.19064440000000002,1
15698,21,ERBB2,0.8700000000000003,0.6109570000000001,1
15699,21,AKT1,0.7800000000000002,0.5410493000000002,1
15700,21,CHEK2,0.5900000000000001,0.6203284,1
15701,21,SDHB,0.43000000000000005,0.31198299999999995,1
15702,21,NCOA1,0.45999999999999996,0.36458100000000004,1
15703,21,CHIC2,0.07,0.0480438,1
15704,21,RUNX1,0.12,0.587577,1
15705,21,STAT6,0.4,0.36733999999999994,1
15706,21,FH,-0.03999999999999998,0.016140100000000004,1
15707,21,AKT3,1.1800000000000004,0.9080872999999999,1
15708,21,GNAS,0.36,0.26650399999999996,1
15709,21,CTNNB1,1.3500000000000008,0.9998531000000002,1
15710,21,NONO,0.32000000000000006,0.2840829,1
15711,21,SMARCB1,0.9900000000000004,0.8285268000000001,1
15712,21,PRKAR1A,0.23,0.218943,1
15713,21,ITGAV,-0.010000000000000014,0.0597707,1
15714,21,SS18,0.43,0.32446369999999997,1
15715,21,MAP2K1,0.9700000000000002,0.6225872,1
15716,21,SIRPA,-0.08,-0.024497900000000003,1
15717,21,PPFIBP1,0.39999999999999997,0.30563490000000004,1
15718,21,RPL22,-0.14,0.08972480000000002,1
15719,21,CYLD,0.32,0.25862240000000003,1
15720,21,ARID1B,0.8700000000000001,0.6995221000000001,1
15721,21,SETDB1,0.33,0.2489848,1
15722,21,AFDN,-0.42000000000000004,-0.1134086,1
15723,21,ZRSR2,-0.16000000000000003,-0.12497420000000001,1
15724,21,PBRM1,1.0500000000000005,0.8500714,1
15725,21,XPC,0.48000000000000004,0.3059639,1
15726,21,ASXL2,0.31000000000000005,0.2324479,1
15727,21,TRIM24,-0.18,-0.004885699999999994,1
15728,21,SFPQ,-0.65,-0.23961310000000002,1
15729,21,NCOA2,0.6100000000000001,0.5202091,1
15730,21,FOXO4,0.31999999999999995,0.2164385,1
15731,21,LEF1,0.18,0.18290849999999997,1
15732,21,B2M,-0.33,-0.13919249999999997,1
15733,21,DDIT3,-0.36,-0.1107071,1
15734,21,BCL6,0.29000000000000004,0.2782488,1
15735,21,KRAS,-0.51,-0.06162399999999999,1
15736,21,FAT1,0.12000000000000001,0.0921408,1
15737,21,ABL2,0.1,0.08288670000000001,1
15738,21,NF1,1.3600000000000008,1.1431649000000006,1
15739,21,BTG1,-0.06,-0.0259428,1
15740,21,EIF4A2,0.04,0.0201448,1
15741,21,SET,0.16999999999999998,0.14025310000000002,1
15742,21,EPS15,0.09,0.0797331,1
15743,21,RNF213,0.05,0.044552,1
15744,21,CTCF,1.0900000000000003,0.7854975000000001,1
15745,21,WDCP,0.24000000000000002,0.1550435,1
15746,21,KAT7,0.18,0.1548559,1
15747,21,KDM5C,0.23,0.21373609999999998,1
15748,21,TGFBR2,0.06999999999999997,0.1344555,1
15749,21,ATM,1.2300000000000009,1.1959912999999998,1
15750,21,NUMA1,0.03,0.033937699999999994,1
15751,21,STAT3,0.61,0.7005596999999999,1
15752,21,SUB1,-0.1,-0.0440632,1
15753,21,NUP98,0.3,0.2854897999999999,1
15754,21,ELL,0.05999999999999999,0.032730300000000004,1
15755,21,MAP3K1,0.25,0.23613850000000003,1
15756,21,MALT1,0.08000000000000003,0.14006600000000002,1
15757,21,XPO1,0.5600000000000003,0.48552950000000006,1
15758,21,SETD1B,0.26,0.21566860000000002,1
15759,21,ETV6,-0.11000000000000001,-0.0281317,1
15760,21,TBL1XR1,0.24999999999999997,0.18723900000000002,1
15761,21,NUP214,-0.16999999999999996,0.1104481,1
15762,21,TPR,0.14999999999999997,0.13541179999999997,1
15763,21,ATIC,0.2,0.1774841,1
15764,21,NACA,0.22,0.11923420000000001,1
15765,21,MYO5A,0.03,0.022931800000000002,1
15766,21,SMC1A,0.22000000000000003,0.393765,1
15767,21,LASP1,-0.21,-0.11060149999999999,1
15768,21,ERCC5,0.45999999999999996,0.2851242,1
15769,21,JUN,-0.8899999999999999,-0.17132169999999997,1
15770,21,THRAP3,0.09000000000000001,0.0724116,1
15771,21,STAG2,0.13999999999999999,0.2315777,1
15772,21,RAF1,0.7000000000000002,0.5611626999999999,1
15773,21,ERCC3,0.59,0.5047227,1
15774,21,SMAD2,0.09000000000000025,0.3719228000000001,1
15775,21,TAF15,0.20000000000000004,0.1756161,1
15776,21,ARNT,0.34,0.2899966,1
15777,21,CLTC,-0.71,-0.2994836,1
15778,21,IKBKB,0.5000000000000002,0.5022896000000002,1
15779,21,IDH1,-0.6000000000000002,-0.19979870000000002,1
15780,21,SND1,0.010000000000000005,0.035341899999999996,1
15781,21,KNSTRN,0.02,0.015316600000000001,1
15782,21,RHOA,-3.86,-0.8142529,1
15783,21,PALB2,0.5499999999999999,0.5236842,1
15784,21,ARID2,0.8400000000000001,0.6807343000000001,1
15785,21,EZR,-0.15,-0.045938700000000006,1
15786,21,TP53,-0.8799999999999999,0.05097820000000001,1
15787,21,ARAF,0.3700000000000001,0.21994890000000003,1
15788,21,KIF5B,0.5700000000000002,0.44796649999999993,1
15789,21,KAT6A,0.14,0.1998502,1
15790,21,KTN1,-0.15000000000000002,-0.013423500000000008,1
15791,21,GOLGA5,-0.08,-0.056327,1
15792,21,KDM5A,0.30000000000000004,0.2852363,1
15793,21,RAD21,0.5700000000000001,0.4919201,1
15794,21,GNAQ,0.27999999999999997,0.2317291,1
15795,21,CAMTA1,0.06,0.0433894,1
15796,21,ERCC2,0.65,0.5196884,1
15797,21,EZH2,1.490000000000001,1.2262024999999996,1
15798,21,TOP1,0.28,0.22907789999999997,1
15799,21,SRSF3,-0.2899999999999999,-0.06853369999999999,1
15800,21,NPM1,0.15999999999999998,0.17280790000000001,1
15801,21,BAX,-0.7799999999999999,-0.177802,1
15802,21,NOTCH2,0.29000000000000004,0.2501833,1
15803,21,TRAF7,0.02,0.014702400000000001,1
15804,21,KDM6A,0.8900000000000002,0.9089857,1
15805,21,SPEN,0.13,0.106703,1
15806,21,TRIM27,-0.6,-0.184209,1
15807,21,CRTC1,0.15,0.11944170000000001,1
15808,21,EML4,0.30000000000000004,0.32282320000000003,1
15809,21,USP9X,0.009999999999999998,0.004490499999999998,1
15810,21,PTPRK,0.0,0.0,1
15811,21,CD74,-0.17,0.005955100000000005,1
15812,21,CBL,0.6500000000000001,0.5731159999999998,1
15813,21,ZNF384,0.04,0.0306747,1
15814,21,NOTCH1,1.1200000000000003,0.8387225999999999,1
15815,21,COX6C,-0.22,-0.0525131,1
15816,21,CHCHD7,0.02,0.012722800000000001,1
15817,21,HMGA1,-0.04,-0.016854299999999996,1
15818,21,PTEN,0.8500000000000005,0.9689649,1
15819,21,FIP1L1,-0.03,-0.008572600000000007,1
15820,21,JAK1,0.8900000000000001,0.7617955000000001,1
15821,21,ZMYM2,0.01,0.008721099999999999,1
15822,21,SUZ12,0.9500000000000004,0.7381815999999998,1
15823,21,FUS,-0.61,-0.062177400000000035,1
15824,21,BAP1,-0.27999999999999997,-0.1262021,1
15825,21,ZCCHC8,-0.06,-0.0195966,1
15826,21,CRNKL1,0.03,0.0238944,1
15827,21,RAD17,0.19999999999999998,0.14899679999999998,1
15828,21,ATP1A1,0.03,0.0169036,1
15829,21,DNMT3A,0.9900000000000002,0.8646846,1
15830,21,FBXW7,1.0900000000000003,0.9298713999999999,1
15831,21,WWTR1,-0.06999999999999999,-0.018464699999999994,1
15832,21,CDKN1B,0.39,0.31289320000000004,1
15833,21,KMT2A,0.30999999999999994,0.3540342999999999,1
15834,21,PTPN11,1.1800000000000006,1.0074147999999998,1
15835,21,STAT5B,0.8100000000000003,0.6707167999999999,1
15836,21,CUX1,-0.060000000000000005,-0.039855,1
15837,21,ABI1,-0.30000000000000004,-0.0828162,1
15838,21,BRCA1,1.740000000000001,1.4977848999999999,1
15839,21,SH2B3,0.09,0.0556614,1
15840,21,AFF4,-0.2,-0.1218054,1
15841,21,NF2,0.10999999999999999,0.133955,1
15842,21,LMNA,0.05,0.0424686,1
15843,21,TSC2,0.8500000000000001,0.7009914,1
15844,21,GOLPH3,-0.08,-0.05609600000000001,1
15845,21,PCM1,-0.05,-0.041977600000000004,1
15846,21,PPP2R1A,-0.3400000000000001,-0.0955386,1
15847,21,ARID1A,1.950000000000001,1.6071488000000005,1
15848,21,ABL1,-0.11999999999999997,0.08716229999999998,1
15849,21,AFF1,0.02,0.0454191,1
15850,21,DAXX,-0.6100000000000001,-0.17009009999999994,1
15851,21,CBFB,0.09000000000000001,0.1305809,1
15852,21,CBLB,0.17,0.1505129,1
15853,21,POLR2A,-0.43999999999999995,0.01978959999999999,1
15854,21,PRKACA,0.13000000000000006,0.23956249999999993,1
15855,21,DNM2,-0.11000000000000001,-0.04793320000000001,1
15856,21,RAP1GDS1,-0.019999999999999976,0.043148099999999995,1
15857,21,NCOR1,1.0400000000000003,1.0009823,1
15858,21,NFKBIE,-0.43999999999999995,-0.1198958,1
15859,21,DDX3X,0.33000000000000007,0.28803599999999996,1
15860,21,ELK4,0.02,0.017078,1
15861,21,MLLT6,0.04,0.0335164,1
15862,21,SRSF2,-3.47,-0.7658284000000003,1
15863,21,CTNNA1,0.16,0.1242765,1
15864,21,RBM10,0.13,0.10039059999999998,1
15865,21,PTPRC,0.11000000000000001,0.15865400000000002,1
15866,21,HSP90AA1,0.7500000000000002,0.6041324,1
15867,21,NSD1,0.25,0.1957777,0
15868,21,DICER1,0.22000000000000003,0.22566930000000002,0
15869,21,BIRC6,0.06,0.050081099999999996,0
15870,21,SDHC,0.26,0.19866300000000003,0
15871,21,TFG,0.31,0.1777086,0
15872,21,MAP2K2,0.22000000000000003,0.18099999999999997,0
15873,21,TFRC,-0.22,-0.10816400000000001,0
15874,21,CREB1,0.8800000000000003,0.6624291000000001,0
15875,21,POLG,0.02,0.0076984,0
15876,21,SETD2,0.6900000000000002,0.5746429999999999,0
15877,21,NAB2,-0.3,-0.1017846,0
15878,21,HIF1A,1.6000000000000008,1.1585413000000002,0
15879,21,FLCN,0.030000000000000002,0.029699600000000007,0
15880,21,MAP2K4,-0.08,0.046295199999999995,0
15881,21,CNOT3,-0.03,0.0033279999999999976,0
15882,21,CIITA,0.1,0.0644391,0
15883,21,LSM14A,0.1,0.0825424,0
15884,21,AKAP9,-0.08,-0.0186732,0
15885,21,MSN,-0.36,-0.08334359999999999,0
15886,21,BCR,0.08,0.0617923,0
15887,21,TRRAP,0.030000000000000027,0.1421332,0
15888,21,PPP6C,-0.19,-0.09176110000000001,0
15889,21,NCOA4,-0.15,-0.08142390000000002,0
15890,21,BCL9,0.18000000000000002,0.14344190000000004,0
15891,21,PRCC,0.05,0.03757920000000001,0
15892,21,LARP4B,0.0,0.0,0
15893,21,CHD2,0.01,0.007323,0
15894,21,ASXL1,0.5700000000000001,0.4906971999999999,0
15895,21,SMARCA4,1.4100000000000008,1.0301861,0
15896,21,ERC1,-0.03,-0.022072199999999997,0
15897,21,DCTN1,-0.31999999999999995,-0.15546410000000002,0
15898,21,PIK3R1,1.3000000000000007,0.9455872999999999,0
15899,21,EED,0.12000000000000001,0.09664819999999999,0
15900,21,CNBP,0.02,0.0113306,0
15901,21,SGK1,0.31,0.18433880000000002,0
15902,21,MLLT10,-0.12999999999999998,-0.04789239999999999,0
15903,21,BRD4,0.9900000000000004,0.7536246999999998,0
15904,21,RANBP2,0.19999999999999998,0.21816800000000003,0
15905,21,FBXO11,0.060000000000000005,0.0472704,0
15906,21,PML,0.31000000000000005,0.23210290000000006,0
15907,21,AKT2,1.0000000000000002,0.6754355000000001,0
15908,21,CEP89,0.07,0.0413974,0
15909,21,LZTR1,0.08000000000000002,0.0797758,0
15910,21,YWHAE,0.25000000000000006,0.16205119999999998,0
15911,21,DNAJB1,-0.060000000000000005,-0.0151019,0
15912,21,PRDM2,0.01,0.0068758,0
15913,21,TPM4,0.49000000000000005,0.32074430000000004,0
15914,21,CREBBP,1.9500000000000013,1.5204337999999997,0
15915,21,PMS2,0.7100000000000002,0.6273525999999999,0
15916,21,DDR2,0.030000000000000002,0.018116800000000002,0
15917,21,FANCA,0.36000000000000004,0.2959551,0
15918,21,PDE4DIP,0.060000000000000005,0.041711500000000006,0
15919,21,USP8,-0.07,-0.0268916,0
15920,21,MYH9,-0.13999999999999999,0.010928799999999983,0
15921,21,MYC,-1.870000000000001,-0.6937222000000003,0
15922,21,NBN,0.54,0.413852,0
15923,21,CCND3,-0.04,0.0148813,0
15924,21,TRIP11,-0.14,-0.09287139999999998,0
15925,21,CNTRL,-0.07,-0.0483,0
15926,21,PIK3CA,1.5000000000000009,1.1007459000000002,0
15927,21,DDX5,0.33000000000000007,0.2792857000000001,0
15928,21,PICALM,0.010000000000000002,0.011239000000000006,0
15929,21,RARA,0.53,0.3677702,0
15930,21,DDX6,-0.08000000000000002,0.058422199999999994,0
15931,21,COL1A1,0.12,0.121446,0
15932,21,VHL,0.18999999999999995,0.13473280000000004,0
15933,21,MAPK1,1.5400000000000007,0.9931024000000003,0
15934,21,SRC,-0.31999999999999995,0.09084519999999996,0
15935,21,NFE2L2,0.23999999999999996,0.17211010000000002,0
15936,21,MITF,-0.27999999999999997,-0.046497899999999995,0
15937,21,SMAD3,1.1700000000000008,0.8960755000000001,0
15938,21,RBM15,0.09,0.0761695,0
15939,21,ATR,0.7400000000000003,0.6037178999999999,0
15940,21,EPAS1,0.42,0.3581027,0
15941,21,TPM3,0.25,0.1799782,0
15942,21,RPL10,0.14,0.12239409999999999,0
15943,21,STAG1,0.10999999999999999,0.1250579,0
15944,21,SBDS,-0.03,-0.0111822,0
15945,21,KMT2D,0.9400000000000004,0.6847417000000001,0
15946,21,MED12,0.29000000000000004,0.23163709999999998,0
15947,21,BCLAF1,-0.01999999999999999,0.0333036,0
15948,21,ASPSCR1,-0.020000000000000004,0.005263199999999998,0
15949,21,CDK12,0.32999999999999996,0.24481620000000004,0
15950,21,EWSR1,0.44999999999999996,0.3453534,0
15951,21,NDRG1,-0.06,-0.0229483,0
15952,21,PSIP1,-0.07,-0.030030399999999992,0
15953,21,TRIM33,0.060000000000000005,0.0508022,0
15954,21,MTOR,1.3300000000000007,0.9589439000000001,0
15955,21,ARHGAP35,0.1,0.1261833,0
15956,21,POT1,-0.039999999999999994,0.011976399999999996,0
15957,21,EXT1,0.11,0.0664653,0
15958,21,IL6ST,0.29,0.22320289999999998,0
15959,21,IDH2,-0.05999999999999999,0.023751700000000014,0
15960,21,SMARCE1,0.44,0.2757915,0
15961,21,CRTC3,0.09,0.0660248,0
15962,21,TSC1,0.32,0.2798153,0
15963,21,BCOR,-0.15,-0.008340399999999994,0
15964,21,SDHA,0.26000000000000006,0.1640373,0
15965,21,EP300,1.7400000000000013,1.3103428999999998,0
15966,21,HNRNPA2B1,0.33999999999999997,0.2675403,0
15967,21,CLIP1,-0.11000000000000001,-0.0632597,0
15968,21,PATZ1,-0.48,-0.1276456,0
15969,21,FUBP1,-0.1,0.0217947,0
15970,21,HLA-A,-0.14999999999999997,0.014371400000000003,0
15971,21,CCNC,-0.06999999999999999,-0.0269823,0
15972,21,RPN1,-0.28,-0.07883620000000001,0
15973,21,TCF7L2,0.02999999999999998,0.09800340000000002,0
15974,21,CANT1,0.09000000000000001,0.0528937,0
15975,21,RPL5,-0.66,-0.18251889999999998,0
15976,21,CCDC6,-0.059999999999999984,0.023048599999999995,0
15977,21,NCKIPSD,0.04,0.0227989,0
15978,21,SMARCD1,0.42,0.30109009999999997,0
15979,21,BCL10,0.010000000000000009,0.0413217,0
15980,21,MAX,-0.019999999999999997,0.005808799999999997,0
15981,21,HERPUD1,0.01,0.0040044,0
15982,21,RAC1,0.019999999999999983,0.06951660000000003,0
15983,21,FLNA,0.12,0.11391219999999998,0
15984,21,TFE3,-0.45000000000000007,-0.1768429,0
15985,21,NCOR2,0.7100000000000002,0.5207672999999999,0
15986,21,PRPF40B,-0.02,-0.0128751,0
15987,21,BCL3,-0.030000000000000013,0.007253200000000005,0
15988,21,TFPT,-0.28,-0.09695379999999999,0
15989,21,MLH1,0.9000000000000001,0.7419651999999999,0
15990,21,ARHGAP5,0.05999999999999999,0.08327019999999999,0
15991,21,CIC,0.0,0.0,0
15992,21,LYN,0.8400000000000002,0.6024482,0
15993,21,TCF12,0.26,0.1962351,0
15994,21,KLF6,0.04,0.0216933,0
15995,21,KMT2C,1.0200000000000002,0.7817049,0
15996,21,PIM1,-0.18,-0.064418,0
15997,21,CCND1,1.4500000000000008,0.8877882999999999,0
15998,21,MLLT1,-0.8900000000000001,-0.25941659999999994,0
15999,21,MEN1,-0.07,-0.006816599999999994,0
16000,21,CUL3,0.14,0.13039509999999999,0
16001,21,RB1,0.59,0.46770749999999994,0
16002,21,LPP,-0.09,-0.0268325,0
16003,21,BUB1B,-0.12000000000000001,-0.0573811,0
16004,21,SMAD4,1.4700000000000009,1.0967839999999998,0
16005,21,FGFR1,0.24,0.1662494,0
16006,21,TMSB4X,0.04,0.031098,0
16007,21,CDK4,0.6400000000000001,0.42901439999999996,0
16008,21,MSI2,0.01,0.007253,0
16009,21,MSH6,0.9300000000000004,0.7314889,0
16010,21,BRAF,1.0400000000000005,0.8851453000000004,0
16011,21,TCEA1,-0.049999999999999996,0.015656100000000003,0
16012,21,TNFAIP3,0.14,0.13064820000000002,0
16013,21,RABEP1,0.0,-0.0018123999999999987,0
16014,21,GMPS,-0.06,-0.03605980000000001,0
16015,21,MDM2,1.1600000000000006,0.8104641999999999,0
16016,21,NSD2,0.19,0.1323543,0
16017,21,CASP8,0.09000000000000001,0.2061838,0
16018,21,PER1,-0.18,-0.042413799999999995,0
16019,21,UBR5,-0.04,-0.0071471000000000035,0
16020,21,EIF3E,-0.11,0.03570590000000001,0
16021,21,RFWD3,0.020000000000000004,0.026381800000000004,0
16022,21,BRD3,0.09999999999999999,0.0886555,0
16023,21,PAFAH1B2,0.02,0.0159062,0
16024,21,EXT2,0.0,0.0043461000000000055,0
16025,21,PLCG1,0.5499999999999999,0.38912270000000004,0
16026,21,SF3B1,-0.32,-0.13726780000000002,0
16027,21,ARHGEF10L,0.02,0.0113144,0
16028,21,NFATC2,0.21000000000000002,0.15135250000000003,0
16029,21,SDHD,0.27999999999999997,0.1554848,0
16030,21,PABPC1,-0.9299999999999999,-0.22843199999999997,0
16031,21,POLD1,-0.27,-0.06026830000000001,0
16032,21,CALR,0.04999999999999999,0.042116100000000004,0
16033,21,PIK3CB,0.5099999999999999,0.42787279999999994,0
16034,21,PPM1D,0.17,0.13133509999999998,0
16035,21,ATRX,0.9100000000000004,0.7383537000000001,0
16036,21,DGCR8,0.13,0.08064669999999999,0
16037,21,DDX10,0.15000000000000002,0.1074824,0
16038,21,DROSHA,0.38,0.27590960000000003,0
16039,21,TNFRSF14,-0.12,-0.043727999999999996,0
16040,21,BCL9L,0.15000000000000002,0.1091818,0
16041,21,QKI,-0.04,-0.024873599999999996,0
16042,21,BAZ1A,0.01,0.0070372,0
16043,21,CHD4,0.19999999999999996,0.17587799999999998,0
16044,21,NSD3,0.04000000000000001,0.0523054,0
16045,21,NT5C2,0.17,0.0956477,0
16046,21,CCNB1IP1,0.11,0.0475112,0
16047,21,PCBP1,-0.82,-0.2396076,0
16048,21,RALGDS,0.15999999999999998,0.105604,0
16049,21,ARHGEF12,-0.03,-0.002531200000000001,0
16050,21,HSP90AB1,1.1500000000000004,0.7469592,0
16051,21,FOXO3,1.3000000000000005,0.8906264,0
16052,21,HIP1,-0.01,-0.0065854,0
16053,21,CDC73,-0.12000000000000001,0.00035330000000000084,0
16054,21,NIN,0.019999999999999997,0.013445099999999995,0
16055,21,MDM4,0.17,0.1760957,0
16056,21,COL3A1,0.15,0.13482539999999998,0
16057,21,CTNND1,0.14,0.1477765,0
16058,21,SPOP,-0.010000000000000004,0.021004699999999998,0
16059,21,TMEM127,0.08999999999999998,0.067301,0
16060,21,CREB3L2,0.14,0.0881806,0
16061,21,MSH2,0.9300000000000004,0.7122145000000001,0
16062,21,FNBP1,-0.009999999999999998,0.0007561000000000043,0
16063,21,ATF1,0.019999999999999997,0.017935699999999992,0
16064,21,EIF1AX,-0.43,-0.2016993,0
16065,21,PMS1,0.51,0.3829803000000001,0
16066,21,DEK,0.16,0.1311194,0
16067,21,ERBB2,1.0600000000000005,0.6691794000000001,0
16068,21,AKT1,0.9600000000000005,0.6281728000000003,0
16069,21,CHEK2,0.33999999999999997,0.3564698,0
16070,21,SDHB,0.4,0.2532722,0
16071,21,NCOA1,0.4,0.28836130000000004,0
16072,21,CHIC2,0.05,0.0289812,0
16073,21,RUNX1,0.5400000000000005,0.6413361000000001,0
16074,21,STAT6,0.28,0.19081970000000004,0
16075,21,FH,-0.15,-0.054606699999999994,0
16076,21,AKT3,0.9900000000000004,0.6791831000000002,0
16077,21,GNAS,0.19999999999999998,0.126965,0
16078,21,CTNNB1,1.4400000000000008,1.0142079,0
16079,21,NONO,0.12000000000000001,0.08781300000000002,0
16080,21,SMARCB1,0.8500000000000003,0.6233017999999999,0
16081,21,PRKAR1A,0.11,0.10523010000000002,0
16082,21,ITGAV,0.02,0.027599299999999997,0
16083,21,SS18,0.42,0.2781403,0
16084,21,MAP2K1,1.0900000000000005,0.6885014000000002,0
16085,21,SIRPA,0.0,0.0006137999999999994,0
16086,21,PPFIBP1,0.38999999999999996,0.2595777,0
16087,21,RPL22,-0.18999999999999995,0.07635170000000001,0
16088,21,CYLD,0.32,0.2526444,0
16089,21,ARID1B,0.6599999999999999,0.4816548,0
16090,21,SETDB1,0.31,0.22764499999999996,0
16091,21,AFDN,-0.39,-0.1593913,0
16092,21,ZRSR2,0.30000000000000004,0.21489909999999998,0
16093,21,PBRM1,0.9300000000000004,0.6709487000000001,0
16094,21,XPC,0.5900000000000001,0.3837907,0
16095,21,ASXL2,0.23,0.1543341,0
16096,21,TRIM24,-0.23,-0.0914112,0
16097,21,SFPQ,-0.029999999999999992,0.04033819999999999,0
16098,21,NCOA2,0.52,0.36046419999999996,0
16099,21,FOXO4,0.30000000000000004,0.20215079999999996,0
16100,21,LEF1,0.23,0.1753958,0
16101,21,B2M,-0.51,-0.19621119999999997,0
16102,21,DDIT3,-0.3,-0.0875973,0
16103,21,BCL6,0.5,0.34880230000000007,0
16104,21,KRAS,-0.98,-0.25453870000000006,0
16105,21,FAT1,0.07,0.0513153,0
16106,21,ABL2,0.1,0.0806018,0
16107,21,NF1,0.8200000000000003,0.6940969,0
16108,21,BTG1,-0.02,-0.0108064,0
16109,21,EIF4A2,0.1,0.0782762,0
16110,21,SET,0.17,0.14381039999999998,0
16111,21,EPS15,0.019999999999999997,0.024448599999999997,0
16112,21,RNF213,0.03,0.0235569,0
16113,21,CTCF,0.9200000000000004,0.6639738,0
16114,21,WDCP,0.12,0.07291659999999998,0
16115,21,KAT7,0.1,0.08297579999999999,0
16116,21,KDM5C,0.15,0.13091819999999998,0
16117,21,TGFBR2,0.19999999999999996,0.1468592,0
16118,21,ATM,1.5000000000000009,1.2003707000000001,0
16119,21,NUMA1,6.938893903907228e-18,0.011987599999999998,0
16120,21,STAT3,1.700000000000001,1.3019613999999997,0
16121,21,SUB1,-0.19,-0.070479,0
16122,21,NUP98,0.1,0.12025769999999997,0
16123,21,ELL,-0.11999999999999998,-0.0287525,0
16124,21,MAP3K1,0.38999999999999996,0.30584239999999996,0
16125,21,MALT1,0.18000000000000002,0.15426859999999998,0
16126,21,XPO1,0.3500000000000001,0.2857568,0
16127,21,SETD1B,0.17,0.1227301,0
16128,21,ETV6,-0.17,-0.06471679999999999,0
16129,21,TBL1XR1,0.23,0.1591923,0
16130,21,NUP214,-0.039999999999999994,0.08294220000000001,0
16131,21,TPR,0.1,0.10339129999999999,0
16132,21,ATIC,1.0408340855860843e-17,0.019704500000000007,0
16133,21,NACA,0.24,0.15947260000000002,0
16134,21,MYO5A,-0.01,-0.006300000000000002,0
16135,21,SMC1A,0.54,0.44895190000000007,0
16136,21,LASP1,-0.2,-0.114093,0
16137,21,ERCC5,0.47,0.31193899999999997,0
16138,21,JUN,0.08999999999999996,0.23322999999999997,0
16139,21,THRAP3,0.11000000000000001,0.09063979999999999,0
16140,21,STAG2,0.56,0.43804809999999994,0
16141,21,RAF1,1.1700000000000004,0.8216681000000001,0
16142,21,ERCC3,0.6,0.48397460000000003,0
16143,21,SMAD2,0.5400000000000001,0.5005305000000001,0
16144,21,TAF15,0.19000000000000003,0.1555627,0
16145,21,ARNT,0.33999999999999997,0.2701198,0
16146,21,CLTC,-0.5800000000000001,-0.2934262000000001,0
16147,21,IKBKB,0.5500000000000003,0.44402520000000006,0
16148,21,IDH1,-0.5000000000000001,-0.14417229999999998,0
16149,21,SND1,-0.009999999999999997,-2.939999999999974e-05,0
16150,21,KNSTRN,0.03,0.024507599999999997,0
16151,21,RHOA,-1.35,-0.3480134,0
16152,21,PALB2,0.6200000000000001,0.5282403,0
16153,21,ARID2,0.7300000000000002,0.5484375,0
16154,21,EZR,-0.08,0.0034626999999999982,0
16155,21,TP53,-1.4500000000000002,-0.34954430000000003,0
16156,21,ARAF,0.38,0.2064002,0
16157,21,KIF5B,0.4799999999999999,0.34316789999999997,0
16158,21,KAT6A,0.19999999999999996,0.1811389,0
16159,21,KTN1,-0.12000000000000001,-0.03625490000000001,0
16160,21,GOLGA5,-0.11,-0.07721779999999999,0
16161,21,KDM5A,0.22,0.1964219,0
16162,21,RAD21,0.46000000000000013,0.35855919999999997,0
16163,21,GNAQ,0.1,0.0780354,0
16164,21,CAMTA1,0.02,0.0124014,0
16165,21,ERCC2,0.64,0.4616424,0
16166,21,EZH2,2.100000000000001,1.4463495999999998,0
16167,21,TOP1,0.17999999999999997,0.1430089,0
16168,21,SRSF3,-0.23,-0.0609823,0
16169,21,NPM1,-0.030000000000000023,0.1317821,0
16170,21,BAX,-0.45999999999999996,-0.152267,0
16171,21,NOTCH2,0.28,0.22437900000000002,0
16172,21,TRAF7,0.03,0.0227925,0
16173,21,KDM6A,0.8700000000000003,0.7200114999999999,0
16174,21,SPEN,0.11,0.0824735,0
16175,21,TRIM27,-0.45,-0.1525934,0
16176,21,CRTC1,0.14,0.10840159999999999,0
16177,21,EML4,0.19999999999999996,0.16942680000000004,0
16178,21,USP9X,-0.059999999999999984,-0.0344466,0
16179,21,PTPRK,0.01,0.007239799999999999,0
16180,21,CD74,-0.25,-0.035785000000000004,0
16181,21,CBL,0.59,0.4460357,0
16182,21,ZNF384,-0.09,-0.0466503,0
16183,21,NOTCH1,1.0100000000000005,0.7373555999999999,0
16184,21,COX6C,-0.13,-0.0488747,0
16185,21,CHCHD7,0.03,0.0196689,0
16186,21,HMGA1,-0.11,-0.0507013,0
16187,21,PTEN,1.460000000000001,1.2096209999999996,0
16188,21,FIP1L1,-0.01999999999999999,-0.010736699999999991,0
16189,21,JAK1,0.7300000000000002,0.5900516,0
16190,21,ZMYM2,-0.08000000000000002,-0.053130300000000005,0
16191,21,SUZ12,0.8200000000000003,0.5911025,0
16192,21,FUS,-0.049999999999999975,0.16466680000000003,0
16193,21,BAP1,0.039999999999999994,0.04075279999999999,0
16194,21,ZCCHC8,-0.05,-0.0161395,0
16195,21,CRNKL1,-0.04,-0.0227648,0
16196,21,RAD17,0.13,0.09392199999999999,0
16197,21,ATP1A1,0.0,0.003108300000000003,0
16198,21,DNMT3A,0.8800000000000003,0.6551602999999999,0
16199,21,FBXW7,1.0300000000000002,0.7926012999999998,0
16200,21,WWTR1,-0.019999999999999993,-0.002774499999999999,0
16201,21,CDKN1B,0.6000000000000001,0.3780086,0
16202,21,KMT2A,0.45999999999999996,0.3982440000000001,0
16203,21,PTPN11,0.9600000000000002,0.721431,0
16204,21,STAT5B,0.7100000000000002,0.5298265,0
16205,21,CUX1,-0.08,-0.0555169,0
16206,21,ABI1,-0.33999999999999997,-0.11803740000000001,0
16207,21,BRCA1,1.8600000000000012,1.4828476000000002,0
16208,21,SH2B3,0.05000000000000001,0.0385329,0
16209,21,AFF4,0.10999999999999999,0.0778793,0
16210,21,NF2,0.07000000000000002,0.1024073,0
16211,21,LMNA,0.010000000000000004,0.031132500000000014,0
16212,21,TSC2,0.6300000000000001,0.49857399999999996,0
16213,21,GOLPH3,-0.12000000000000001,-0.07285459999999999,0
16214,21,PCM1,-0.06,-0.038967,0
16215,21,PPP2R1A,-0.65,-0.2361442,0
16216,21,ARID1A,1.750000000000001,1.2828963,0
16217,21,ABL1,-0.019999999999999962,0.102838,0
16218,21,AFF1,0.19,0.1535913,0
16219,21,DAXX,-0.22000000000000003,-0.0360336,0
16220,21,CBFB,0.13,0.119109,0
16221,21,CBLB,0.13,0.1015991,0
16222,21,POLR2A,0.09,0.2310076000000001,0
16223,21,PRKACA,0.27,0.21872500000000003,0
16224,21,DNM2,-0.09000000000000001,-0.036026,0
16225,21,RAP1GDS1,-0.07,-0.012536499999999999,0
16226,21,NCOR1,0.8700000000000002,0.7475321000000003,0
16227,21,NFKBIE,-0.2,-0.0734946,0
16228,21,DDX3X,0.15000000000000002,0.1363799,0
16229,21,ELK4,0.02,0.0149902,0
16230,21,MLLT6,0.12,0.09836380000000002,0
16231,21,SRSF2,-1.23,-0.3405593,0
16232,21,CTNNA1,0.07,0.05624209999999999,0
16233,21,RBM10,0.21000000000000002,0.1532272,0
16234,21,PTPRC,0.11000000000000001,0.1204857,0
16235,21,HSP90AA1,1.2400000000000007,0.8277840000000002,0
16236,22,NSD1,0.31,0.27100749999999996,1
16237,22,DICER1,0.21000000000000005,0.26185319999999995,1
16238,22,BIRC6,0.12,0.12032380000000001,1
16239,22,SDHC,0.41999999999999993,0.31534300000000004,1
16240,22,TFG,0.09,0.0734673,1
16241,22,MAP2K2,0.29,0.2068394,1
16242,22,TFRC,-0.23,-0.0941037,1
16243,22,CREB1,0.8800000000000004,0.7524930000000001,1
16244,22,POLG,-0.04,-0.0095352,1
16245,22,SETD2,0.6800000000000002,0.6152839999999999,1
16246,22,NAB2,-0.44999999999999996,-0.1441637,1
16247,22,HIF1A,1.740000000000001,1.3505978999999997,1
16248,22,FLCN,-0.06000000000000001,0.00938919999999999,1
16249,22,MAP2K4,0.11000000000000001,0.13961600000000002,1
16250,22,CNOT3,0.04999999999999999,0.048748999999999994,1
16251,22,CIITA,0.07,0.041018700000000005,1
16252,22,LSM14A,0.15,0.1192714,1
16253,22,AKAP9,0.0,0.033478100000000004,1
16254,22,MSN,-0.22,-0.05084859999999998,1
16255,22,BCR,-0.010000000000000002,0.062307299999999996,1
16256,22,TRRAP,0.03000000000000002,0.17869060000000003,1
16257,22,PPP6C,-0.14,-0.0616356,1
16258,22,NCOA4,-0.1,-0.03284889999999999,1
16259,22,BCL9,0.18000000000000002,0.1459299,1
16260,22,PRCC,0.10999999999999999,0.0869748,1
16261,22,LARP4B,0.03,0.0221427,1
16262,22,CHD2,0.02,0.018006400000000002,1
16263,22,ASXL1,0.30000000000000004,0.3524121,1
16264,22,SMARCA4,1.800000000000001,1.4160958000000001,1
16265,22,ERC1,-0.02,-0.0154024,1
16266,22,DCTN1,-0.009999999999999995,0.03595790000000001,1
16267,22,PIK3R1,1.3900000000000008,1.1051003999999998,1
16268,22,EED,0.07,0.06508670000000001,1
16269,22,CNBP,0.0,0.0,1
16270,22,SGK1,0.5,0.3381841,1
16271,22,MLLT10,-0.17,-0.08503,1
16272,22,BRD4,0.8800000000000003,0.8082283999999998,1
16273,22,RANBP2,0.22999999999999995,0.2521714000000001,1
16274,22,FBXO11,0.06,0.0486761,1
16275,22,PML,0.2599999999999999,0.20070819999999998,1
16276,22,AKT2,1.05,0.7893352000000001,1
16277,22,CEP89,0.06,0.037357800000000004,1
16278,22,LZTR1,0.09999999999999999,0.1086607,1
16279,22,YWHAE,0.24,0.1504774,1
16280,22,DNAJB1,-0.049999999999999996,-0.014140199999999999,1
16281,22,PRDM2,0.05,0.040344099999999994,1
16282,22,TPM4,0.54,0.388274,1
16283,22,CREBBP,1.720000000000001,1.4538825,1
16284,22,PMS2,0.7500000000000002,0.6642650999999999,1
16285,22,DDR2,0.0,-0.00021419999999999773,1
16286,22,FANCA,0.4,0.34503369999999994,1
16287,22,PDE4DIP,0.060000000000000005,0.045785700000000006,1
16288,22,USP8,-0.07,-0.030581900000000002,1
16289,22,MYH9,-0.6,-0.1473543,1
16290,22,MYC,-1.05,-0.17120479999999996,1
16291,22,NBN,0.6000000000000001,0.48492929999999995,1
16292,22,CCND3,-0.13,-0.002503100000000008,1
16293,22,TRIP11,-0.14,-0.09709930000000001,1
16294,22,CNTRL,-0.07,-0.055266600000000006,1
16295,22,PIK3CA,1.5200000000000014,1.2251082000000002,1
16296,22,DDX5,0.23999999999999996,0.2786771,1
16297,22,PICALM,-0.009999999999999998,-0.0017139999999999968,1
16298,22,RARA,-0.28,-0.0008389000000000087,1
16299,22,DDX6,0.09000000000000002,0.12923209999999996,1
16300,22,COL1A1,0.17,0.15030449999999998,1
16301,22,VHL,0.25000000000000006,0.1833567,1
16302,22,MAPK1,1.7700000000000011,1.2839085000000001,1
16303,22,SRC,0.6900000000000004,0.5456696000000001,1
16304,22,NFE2L2,0.37,0.24460370000000003,1
16305,22,MITF,-0.13000000000000003,-0.001947899999999999,1
16306,22,SMAD3,1.280000000000001,1.1672612,1
16307,22,RBM15,0.09000000000000001,0.0788967,1
16308,22,ATR,0.7400000000000002,0.6155282000000002,1
16309,22,EPAS1,0.36,0.3853966,1
16310,22,TPM3,0.29000000000000004,0.23765470000000002,1
16311,22,RPL10,0.14,0.136309,1
16312,22,STAG1,0.13,0.1520773,1
16313,22,SBDS,-0.05,-0.0182347,1
16314,22,KMT2D,0.9700000000000003,0.7894219000000001,1
16315,22,MED12,0.3400000000000001,0.3006122,1
16316,22,BCLAF1,-0.06000000000000001,0.018638599999999998,1
16317,22,ASPSCR1,-0.049999999999999996,-0.014180999999999992,1
16318,22,CDK12,0.49999999999999994,0.3926566,1
16319,22,EWSR1,0.22999999999999995,0.27870480000000003,1
16320,22,NDRG1,-0.010000000000000004,0.010701499999999997,1
16321,22,PSIP1,-6.938893903907228e-18,0.007277099999999991,1
16322,22,TRIM33,0.10000000000000002,0.09256850000000001,1
16323,22,MTOR,1.0600000000000003,0.8765787999999999,1
16324,22,ARHGAP35,0.17,0.152033,1
16325,22,POT1,0.0,0.004866499999999999,1
16326,22,EXT1,0.11,0.0853303,1
16327,22,IL6ST,0.3,0.25119840000000004,1
16328,22,IDH2,0.09999999999999999,0.10489680000000001,1
16329,22,SMARCE1,0.4,0.2691848,1
16330,22,CRTC3,0.09,0.0780489,1
16331,22,TSC1,0.32,0.3168587,1
16332,22,BCOR,-0.15000000000000002,0.0098606,1
16333,22,SDHA,0.26,0.20013830000000002,1
16334,22,EP300,2.3200000000000003,1.9153478,1
16335,22,HNRNPA2B1,0.48999999999999994,0.3496522,1
16336,22,CLIP1,-0.13999999999999999,-0.07508039999999999,1
16337,22,PATZ1,-0.61,-0.1478929,1
16338,22,FUBP1,-0.17000000000000004,-0.0361169,1
16339,22,HLA-A,-0.08,0.0262256,1
16340,22,CCNC,-0.29,-0.12118470000000002,1
16341,22,RPN1,-0.18,-0.063235,1
16342,22,TCF7L2,0.08000000000000003,0.10706339999999998,1
16343,22,CANT1,0.0,0.019386299999999995,1
16344,22,RPL5,-0.6400000000000001,-0.1684168,1
16345,22,CCDC6,0.11,0.1128261,1
16346,22,NCKIPSD,-0.12000000000000001,-0.020422400000000004,1
16347,22,SMARCD1,0.42000000000000004,0.3401258,1
16348,22,BCL10,0.06999999999999999,0.08366119999999999,1
16349,22,MAX,0.030000000000000006,0.07885399999999998,1
16350,22,HERPUD1,-0.05,-0.011682,1
16351,22,RAC1,-0.17000000000000004,0.036544999999999994,1
16352,22,FLNA,0.11000000000000001,0.09951719999999999,1
16353,22,TFE3,-0.7100000000000001,-0.26626310000000003,1
16354,22,NCOR2,0.5800000000000002,0.5071253,1
16355,22,PRPF40B,0.049999999999999996,0.03536260000000001,1
16356,22,BCL3,-0.04000000000000001,0.0091526,1
16357,22,TFPT,-0.35,-0.11446100000000001,1
16358,22,MLH1,0.87,0.7642272,1
16359,22,ARHGAP5,0.17,0.1354302,1
16360,22,CIC,0.0,0.0,1
16361,22,LYN,0.8200000000000002,0.6112776000000001,1
16362,22,TCF12,0.35000000000000003,0.28247330000000004,1
16363,22,KLF6,0.05,0.033065399999999995,1
16364,22,KMT2C,0.8600000000000002,0.7349585000000001,1
16365,22,PIM1,-0.07000000000000003,0.004496900000000002,1
16366,22,CCND1,0.8800000000000003,0.5987232,1
16367,22,MLLT1,-1.3500000000000003,-0.3633635,1
16368,22,MEN1,-0.1,-0.02105140000000001,1
16369,22,CUL3,0.09000000000000001,0.1120242,1
16370,22,RB1,0.7300000000000002,0.5611912,1
16371,22,LPP,-0.09000000000000001,-0.028496600000000004,1
16372,22,BUB1B,-0.1,-0.024091000000000005,1
16373,22,SMAD4,1.570000000000001,1.2832466000000005,1
16374,22,FGFR1,0.24,0.2307731,1
16375,22,TMSB4X,0.04,0.0326016,1
16376,22,CDK4,1.1000000000000005,0.7929463000000001,1
16377,22,MSI2,0.01,0.007994900000000001,1
16378,22,MSH6,0.9900000000000004,0.8580413,1
16379,22,BRAF,1.3400000000000007,1.1509122999999999,1
16380,22,TCEA1,-0.14999999999999997,-0.020048699999999996,1
16381,22,TNFAIP3,0.15000000000000002,0.1305314,1
16382,22,RABEP1,-0.010000000000000002,-0.008455300000000002,1
16383,22,GMPS,-0.09,-0.04531969999999999,1
16384,22,MDM2,1.4100000000000008,1.0311478,1
16385,22,NSD2,0.18999999999999997,0.1428407,1
16386,22,CASP8,-0.25,0.06172779999999998,1
16387,22,PER1,-0.26999999999999996,-0.080533,1
16388,22,UBR5,0.010000000000000005,0.0344714,1
16389,22,EIF3E,-0.11000000000000001,0.0238325,1
16390,22,RFWD3,0.04,0.0396894,1
16391,22,BRD3,0.13999999999999999,0.1059364,1
16392,22,PAFAH1B2,0.02,0.0171022,1
16393,22,EXT2,0.009999999999999995,0.016302299999999992,1
16394,22,PLCG1,0.5499999999999999,0.43783210000000006,1
16395,22,SF3B1,-0.6600000000000001,-0.3109726,1
16396,22,ARHGEF10L,0.03,0.0159471,1
16397,22,NFATC2,0.21,0.1486755,1
16398,22,SDHD,0.29000000000000004,0.21330400000000002,1
16399,22,PABPC1,-0.8099999999999999,-0.2329327,1
16400,22,POLD1,-0.33000000000000007,-0.08227380000000001,1
16401,22,CALR,-0.049999999999999996,0.030711100000000005,1
16402,22,PIK3CB,0.6100000000000001,0.5179946,1
16403,22,PPM1D,0.27,0.208878,1
16404,22,ATRX,0.9900000000000004,0.8526990000000002,1
16405,22,DGCR8,0.18000000000000002,0.1420809,1
16406,22,DDX10,0.14,0.10046070000000001,1
16407,22,DROSHA,0.53,0.4171706,1
16408,22,TNFRSF14,-0.2,-0.060326000000000005,1
16409,22,BCL9L,0.13,0.0960005,1
16410,22,QKI,0.01,0.008001200000000002,1
16411,22,BAZ1A,0.0,0.0,1
16412,22,CHD4,0.35,0.30041870000000004,1
16413,22,NSD3,0.1,0.10387360000000001,1
16414,22,NT5C2,0.15000000000000002,0.0897438,1
16415,22,CCNB1IP1,0.12,0.0537348,1
16416,22,PCBP1,-1.02,-0.2914742,1
16417,22,RALGDS,-0.06999999999999999,0.051692100000000005,1
16418,22,ARHGEF12,-0.010000000000000002,0.020076499999999994,1
16419,22,HSP90AB1,1.0800000000000003,0.7604884000000001,1
16420,22,FOXO3,1.4600000000000009,1.0812585000000001,1
16421,22,HIP1,-0.01,-0.0066726,1
16422,22,CDC73,0.060000000000000005,0.0819865,1
16423,22,NIN,-0.020000000000000007,-0.014614400000000001,1
16424,22,MDM4,0.12000000000000002,0.16227370000000002,1
16425,22,COL3A1,0.19999999999999998,0.1650414,1
16426,22,CTNND1,0.14,0.1512115,1
16427,22,SPOP,0.07,0.0825568,1
16428,22,TMEM127,0.020000000000000004,0.023296499999999994,1
16429,22,CREB3L2,0.05000000000000001,0.0363274,1
16430,22,MSH2,1.0300000000000005,0.8643858,1
16431,22,FNBP1,-0.030000000000000006,0.003645599999999997,1
16432,22,ATF1,0.15,0.1042763,1
16433,22,EIF1AX,-0.49,-0.2014768,1
16434,22,PMS1,0.5,0.39904969999999995,1
16435,22,DEK,0.1,0.1079128,1
16436,22,ERBB2,0.9500000000000004,0.6541528,1
16437,22,AKT1,0.32999999999999996,0.32991400000000004,1
16438,22,CHEK2,0.4900000000000001,0.5917568999999999,1
16439,22,SDHB,0.41000000000000003,0.3022873,1
16440,22,NCOA1,0.43,0.337712,1
16441,22,CHIC2,0.09,0.0624986,1
16442,22,RUNX1,-0.09000000000000008,0.5069251999999999,1
16443,22,STAT6,0.36,0.3450045,1
16444,22,FH,-0.05,0.006489100000000025,1
16445,22,AKT3,1.1600000000000006,0.8509658,1
16446,22,GNAS,0.4,0.2797039,1
16447,22,CTNNB1,1.4500000000000008,1.0588765999999998,1
16448,22,NONO,0.32000000000000006,0.27117929999999996,1
16449,22,SMARCB1,0.9800000000000002,0.7736571000000002,1
16450,22,PRKAR1A,0.16,0.1657112,1
16451,22,ITGAV,0.020000000000000007,0.0414667,1
16452,22,SS18,0.4,0.2887926,1
16453,22,MAP2K1,0.9800000000000002,0.631174,1
16454,22,SIRPA,-0.08,-0.025040100000000006,1
16455,22,PPFIBP1,0.39,0.2860691,1
16456,22,RPL22,-0.21000000000000005,0.0994134,1
16457,22,CYLD,0.31000000000000005,0.24858629999999998,1
16458,22,ARID1B,0.8300000000000001,0.6491122,1
16459,22,SETDB1,0.32,0.2402069,1
16460,22,AFDN,-0.32,-0.10029459999999998,1
16461,22,ZRSR2,-0.03,-0.020921400000000003,1
16462,22,PBRM1,0.9600000000000004,0.7215757999999999,1
16463,22,XPC,0.51,0.3357476,1
16464,22,ASXL2,0.26,0.1902144,1
16465,22,TRIM24,-0.14,-0.014038700000000008,1
16466,22,SFPQ,-0.49,-0.14843489999999998,1
16467,22,NCOA2,0.55,0.46468300000000007,1
16468,22,FOXO4,0.24000000000000002,0.16952500000000004,1
16469,22,LEF1,0.20999999999999996,0.1751664,1
16470,22,B2M,-0.4200000000000001,-0.1602981,1
16471,22,DDIT3,-0.33,-0.11043900000000001,1
16472,22,BCL6,0.3700000000000001,0.31071969999999993,1
16473,22,KRAS,-0.4699999999999999,-0.06265810000000002,1
16474,22,FAT1,0.11000000000000001,0.08271680000000001,1
16475,22,ABL2,0.019999999999999997,0.038667299999999995,1
16476,22,NF1,1.3200000000000007,1.0769844999999998,1
16477,22,BTG1,-0.05,-0.023971000000000003,1
16478,22,EIF4A2,0.11,0.0647258,1
16479,22,SET,0.15,0.1245667,1
16480,22,EPS15,0.07,0.0632299,1
16481,22,RNF213,0.06,0.052885,1
16482,22,CTCF,0.9200000000000003,0.6373161999999999,1
16483,22,WDCP,0.21,0.1303043,1
16484,22,KAT7,0.15,0.12690479999999998,1
16485,22,KDM5C,0.22,0.2105865,1
16486,22,TGFBR2,0.09999999999999998,0.1412009,1
16487,22,ATM,0.9500000000000006,0.9776821999999998,1
16488,22,NUMA1,0.010000000000000004,0.018337799999999998,1
16489,22,STAT3,0.7600000000000005,0.8469960999999997,1
16490,22,SUB1,-0.12,-0.055269,1
16491,22,NUP98,0.12000000000000001,0.16961220000000002,1
16492,22,ELL,0.18000000000000005,0.09952420000000001,1
16493,22,MAP3K1,0.46,0.3541202000000001,1
16494,22,MALT1,0.19,0.1773723,1
16495,22,XPO1,0.5100000000000001,0.4152392,1
16496,22,SETD1B,0.24000000000000002,0.1912449,1
16497,22,ETV6,-0.11000000000000003,-0.0302166,1
16498,22,TBL1XR1,0.23,0.1628195,1
16499,22,NUP214,0.030000000000000006,0.1625555,1
16500,22,TPR,0.12,0.09287000000000001,1
16501,22,ATIC,0.11000000000000001,0.11738569999999998,1
16502,22,NACA,0.22,0.136247,1
16503,22,MYO5A,0.03,0.0231939,1
16504,22,SMC1A,0.25000000000000006,0.40399909999999994,1
16505,22,LASP1,-0.27,-0.143372,1
16506,22,ERCC5,0.44999999999999996,0.28462889999999996,1
16507,22,JUN,-0.29000000000000004,0.02789760000000001,1
16508,22,THRAP3,0.020000000000000004,0.022797000000000008,1
16509,22,STAG2,0.41000000000000003,0.356003,1
16510,22,RAF1,0.8600000000000004,0.674514,1
16511,22,ERCC3,0.52,0.47158159999999993,1
16512,22,SMAD2,0.4500000000000003,0.5305574000000001,1
16513,22,TAF15,0.21000000000000002,0.1726521,1
16514,22,ARNT,0.24,0.21201720000000002,1
16515,22,CLTC,-0.7,-0.3230064,1
16516,22,IKBKB,0.46000000000000013,0.4532611,1
16517,22,IDH1,-0.4600000000000001,-0.1436794,1
16518,22,SND1,-0.020000000000000004,0.006930299999999993,1
16519,22,KNSTRN,0.02,0.0145166,1
16520,22,RHOA,-2.9700000000000006,-0.7173789,1
16521,22,PALB2,0.7100000000000001,0.6028496,1
16522,22,ARID2,0.7900000000000003,0.6210089999999999,1
16523,22,EZR,-0.07999999999999999,-0.018823200000000005,1
16524,22,TP53,-0.16000000000000011,0.29591839999999986,1
16525,22,ARAF,0.32000000000000006,0.1938056,1
16526,22,KIF5B,0.44,0.33461060000000004,1
16527,22,KAT6A,0.19,0.21634789999999998,1
16528,22,KTN1,-0.05,-0.0086409,1
16529,22,GOLGA5,-0.12000000000000001,-0.0743212,1
16530,22,KDM5A,0.29000000000000004,0.2710577,1
16531,22,RAD21,0.53,0.4369148,1
16532,22,GNAQ,0.31999999999999995,0.2334614,1
16533,22,CAMTA1,0.06,0.0442124,1
16534,22,ERCC2,0.63,0.5032288,1
16535,22,EZH2,1.6800000000000008,1.2735386999999998,1
16536,22,TOP1,0.27,0.2073532,1
16537,22,SRSF3,-0.29999999999999993,-0.0638914,1
16538,22,NPM1,0.010000000000000005,0.11759369999999997,1
16539,22,BAX,-0.67,-0.1553099,1
16540,22,NOTCH2,0.3,0.2508556,1
16541,22,TRAF7,0.02,0.013818200000000001,1
16542,22,KDM6A,0.7800000000000001,0.8412921000000001,1
16543,22,SPEN,0.12000000000000001,0.09494730000000001,1
16544,22,TRIM27,-0.4900000000000001,-0.1674196,1
16545,22,CRTC1,0.16,0.1295094,1
16546,22,EML4,0.23,0.2574704,1
16547,22,USP9X,-0.019999999999999997,-0.015075399999999997,1
16548,22,PTPRK,0.0,0.0,1
16549,22,CD74,-0.16,-0.0008803999999999982,1
16550,22,CBL,0.5800000000000001,0.5017705000000001,1
16551,22,ZNF384,0.03,0.0244328,1
16552,22,NOTCH1,1.2400000000000007,0.9169225999999997,1
16553,22,COX6C,-0.14,-0.05596660000000001,1
16554,22,CHCHD7,0.01,0.005686900000000001,1
16555,22,HMGA1,-0.060000000000000005,-0.023901500000000003,1
16556,22,PTEN,1.2300000000000006,1.1409562000000002,1
16557,22,FIP1L1,-0.03,-0.010847800000000005,1
16558,22,JAK1,0.8500000000000003,0.7055287000000001,1
16559,22,ZMYM2,-0.029999999999999992,-0.021915599999999997,1
16560,22,SUZ12,0.9200000000000004,0.6662344000000001,1
16561,22,FUS,-0.59,-0.02213989999999999,1
16562,22,BAP1,-0.14,-0.05818629999999998,1
16563,22,ZCCHC8,-0.09,-0.0243684,1
16564,22,CRNKL1,0.009999999999999998,0.008277000000000001,1
16565,22,RAD17,0.16,0.11606689999999999,1
16566,22,ATP1A1,-0.01,-0.0051573,1
16567,22,DNMT3A,1.0300000000000005,0.876715,1
16568,22,FBXW7,0.9100000000000001,0.8095655000000002,1
16569,22,WWTR1,-0.16000000000000003,-0.0699007,1
16570,22,CDKN1B,0.37,0.2708242,1
16571,22,KMT2A,0.35999999999999993,0.38684989999999997,1
16572,22,PTPN11,1.0700000000000005,0.8964446000000001,1
16573,22,STAT5B,0.6800000000000002,0.5694060999999999,1
16574,22,CUX1,-0.09000000000000001,-0.058439000000000005,1
16575,22,ABI1,-0.38,-0.0934306,1
16576,22,BRCA1,1.9200000000000015,1.5262527000000004,1
16577,22,SH2B3,0.06,0.0340843,1
16578,22,AFF4,-0.049999999999999996,-0.008607700000000003,1
16579,22,NF2,0.13,0.1443824,1
16580,22,LMNA,0.07,0.05038429999999999,1
16581,22,TSC2,0.8300000000000003,0.668049,1
16582,22,GOLPH3,-0.08,-0.05410720000000001,1
16583,22,PCM1,-0.05,-0.0402425,1
16584,22,PPP2R1A,-0.49,-0.13984050000000003,1
16585,22,ARID1A,1.860000000000001,1.4850147000000002,1
16586,22,ABL1,-0.2,0.06575120000000007,1
16587,22,AFF1,0.13000000000000003,0.1264133,1
16588,22,DAXX,-0.6100000000000001,-0.16439860000000003,1
16589,22,CBFB,0.12,0.13236520000000002,1
16590,22,CBLB,0.16000000000000003,0.1382137,1
16591,22,POLR2A,-0.10999999999999999,0.14269929999999997,1
16592,22,PRKACA,0.1400000000000001,0.2540511,1
16593,22,DNM2,-0.1,-0.051890099999999995,1
16594,22,RAP1GDS1,0.010000000000000009,0.03232250000000001,1
16595,22,NCOR1,0.8500000000000003,0.8532099000000003,1
16596,22,NFKBIE,-0.31000000000000005,-0.0914163,1
16597,22,DDX3X,0.29,0.2711352,1
16598,22,ELK4,0.02,0.0170364,1
16599,22,MLLT6,0.08,0.06102950000000001,1
16600,22,SRSF2,-2.86,-0.7123296,1
16601,22,CTNNA1,0.13,0.10010950000000002,1
16602,22,RBM10,0.14,0.1026179,1
16603,22,PTPRC,0.029999999999999992,0.1067442,1
16604,22,HSP90AA1,0.7800000000000002,0.5813359,1
16605,22,NSD1,0.26,0.20950129999999997,0
16606,22,DICER1,0.22,0.23202820000000005,0
16607,22,BIRC6,0.05000000000000001,0.0611944,0
16608,22,SDHC,0.31000000000000005,0.21092800000000003,0
16609,22,TFG,0.31,0.18390550000000003,0
16610,22,MAP2K2,0.30000000000000004,0.2445505,0
16611,22,TFRC,-0.32,-0.14528110000000002,0
16612,22,CREB1,0.8000000000000003,0.5893020999999999,0
16613,22,POLG,0.01,0.0033353,0
16614,22,SETD2,0.7300000000000002,0.6018192000000001,0
16615,22,NAB2,-0.28,-0.1026089,0
16616,22,HIF1A,1.4600000000000009,1.0392534000000004,0
16617,22,FLCN,0.05,0.0433495,0
16618,22,MAP2K4,0.06,0.0985799,0
16619,22,CNOT3,0.0,0.012438500000000002,0
16620,22,CIITA,0.1,0.0654815,0
16621,22,LSM14A,0.08,0.0735159,0
16622,22,AKAP9,-0.09,-0.0188773,0
16623,22,MSN,-0.33999999999999997,-0.0885303,0
16624,22,BCR,0.049999999999999996,0.05048009999999999,0
16625,22,TRRAP,0.04000000000000001,0.1004675,0
16626,22,PPP6C,-0.18,-0.0815382,0
16627,22,NCOA4,-0.16999999999999998,-0.08698340000000002,0
16628,22,BCL9,0.13,0.0995288,0
16629,22,PRCC,0.07,0.046232300000000004,0
16630,22,LARP4B,0.01,0.005999,0
16631,22,CHD2,0.01,0.0076839000000000005,0
16632,22,ASXL1,0.48,0.4547446,0
16633,22,SMARCA4,1.1900000000000006,0.920987,0
16634,22,ERC1,-0.01,-0.0076227000000000005,0
16635,22,DCTN1,-0.15999999999999995,-0.0617655,0
16636,22,PIK3R1,1.4200000000000008,0.9715988999999998,0
16637,22,EED,-1.9081958235744878e-17,0.042264800000000005,0
16638,22,CNBP,0.01,0.0052327,0
16639,22,SGK1,0.26,0.1423328,0
16640,22,MLLT10,-0.06999999999999999,-0.018799800000000005,0
16641,22,BRD4,1.0900000000000003,0.8233327,0
16642,22,RANBP2,0.14999999999999997,0.2124851,0
16643,22,FBXO11,0.07,0.0547719,0
16644,22,PML,0.43000000000000005,0.3064211,0
16645,22,AKT2,0.9700000000000003,0.6489581000000001,0
16646,22,CEP89,0.06,0.0341894,0
16647,22,LZTR1,0.04000000000000001,0.0648039,0
16648,22,YWHAE,0.29000000000000004,0.1955368,0
16649,22,DNAJB1,-0.060000000000000005,-0.012157500000000005,0
16650,22,PRDM2,0.02,0.0136525,0
16651,22,TPM4,0.48000000000000004,0.30441909999999994,0
16652,22,CREBBP,1.710000000000001,1.4017574000000004,0
16653,22,PMS2,0.6100000000000001,0.5590318000000001,0
16654,22,DDR2,0.060000000000000005,0.039537300000000004,0
16655,22,FANCA,0.39,0.30836120000000006,0
16656,22,PDE4DIP,0.060000000000000005,0.0410849,0
16657,22,USP8,-0.06,-0.031617,0
16658,22,MYH9,-0.30000000000000004,-0.061260499999999996,0
16659,22,MYC,-0.40000000000000013,-0.06445019999999997,0
16660,22,NBN,0.56,0.4242393000000001,0
16661,22,CCND3,-0.029999999999999995,0.038228899999999996,0
16662,22,TRIP11,-0.15,-0.08728449999999999,0
16663,22,CNTRL,-0.06,-0.037782800000000005,0
16664,22,PIK3CA,1.2300000000000006,0.9087872000000002,0
16665,22,DDX5,0.3400000000000001,0.2782618,0
16666,22,PICALM,0.0,0.004200199999999998,0
16667,22,RARA,0.54,0.372019,0
16668,22,DDX6,-0.07000000000000002,0.056188600000000005,0
16669,22,COL1A1,0.15000000000000002,0.1421204,0
16670,22,VHL,0.16,0.1156079,0
16671,22,MAPK1,1.580000000000001,0.9757775999999998,0
16672,22,SRC,-0.85,-0.06571490000000002,0
16673,22,NFE2L2,0.29000000000000004,0.17906609999999998,0
16674,22,MITF,-0.19000000000000003,-0.022006500000000005,0
16675,22,SMAD3,1.280000000000001,0.9851170000000004,0
16676,22,RBM15,0.05,0.0453559,0
16677,22,ATR,0.6900000000000003,0.597656,0
16678,22,EPAS1,0.42,0.3624737,0
16679,22,TPM3,0.30000000000000004,0.20674960000000003,0
16680,22,RPL10,0.15000000000000002,0.1353143,0
16681,22,STAG1,0.13,0.1344905,0
16682,22,SBDS,-0.07,-0.0248731,0
16683,22,KMT2D,1.0000000000000004,0.7255022,0
16684,22,MED12,0.34,0.2615291,0
16685,22,BCLAF1,-0.039999999999999994,0.0216444,0
16686,22,ASPSCR1,0.03,0.017258700000000002,0
16687,22,CDK12,0.27,0.19848249999999998,0
16688,22,EWSR1,0.46999999999999986,0.36956170000000005,0
16689,22,NDRG1,-0.049999999999999996,-0.015680899999999998,0
16690,22,PSIP1,-0.15000000000000002,-0.05962740000000001,0
16691,22,TRIM33,0.060000000000000005,0.0588113,0
16692,22,MTOR,1.1100000000000005,0.8019883,0
16693,22,ARHGAP35,0.13,0.1498615,0
16694,22,POT1,-0.010000000000000002,0.010146700000000002,0
16695,22,EXT1,0.1,0.06285,0
16696,22,IL6ST,0.32,0.24848479999999998,0
16697,22,IDH2,0.11,0.10436029999999999,0
16698,22,SMARCE1,0.43,0.25494290000000003,0
16699,22,CRTC3,0.09,0.0687367,0
16700,22,TSC1,0.28,0.2671076,0
16701,22,BCOR,-0.22999999999999995,-0.019221699999999998,0
16702,22,SDHA,0.25,0.15846190000000002,0
16703,22,EP300,1.740000000000001,1.3385171999999992,0
16704,22,HNRNPA2B1,0.27999999999999997,0.2265547,0
16705,22,CLIP1,-0.09999999999999999,-0.0563131,0
16706,22,PATZ1,-0.44999999999999996,-0.11842649999999999,0
16707,22,FUBP1,-0.22000000000000003,-0.037302699999999994,0
16708,22,HLA-A,-0.08000000000000002,0.03187219999999998,0
16709,22,CCNC,-0.11000000000000001,-0.0372099,0
16710,22,RPN1,-0.23,-0.0713219,0
16711,22,TCF7L2,0.10000000000000005,0.1105695,0
16712,22,CANT1,0.09000000000000001,0.0590218,0
16713,22,RPL5,-0.5800000000000001,-0.1528931,0
16714,22,CCDC6,0.040000000000000036,0.06904919999999998,0
16715,22,NCKIPSD,0.04,0.022793600000000004,0
16716,22,SMARCD1,0.36999999999999994,0.25184989999999996,0
16717,22,BCL10,-0.030000000000000006,0.028756300000000002,0
16718,22,MAX,0.029999999999999992,0.0385108,0
16719,22,HERPUD1,0.01,0.0038876,0
16720,22,RAC1,0.11999999999999997,0.18336059999999996,0
16721,22,FLNA,0.09000000000000001,0.093866,0
16722,22,TFE3,-0.43000000000000005,-0.1834571,0
16723,22,NCOR2,0.78,0.5745064999999999,0
16724,22,PRPF40B,-0.01,-0.007564399999999998,0
16725,22,BCL3,-0.049999999999999996,-0.006418899999999996,0
16726,22,TFPT,-0.21,-0.08494829999999999,0
16727,22,MLH1,0.8400000000000001,0.7182056000000001,0
16728,22,ARHGAP5,0.13,0.10787310000000001,0
16729,22,CIC,-0.01,-0.0063476,0
16730,22,LYN,0.8900000000000003,0.6117414000000001,0
16731,22,TCF12,0.29,0.20703280000000002,0
16732,22,KLF6,0.04,0.0221329,0
16733,22,KMT2C,0.9500000000000004,0.7515101000000001,0
16734,22,PIM1,-0.16999999999999998,-0.0464946,0
16735,22,CCND1,1.0800000000000007,0.6894788999999998,0
16736,22,MLLT1,-1.11,-0.2978376,0
16737,22,MEN1,0.06999999999999999,0.0774721,0
16738,22,CUL3,0.09,0.11132739999999999,0
16739,22,RB1,0.6500000000000001,0.4922144,0
16740,22,LPP,-0.05,-0.0209171,0
16741,22,BUB1B,-0.17,-0.0782806,0
16742,22,SMAD4,1.3600000000000008,1.0298651999999997,0
16743,22,FGFR1,0.19999999999999998,0.13234179999999998,0
16744,22,TMSB4X,0.04,0.0311744,0
16745,22,CDK4,0.8300000000000003,0.5318688,0
16746,22,MSI2,0.01,0.0073729,0
16747,22,MSH6,0.8400000000000003,0.6572455000000001,0
16748,22,BRAF,0.9200000000000005,0.8056493999999998,0
16749,22,TCEA1,-0.02000000000000001,0.019291099999999995,0
16750,22,TNFAIP3,0.09000000000000001,0.11026230000000001,0
16751,22,RABEP1,0.0,-0.0011903999999999977,0
16752,22,GMPS,-0.06000000000000001,-0.027710200000000004,0
16753,22,MDM2,1.1800000000000006,0.7783481,0
16754,22,NSD2,0.21,0.1408823,0
16755,22,CASP8,-0.08,0.1786684,0
16756,22,PER1,-0.24,-0.051729199999999996,0
16757,22,UBR5,-0.009999999999999995,0.015642400000000008,0
16758,22,EIF3E,-0.01999999999999999,0.06840070000000001,0
16759,22,RFWD3,0.030000000000000002,0.030956700000000004,0
16760,22,BRD3,0.09,0.0760871,0
16761,22,PAFAH1B2,0.02,0.0158564,0
16762,22,EXT2,0.010000000000000009,0.006346200000000003,0
16763,22,PLCG1,0.5199999999999999,0.3589013999999999,0
16764,22,SF3B1,-0.42,-0.1665772,0
16765,22,ARHGEF10L,0.02,0.0099044,0
16766,22,NFATC2,0.19999999999999998,0.13699070000000002,0
16767,22,SDHD,0.32,0.1883571,0
16768,22,PABPC1,-0.63,-0.1486014,0
16769,22,POLD1,-0.28,-0.06938269999999999,0
16770,22,CALR,0.009999999999999986,0.016267699999999996,0
16771,22,PIK3CB,0.6100000000000001,0.5008821,0
16772,22,PPM1D,0.19000000000000003,0.13828559999999998,0
16773,22,ATRX,0.9800000000000004,0.7744473000000001,0
16774,22,DGCR8,0.15,0.0915628,0
16775,22,DDX10,0.13,0.0826972,0
16776,22,DROSHA,0.45000000000000007,0.3295786,0
16777,22,TNFRSF14,-0.11,-0.0391919,0
16778,22,BCL9L,0.14,0.09475710000000001,0
16779,22,QKI,-0.09,-0.053249200000000003,0
16780,22,BAZ1A,0.02,0.0141204,0
16781,22,CHD4,0.16999999999999998,0.17662689999999998,0
16782,22,NSD3,0.08,0.08013640000000001,0
16783,22,NT5C2,0.15000000000000002,0.0945974,0
16784,22,CCNB1IP1,0.08,0.0313734,0
16785,22,PCBP1,-0.97,-0.2705156000000001,0
16786,22,RALGDS,0.060000000000000005,0.0538393,0
16787,22,ARHGEF12,-0.039999999999999994,-0.0052438,0
16788,22,HSP90AB1,1.2500000000000004,0.8409692000000003,0
16789,22,FOXO3,1.3300000000000007,0.8858052,0
16790,22,HIP1,-0.02,-0.0120006,0
16791,22,CDC73,-0.11999999999999998,-0.0063633,0
16792,22,NIN,0.019999999999999997,0.014954300000000007,0
16793,22,MDM4,0.1,0.1567967,0
16794,22,COL3A1,0.16,0.1385965,0
16795,22,CTNND1,0.07999999999999999,0.12462989999999999,0
16796,22,SPOP,-0.05,-0.004076299999999998,0
16797,22,TMEM127,0.06,0.050068600000000005,0
16798,22,CREB3L2,0.15000000000000002,0.09252200000000001,0
16799,22,MSH2,0.9000000000000004,0.6779953000000001,0
16800,22,FNBP1,-0.009999999999999998,0.003337000000000003,0
16801,22,ATF1,0.030000000000000002,0.022581799999999996,0
16802,22,EIF1AX,-0.51,-0.21407869999999998,0
16803,22,PMS1,0.48000000000000004,0.3698461,0
16804,22,DEK,0.12000000000000001,0.1127187,0
16805,22,ERBB2,0.9100000000000004,0.5646956999999999,0
16806,22,AKT1,1.3500000000000008,0.8149119000000001,0
16807,22,CHEK2,0.39,0.41448809999999997,0
16808,22,SDHB,0.43,0.2828915,0
16809,22,NCOA1,0.41000000000000003,0.2757523,0
16810,22,CHIC2,0.05,0.029046800000000005,0
16811,22,RUNX1,0.43999999999999995,0.6287123000000003,0
16812,22,STAT6,0.3400000000000001,0.2257112,0
16813,22,FH,-0.1,-0.021406700000000018,0
16814,22,AKT3,1.0000000000000004,0.6592123999999999,0
16815,22,GNAS,0.26999999999999996,0.17594449999999998,0
16816,22,CTNNB1,1.5000000000000009,0.9794422,0
16817,22,NONO,0.17999999999999997,0.1200775,0
16818,22,SMARCB1,0.9800000000000004,0.7190021999999999,0
16819,22,PRKAR1A,0.15,0.1327213,0
16820,22,ITGAV,0.02,0.029003900000000006,0
16821,22,SS18,0.4,0.2503677,0
16822,22,MAP2K1,1.0400000000000005,0.6495422000000002,0
16823,22,SIRPA,0.0,-0.00027510000000000034,0
16824,22,PPFIBP1,0.36999999999999994,0.24472280000000002,0
16825,22,RPL22,-0.19000000000000003,0.09728189999999999,0
16826,22,CYLD,0.29000000000000004,0.22182670000000004,0
16827,22,ARID1B,0.7,0.4836852,0
16828,22,SETDB1,0.35000000000000003,0.2426926,0
16829,22,AFDN,-0.53,-0.1783298,0
16830,22,ZRSR2,0.31000000000000005,0.2168331,0
16831,22,PBRM1,0.9800000000000004,0.684229,0
16832,22,XPC,0.5800000000000001,0.3885138,0
16833,22,ASXL2,0.24,0.1578983,0
16834,22,TRIM24,-0.16999999999999998,-0.0569292,0
16835,22,SFPQ,-0.16,-0.0217669,0
16836,22,NCOA2,0.55,0.3858101,0
16837,22,FOXO4,0.39,0.2528304,0
16838,22,LEF1,0.12000000000000001,0.10443179999999999,0
16839,22,B2M,-0.61,-0.21051129999999996,0
16840,22,DDIT3,-0.37,-0.09508470000000001,0
16841,22,BCL6,0.6300000000000001,0.4194961,0
16842,22,KRAS,-1.7600000000000005,-0.40995180000000003,0
16843,22,FAT1,0.05000000000000001,0.054547899999999996,0
16844,22,ABL2,0.09000000000000001,0.0658062,0
16845,22,NF1,1.0000000000000007,0.7724498999999998,0
16846,22,BTG1,-0.02,-0.0105728,0
16847,22,EIF4A2,0.15000000000000002,0.1079446,0
16848,22,SET,0.16,0.14678090000000002,0
16849,22,EPS15,0.019999999999999997,0.0245891,0
16850,22,RNF213,0.03,0.0240339,0
16851,22,CTCF,0.8100000000000003,0.5865765,0
16852,22,WDCP,0.11000000000000001,0.07594619999999999,0
16853,22,KAT7,0.09999999999999999,0.0754674,0
16854,22,KDM5C,0.16,0.1573874,0
16855,22,TGFBR2,0.21000000000000002,0.1690544,0
16856,22,ATM,1.4700000000000009,1.1345259000000003,0
16857,22,NUMA1,-0.009999999999999997,0.0020837999999999994,0
16858,22,STAT3,1.3100000000000007,1.0486493000000003,0
16859,22,SUB1,-0.27,-0.08300179999999999,0
16860,22,NUP98,0.06000000000000001,0.09470500000000001,0
16861,22,ELL,-0.019999999999999987,0.010266400000000012,0
16862,22,MAP3K1,0.44999999999999996,0.33849670000000004,0
16863,22,MALT1,0.14,0.1401394,0
16864,22,XPO1,0.41999999999999993,0.34142939999999994,0
16865,22,SETD1B,0.15000000000000002,0.1037917,0
16866,22,ETV6,-0.29000000000000004,-0.1151659,0
16867,22,TBL1XR1,0.17,0.1075356,0
16868,22,NUP214,0.03000000000000003,0.14013640000000002,0
16869,22,TPR,0.06999999999999999,0.08757109999999999,0
16870,22,ATIC,0.10999999999999999,0.09192439999999998,0
16871,22,NACA,0.22000000000000003,0.1429457,0
16872,22,MYO5A,0.019999999999999997,0.015400299999999999,0
16873,22,SMC1A,0.6100000000000001,0.5184239999999999,0
16874,22,LASP1,-0.24,-0.12630940000000002,0
16875,22,ERCC5,0.42000000000000004,0.27864,0
16876,22,JUN,0.08000000000000002,0.2690821999999999,0
16877,22,THRAP3,0.07,0.058527,0
16878,22,STAG2,0.53,0.39091870000000006,0
16879,22,RAF1,1.0600000000000003,0.7416046,0
16880,22,ERCC3,0.51,0.41973289999999996,0
16881,22,SMAD2,0.55,0.5038719999999999,0
16882,22,TAF15,0.14,0.1222048,0
16883,22,ARNT,0.33999999999999997,0.2591233,0
16884,22,CLTC,-0.5700000000000001,-0.28723540000000003,0
16885,22,IKBKB,0.5900000000000002,0.4503545,0
16886,22,IDH1,-0.56,-0.13725319999999996,0
16887,22,SND1,-0.019999999999999997,-0.006743799999999999,0
16888,22,KNSTRN,0.03,0.024093299999999998,0
16889,22,RHOA,-1.4100000000000001,-0.3591461,0
16890,22,PALB2,0.6200000000000001,0.5176537,0
16891,22,ARID2,0.7200000000000002,0.5054405,0
16892,22,EZR,-0.16,-0.022532600000000003,0
16893,22,TP53,-1.0699999999999998,-0.09435280000000007,0
16894,22,ARAF,0.3900000000000001,0.20893259999999997,0
16895,22,KIF5B,0.4499999999999999,0.3170826,0
16896,22,KAT6A,0.19999999999999998,0.18666509999999997,0
16897,22,KTN1,-0.09000000000000001,-0.0257389,0
16898,22,GOLGA5,-0.13,-0.0791847,0
16899,22,KDM5A,0.25000000000000006,0.21657870000000004,0
16900,22,RAD21,0.46000000000000013,0.3559872,0
16901,22,GNAQ,0.15000000000000002,0.09882979999999998,0
16902,22,CAMTA1,0.019999999999999997,0.014428299999999998,0
16903,22,ERCC2,0.66,0.4912352,0
16904,22,EZH2,1.9400000000000013,1.2824382999999997,0
16905,22,TOP1,0.14,0.11337749999999999,0
16906,22,SRSF3,-0.4600000000000001,-0.138653,0
16907,22,NPM1,0.3400000000000001,0.3479434,0
16908,22,BAX,-0.6100000000000001,-0.1589269,0
16909,22,NOTCH2,0.29,0.2258184,0
16910,22,TRAF7,0.03,0.0228045,0
16911,22,KDM6A,0.9200000000000003,0.7817088000000001,0
16912,22,SPEN,0.07,0.05280130000000001,0
16913,22,TRIM27,-0.41000000000000003,-0.1487065,0
16914,22,CRTC1,0.14,0.11061749999999998,0
16915,22,EML4,0.20999999999999994,0.17475289999999996,0
16916,22,USP9X,-0.08,-0.05359490000000001,0
16917,22,PTPRK,0.01,0.0066798000000000005,0
16918,22,CD74,-0.07000000000000002,0.03455569999999999,0
16919,22,CBL,0.5399999999999999,0.3848736000000001,0
16920,22,ZNF384,-0.07,-0.033970200000000006,0
16921,22,NOTCH1,0.8800000000000004,0.6707704000000001,0
16922,22,COX6C,-0.13,-0.062056400000000005,0
16923,22,CHCHD7,0.03,0.0193698,0
16924,22,HMGA1,-0.21000000000000002,-0.0754974,0
16925,22,PTEN,1.620000000000001,1.2705273,0
16926,22,FIP1L1,-0.029999999999999992,-0.017391999999999994,0
16927,22,JAK1,0.7900000000000003,0.5930603000000001,0
16928,22,ZMYM2,-0.1,-0.061087,0
16929,22,SUZ12,0.6700000000000002,0.49626339999999997,0
16930,22,FUS,-0.20000000000000004,0.11621980000000001,0
16931,22,BAP1,0.09999999999999998,0.09228299999999999,0
16932,22,ZCCHC8,-0.06,-0.017850599999999998,0
16933,22,CRNKL1,-0.039999999999999994,-0.0196162,0
16934,22,RAD17,0.09000000000000001,0.0716964,0
16935,22,ATP1A1,-0.03,-0.012845100000000002,0
16936,22,DNMT3A,0.8500000000000003,0.6259479000000001,0
16937,22,FBXW7,0.9600000000000005,0.7356543,0
16938,22,WWTR1,-0.12000000000000001,-0.05846470000000001,0
16939,22,CDKN1B,0.56,0.3371466,0
16940,22,KMT2A,0.4700000000000001,0.3761729,0
16941,22,PTPN11,0.9500000000000004,0.6920489,0
16942,22,STAT5B,0.6600000000000001,0.49253450000000004,0
16943,22,CUX1,-0.09,-0.0573738,0
16944,22,ABI1,-0.28,-0.09575410000000001,0
16945,22,BRCA1,1.700000000000001,1.3514559999999998,0
16946,22,SH2B3,0.01,0.013961500000000002,0
16947,22,AFF4,0.04999999999999999,0.050050800000000006,0
16948,22,NF2,-0.009999999999999998,0.060318600000000014,0
16949,22,LMNA,0.03999999999999999,0.0586401,0
16950,22,TSC2,0.44,0.3888718,0
16951,22,GOLPH3,-0.09,-0.0533268,0
16952,22,PCM1,-0.060000000000000005,-0.0400194,0
16953,22,PPP2R1A,-0.41000000000000003,-0.14322020000000005,0
16954,22,ARID1A,1.8400000000000012,1.3346687999999995,0
16955,22,ABL1,0.15,0.16374949999999988,0
16956,22,AFF1,0.21000000000000002,0.1582027,0
16957,22,DAXX,-0.19000000000000003,-0.039857000000000004,0
16958,22,CBFB,0.13999999999999999,0.105196,0
16959,22,CBLB,0.14,0.1064639,0
16960,22,POLR2A,0.16999999999999993,0.2677149000000001,0
16961,22,PRKACA,0.33000000000000007,0.2566318,0
16962,22,DNM2,-0.15,-0.05659809999999999,0
16963,22,RAP1GDS1,-0.09,-0.03962329999999999,0
16964,22,NCOR1,0.9100000000000003,0.7692957999999998,0
16965,22,NFKBIE,-0.33,-0.11012430000000001,0
16966,22,DDX3X,0.13,0.1331726,0
16967,22,ELK4,0.02,0.014337599999999999,0
16968,22,MLLT6,0.14,0.101017,0
16969,22,SRSF2,-1.1900000000000002,-0.33470140000000004,0
16970,22,CTNNA1,0.13,0.0962451,0
16971,22,RBM10,0.19000000000000003,0.1260811,0
16972,22,PTPRC,0.03,0.06843279999999999,0
16973,22,HSP90AA1,1.3400000000000005,0.8921746999999999,0
16974,23,NSD1,0.32,0.2665186,1
16975,23,DICER1,0.19,0.23341449999999997,1
16976,23,BIRC6,0.11,0.10389280000000001,1
16977,23,SDHC,0.39,0.297068,1
16978,23,TFG,0.2,0.1298861,1
16979,23,MAP2K2,0.25,0.1703467,1
16980,23,TFRC,-0.26,-0.1180289,1
16981,23,CREB1,0.9600000000000005,0.7832586000000001,1
16982,23,POLG,-0.01,-0.0030323,1
16983,23,SETD2,0.4900000000000002,0.47677460000000005,1
16984,23,NAB2,-0.45,-0.14154840000000002,1
16985,23,HIF1A,1.630000000000001,1.2324403000000002,1
16986,23,FLCN,-0.07,0.0002656999999999972,1
16987,23,MAP2K4,0.05,0.1138162,1
16988,23,CNOT3,0.06,0.0532526,1
16989,23,CIITA,0.08,0.049430600000000005,1
16990,23,LSM14A,0.16,0.13251,1
16991,23,AKAP9,-0.07,-0.000768800000000007,1
16992,23,MSN,-0.26,-0.0741553,1
16993,23,BCR,0.009999999999999992,0.04774399999999999,1
16994,23,TRRAP,0.020000000000000007,0.21142030000000003,1
16995,23,PPP6C,-0.18,-0.076209,1
16996,23,NCOA4,-0.13,-0.050368399999999994,1
16997,23,BCL9,0.19,0.1519416,1
16998,23,PRCC,0.07,0.0560701,1
16999,23,LARP4B,0.03,0.021927,1
17000,23,CHD2,0.02,0.0178774,1
17001,23,ASXL1,0.4700000000000001,0.4369141,1
17002,23,SMARCA4,1.8700000000000012,1.4356403,1
17003,23,ERC1,-0.04,-0.0298368,1
17004,23,DCTN1,-0.06,-0.0029749999999999985,1
17005,23,PIK3R1,1.2800000000000007,1.0313597999999997,1
17006,23,EED,0.21000000000000002,0.1421892,1
17007,23,CNBP,0.02,0.0122214,1
17008,23,SGK1,0.47,0.31987540000000003,1
17009,23,MLLT10,-0.20999999999999994,-0.1023277,1
17010,23,BRD4,0.8600000000000003,0.7659737999999999,1
17011,23,RANBP2,0.30000000000000004,0.2817939,1
17012,23,FBXO11,0.05,0.0427168,1
17013,23,PML,0.23,0.18624000000000002,1
17014,23,AKT2,1.1500000000000004,0.8146641000000002,1
17015,23,CEP89,0.07,0.043922199999999995,1
17016,23,LZTR1,0.08,0.0976949,1
17017,23,YWHAE,0.20999999999999996,0.13307980000000003,1
17018,23,DNAJB1,-0.05,-0.011727200000000005,1
17019,23,PRDM2,0.07,0.0574341,1
17020,23,TPM4,0.52,0.3691691000000001,1
17021,23,CREBBP,1.9000000000000012,1.5168942999999995,1
17022,23,PMS2,0.79,0.6736779,1
17023,23,DDR2,0.010000000000000002,0.005660699999999998,1
17024,23,FANCA,0.42,0.3458879,1
17025,23,PDE4DIP,0.07,0.0522502,1
17026,23,USP8,-0.04,-0.0218589,1
17027,23,MYH9,-0.4,-0.11573259999999999,1
17028,23,MYC,-1.7600000000000007,-0.40017789999999986,1
17029,23,NBN,0.6200000000000001,0.5054336,1
17030,23,CCND3,-0.05,0.010463799999999999,1
17031,23,TRIP11,-0.09,-0.0691216,1
17032,23,CNTRL,-0.11,-0.078276,1
17033,23,PIK3CA,1.3200000000000007,1.1253871999999998,1
17034,23,DDX5,0.37999999999999995,0.32644750000000006,1
17035,23,PICALM,3.469446951953614e-18,0.003629900000000002,1
17036,23,RARA,0.24000000000000002,0.20224329999999996,1
17037,23,DDX6,0.02000000000000003,0.1083443,1
17038,23,COL1A1,0.19000000000000003,0.1688249,1
17039,23,VHL,0.26,0.19413500000000003,1
17040,23,MAPK1,1.610000000000001,1.1663836,1
17041,23,SRC,0.09999999999999998,0.27680509999999997,1
17042,23,NFE2L2,0.30000000000000004,0.23067420000000005,1
17043,23,MITF,-0.25,-0.06120750000000001,1
17044,23,SMAD3,1.2000000000000008,1.0729115000000002,1
17045,23,RBM15,0.09,0.07450860000000001,1
17046,23,ATR,0.7300000000000002,0.6024763000000001,1
17047,23,EPAS1,0.26999999999999996,0.2896412,1
17048,23,TPM3,0.25000000000000006,0.18852850000000004,1
17049,23,RPL10,0.09,0.10800669999999998,1
17050,23,STAG1,0.11,0.13060609999999997,1
17051,23,SBDS,-0.01,-0.004413,1
17052,23,KMT2D,1.0100000000000002,0.7959177999999999,1
17053,23,MED12,0.35000000000000003,0.2905829,1
17054,23,BCLAF1,-0.049999999999999996,0.016806200000000007,1
17055,23,ASPSCR1,-0.010000000000000002,0.0026628,1
17056,23,CDK12,0.52,0.4193869,1
17057,23,EWSR1,0.25,0.26970599999999995,1
17058,23,NDRG1,-0.08,-0.030136700000000002,1
17059,23,PSIP1,0.029999999999999985,0.0452967,1
17060,23,TRIM33,0.07,0.060329799999999996,1
17061,23,MTOR,1.2000000000000006,0.9528551999999999,1
17062,23,ARHGAP35,0.16000000000000003,0.1565251,1
17063,23,POT1,0.01,0.012982900000000002,1
17064,23,EXT1,0.1,0.070007,1
17065,23,IL6ST,0.31,0.2629859,1
17066,23,IDH2,-0.17000000000000004,-0.04042200000000001,1
17067,23,SMARCE1,0.38,0.26949,1
17068,23,CRTC3,0.08,0.0643119,1
17069,23,TSC1,0.26,0.2728989,1
17070,23,BCOR,-0.1,0.014388200000000014,1
17071,23,SDHA,0.25,0.18241909999999997,1
17072,23,EP300,2.4,1.9526665000000007,1
17073,23,HNRNPA2B1,0.5600000000000002,0.39909039999999996,1
17074,23,CLIP1,-0.13999999999999999,-0.0864252,1
17075,23,PATZ1,-0.47,-0.1338513,1
17076,23,FUBP1,0.0,0.0573074,1
17077,23,HLA-A,-0.07,0.017035600000000005,1
17078,23,CCNC,-0.23,-0.0980044,1
17079,23,RPN1,-0.24,-0.08310980000000001,1
17080,23,TCF7L2,0.010000000000000014,0.08222620000000001,1
17081,23,CANT1,0.020000000000000004,0.022632399999999997,1
17082,23,RPL5,-0.5700000000000001,-0.1735603,1
17083,23,CCDC6,0.04000000000000001,0.06566729999999997,1
17084,23,NCKIPSD,-0.08,-0.0223032,1
17085,23,SMARCD1,0.47000000000000003,0.38022939999999994,1
17086,23,BCL10,0.07,0.08226760000000001,1
17087,23,MAX,-0.019999999999999993,0.042464499999999995,1
17088,23,HERPUD1,-0.02,-0.005636400000000001,1
17089,23,RAC1,0.039999999999999966,0.1382252,1
17090,23,FLNA,0.03999999999999998,0.066223,1
17091,23,TFE3,-0.7800000000000001,-0.2853393000000001,1
17092,23,NCOR2,0.5500000000000002,0.4800905999999999,1
17093,23,PRPF40B,0.03,0.0157531,1
17094,23,BCL3,-0.17,-0.03326740000000001,1
17095,23,TFPT,-0.4,-0.1207771,1
17096,23,MLH1,0.8500000000000001,0.7398179,1
17097,23,ARHGAP5,0.09,0.1045591,1
17098,23,CIC,0.01,0.0069012,1
17099,23,LYN,0.86,0.6335565,1
17100,23,TCF12,0.32,0.26047,1
17101,23,KLF6,0.060000000000000005,0.0382893,1
17102,23,KMT2C,1.0200000000000002,0.8186464999999998,1
17103,23,PIM1,-0.13999999999999999,-0.0269726,1
17104,23,CCND1,1.5000000000000009,0.9373548999999999,1
17105,23,MLLT1,-1.2500000000000004,-0.32593700000000003,1
17106,23,MEN1,-0.34,-0.13179480000000002,1
17107,23,CUL3,0.13000000000000003,0.1369223,1
17108,23,RB1,0.6700000000000003,0.5556774999999999,1
17109,23,LPP,-0.13999999999999999,-0.0388826,1
17110,23,BUB1B,-0.15000000000000002,-0.054348,1
17111,23,SMAD4,1.580000000000001,1.2632978000000006,1
17112,23,FGFR1,0.22999999999999998,0.20165159999999996,1
17113,23,TMSB4X,0.03,0.022425,1
17114,23,CDK4,0.9100000000000004,0.6323095000000001,1
17115,23,MSI2,0.01,0.0078472,1
17116,23,MSH6,1.0000000000000004,0.8478928,1
17117,23,BRAF,1.2800000000000005,1.0901153999999997,1
17118,23,TCEA1,-0.11,-0.0098338,1
17119,23,TNFAIP3,0.12000000000000002,0.11250180000000001,1
17120,23,RABEP1,-0.020000000000000004,-0.014275299999999998,1
17121,23,GMPS,-0.08000000000000002,-0.04546699999999999,1
17122,23,MDM2,1.2200000000000009,0.9555265,1
17123,23,NSD2,0.22999999999999998,0.17722320000000003,1
17124,23,CASP8,-0.13,0.10087360000000001,1
17125,23,PER1,-0.17,-0.057043,1
17126,23,UBR5,-5.204170427930421e-18,0.026368399999999997,1
17127,23,EIF3E,-0.02000000000000001,0.03294559999999999,1
17128,23,RFWD3,0.020000000000000004,0.0260917,1
17129,23,BRD3,0.12,0.093125,1
17130,23,PAFAH1B2,0.03,0.0267153,1
17131,23,EXT2,0.010000000000000009,0.008239999999999997,1
17132,23,PLCG1,0.5199999999999999,0.41402600000000006,1
17133,23,SF3B1,-0.52,-0.22953260000000003,1
17134,23,ARHGEF10L,0.03,0.0158379,1
17135,23,NFATC2,0.22,0.1616796,1
17136,23,SDHD,0.30000000000000004,0.21341490000000002,1
17137,23,PABPC1,-1.02,-0.2683136,1
17138,23,POLD1,-0.33999999999999997,-0.06920989999999999,1
17139,23,CALR,0.04000000000000001,0.07020509999999998,1
17140,23,PIK3CB,0.7000000000000002,0.5635707,1
17141,23,PPM1D,0.25,0.1914855,1
17142,23,ATRX,0.9300000000000005,0.7898557999999999,1
17143,23,DGCR8,0.18,0.14106739999999998,1
17144,23,DDX10,0.16,0.12463750000000001,1
17145,23,DROSHA,0.51,0.4096497,1
17146,23,TNFRSF14,-0.15,-0.05337,1
17147,23,BCL9L,0.12,0.0916374,1
17148,23,QKI,0.019999999999999997,0.015666,1
17149,23,BAZ1A,0.0,0.0,1
17150,23,CHD4,0.37,0.30379330000000004,1
17151,23,NSD3,0.07999999999999999,0.1004863,1
17152,23,NT5C2,0.15000000000000002,0.09060350000000002,1
17153,23,CCNB1IP1,0.12000000000000001,0.055289700000000004,1
17154,23,PCBP1,-0.86,-0.23770839999999996,1
17155,23,RALGDS,-0.06,0.03620359999999999,1
17156,23,ARHGEF12,0.020000000000000004,0.04504330000000001,1
17157,23,HSP90AB1,1.1100000000000003,0.7886034999999999,1
17158,23,FOXO3,1.4600000000000006,1.0845138999999997,1
17159,23,HIP1,-0.01,-0.0067806,1
17160,23,CDC73,0.05999999999999999,0.08141720000000001,1
17161,23,NIN,0.01,0.0036790000000000017,1
17162,23,MDM4,0.10000000000000002,0.1459096,1
17163,23,COL3A1,0.22,0.1808434,1
17164,23,CTNND1,0.17,0.16927460000000003,1
17165,23,SPOP,0.07999999999999999,0.0881445,1
17166,23,TMEM127,0.11000000000000001,0.06703680000000001,1
17167,23,CREB3L2,0.11,0.07311680000000001,1
17168,23,MSH2,1.0000000000000004,0.8668028000000001,1
17169,23,FNBP1,0.02,0.023873,1
17170,23,ATF1,0.12000000000000001,0.0842639,1
17171,23,EIF1AX,-0.45,-0.1927319,1
17172,23,PMS1,0.48999999999999994,0.3833884,1
17173,23,DEK,0.16,0.1445653,1
17174,23,ERBB2,1.0000000000000004,0.6755863000000002,1
17175,23,AKT1,0.9800000000000004,0.6546295000000003,1
17176,23,CHEK2,0.5499999999999999,0.5594989,1
17177,23,SDHB,0.36,0.28184790000000004,1
17178,23,NCOA1,0.37999999999999995,0.3108674,1
17179,23,CHIC2,0.08,0.05455599999999999,1
17180,23,RUNX1,0.11999999999999991,0.5238453000000002,1
17181,23,STAT6,0.4,0.3249609000000001,1
17182,23,FH,-0.10000000000000003,-0.024586099999999993,1
17183,23,AKT3,1.1100000000000003,0.8241061000000002,1
17184,23,GNAS,0.37,0.263526,1
17185,23,CTNNB1,1.2700000000000007,0.9509434,1
17186,23,NONO,0.30000000000000004,0.27141319999999997,1
17187,23,SMARCB1,1.0200000000000005,0.7890706,1
17188,23,PRKAR1A,0.18000000000000002,0.1773578,1
17189,23,ITGAV,-0.01,0.04372689999999999,1
17190,23,SS18,0.42,0.3056857,1
17191,23,MAP2K1,1.0400000000000003,0.651584,1
17192,23,SIRPA,-0.06999999999999999,-0.0200925,1
17193,23,PPFIBP1,0.42,0.3136424,1
17194,23,RPL22,-0.14,0.09612649999999999,1
17195,23,CYLD,0.28,0.2267828,1
17196,23,ARID1B,0.76,0.5891474,1
17197,23,SETDB1,0.3,0.21875830000000002,1
17198,23,AFDN,-0.4800000000000001,-0.16209000000000004,1
17199,23,ZRSR2,0.07,0.04966850000000001,1
17200,23,PBRM1,0.9400000000000004,0.7370580000000001,1
17201,23,XPC,0.5,0.3113298,1
17202,23,ASXL2,0.25,0.17811970000000005,1
17203,23,TRIM24,-0.18,-0.0186684,1
17204,23,SFPQ,-0.33999999999999997,-0.08370589999999999,1
17205,23,NCOA2,0.5900000000000001,0.4788511,1
17206,23,FOXO4,0.42000000000000004,0.26544890000000004,1
17207,23,LEF1,0.059999999999999956,0.11021330000000003,1
17208,23,B2M,-0.25,-0.11699040000000002,1
17209,23,DDIT3,-0.28,-0.1094686,1
17210,23,BCL6,0.30000000000000004,0.25905799999999995,1
17211,23,KRAS,0.05000000000000003,0.17731280000000002,1
17212,23,FAT1,0.09,0.0666896,1
17213,23,ABL2,0.019999999999999997,0.036928899999999994,1
17214,23,NF1,1.2600000000000005,1.0182221999999999,1
17215,23,BTG1,-0.05,-0.0233265,1
17216,23,EIF4A2,0.04,0.0216624,1
17217,23,SET,0.16999999999999998,0.1417498,1
17218,23,EPS15,0.06,0.053420999999999996,1
17219,23,RNF213,0.05,0.0430921,1
17220,23,CTCF,0.9600000000000004,0.6721368999999999,1
17221,23,WDCP,0.22,0.1331407,1
17222,23,KAT7,0.15000000000000002,0.12998320000000002,1
17223,23,KDM5C,0.16,0.1436012,1
17224,23,TGFBR2,0.09000000000000001,0.13062319999999997,1
17225,23,ATM,0.8300000000000004,0.8966072999999999,1
17226,23,NUMA1,-0.05,-0.018083299999999997,1
17227,23,STAT3,1.0600000000000005,0.9399562000000001,1
17228,23,SUB1,-0.06,-0.0296772,1
17229,23,NUP98,0.14,0.1520539,1
17230,23,ELL,-0.010000000000000005,-0.00033690000000000976,1
17231,23,MAP3K1,0.44000000000000006,0.3608036,1
17232,23,MALT1,0.16,0.15809420000000002,1
17233,23,XPO1,0.5000000000000002,0.40961610000000004,1
17234,23,SETD1B,0.26,0.21055229999999997,1
17235,23,ETV6,-0.09000000000000001,-0.0048146000000000005,1
17236,23,TBL1XR1,0.22000000000000003,0.1583121,1
17237,23,NUP214,-0.07000000000000002,0.14051640000000004,1
17238,23,TPR,0.12,0.09963040000000001,1
17239,23,ATIC,0.16000000000000003,0.15711479999999997,1
17240,23,NACA,0.22000000000000003,0.1336105,1
17241,23,MYO5A,0.0,0.0015125000000000008,1
17242,23,SMC1A,0.3500000000000001,0.4087274,1
17243,23,LASP1,-0.23,-0.1242333,1
17244,23,ERCC5,0.34,0.20142069999999998,1
17245,23,JUN,-0.96,-0.18595569999999995,1
17246,23,THRAP3,0.06,0.0484505,1
17247,23,STAG2,0.26999999999999996,0.28632569999999996,1
17248,23,RAF1,0.8800000000000003,0.6703137999999998,1
17249,23,ERCC3,0.5299999999999999,0.44490270000000004,1
17250,23,SMAD2,0.47000000000000025,0.500021,1
17251,23,TAF15,0.2,0.16368540000000004,1
17252,23,ARNT,0.21000000000000002,0.20119840000000003,1
17253,23,CLTC,-0.7599999999999999,-0.36207829999999996,1
17254,23,IKBKB,0.44000000000000017,0.4152939000000001,1
17255,23,IDH1,-0.40000000000000013,-0.12859179999999998,1
17256,23,SND1,-0.009999999999999997,0.0174785,1
17257,23,KNSTRN,0.02,0.0146152,1
17258,23,RHOA,-2.5300000000000002,-0.6705347,1
17259,23,PALB2,0.6100000000000001,0.5502640000000001,1
17260,23,ARID2,0.81,0.6408918999999997,1
17261,23,EZR,-0.21000000000000002,-0.0794584,1
17262,23,TP53,-0.4499999999999997,0.043487200000000004,1
17263,23,ARAF,0.38,0.2242109,1
17264,23,KIF5B,0.5100000000000001,0.389409,1
17265,23,KAT6A,0.20999999999999996,0.21873359999999997,1
17266,23,KTN1,-0.08,-0.009435199999999996,1
17267,23,GOLGA5,-0.06999999999999999,-0.04683459999999999,1
17268,23,KDM5A,0.29000000000000004,0.2676706,1
17269,23,RAD21,0.5800000000000001,0.48273640000000007,1
17270,23,GNAQ,0.24999999999999994,0.23052050000000002,1
17271,23,CAMTA1,0.07,0.0520317,1
17272,23,ERCC2,0.62,0.4916752,1
17273,23,EZH2,1.7200000000000013,1.3310110999999998,1
17274,23,TOP1,0.25000000000000006,0.20494139999999994,1
17275,23,SRSF3,-0.2,-0.02752939999999999,1
17276,23,NPM1,0.12,0.1655745,1
17277,23,BAX,-0.63,-0.1652312,1
17278,23,NOTCH2,0.28,0.2323263,1
17279,23,TRAF7,0.01,0.0069684000000000005,1
17280,23,KDM6A,0.8900000000000002,0.8447564000000001,1
17281,23,SPEN,0.13,0.10117519999999999,1
17282,23,TRIM27,-0.57,-0.1757193,1
17283,23,CRTC1,0.15000000000000002,0.1172155,1
17284,23,EML4,0.29000000000000004,0.2796721,1
17285,23,USP9X,-0.06,-0.0470165,1
17286,23,PTPRK,-0.01,-0.0057721000000000005,1
17287,23,CD74,-0.2,-0.031787599999999985,1
17288,23,CBL,0.57,0.49119340000000006,1
17289,23,ZNF384,0.02,0.0162015,1
17290,23,NOTCH1,1.0800000000000005,0.7910552999999999,1
17291,23,COX6C,-0.15999999999999998,-0.051184499999999994,1
17292,23,CHCHD7,0.03,0.0198855,1
17293,23,HMGA1,-0.04,-0.0205321,1
17294,23,PTEN,1.460000000000001,1.3040971000000003,1
17295,23,FIP1L1,-0.03,-0.0086532,1
17296,23,JAK1,0.7900000000000003,0.6536869,1
17297,23,ZMYM2,-0.009999999999999997,-0.0065904000000000015,1
17298,23,SUZ12,0.8500000000000003,0.6700666,1
17299,23,FUS,-0.44000000000000006,0.0005670000000000154,1
17300,23,BAP1,-0.67,-0.2564997,1
17301,23,ZCCHC8,-0.08,-0.0232832,1
17302,23,CRNKL1,0.009999999999999998,0.008129099999999998,1
17303,23,RAD17,0.17,0.12357570000000001,1
17304,23,ATP1A1,0.01,0.0071963,1
17305,23,DNMT3A,1.0700000000000003,0.8476931999999999,1
17306,23,FBXW7,0.9800000000000002,0.8068860999999999,1
17307,23,WWTR1,-0.13,-0.052851699999999995,1
17308,23,CDKN1B,0.39000000000000007,0.3163636,1
17309,23,KMT2A,0.29,0.318515,1
17310,23,PTPN11,1.1200000000000006,0.9135620999999999,1
17311,23,STAT5B,0.7100000000000001,0.560792,1
17312,23,CUX1,-0.08,-0.05439410000000001,1
17313,23,ABI1,-0.32,-0.08751210000000001,1
17314,23,BRCA1,1.7200000000000013,1.4303711000000003,1
17315,23,SH2B3,0.07,0.04244850000000001,1
17316,23,AFF4,-0.049999999999999996,-0.012624900000000008,1
17317,23,NF2,0.15,0.1502752,1
17318,23,LMNA,0.030000000000000006,0.0341681,1
17319,23,TSC2,0.8600000000000003,0.6820869999999999,1
17320,23,GOLPH3,-0.05,-0.034872,1
17321,23,PCM1,-0.05,-0.040797599999999996,1
17322,23,PPP2R1A,-0.43999999999999995,-0.13708110000000004,1
17323,23,ARID1A,1.680000000000001,1.3417210000000002,1
17324,23,ABL1,-0.12000000000000001,0.07991570000000006,1
17325,23,AFF1,0.12,0.11484340000000001,1
17326,23,DAXX,-0.34,-0.08321880000000001,1
17327,23,CBFB,0.09000000000000001,0.11251889999999999,1
17328,23,CBLB,0.16000000000000003,0.13789050000000003,1
17329,23,POLR2A,-0.22999999999999998,0.11630850000000005,1
17330,23,PRKACA,0.20000000000000018,0.263092,1
17331,23,DNM2,-0.13,-0.0616372,1
17332,23,RAP1GDS1,0.010000000000000023,0.04860969999999999,1
17333,23,NCOR1,0.9700000000000003,0.8830640999999998,1
17334,23,NFKBIE,-0.33999999999999997,-0.11472729999999999,1
17335,23,DDX3X,0.26,0.22587659999999998,1
17336,23,ELK4,0.03,0.0256818,1
17337,23,MLLT6,0.07,0.0566793,1
17338,23,SRSF2,-2.72,-0.6776799999999998,1
17339,23,CTNNA1,0.16,0.12460589999999999,1
17340,23,RBM10,0.19,0.1405299,1
17341,23,PTPRC,-0.019999999999999997,0.0792359,1
17342,23,HSP90AA1,0.9300000000000004,0.6766647,1
17343,23,NSD1,0.26,0.21986129999999998,0
17344,23,DICER1,0.24999999999999997,0.2546259,0
17345,23,BIRC6,0.1,0.0831016,0
17346,23,SDHC,0.27999999999999997,0.20135119999999998,0
17347,23,TFG,0.32,0.17623699999999998,0
17348,23,MAP2K2,0.26,0.21096199999999998,0
17349,23,TFRC,-0.24000000000000002,-0.11665210000000001,0
17350,23,CREB1,0.7800000000000006,0.6031053000000001,0
17351,23,POLG,0.01,0.0034500999999999998,0
17352,23,SETD2,0.7800000000000004,0.6603791999999999,0
17353,23,NAB2,-0.33,-0.1191905,0
17354,23,HIF1A,1.5700000000000007,1.1544565999999996,0
17355,23,FLCN,0.06,0.050729,0
17356,23,MAP2K4,-0.05,0.061036599999999996,0
17357,23,CNOT3,-0.010000000000000002,0.0066447,0
17358,23,CIITA,0.08,0.0477554,0
17359,23,LSM14A,0.1,0.08533579999999999,0
17360,23,AKAP9,-0.06,-0.013375999999999996,0
17361,23,MSN,-0.31999999999999995,-0.0709196,0
17362,23,BCR,0.050000000000000024,0.0603906,0
17363,23,TRRAP,0.010000000000000021,0.1535752,0
17364,23,PPP6C,-0.18,-0.0845021,0
17365,23,NCOA4,-0.16999999999999998,-0.0915259,0
17366,23,BCL9,0.19,0.1478437,0
17367,23,PRCC,0.04000000000000001,0.03585820000000001,0
17368,23,LARP4B,0.01,0.0057052000000000005,0
17369,23,CHD2,0.01,0.007992200000000001,0
17370,23,ASXL1,0.5100000000000001,0.4843095,0
17371,23,SMARCA4,1.2600000000000007,1.0021426,0
17372,23,ERC1,-0.02,-0.0154264,0
17373,23,DCTN1,-0.2899999999999999,-0.1299573,0
17374,23,PIK3R1,1.2300000000000006,0.9079958999999999,0
17375,23,EED,-0.020000000000000007,0.030755900000000013,0
17376,23,CNBP,0.01,0.0054723,0
17377,23,SGK1,0.27,0.16072640000000002,0
17378,23,MLLT10,-0.08000000000000002,-0.02363400000000001,0
17379,23,BRD4,1.0800000000000005,0.8324136,0
17380,23,RANBP2,0.17000000000000004,0.20526659999999997,0
17381,23,FBXO11,0.07,0.0556749,0
17382,23,PML,0.39,0.27294630000000003,0
17383,23,AKT2,0.9800000000000003,0.6865740000000002,0
17384,23,CEP89,0.07,0.0423321,0
17385,23,LZTR1,0.06999999999999999,0.08439139999999999,0
17386,23,YWHAE,0.29000000000000004,0.17542560000000004,0
17387,23,DNAJB1,-0.09000000000000001,-0.020715400000000002,0
17388,23,PRDM2,0.03,0.021549500000000003,0
17389,23,TPM4,0.51,0.3270186,0
17390,23,CREBBP,1.8400000000000014,1.5492759000000003,0
17391,23,PMS2,0.5700000000000001,0.5285896000000001,0
17392,23,DDR2,0.08,0.0560084,0
17393,23,FANCA,0.35000000000000003,0.2890351,0
17394,23,PDE4DIP,0.06,0.040184,0
17395,23,USP8,-0.08,-0.0362488,0
17396,23,MYH9,-0.27999999999999997,-0.045136499999999996,0
17397,23,MYC,-1.1600000000000004,-0.4139094000000001,0
17398,23,NBN,0.54,0.4080612,0
17399,23,CCND3,-0.19999999999999998,-0.024741700000000002,0
17400,23,TRIP11,-0.12,-0.0824582,0
17401,23,CNTRL,-0.05,-0.034827399999999994,0
17402,23,PIK3CA,1.5000000000000009,1.0975128000000003,0
17403,23,DDX5,0.43000000000000005,0.3495673999999999,0
17404,23,PICALM,3.469446951953614e-18,0.0028435000000000023,0
17405,23,RARA,0.48,0.32941890000000007,0
17406,23,DDX6,-0.05,0.06527229999999999,0
17407,23,COL1A1,0.12,0.12641040000000003,0
17408,23,VHL,0.19999999999999998,0.14596420000000002,0
17409,23,MAPK1,1.730000000000001,1.1307420999999998,0
17410,23,SRC,-0.46999999999999986,0.039516800000000026,0
17411,23,NFE2L2,0.26,0.18377949999999998,0
17412,23,MITF,-0.29000000000000004,-0.07747350000000001,0
17413,23,SMAD3,1.300000000000001,1.0056285,0
17414,23,RBM15,0.09,0.07800109999999999,0
17415,23,ATR,0.6900000000000003,0.5731208000000001,0
17416,23,EPAS1,0.44,0.37928200000000006,0
17417,23,TPM3,0.18,0.1260406,0
17418,23,RPL10,0.15000000000000002,0.12797900000000004,0
17419,23,STAG1,0.13,0.134219,0
17420,23,SBDS,-0.05,-0.0189719,0
17421,23,KMT2D,0.9800000000000004,0.7449239,0
17422,23,MED12,0.31000000000000005,0.25476150000000003,0
17423,23,BCLAF1,-0.009999999999999995,0.0371553,0
17424,23,ASPSCR1,-0.009999999999999992,0.010164000000000012,0
17425,23,CDK12,0.35,0.2590359,0
17426,23,EWSR1,0.44999999999999996,0.35894170000000003,0
17427,23,NDRG1,-0.020000000000000004,-0.0055172,0
17428,23,PSIP1,-0.15,-0.0717957,0
17429,23,TRIM33,0.039999999999999994,0.0346753,0
17430,23,MTOR,1.1300000000000006,0.8360717,0
17431,23,ARHGAP35,0.12000000000000001,0.1416626,0
17432,23,POT1,-0.030000000000000002,0.005962599999999997,0
17433,23,EXT1,0.1,0.06496400000000001,0
17434,23,IL6ST,0.3,0.2348452,0
17435,23,IDH2,0.09,0.09660210000000002,0
17436,23,SMARCE1,0.42000000000000004,0.2652486,0
17437,23,CRTC3,0.09,0.07237439999999999,0
17438,23,TSC1,0.32,0.2916929,0
17439,23,BCOR,-0.15999999999999998,-0.01984389999999999,0
17440,23,SDHA,0.25,0.14960330000000002,0
17441,23,EP300,1.8100000000000012,1.4504439,0
17442,23,HNRNPA2B1,0.24,0.21168629999999997,0
17443,23,CLIP1,-0.13,-0.067954,0
17444,23,PATZ1,-0.5,-0.1309772,0
17445,23,FUBP1,-0.16999999999999998,-0.013206599999999992,0
17446,23,HLA-A,-0.2,-0.0010519000000000014,0
17447,23,CCNC,-0.08,-0.03463329999999999,0
17448,23,RPN1,-0.26,-0.07235720000000001,0
17449,23,TCF7L2,0.12000000000000002,0.1413767,0
17450,23,CANT1,0.08000000000000002,0.049281599999999995,0
17451,23,RPL5,-0.5800000000000001,-0.160522,0
17452,23,CCDC6,0.020000000000000004,0.0576806,0
17453,23,NCKIPSD,0.009999999999999998,0.0066388,0
17454,23,SMARCD1,0.42,0.30209800000000003,0
17455,23,BCL10,-0.020000000000000018,0.021836300000000003,0
17456,23,MAX,0.010000000000000004,0.0276179,0
17457,23,HERPUD1,0.0,0.0,0
17458,23,RAC1,-0.11999999999999998,0.0396315,0
17459,23,FLNA,0.11999999999999998,0.10643100000000001,0
17460,23,TFE3,-0.3499999999999999,-0.15870030000000002,0
17461,23,NCOR2,0.7600000000000002,0.5722265999999999,0
17462,23,PRPF40B,0.010000000000000002,0.012783300000000001,0
17463,23,BCL3,-0.06,-0.017669399999999995,0
17464,23,TFPT,-0.29,-0.093671,0
17465,23,MLH1,0.79,0.6735374000000001,0
17466,23,ARHGAP5,0.1,0.09488740000000001,0
17467,23,CIC,0.0,0.0,0
17468,23,LYN,0.8700000000000003,0.629185,0
17469,23,TCF12,0.29,0.22357390000000002,0
17470,23,KLF6,0.05,0.0282731,0
17471,23,KMT2C,0.9800000000000002,0.8007285999999998,0
17472,23,PIM1,-0.16000000000000003,-0.050946899999999996,0
17473,23,CCND1,1.3200000000000007,0.8279455,0
17474,23,MLLT1,-0.9800000000000002,-0.3012587,0
17475,23,MEN1,0.05,0.05779629999999998,0
17476,23,CUL3,0.08000000000000002,0.12367910000000001,0
17477,23,RB1,0.5900000000000001,0.4800361000000001,0
17478,23,LPP,-0.07,-0.016958500000000005,0
17479,23,BUB1B,-0.16,-0.08163700000000002,0
17480,23,SMAD4,1.4900000000000009,1.1332529,0
17481,23,FGFR1,0.2899999999999999,0.20776789999999998,0
17482,23,TMSB4X,0.04,0.0319064,0
17483,23,CDK4,0.5900000000000001,0.3913368,0
17484,23,MSI2,0.0,0.0,0
17485,23,MSH6,0.8300000000000003,0.6548972000000001,0
17486,23,BRAF,0.8800000000000004,0.8416061999999997,0
17487,23,TCEA1,-0.029999999999999992,0.020916000000000008,0
17488,23,TNFAIP3,0.12,0.1109762,0
17489,23,RABEP1,0.009999999999999998,0.005054699999999999,0
17490,23,GMPS,-0.07999999999999999,-0.043181600000000014,0
17491,23,MDM2,1.1800000000000006,0.8267729,0
17492,23,NSD2,0.18,0.1283526,0
17493,23,CASP8,-0.12000000000000001,0.15142529999999998,0
17494,23,PER1,-0.27999999999999997,-0.050552200000000005,0
17495,23,UBR5,-0.049999999999999996,-0.0104712,0
17496,23,EIF3E,-0.039999999999999994,0.058245000000000005,0
17497,23,RFWD3,0.030000000000000002,0.0312741,0
17498,23,BRD3,0.16999999999999996,0.1333781,0
17499,23,PAFAH1B2,0.02,0.0156424,0
17500,23,EXT2,0.010000000000000009,0.0069644000000000095,0
17501,23,PLCG1,0.55,0.39615809999999996,0
17502,23,SF3B1,-0.32,-0.12018790000000001,0
17503,23,ARHGEF10L,0.02,0.0095396,0
17504,23,NFATC2,0.22,0.1613367,0
17505,23,SDHD,0.29000000000000004,0.17457689999999998,0
17506,23,PABPC1,-0.8300000000000001,-0.2090335,0
17507,23,POLD1,-0.37999999999999995,-0.08054130000000001,0
17508,23,CALR,0.00999999999999999,0.020299999999999995,0
17509,23,PIK3CB,0.5800000000000001,0.47348209999999996,0
17510,23,PPM1D,0.20000000000000004,0.1570811,0
17511,23,ATRX,1.0200000000000005,0.8400831,0
17512,23,DGCR8,0.17,0.1092467,0
17513,23,DDX10,0.15000000000000002,0.10355379999999999,0
17514,23,DROSHA,0.43000000000000005,0.31733790000000006,0
17515,23,TNFRSF14,-0.14,-0.0483014,0
17516,23,BCL9L,0.14,0.1039528,0
17517,23,QKI,-0.05,-0.031435199999999996,0
17518,23,BAZ1A,0.02,0.0152634,0
17519,23,CHD4,0.19999999999999996,0.19859809999999994,0
17520,23,NSD3,0.05,0.0703137,0
17521,23,NT5C2,0.17,0.09937909999999998,0
17522,23,CCNB1IP1,0.09,0.0428859,0
17523,23,PCBP1,-0.8500000000000001,-0.2492159,0
17524,23,RALGDS,0.13,0.0994392,0
17525,23,ARHGEF12,-0.03,-0.001103899999999998,0
17526,23,HSP90AB1,0.9900000000000004,0.6623178000000001,0
17527,23,FOXO3,1.3700000000000006,0.9809566,0
17528,23,HIP1,-0.01,-0.0067591000000000005,0
17529,23,CDC73,-0.15999999999999998,-0.010642499999999992,0
17530,23,NIN,0.049999999999999996,0.03751209999999999,0
17531,23,MDM4,0.11000000000000001,0.17235290000000003,0
17532,23,COL3A1,0.17,0.1482493,0
17533,23,CTNND1,0.06,0.11536460000000001,0
17534,23,SPOP,-0.010000000000000014,0.022157099999999985,0
17535,23,TMEM127,0.09,0.0676861,0
17536,23,CREB3L2,0.13,0.08179550000000001,0
17537,23,MSH2,0.9500000000000004,0.6939510999999999,0
17538,23,FNBP1,0.01,0.013706100000000002,0
17539,23,ATF1,0.06,0.03660769999999999,0
17540,23,EIF1AX,-0.44999999999999996,-0.1975063,0
17541,23,PMS1,0.46,0.3597033,0
17542,23,DEK,0.07,0.0864493,0
17543,23,ERBB2,1.0500000000000005,0.6781602999999999,0
17544,23,AKT1,1.0100000000000005,0.6254866999999997,0
17545,23,CHEK2,0.22000000000000008,0.3381380000000001,0
17546,23,SDHB,0.41000000000000003,0.26516549999999994,0
17547,23,NCOA1,0.44,0.3127961999999999,0
17548,23,CHIC2,0.049999999999999996,0.02788419999999999,0
17549,23,RUNX1,0.45000000000000007,0.6232782000000001,0
17550,23,STAT6,0.31,0.23858050000000003,0
17551,23,FH,-0.19,-0.06414450000000001,0
17552,23,AKT3,0.9900000000000004,0.6708073999999999,0
17553,23,GNAS,0.24,0.1506862,0
17554,23,CTNNB1,1.3800000000000008,0.9573960999999999,0
17555,23,NONO,0.12,0.08612099999999999,0
17556,23,SMARCB1,0.9000000000000004,0.668682,0
17557,23,PRKAR1A,0.11,0.100005,0
17558,23,ITGAV,3.469446951953614e-18,0.02497279999999999,0
17559,23,SS18,0.41,0.2823003,0
17560,23,MAP2K1,1.1400000000000006,0.7273685999999999,0
17561,23,SIRPA,0.0,0.0008148000000000009,0
17562,23,PPFIBP1,0.4,0.2670689,0
17563,23,RPL22,-0.16999999999999996,0.0821622,0
17564,23,CYLD,0.30000000000000004,0.23416960000000003,0
17565,23,ARID1B,0.71,0.5320590000000001,0
17566,23,SETDB1,0.34,0.2480545,0
17567,23,AFDN,-0.3,-0.0915796,0
17568,23,ZRSR2,0.33000000000000007,0.24821090000000007,0
17569,23,PBRM1,0.9300000000000004,0.6873478000000001,0
17570,23,XPC,0.6200000000000001,0.4210776,0
17571,23,ASXL2,0.24,0.1634971,0
17572,23,TRIM24,-0.15000000000000002,-0.0488196,0
17573,23,SFPQ,-0.12,-0.003549199999999992,0
17574,23,NCOA2,0.5700000000000001,0.40765689999999993,0
17575,23,FOXO4,0.44000000000000006,0.2843683,0
17576,23,LEF1,0.13,0.12410460000000004,0
17577,23,B2M,-0.5400000000000001,-0.2047669,0
17578,23,DDIT3,-0.39,-0.09859359999999999,0
17579,23,BCL6,0.59,0.41452550000000005,0
17580,23,KRAS,-1.6200000000000008,-0.4184137,0
17581,23,FAT1,0.04,0.0451683,0
17582,23,ABL2,0.11000000000000001,0.0749143,0
17583,23,NF1,0.8700000000000003,0.7150305,0
17584,23,BTG1,-0.03,-0.0157386,0
17585,23,EIF4A2,0.09,0.0706254,0
17586,23,SET,0.19,0.16602050000000002,0
17587,23,EPS15,0.020000000000000004,0.025136600000000002,0
17588,23,RNF213,0.04,0.0315014,0
17589,23,CTCF,0.9600000000000006,0.6957841,0
17590,23,WDCP,0.07999999999999999,0.05743929999999999,0
17591,23,KAT7,0.11,0.09210579999999999,0
17592,23,KDM5C,0.16,0.15651580000000004,0
17593,23,TGFBR2,0.22000000000000006,0.1850841,0
17594,23,ATM,1.4200000000000008,1.1411942999999996,0
17595,23,NUMA1,-0.01,0.003423699999999994,0
17596,23,STAT3,1.3700000000000008,1.1033640000000002,0
17597,23,SUB1,-0.31000000000000005,-0.10756460000000001,0
17598,23,NUP98,0.09999999999999999,0.10850030000000004,0
17599,23,ELL,-0.009999999999999995,0.013028799999999998,0
17600,23,MAP3K1,0.30999999999999994,0.27673439999999994,0
17601,23,MALT1,0.15000000000000002,0.14920190000000003,0
17602,23,XPO1,0.37,0.30181159999999996,0
17603,23,SETD1B,0.18,0.13269840000000002,0
17604,23,ETV6,-0.18,-0.0598258,0
17605,23,TBL1XR1,0.21000000000000002,0.1391732,0
17606,23,NUP214,-0.049999999999999975,0.0824638,0
17607,23,TPR,0.11,0.10691210000000001,0
17608,23,ATIC,-0.02999999999999997,0.016139099999999997,0
17609,23,NACA,0.22000000000000003,0.1477097,0
17610,23,MYO5A,0.009999999999999998,0.008761600000000001,0
17611,23,SMC1A,0.6000000000000001,0.49251870000000003,0
17612,23,LASP1,-0.21000000000000002,-0.1184913,0
17613,23,ERCC5,0.49,0.3363926,0
17614,23,JUN,-0.14999999999999997,0.137859,0
17615,23,THRAP3,0.07999999999999999,0.06830320000000001,0
17616,23,STAG2,0.43,0.3740465,0
17617,23,RAF1,1.0200000000000002,0.7302611000000001,0
17618,23,ERCC3,0.54,0.4418951,0
17619,23,SMAD2,0.5800000000000001,0.5224268999999997,0
17620,23,TAF15,0.19000000000000003,0.15597069999999996,0
17621,23,ARNT,0.2899999999999999,0.2508197,0
17622,23,CLTC,-0.56,-0.29423059999999995,0
17623,23,IKBKB,0.5500000000000003,0.4754610999999999,0
17624,23,IDH1,-0.7700000000000002,-0.22269339999999999,0
17625,23,SND1,3.469446951953614e-18,0.005035599999999999,0
17626,23,KNSTRN,0.03,0.0245811,0
17627,23,RHOA,-1.7400000000000002,-0.4472959999999999,0
17628,23,PALB2,0.51,0.4580851999999999,0
17629,23,ARID2,0.78,0.5883018,0
17630,23,EZR,-0.11000000000000001,-0.006205399999999993,0
17631,23,TP53,-1.0999999999999999,-0.060149400000000026,0
17632,23,ARAF,0.43000000000000005,0.23607860000000003,0
17633,23,KIF5B,0.4699999999999999,0.3334856,0
17634,23,KAT6A,0.19999999999999996,0.1948521,0
17635,23,KTN1,-0.14,-0.0372838,0
17636,23,GOLGA5,-0.13,-0.0900062,0
17637,23,KDM5A,0.26,0.23516359999999997,0
17638,23,RAD21,0.47000000000000003,0.3651036,0
17639,23,GNAQ,0.09999999999999999,0.0761569,0
17640,23,CAMTA1,-0.02,-0.0100962,0
17641,23,ERCC2,0.64,0.4467982,0
17642,23,EZH2,1.9100000000000013,1.2733860000000006,0
17643,23,TOP1,0.22000000000000003,0.16434789999999996,0
17644,23,SRSF3,-0.28,-0.09108360000000001,0
17645,23,NPM1,0.020000000000000007,0.17210950000000005,0
17646,23,BAX,-0.56,-0.16117830000000002,0
17647,23,NOTCH2,0.26,0.20923930000000002,0
17648,23,TRAF7,0.03,0.023320499999999997,0
17649,23,KDM6A,0.8800000000000002,0.7695063000000001,0
17650,23,SPEN,0.12,0.0903289,0
17651,23,TRIM27,-0.49,-0.1719288,0
17652,23,CRTC1,0.15000000000000002,0.1210028,0
17653,23,EML4,0.3100000000000001,0.2554761,0
17654,23,USP9X,-0.039999999999999994,-0.0249477,0
17655,23,PTPRK,0.01,0.006959600000000001,0
17656,23,CD74,-0.15000000000000002,-0.004944699999999996,0
17657,23,CBL,0.5599999999999999,0.428169,0
17658,23,ZNF384,-0.06,-0.028986200000000004,0
17659,23,NOTCH1,0.9500000000000005,0.7265223,0
17660,23,COX6C,-0.15000000000000002,-0.059434900000000006,0
17661,23,CHCHD7,0.02,0.0129884,0
17662,23,HMGA1,-0.12000000000000001,-0.0534328,0
17663,23,PTEN,1.500000000000001,1.2374003,0
17664,23,FIP1L1,-0.020000000000000004,-0.01671060000000001,0
17665,23,JAK1,0.8100000000000003,0.6487286999999998,0
17666,23,ZMYM2,-0.05999999999999999,-0.0425499,0
17667,23,SUZ12,0.72,0.5183389,0
17668,23,FUS,-0.17,0.1240037,0
17669,23,BAP1,-6.938893903907228e-18,0.0363051,0
17670,23,ZCCHC8,-0.07,-0.019882800000000003,0
17671,23,CRNKL1,-0.03,-0.018143,0
17672,23,RAD17,0.14,0.10221670000000001,0
17673,23,ATP1A1,-0.010000000000000002,-0.0020867999999999998,0
17674,23,DNMT3A,0.9600000000000004,0.7152204999999999,0
17675,23,FBXW7,1.0300000000000002,0.8126688999999999,0
17676,23,WWTR1,-0.03,-0.0134422,0
17677,23,CDKN1B,0.6800000000000002,0.4318846,0
17678,23,KMT2A,0.4600000000000001,0.40579610000000005,0
17679,23,PTPN11,0.8800000000000003,0.6855319999999999,0
17680,23,STAT5B,0.7100000000000002,0.5540184000000001,0
17681,23,CUX1,-0.08,-0.0551518,0
17682,23,ABI1,-0.35000000000000003,-0.12169030000000002,0
17683,23,BRCA1,1.7500000000000013,1.3695437000000001,0
17684,23,SH2B3,0.060000000000000005,0.042483599999999996,0
17685,23,AFF4,0.1,0.08113690000000001,0
17686,23,NF2,0.020000000000000007,0.07623760000000002,0
17687,23,LMNA,0.010000000000000012,0.032265,0
17688,23,TSC2,0.54,0.4567861999999999,0
17689,23,GOLPH3,-0.11,-0.06774849999999999,0
17690,23,PCM1,-0.06,-0.04084410000000001,0
17691,23,PPP2R1A,-0.5000000000000001,-0.17200910000000003,0
17692,23,ARID1A,1.760000000000001,1.3172781,0
17693,23,ABL1,0.2899999999999999,0.21898950000000003,0
17694,23,AFF1,0.18000000000000005,0.16781529999999997,0
17695,23,DAXX,-0.42,-0.10888760000000003,0
17696,23,CBFB,0.08999999999999998,0.09179659999999996,0
17697,23,CBLB,0.14,0.1088335,0
17698,23,POLR2A,0.07,0.2132995,0
17699,23,PRKACA,0.33000000000000007,0.26695129999999995,0
17700,23,DNM2,-0.11,-0.0460527,0
17701,23,RAP1GDS1,-0.049999999999999996,-0.013899500000000002,0
17702,23,NCOR1,0.9000000000000002,0.8246058000000002,0
17703,23,NFKBIE,-0.3,-0.10310489999999999,0
17704,23,DDX3X,0.11000000000000001,0.11491829999999999,0
17705,23,ELK4,0.02,0.0148286,0
17706,23,MLLT6,0.12000000000000001,0.0993282,0
17707,23,SRSF2,-1.4400000000000002,-0.4049861,0
17708,23,CTNNA1,0.12000000000000001,0.08782269999999999,0
17709,23,RBM10,0.19999999999999998,0.13943940000000002,0
17710,23,PTPRC,0.14,0.1331239,0
17711,23,HSP90AA1,1.1400000000000008,0.7461552000000001,0
17712,24,NSD1,0.34,0.2976726,1
17713,24,DICER1,0.31000000000000005,0.3230995,1
17714,24,BIRC6,0.12,0.1134348,1
17715,24,SDHC,0.42000000000000004,0.3077385,1
17716,24,TFG,0.19000000000000003,0.1203357,1
17717,24,MAP2K2,0.27,0.21467379999999997,1
17718,24,TFRC,-0.29000000000000004,-0.12279999999999999,1
17719,24,CREB1,0.8100000000000004,0.7366320999999999,1
17720,24,POLG,0.0,0.0,1
17721,24,SETD2,0.7300000000000004,0.6698927,1
17722,24,NAB2,-0.5599999999999999,-0.1532619,1
17723,24,HIF1A,1.700000000000001,1.3105268,1
17724,24,FLCN,-0.04000000000000001,0.010840199999999998,1
17725,24,MAP2K4,0.03,0.0975828,1
17726,24,CNOT3,0.07,0.06044900000000002,1
17727,24,CIITA,0.08,0.0492328,1
17728,24,LSM14A,0.17,0.14175190000000001,1
17729,24,AKAP9,-0.010000000000000009,0.02652649999999999,1
17730,24,MSN,-0.21,-0.059588500000000016,1
17731,24,BCR,-0.08,0.0261966,1
17732,24,TRRAP,-0.02000000000000003,0.19079019999999997,1
17733,24,PPP6C,-0.14,-0.0617297,1
17734,24,NCOA4,-0.11000000000000001,-0.01490180000000001,1
17735,24,BCL9,0.2,0.1617436,1
17736,24,PRCC,0.12,0.10247969999999998,1
17737,24,LARP4B,0.03,0.022996199999999998,1
17738,24,CHD2,0.02,0.018123,1
17739,24,ASXL1,0.21,0.3015332,1
17740,24,SMARCA4,1.9900000000000013,1.5729419,1
17741,24,ERC1,-0.02,-0.0162216,1
17742,24,DCTN1,0.02000000000000001,0.04254740000000003,1
17743,24,PIK3R1,1.1700000000000006,0.980139,1
17744,24,EED,0.10000000000000002,0.08677030000000001,1
17745,24,CNBP,0.0,0.0,1
17746,24,SGK1,0.5599999999999999,0.3838055,1
17747,24,MLLT10,-0.36000000000000004,-0.22444520000000004,1
17748,24,BRD4,0.8600000000000003,0.8235129999999998,1
17749,24,RANBP2,0.36,0.3354809,1
17750,24,FBXO11,0.07,0.063441,1
17751,24,PML,0.35000000000000003,0.2653315,1
17752,24,AKT2,1.1500000000000006,0.8298840999999999,1
17753,24,CEP89,0.07,0.048899200000000004,1
17754,24,LZTR1,0.06999999999999999,0.10330720000000002,1
17755,24,YWHAE,0.14,0.09547270000000001,1
17756,24,DNAJB1,-0.03,0.0031504000000000046,1
17757,24,PRDM2,0.05,0.0413734,1
17758,24,TPM4,0.53,0.3835946,1
17759,24,CREBBP,2.230000000000001,1.8714387999999995,1
17760,24,PMS2,0.8,0.7086155000000001,1
17761,24,DDR2,0.04000000000000001,0.027649400000000008,1
17762,24,FANCA,0.39000000000000007,0.336196,1
17763,24,PDE4DIP,0.08,0.06545319999999999,1
17764,24,USP8,-0.04,-0.0205516,1
17765,24,MYH9,-0.35,-0.07496260000000002,1
17766,24,MYC,-0.6599999999999999,-0.01988999999999992,1
17767,24,NBN,0.6400000000000001,0.5359223000000001,1
17768,24,CCND3,-0.17000000000000004,-0.0334206,1
17769,24,TRIP11,-0.1,-0.0718539,1
17770,24,CNTRL,-0.08,-0.0601029,1
17771,24,PIK3CA,1.100000000000001,1.0108205000000003,1
17772,24,DDX5,0.2499999999999999,0.24422520000000006,1
17773,24,PICALM,0.010000000000000002,0.011516700000000001,1
17774,24,RARA,0.019999999999999997,0.10784839999999998,1
17775,24,DDX6,-0.03999999999999997,0.08185570000000003,1
17776,24,COL1A1,0.19,0.1652304,1
17777,24,VHL,0.27,0.2060114,1
17778,24,MAPK1,1.690000000000001,1.2321925000000005,1
17779,24,SRC,0.5300000000000002,0.4203817,1
17780,24,NFE2L2,0.36,0.27040469999999994,1
17781,24,MITF,-0.32999999999999996,-0.0949012,1
17782,24,SMAD3,1.290000000000001,1.1738569,1
17783,24,RBM15,0.11,0.09189820000000001,1
17784,24,ATR,0.7600000000000002,0.6393277000000002,1
17785,24,EPAS1,0.39,0.3785395,1
17786,24,TPM3,0.13,0.11729200000000001,1
17787,24,RPL10,0.09000000000000002,0.10871060000000002,1
17788,24,STAG1,0.16999999999999998,0.16685890000000003,1
17789,24,SBDS,-0.06,-0.021156599999999998,1
17790,24,KMT2D,1.0300000000000002,0.828404,1
17791,24,MED12,0.39,0.3285868,1
17792,24,BCLAF1,-0.09,0.01936660000000002,1
17793,24,ASPSCR1,-0.01999999999999999,-0.003008799999999999,1
17794,24,CDK12,0.53,0.428928,1
17795,24,EWSR1,0.11999999999999998,0.250084,1
17796,24,NDRG1,-0.06999999999999999,-0.0292116,1
17797,24,PSIP1,0.05,0.0754981,1
17798,24,TRIM33,0.13,0.11205690000000001,1
17799,24,MTOR,0.9100000000000005,0.7839917000000002,1
17800,24,ARHGAP35,0.14,0.1443951,1
17801,24,POT1,0.03,0.0262428,1
17802,24,EXT1,0.12,0.0970488,1
17803,24,IL6ST,0.34,0.2877151,1
17804,24,IDH2,-0.19,-0.033164500000000006,1
17805,24,SMARCE1,0.38,0.2550262,1
17806,24,CRTC3,0.09,0.0766332,1
17807,24,TSC1,0.33,0.31684179999999995,1
17808,24,BCOR,-0.18000000000000002,0.005629400000000003,1
17809,24,SDHA,0.24000000000000002,0.1851198,1
17810,24,EP300,2.49,2.108777400000001,1
17811,24,HNRNPA2B1,0.44,0.30894750000000004,1
17812,24,CLIP1,-0.09000000000000001,-0.05739380000000001,1
17813,24,PATZ1,-0.65,-0.153933,1
17814,24,FUBP1,-0.14,-0.021192700000000012,1
17815,24,HLA-A,-0.07,0.014022199999999988,1
17816,24,CCNC,-0.17,-0.06888849999999999,1
17817,24,RPN1,-0.18,-0.0733701,1
17818,24,TCF7L2,0.04999999999999999,0.11130630000000001,1
17819,24,CANT1,-0.03,0.00886759999999999,1
17820,24,RPL5,-0.55,-0.1725897,1
17821,24,CCDC6,0.12000000000000001,0.11808869999999998,1
17822,24,NCKIPSD,-0.049999999999999996,-0.012034699999999995,1
17823,24,SMARCD1,0.43,0.36902749999999995,1
17824,24,BCL10,0.04,0.07314319999999999,1
17825,24,MAX,0.08,0.1006596,1
17826,24,HERPUD1,-0.02,-0.005362400000000001,1
17827,24,RAC1,0.16999999999999998,0.20525159999999998,1
17828,24,FLNA,0.1,0.0868993,1
17829,24,TFE3,-0.68,-0.2542902,1
17830,24,NCOR2,0.7000000000000003,0.5851794,1
17831,24,PRPF40B,0.019999999999999997,0.012838299999999999,1
17832,24,BCL3,-0.10999999999999997,-0.013391099999999994,1
17833,24,TFPT,-0.39,-0.1129469,1
17834,24,MLH1,0.8900000000000003,0.7895743000000002,1
17835,24,ARHGAP5,0.09999999999999999,0.1072005,1
17836,24,CIC,0.01,0.0074283,1
17837,24,LYN,0.72,0.5678078000000001,1
17838,24,TCF12,0.35999999999999993,0.2974582,1
17839,24,KLF6,0.06999999999999999,0.0478692,1
17840,24,KMT2C,1.0100000000000002,0.8707669000000001,1
17841,24,PIM1,-0.09000000000000001,-0.0015915999999999986,1
17842,24,CCND1,1.4100000000000008,0.8733206,1
17843,24,MLLT1,-1.8200000000000003,-0.39400840000000015,1
17844,24,MEN1,-0.2,-0.059225200000000006,1
17845,24,CUL3,0.11,0.140768,1
17846,24,RB1,0.7100000000000002,0.5802537999999998,1
17847,24,LPP,-0.11000000000000001,-0.020858200000000004,1
17848,24,BUB1B,-0.15000000000000002,-0.04877319999999999,1
17849,24,SMAD4,1.620000000000001,1.3268167000000002,1
17850,24,FGFR1,0.33999999999999997,0.29177759999999997,1
17851,24,TMSB4X,0.03,0.0226677,1
17852,24,CDK4,0.9400000000000003,0.6470432999999999,1
17853,24,MSI2,0.01,0.007710700000000001,1
17854,24,MSH6,1.0300000000000005,0.9000188000000001,1
17855,24,BRAF,1.4500000000000008,1.2379268000000003,1
17856,24,TCEA1,-0.16,-0.03533080000000001,1
17857,24,TNFAIP3,0.14,0.12118340000000001,1
17858,24,RABEP1,0.0,0.0002415999999999946,1
17859,24,GMPS,-0.07999999999999999,-0.04559929999999999,1
17860,24,MDM2,1.0800000000000007,0.9011207,1
17861,24,NSD2,0.19999999999999998,0.1594161,1
17862,24,CASP8,-0.24000000000000005,0.04227779999999999,1
17863,24,PER1,-0.22000000000000003,-0.0668483,1
17864,24,UBR5,0.020000000000000004,0.04313240000000001,1
17865,24,EIF3E,0.04,0.0650404,1
17866,24,RFWD3,0.020000000000000004,0.02674070000000001,1
17867,24,BRD3,0.12000000000000001,0.0917445,1
17868,24,PAFAH1B2,0.03,0.0274359,1
17869,24,EXT2,0.009999999999999995,0.024001099999999997,1
17870,24,PLCG1,0.38999999999999996,0.3701871,1
17871,24,SF3B1,-0.68,-0.339068,1
17872,24,ARHGEF10L,0.03,0.0149637,1
17873,24,NFATC2,0.25,0.1840941,1
17874,24,SDHD,0.23,0.1815257,1
17875,24,PABPC1,-1.1700000000000002,-0.34017109999999995,1
17876,24,POLD1,-0.31000000000000005,-0.0782585,1
17877,24,CALR,-0.010000000000000014,0.05072550000000001,1
17878,24,PIK3CB,0.6300000000000001,0.5451249000000001,1
17879,24,PPM1D,0.29000000000000004,0.2302687,1
17880,24,ATRX,1.1100000000000005,0.9826081000000001,1
17881,24,DGCR8,0.19000000000000003,0.14741710000000002,1
17882,24,DDX10,0.16999999999999998,0.1365109,1
17883,24,DROSHA,0.5300000000000001,0.4255175000000001,1
17884,24,TNFRSF14,-0.18000000000000002,-0.0632671,1
17885,24,BCL9L,0.14,0.10765399999999999,1
17886,24,QKI,0.03,0.023028599999999996,1
17887,24,BAZ1A,0.0,0.0,1
17888,24,CHD4,0.4,0.35631759999999996,1
17889,24,NSD3,0.13,0.13037189999999999,1
17890,24,NT5C2,0.16,0.0943366,1
17891,24,CCNB1IP1,0.15000000000000002,0.0716896,1
17892,24,PCBP1,-1.1600000000000001,-0.31548979999999993,1
17893,24,RALGDS,-0.039999999999999994,0.042293700000000004,1
17894,24,ARHGEF12,-1.3877787807814457e-17,0.0357363,1
17895,24,HSP90AB1,1.1000000000000005,0.7636670999999997,1
17896,24,FOXO3,1.4100000000000008,1.0780230000000002,1
17897,24,HIP1,0.0,0.0010320999999999993,1
17898,24,CDC73,0.009999999999999995,0.04332190000000001,1
17899,24,NIN,-0.009999999999999998,-0.008286500000000002,1
17900,24,MDM4,0.07,0.1506583,1
17901,24,COL3A1,0.22,0.18206280000000002,1
17902,24,CTNND1,0.08000000000000002,0.14753090000000002,1
17903,24,SPOP,0.11000000000000001,0.10426680000000002,1
17904,24,TMEM127,0.04000000000000001,0.027808600000000003,1
17905,24,CREB3L2,0.15,0.09676390000000001,1
17906,24,MSH2,1.0200000000000005,0.9054821999999999,1
17907,24,FNBP1,-3.469446951953614e-18,0.0170137,1
17908,24,ATF1,0.13,0.08967190000000001,1
17909,24,EIF1AX,-0.5399999999999999,-0.2138235,1
17910,24,PMS1,0.53,0.42592630000000004,1
17911,24,DEK,0.21,0.1671184,1
17912,24,ERBB2,0.8300000000000003,0.5602076999999999,1
17913,24,AKT1,1.0400000000000003,0.6879987,1
17914,24,CHEK2,0.5200000000000001,0.5945800000000001,1
17915,24,SDHB,0.4,0.2816766,1
17916,24,NCOA1,0.36999999999999994,0.31996169999999996,1
17917,24,CHIC2,0.09,0.063786,1
17918,24,RUNX1,0.27,0.6799144000000001,1
17919,24,STAT6,0.43000000000000005,0.35732150000000007,1
17920,24,FH,-0.07999999999999999,-0.0070413,1
17921,24,AKT3,1.0500000000000005,0.7816147000000001,1
17922,24,GNAS,0.35999999999999993,0.27381950000000005,1
17923,24,CTNNB1,1.3300000000000007,0.9919593999999998,1
17924,24,NONO,0.39,0.3348464,1
17925,24,SMARCB1,1.0300000000000002,0.8328064999999999,1
17926,24,PRKAR1A,0.21999999999999997,0.21188450000000003,1
17927,24,ITGAV,-0.020000000000000004,0.0452965,1
17928,24,SS18,0.41000000000000003,0.2990313,1
17929,24,MAP2K1,1.0000000000000002,0.6166207999999999,1
17930,24,SIRPA,-0.09,-0.030146299999999997,1
17931,24,PPFIBP1,0.39999999999999997,0.29299529999999996,1
17932,24,RPL22,-0.13,0.09375619999999998,1
17933,24,CYLD,0.30000000000000004,0.2411935,1
17934,24,ARID1B,0.8300000000000001,0.6579629,1
17935,24,SETDB1,0.34,0.24969249999999998,1
17936,24,AFDN,-0.48,-0.14635689999999996,1
17937,24,ZRSR2,-0.09,-0.072169,1
17938,24,PBRM1,0.9900000000000004,0.7959407000000001,1
17939,24,XPC,0.53,0.3443235,1
17940,24,ASXL2,0.27,0.2045439,1
17941,24,TRIM24,-0.15,0.008971699999999987,1
17942,24,SFPQ,-0.5,-0.17431,1
17943,24,NCOA2,0.6000000000000001,0.5102331000000001,1
17944,24,FOXO4,0.41000000000000003,0.25645860000000004,1
17945,24,LEF1,0.26,0.2322824,1
17946,24,B2M,-0.33,-0.1524936,1
17947,24,DDIT3,-0.34,-0.11629870000000002,1
17948,24,BCL6,0.3900000000000001,0.3155761,1
17949,24,KRAS,-0.08000000000000014,0.16513029999999998,1
17950,24,FAT1,0.12000000000000001,0.0887028,1
17951,24,ABL2,0.05,0.052888,1
17952,24,NF1,1.3500000000000005,1.1273752,1
17953,24,BTG1,-0.05,-0.022055500000000002,1
17954,24,EIF4A2,0.06999999999999999,0.053178799999999984,1
17955,24,SET,0.18,0.14979810000000002,1
17956,24,EPS15,0.08,0.0708871,1
17957,24,RNF213,0.05,0.0437095,1
17958,24,CTCF,1.0800000000000005,0.7729940999999998,1
17959,24,WDCP,0.19,0.11400270000000001,1
17960,24,KAT7,0.15,0.1256817,1
17961,24,KDM5C,0.17,0.1655016,1
17962,24,TGFBR2,0.16999999999999996,0.16732660000000002,1
17963,24,ATM,1.320000000000001,1.2482530000000003,1
17964,24,NUMA1,-0.04999999999999999,-0.010914500000000004,1
17965,24,STAT3,0.8900000000000003,0.8464259000000001,1
17966,24,SUB1,-0.09,-0.0435392,1
17967,24,NUP98,0.2099999999999999,0.21559149999999994,1
17968,24,ELL,0.13999999999999999,0.06816720000000001,1
17969,24,MAP3K1,0.32000000000000006,0.27786260000000007,1
17970,24,MALT1,0.13999999999999999,0.1474281,1
17971,24,XPO1,0.6100000000000002,0.5055132999999999,1
17972,24,SETD1B,0.29000000000000004,0.24256690000000003,1
17973,24,ETV6,-0.09,-0.010331,1
17974,24,TBL1XR1,0.22,0.1598954,1
17975,24,NUP214,-0.04999999999999995,0.15632910000000003,1
17976,24,TPR,0.10999999999999997,0.1051962,1
17977,24,ATIC,0.08000000000000003,0.10879960000000002,1
17978,24,NACA,0.22,0.1367272,1
17979,24,MYO5A,0.01,0.0080806,1
17980,24,SMC1A,0.10999999999999999,0.3477939,1
17981,24,LASP1,-0.25,-0.12946929999999998,1
17982,24,ERCC5,0.45999999999999996,0.2961417,1
17983,24,JUN,-1.4000000000000004,-0.28800960000000003,1
17984,24,THRAP3,0.07,0.05407750000000001,1
17985,24,STAG2,0.15,0.23516489999999998,1
17986,24,RAF1,0.7300000000000003,0.5771451000000001,1
17987,24,ERCC3,0.62,0.515973,1
17988,24,SMAD2,0.39000000000000024,0.4797645,1
17989,24,TAF15,0.21000000000000002,0.1652921,1
17990,24,ARNT,0.30000000000000004,0.2665545,1
17991,24,CLTC,-0.6,-0.27984030000000004,1
17992,24,IKBKB,0.44000000000000017,0.4477232,1
17993,24,IDH1,-0.5399999999999999,-0.1704551,1
17994,24,SND1,6.938893903907228e-18,0.0172266,1
17995,24,KNSTRN,0.02,0.015672,1
17996,24,RHOA,-3.410000000000001,-0.7877964000000001,1
17997,24,PALB2,0.6600000000000001,0.5884358999999999,1
17998,24,ARID2,0.8500000000000001,0.6830328000000001,1
17999,24,EZR,-0.16,-0.0523944,1
18000,24,TP53,0.019999999999999955,0.3927079999999998,1
18001,24,ARAF,0.38000000000000006,0.21770520000000002,1
18002,24,KIF5B,0.56,0.4323032000000001,1
18003,24,KAT6A,0.13,0.18952519999999998,1
18004,24,KTN1,-0.10000000000000002,-0.013735300000000004,1
18005,24,GOLGA5,-0.06999999999999999,-0.046712500000000004,1
18006,24,KDM5A,0.32999999999999996,0.2991069,1
18007,24,RAD21,0.56,0.4762318,1
18008,24,GNAQ,0.33,0.2738036,1
18009,24,CAMTA1,0.07,0.052144100000000006,1
18010,24,ERCC2,0.65,0.5172627000000001,1
18011,24,EZH2,1.480000000000001,1.2176911999999998,1
18012,24,TOP1,0.23,0.19447829999999997,1
18013,24,SRSF3,-0.31999999999999995,-0.06939039999999999,1
18014,24,NPM1,-0.07999999999999995,0.0650181,1
18015,24,BAX,-0.7600000000000001,-0.17305389999999998,1
18016,24,NOTCH2,0.29000000000000004,0.24584379999999997,1
18017,24,TRAF7,0.01,0.006814400000000001,1
18018,24,KDM6A,1.0000000000000002,0.9685172,1
18019,24,SPEN,0.15000000000000002,0.1210658,1
18020,24,TRIM27,-0.61,-0.18713960000000002,1
18021,24,CRTC1,0.16,0.1272715,1
18022,24,EML4,0.3700000000000001,0.3660195,1
18023,24,USP9X,0.009999999999999998,0.007770999999999997,1
18024,24,PTPRK,-0.01,-0.0060269,1
18025,24,CD74,-0.13,-0.011865800000000003,1
18026,24,CBL,0.6000000000000001,0.5186423,1
18027,24,ZNF384,0.01,0.009544,1
18028,24,NOTCH1,1.0700000000000005,0.7859504,1
18029,24,COX6C,-0.17,-0.049858500000000014,1
18030,24,CHCHD7,0.03,0.0198498,1
18031,24,HMGA1,-0.06,-0.025754400000000004,1
18032,24,PTEN,1.0100000000000007,1.0423489999999997,1
18033,24,FIP1L1,-0.05,-0.014373500000000004,1
18034,24,JAK1,0.8900000000000003,0.7398418999999999,1
18035,24,ZMYM2,0.01,0.009386300000000002,1
18036,24,SUZ12,0.7400000000000002,0.6438031000000001,1
18037,24,FUS,-0.9800000000000001,-0.19083649999999996,1
18038,24,BAP1,-0.53,-0.20754830000000002,1
18039,24,ZCCHC8,-0.06,-0.02016,1
18040,24,CRNKL1,0.03,0.024454999999999998,1
18041,24,RAD17,0.19,0.14541490000000004,1
18042,24,ATP1A1,0.01,0.006286599999999999,1
18043,24,DNMT3A,0.9900000000000004,0.8393094000000001,1
18044,24,FBXW7,1.0700000000000005,0.9010169999999998,1
18045,24,WWTR1,-0.07999999999999999,-0.026907200000000003,1
18046,24,CDKN1B,0.39999999999999997,0.2896547,1
18047,24,KMT2A,0.26,0.3053370000000001,1
18048,24,PTPN11,1.1300000000000006,0.9430584000000001,1
18049,24,STAT5B,0.8800000000000003,0.7091374000000001,1
18050,24,CUX1,-0.07,-0.048060099999999994,1
18051,24,ABI1,-0.22,-0.055345700000000005,1
18052,24,BRCA1,1.5400000000000011,1.3310722999999995,1
18053,24,SH2B3,0.08,0.047932,1
18054,24,AFF4,-0.39,-0.21888130000000006,1
18055,24,NF2,0.12,0.12856959999999998,1
18056,24,LMNA,0.05,0.0451311,1
18057,24,TSC2,0.8600000000000003,0.6991459999999999,1
18058,24,GOLPH3,-0.02,-0.016547800000000005,1
18059,24,PCM1,-0.05,-0.041390100000000006,1
18060,24,PPP2R1A,-0.31000000000000005,-0.08960600000000003,1
18061,24,ARID1A,1.9900000000000013,1.6100406000000003,1
18062,24,ABL1,-0.02000000000000003,0.10238840000000003,1
18063,24,AFF1,0.0,0.022528500000000003,1
18064,24,DAXX,-0.6100000000000001,-0.17668480000000003,1
18065,24,CBFB,0.08,0.13903849999999998,1
18066,24,CBLB,0.17,0.147553,1
18067,24,POLR2A,-0.5399999999999999,-0.01233059999999999,1
18068,24,PRKACA,0.10000000000000003,0.21383489999999994,1
18069,24,DNM2,-0.11000000000000001,-0.0531359,1
18070,24,RAP1GDS1,0.01999999999999999,0.05447070000000002,1
18071,24,NCOR1,0.9700000000000002,0.9396652999999998,1
18072,24,NFKBIE,-0.39,-0.1240058,1
18073,24,DDX3X,0.29000000000000004,0.2677655,1
18074,24,ELK4,0.03,0.0257142,1
18075,24,MLLT6,0.029999999999999995,0.032139100000000004,1
18076,24,SRSF2,-3.5700000000000003,-0.7762009,1
18077,24,CTNNA1,0.16000000000000003,0.12801860000000004,1
18078,24,RBM10,0.09000000000000001,0.07168939999999999,1
18079,24,PTPRC,0.03,0.1150658,1
18080,24,HSP90AA1,0.9900000000000002,0.7049505999999995,1
18081,24,NSD1,0.22,0.1727266,0
18082,24,DICER1,0.18999999999999997,0.18406960000000003,0
18083,24,BIRC6,0.04999999999999999,0.0388985,0
18084,24,SDHC,0.2700000000000001,0.17020760000000001,0
18085,24,TFG,0.35000000000000003,0.1920086,0
18086,24,MAP2K2,0.28,0.196793,0
18087,24,TFRC,-0.26,-0.1275156,0
18088,24,CREB1,0.7100000000000004,0.5242422000000001,0
18089,24,POLG,0.02,0.0084574,0
18090,24,SETD2,0.6700000000000002,0.5438903,0
18091,24,NAB2,-0.29,-0.1046156,0
18092,24,HIF1A,1.590000000000001,1.0814603999999999,0
18093,24,FLCN,0.03,0.028259700000000006,0
18094,24,MAP2K4,-0.01999999999999999,0.0666956,0
18095,24,CNOT3,-0.049999999999999996,-0.017203500000000004,0
18096,24,CIITA,0.11,0.0733723,0
18097,24,LSM14A,0.08,0.06915289999999999,0
18098,24,AKAP9,-0.09,-0.0244318,0
18099,24,MSN,-0.2,-0.0268317,0
18100,24,BCR,-0.009999999999999997,0.006128299999999994,0
18101,24,TRRAP,0.01,0.0988172,0
18102,24,PPP6C,-0.19,-0.09208630000000001,0
18103,24,NCOA4,-0.19999999999999998,-0.1111921,0
18104,24,BCL9,0.13,0.0983366,0
18105,24,PRCC,3.469446951953614e-18,0.005726700000000001,0
18106,24,LARP4B,0.0,0.0,0
18107,24,CHD2,0.01,0.0070486,0
18108,24,ASXL1,0.6400000000000001,0.5143399,0
18109,24,SMARCA4,1.3100000000000007,0.9584125000000001,0
18110,24,ERC1,-0.03,-0.0213858,0
18111,24,DCTN1,-0.3699999999999999,-0.1787404,0
18112,24,PIK3R1,1.3400000000000007,0.9131565,0
18113,24,EED,0.07,0.074329,0
18114,24,CNBP,0.0,0.0,0
18115,24,SGK1,0.3,0.1787606,0
18116,24,MLLT10,-0.07999999999999999,-0.022524699999999998,0
18117,24,BRD4,0.8800000000000003,0.6314792000000001,0
18118,24,RANBP2,0.11000000000000001,0.15415600000000002,0
18119,24,FBXO11,0.02,0.017126600000000002,0
18120,24,PML,0.29,0.2227981,0
18121,24,AKT2,1.0400000000000003,0.6707092999999997,0
18122,24,CEP89,0.08,0.0500645,0
18123,24,LZTR1,0.06000000000000001,0.06714600000000001,0
18124,24,YWHAE,0.27,0.1765824,0
18125,24,DNAJB1,-0.009999999999999995,0.010716199999999999,0
18126,24,PRDM2,0.03,0.024929599999999996,0
18127,24,TPM4,0.45,0.2897205,0
18128,24,CREBBP,1.8000000000000012,1.3861993,0
18129,24,PMS2,0.8000000000000003,0.6430334,0
18130,24,DDR2,0.01,0.005207800000000003,0
18131,24,FANCA,0.31999999999999995,0.25722320000000004,0
18132,24,PDE4DIP,0.04,0.025314800000000002,0
18133,24,USP8,-0.08,-0.0402506,0
18134,24,MYH9,-0.19999999999999998,-0.022374800000000014,0
18135,24,MYC,-0.8900000000000003,-0.3188757000000001,0
18136,24,NBN,0.48,0.349424,0
18137,24,CCND3,-0.06000000000000002,0.0026634000000000093,0
18138,24,TRIP11,-0.15000000000000002,-0.0991138,0
18139,24,CNTRL,-0.08,-0.052642999999999995,0
18140,24,PIK3CA,1.4200000000000008,0.9955184,0
18141,24,DDX5,0.2899999999999999,0.22889920000000008,0
18142,24,PICALM,-0.02,-0.012208199999999999,0
18143,24,RARA,0.5700000000000002,0.383328,0
18144,24,DDX6,-0.00999999999999999,0.05750869999999998,0
18145,24,COL1A1,0.05,0.0844208,0
18146,24,VHL,0.14,0.0979086,0
18147,24,MAPK1,1.4100000000000008,0.8837103,0
18148,24,SRC,-0.05000000000000007,0.1689596,0
18149,24,NFE2L2,0.15999999999999998,0.1073474,0
18150,24,MITF,-0.27,-0.0636189,0
18151,24,SMAD3,1.1600000000000008,0.8359197,0
18152,24,RBM15,0.07,0.05558439999999999,0
18153,24,ATR,0.6200000000000001,0.4987573,0
18154,24,EPAS1,0.34,0.29605689999999996,0
18155,24,TPM3,0.22999999999999998,0.15668300000000002,0
18156,24,RPL10,0.09,0.09898549999999999,0
18157,24,STAG1,0.09999999999999999,0.0981335,0
18158,24,SBDS,-0.07,-0.0235601,0
18159,24,KMT2D,0.8800000000000003,0.6234342,0
18160,24,MED12,0.25999999999999995,0.200898,0
18161,24,BCLAF1,-0.039999999999999994,0.009972500000000013,0
18162,24,ASPSCR1,0.009999999999999995,0.013807200000000006,0
18163,24,CDK12,0.22000000000000003,0.15901890000000002,0
18164,24,EWSR1,0.38,0.3061116000000001,0
18165,24,NDRG1,-0.04000000000000001,-0.014345300000000002,0
18166,24,PSIP1,-0.17,-0.0809836,0
18167,24,TRIM33,0.009999999999999997,0.017053899999999997,0
18168,24,MTOR,1.3000000000000007,0.8995017000000001,0
18169,24,ARHGAP35,0.15000000000000002,0.1421858,0
18170,24,POT1,-0.060000000000000005,-0.017398000000000004,0
18171,24,EXT1,0.1,0.06097,0
18172,24,IL6ST,0.28,0.2085933,0
18173,24,IDH2,0.12000000000000002,0.13354529999999998,0
18174,24,SMARCE1,0.44,0.2751108,0
18175,24,CRTC3,0.08,0.0567346,0
18176,24,TSC1,0.33,0.2636162,0
18177,24,BCOR,-0.12,-0.0146378,0
18178,24,SDHA,0.25000000000000006,0.1583014,0
18179,24,EP300,1.5200000000000014,1.1350407,0
18180,24,HNRNPA2B1,0.26,0.22826920000000006,0
18181,24,CLIP1,-0.12000000000000001,-0.0670285,0
18182,24,PATZ1,-0.37,-0.1132267,0
18183,24,FUBP1,-0.08000000000000002,-0.0011782999999999984,0
18184,24,HLA-A,-0.13,0.019205599999999982,0
18185,24,CCNC,-0.09,-0.030599499999999995,0
18186,24,RPN1,-0.38,-0.0813636,0
18187,24,TCF7L2,-2.2551405187698492e-17,0.05152309999999999,0
18188,24,CANT1,0.11000000000000001,0.0572941,0
18189,24,RPL5,-0.69,-0.1679625,0
18190,24,CCDC6,-0.03,0.0331038,0
18191,24,NCKIPSD,0.019999999999999997,0.011530899999999997,0
18192,24,SMARCD1,0.4699999999999999,0.31527520000000003,0
18193,24,BCL10,0.0,0.0332254,0
18194,24,MAX,-0.05,-0.019132700000000002,0
18195,24,HERPUD1,0.02,0.0091392,0
18196,24,RAC1,-0.08000000000000002,0.0537433,0
18197,24,FLNA,0.049999999999999996,0.07869289999999998,0
18198,24,TFE3,-0.39,-0.1727471,0
18199,24,NCOR2,0.6800000000000002,0.49579290000000004,0
18200,24,PRPF40B,-0.04,-0.0239937,0
18201,24,BCL3,-0.05,-0.008697300000000008,0
18202,24,TFPT,-0.21,-0.07642879999999999,0
18203,24,MLH1,0.9100000000000001,0.6989711999999999,0
18204,24,ARHGAP5,0.11,0.09554479999999999,0
18205,24,CIC,0.0,0.0,0
18206,24,LYN,0.8200000000000003,0.562349,0
18207,24,TCF12,0.24000000000000002,0.1771799,0
18208,24,KLF6,0.05,0.0281224,0
18209,24,KMT2C,1.0600000000000005,0.7772565000000002,0
18210,24,PIM1,-0.16,-0.056203700000000016,0
18211,24,CCND1,1.680000000000001,1.0340592,0
18212,24,MLLT1,-0.6500000000000001,-0.20956679999999994,0
18213,24,MEN1,-0.06999999999999999,-0.004202199999999997,0
18214,24,CUL3,0.12000000000000002,0.11015599999999999,0
18215,24,RB1,0.6700000000000002,0.49667079999999997,0
18216,24,LPP,-0.05,-0.020308600000000003,0
18217,24,BUB1B,-0.15,-0.07445300000000003,0
18218,24,SMAD4,1.4000000000000008,0.9866414000000002,0
18219,24,FGFR1,0.18999999999999997,0.1294457,0
18220,24,TMSB4X,0.04,0.03132,0
18221,24,CDK4,0.55,0.4032525999999999,0
18222,24,MSI2,0.01,0.006896600000000001,0
18223,24,MSH6,0.8600000000000003,0.6306001999999999,0
18224,24,BRAF,1.0900000000000005,0.8923932000000001,0
18225,24,TCEA1,-0.11000000000000001,-0.025618500000000002,0
18226,24,TNFAIP3,0.11,0.1120806,0
18227,24,RABEP1,-0.009999999999999998,-0.008309200000000003,0
18228,24,GMPS,-0.08,-0.049461400000000016,0
18229,24,MDM2,1.3400000000000007,0.924289,0
18230,24,NSD2,0.18,0.12072119999999999,0
18231,24,CASP8,0.09999999999999999,0.1945407,0
18232,24,PER1,-0.24000000000000002,-0.04009900000000001,0
18233,24,UBR5,-0.08999999999999998,-0.04126540000000001,0
18234,24,EIF3E,-0.07000000000000002,0.058627200000000004,0
18235,24,RFWD3,0.03,0.0276963,0
18236,24,BRD3,0.07,0.0708263,0
18237,24,PAFAH1B2,0.03,0.024516899999999998,0
18238,24,EXT2,0.0,0.0019480000000000053,0
18239,24,PLCG1,0.52,0.3489688999999999,0
18240,24,SF3B1,-0.26,-0.12198319999999999,0
18241,24,ARHGEF10L,0.02,0.011457599999999998,0
18242,24,NFATC2,0.17,0.11676860000000001,0
18243,24,SDHD,0.21000000000000005,0.12131520000000003,0
18244,24,PABPC1,-0.9200000000000002,-0.22285699999999997,0
18245,24,POLD1,-0.09999999999999998,-0.004732999999999991,0
18246,24,CALR,6.938893903907228e-18,0.01725410000000001,0
18247,24,PIK3CB,0.6100000000000001,0.44662029999999997,0
18248,24,PPM1D,0.16,0.1233313,0
18249,24,ATRX,0.8900000000000005,0.6702595000000001,0
18250,24,DGCR8,0.13,0.07977970000000001,0
18251,24,DDX10,0.12,0.0750673,0
18252,24,DROSHA,0.35,0.24402029999999997,0
18253,24,TNFRSF14,-0.11,-0.0414876,0
18254,24,BCL9L,0.13,0.0893836,0
18255,24,QKI,-0.11,-0.065412,0
18256,24,BAZ1A,0.01,0.0068827,0
18257,24,CHD4,0.09999999999999996,0.10043320000000004,0
18258,24,NSD3,0.039999999999999994,0.03823689999999999,0
18259,24,NT5C2,0.16,0.0863993,0
18260,24,CCNB1IP1,0.1,0.0433766,0
18261,24,PCBP1,-0.5800000000000001,-0.19994340000000005,0
18262,24,RALGDS,0.15999999999999998,0.1093307,0
18263,24,ARHGEF12,-0.02,-0.0029380000000000014,0
18264,24,HSP90AB1,0.9300000000000002,0.6397301999999999,0
18265,24,FOXO3,1.2000000000000006,0.8095081000000001,0
18266,24,HIP1,-0.03,-0.0188738,0
18267,24,CDC73,-0.08000000000000002,-0.004050800000000009,0
18268,24,NIN,0.019999999999999997,0.01426139999999999,0
18269,24,MDM4,0.17000000000000004,0.17137520000000003,0
18270,24,COL3A1,0.14,0.12620320000000002,0
18271,24,CTNND1,0.17000000000000004,0.1453497,0
18272,24,SPOP,-0.09,-0.0331405,0
18273,24,TMEM127,0.07,0.059970499999999996,0
18274,24,CREB3L2,0.060000000000000005,0.0370957,0
18275,24,MSH2,0.8800000000000003,0.6250344,0
18276,24,FNBP1,-0.009999999999999998,-0.0021133000000000002,0
18277,24,ATF1,-0.039999999999999994,-0.016729499999999994,0
18278,24,EIF1AX,-0.44999999999999996,-0.2166187,0
18279,24,PMS1,0.58,0.42229320000000004,0
18280,24,DEK,0.08,0.08296830000000001,0
18281,24,ERBB2,1.0500000000000005,0.6575979,0
18282,24,AKT1,1.1100000000000005,0.6916139000000001,0
18283,24,CHEK2,0.26,0.3505913999999999,0
18284,24,SDHB,0.38999999999999996,0.24677549999999998,0
18285,24,NCOA1,0.42000000000000004,0.2861762,0
18286,24,CHIC2,0.05,0.027310200000000003,0
18287,24,RUNX1,0.5200000000000002,0.6251218000000003,0
18288,24,STAT6,0.30000000000000004,0.20168950000000002,0
18289,24,FH,-0.22999999999999998,-0.0881812,0
18290,24,AKT3,1.0200000000000002,0.6726183000000001,0
18291,24,GNAS,0.19999999999999998,0.1219195,0
18292,24,CTNNB1,1.540000000000001,1.0359277000000002,0
18293,24,NONO,0.049999999999999996,0.038788899999999994,0
18294,24,SMARCB1,0.8100000000000003,0.5762265,0
18295,24,PRKAR1A,0.08000000000000002,0.0815469,0
18296,24,ITGAV,0.039999999999999994,0.035891299999999994,0
18297,24,SS18,0.37,0.22700979999999998,0
18298,24,MAP2K1,1.0700000000000005,0.6743200999999999,0
18299,24,SIRPA,-0.02,-0.0107217,0
18300,24,PPFIBP1,0.37,0.2475687,0
18301,24,RPL22,-0.20999999999999996,0.0647751,0
18302,24,CYLD,0.29000000000000004,0.2259493,0
18303,24,ARID1B,0.5899999999999999,0.423515,0
18304,24,SETDB1,0.29000000000000004,0.21003070000000001,0
18305,24,AFDN,-0.36,-0.1489181,0
18306,24,ZRSR2,0.26,0.18232899999999996,0
18307,24,PBRM1,0.9000000000000004,0.6293827999999999,0
18308,24,XPC,0.6100000000000001,0.40743,0
18309,24,ASXL2,0.22000000000000003,0.1406318,0
18310,24,TRIM24,-0.22,-0.0978624,0
18311,24,SFPQ,-0.05000000000000002,0.03367849999999999,0
18312,24,NCOA2,0.52,0.35852559999999994,0
18313,24,FOXO4,0.45000000000000007,0.2889910000000001,0
18314,24,LEF1,-0.03,0.021952899999999984,0
18315,24,B2M,-0.5100000000000001,-0.19168059999999998,0
18316,24,DDIT3,-0.27,-0.07815570000000001,0
18317,24,BCL6,0.5200000000000001,0.36303720000000006,0
18318,24,KRAS,-0.7999999999999998,-0.16712689999999994,0
18319,24,FAT1,0.06,0.048123799999999994,0
18320,24,ABL2,0.060000000000000005,0.046736799999999995,0
18321,24,NF1,0.6500000000000002,0.5259162,0
18322,24,BTG1,-0.01,-0.0058377,0
18323,24,EIF4A2,0.11,0.0972847,0
18324,24,SET,0.16,0.138743,0
18325,24,EPS15,-0.010000000000000002,0.0010496000000000047,0
18326,24,RNF213,0.019999999999999997,0.017391399999999998,0
18327,24,CTCF,0.8400000000000001,0.5978828000000002,0
18328,24,WDCP,0.15999999999999998,0.10310799999999998,0
18329,24,KAT7,0.08999999999999998,0.0711424,0
18330,24,KDM5C,0.17,0.1454846,0
18331,24,TGFBR2,0.18000000000000002,0.14156530000000003,0
18332,24,ATM,1.4200000000000008,1.0461356,0
18333,24,NUMA1,-0.05999999999999999,-0.017716999999999993,0
18334,24,STAT3,1.650000000000001,1.2079896999999997,0
18335,24,SUB1,-0.25,-0.09525860000000001,0
18336,24,NUP98,-0.009999999999999995,0.032833500000000015,0
18337,24,ELL,-0.040000000000000015,0.0025910000000000048,0
18338,24,MAP3K1,0.44000000000000006,0.325035,0
18339,24,MALT1,0.19,0.16027600000000003,0
18340,24,XPO1,0.27,0.22624490000000003,0
18341,24,SETD1B,0.13999999999999999,0.09881980000000001,0
18342,24,ETV6,-0.16,-0.05625790000000001,0
18343,24,TBL1XR1,0.19000000000000003,0.1230975,0
18344,24,NUP214,-0.029999999999999992,0.05739870000000001,0
18345,24,TPR,0.1,0.08831159999999999,0
18346,24,ATIC,0.01000000000000001,0.015186099999999989,0
18347,24,NACA,0.24,0.1702889,0
18348,24,MYO5A,-0.009999999999999998,-0.004399,0
18349,24,SMC1A,0.56,0.4416128000000001,0
18350,24,LASP1,-0.2,-0.12051850000000001,0
18351,24,ERCC5,0.41999999999999993,0.27233380000000007,0
18352,24,JUN,0.41000000000000014,0.3713281,0
18353,24,THRAP3,0.06,0.05195729999999999,0
18354,24,STAG2,0.49,0.35162609999999994,0
18355,24,RAF1,1.1700000000000006,0.7992548999999999,0
18356,24,ERCC3,0.56,0.437064,0
18357,24,SMAD2,0.6200000000000003,0.4903271000000002,0
18358,24,TAF15,0.18000000000000002,0.1440581,0
18359,24,ARNT,0.27,0.21443080000000003,0
18360,24,CLTC,-0.5900000000000001,-0.3298438999999999,0
18361,24,IKBKB,0.5300000000000002,0.4026478,0
18362,24,IDH1,-0.43,-0.0966085,0
18363,24,SND1,-0.02,-0.010389200000000003,0
18364,24,KNSTRN,0.03,0.0243234,0
18365,24,RHOA,-0.9800000000000001,-0.2583103,0
18366,24,PALB2,0.6100000000000001,0.4943959,0
18367,24,ARID2,0.74,0.5434299,0
18368,24,EZR,-0.04999999999999999,0.020190999999999973,0
18369,24,TP53,-1.4000000000000001,-0.39780470000000007,0
18370,24,ARAF,0.38,0.21498930000000002,0
18371,24,KIF5B,0.4,0.28652160000000004,0
18372,24,KAT6A,0.22000000000000003,0.18151180000000003,0
18373,24,KTN1,-0.08,-0.0298468,0
18374,24,GOLGA5,-0.13,-0.084848,0
18375,24,KDM5A,0.22999999999999998,0.19829580000000002,0
18376,24,RAD21,0.38,0.2791749,0
18377,24,GNAQ,0.07,0.05643009999999999,0
18378,24,CAMTA1,0.0,0.0004621,0
18379,24,ERCC2,0.6200000000000001,0.42304070000000005,0
18380,24,EZH2,1.8000000000000012,1.1597200999999995,0
18381,24,TOP1,0.13999999999999996,0.1134853,0
18382,24,SRSF3,-0.06999999999999999,-0.006610400000000006,0
18383,24,NPM1,-0.24000000000000002,0.0320123,0
18384,24,BAX,-0.38,-0.1323996,0
18385,24,NOTCH2,0.26,0.19740490000000002,0
18386,24,TRAF7,0.03,0.0223605,0
18387,24,KDM6A,0.8400000000000003,0.6592956000000002,0
18388,24,SPEN,0.09,0.0688928,0
18389,24,TRIM27,-0.36,-0.13347589999999998,0
18390,24,CRTC1,0.13,0.1042064,0
18391,24,EML4,0.18999999999999997,0.1592029,0
18392,24,USP9X,-0.10999999999999999,-0.06498,0
18393,24,PTPRK,0.01,0.0068739,0
18394,24,CD74,-0.18,-0.021605000000000017,0
18395,24,CBL,0.5900000000000001,0.41886510000000005,0
18396,24,ZNF384,-0.11,-0.05438000000000001,0
18397,24,NOTCH1,1.0100000000000005,0.7231681000000002,0
18398,24,COX6C,-0.11000000000000001,-0.05329130000000001,0
18399,24,CHCHD7,0.03,0.021135,0
18400,24,HMGA1,-0.14,-0.064193,0
18401,24,PTEN,1.4900000000000009,1.1048297000000002,0
18402,24,FIP1L1,-0.019999999999999997,-0.013116399999999997,0
18403,24,JAK1,0.7500000000000002,0.5717244,0
18404,24,ZMYM2,-0.11,-0.07506550000000001,0
18405,24,SUZ12,0.7500000000000002,0.5263808,0
18406,24,FUS,0.049999999999999954,0.1714423,0
18407,24,BAP1,0.060000000000000005,0.06772560000000001,0
18408,24,ZCCHC8,-0.07,-0.020857900000000002,0
18409,24,CRNKL1,-0.06,-0.0325392,0
18410,24,RAD17,0.1,0.072987,0
18411,24,ATP1A1,0.009999999999999998,0.006544799999999998,0
18412,24,DNMT3A,0.9000000000000005,0.6402289999999998,0
18413,24,FBXW7,1.0000000000000002,0.7213005000000002,0
18414,24,WWTR1,-0.11,-0.058285300000000005,0
18415,24,CDKN1B,0.52,0.3388507,0
18416,24,KMT2A,0.3400000000000001,0.2792538,0
18417,24,PTPN11,0.9600000000000004,0.6671744000000002,0
18418,24,STAT5B,0.7100000000000002,0.5155057999999999,0
18419,24,CUX1,-0.14,-0.08842429999999998,0
18420,24,ABI1,-0.42000000000000004,-0.14467610000000003,0
18421,24,BRCA1,1.670000000000001,1.2712711000000005,0
18422,24,SH2B3,0.03,0.025622700000000005,0
18423,24,AFF4,0.17,0.11797060000000001,0
18424,24,NF2,0.009999999999999992,0.0666941,0
18425,24,LMNA,-0.009999999999999997,0.02532750000000001,0
18426,24,TSC2,0.6400000000000003,0.48042870000000004,0
18427,24,GOLPH3,-0.11,-0.06583019999999999,0
18428,24,PCM1,-0.07,-0.043802400000000005,0
18429,24,PPP2R1A,-0.56,-0.19186120000000004,0
18430,24,ARID1A,1.7200000000000009,1.1938562,0
18431,24,ABL1,0.07999999999999995,0.1453406,0
18432,24,AFF1,0.24000000000000005,0.17764890000000005,0
18433,24,DAXX,-0.08000000000000002,0.004000799999999991,0
18434,24,CBFB,0.12000000000000001,0.090836,0
18435,24,CBLB,0.12000000000000001,0.08986450000000001,0
18436,24,POLR2A,-0.05,0.11154529999999999,0
18437,24,PRKACA,0.19999999999999998,0.1748337,0
18438,24,DNM2,-0.11,-0.056964999999999995,0
18439,24,RAP1GDS1,-0.030000000000000006,-0.0137989,0
18440,24,NCOR1,0.8800000000000003,0.7039814999999999,0
18441,24,NFKBIE,-0.23000000000000004,-0.0872235,0
18442,24,DDX3X,0.08,0.08744239999999999,0
18443,24,ELK4,0.02,0.0141028,0
18444,24,MLLT6,0.11,0.0844818,0
18445,24,SRSF2,-0.9699999999999999,-0.2700762,0
18446,24,CTNNA1,0.05,0.042165600000000004,0
18447,24,RBM10,0.2,0.1443364,0
18448,24,PTPRC,0.08000000000000002,0.10083179999999999,0
18449,24,HSP90AA1,0.9000000000000004,0.5939225999999997,0
18450,25,NSD1,0.29,0.25459460000000006,1
18451,25,DICER1,0.18000000000000005,0.23106840000000006,1
18452,25,BIRC6,0.13,0.11475389999999998,1
18453,25,SDHC,0.36000000000000004,0.2782919,1
18454,25,TFG,0.25,0.1625568,1
18455,25,MAP2K2,0.32999999999999996,0.21914949999999997,1
18456,25,TFRC,-0.23999999999999996,-0.06479220000000001,1
18457,25,CREB1,0.8900000000000006,0.7548667000000002,1
18458,25,POLG,0.0,0.0,1
18459,25,SETD2,0.5900000000000003,0.5397589,1
18460,25,NAB2,-0.44999999999999996,-0.13696049999999999,1
18461,25,HIF1A,1.6200000000000008,1.2048488000000002,1
18462,25,FLCN,-0.1,0.004531500000000008,1
18463,25,MAP2K4,-0.09000000000000001,0.0292503,1
18464,25,CNOT3,0.04000000000000001,0.0369526,1
18465,25,CIITA,0.09,0.05691339999999999,1
18466,25,LSM14A,0.14,0.11117279999999999,1
18467,25,AKAP9,-0.05,0.006379900000000008,1
18468,25,MSN,-0.16,-0.033456900000000005,1
18469,25,BCR,-0.03,0.020148600000000003,1
18470,25,TRRAP,0.07999999999999999,0.19728,1
18471,25,PPP6C,-0.17,-0.07015750000000001,1
18472,25,NCOA4,-0.09000000000000002,-0.033005700000000006,1
18473,25,BCL9,0.2,0.1635022,1
18474,25,PRCC,0.13,0.10139069999999999,1
18475,25,LARP4B,0.03,0.0213606,1
18476,25,CHD2,0.02,0.0174622,1
18477,25,ASXL1,0.4900000000000002,0.45924719999999997,1
18478,25,SMARCA4,1.9800000000000013,1.5246842999999997,1
18479,25,ERC1,-0.03,-0.0216084,1
18480,25,DCTN1,-0.03,0.015505399999999985,1
18481,25,PIK3R1,1.2300000000000006,0.9886381000000001,1
18482,25,EED,0.25,0.1623003,1
18483,25,CNBP,0.02,0.0118386,1
18484,25,SGK1,0.47,0.316877,1
18485,25,MLLT10,-0.04,0.0026460000000000043,1
18486,25,BRD4,1.0200000000000005,0.8659168000000002,1
18487,25,RANBP2,0.23999999999999996,0.2526991,1
18488,25,FBXO11,0.04,0.035336000000000006,1
18489,25,PML,0.31999999999999995,0.21767119999999998,1
18490,25,AKT2,1.1,0.7756161000000003,1
18491,25,CEP89,0.06,0.0370002,1
18492,25,LZTR1,0.09,0.1083441,1
18493,25,YWHAE,0.27,0.1715422,1
18494,25,DNAJB1,-0.020000000000000004,-0.0032398000000000045,1
18495,25,PRDM2,0.06,0.0480236,1
18496,25,TPM4,0.5,0.33668709999999996,1
18497,25,CREBBP,1.9600000000000013,1.5653595000000005,1
18498,25,PMS2,0.8800000000000003,0.7308551,1
18499,25,DDR2,0.010000000000000002,0.005495799999999999,1
18500,25,FANCA,0.4,0.33978269999999994,1
18501,25,PDE4DIP,0.07,0.05241950000000001,1
18502,25,USP8,-0.060000000000000005,-0.0285947,1
18503,25,MYH9,-0.41,-0.12072150000000001,1
18504,25,MYC,-1.3400000000000003,-0.2353078,1
18505,25,NBN,0.6000000000000001,0.4783026000000001,1
18506,25,CCND3,-6.938893903907228e-18,0.033779300000000005,1
18507,25,TRIP11,-0.09000000000000001,-0.0625803,1
18508,25,CNTRL,-0.07,-0.05371849999999999,1
18509,25,PIK3CA,1.0600000000000007,0.9391663000000003,1
18510,25,DDX5,0.45000000000000007,0.37364670000000005,1
18511,25,PICALM,-0.009999999999999998,-0.0008968999999999956,1
18512,25,RARA,-0.010000000000000026,0.08715139999999999,1
18513,25,DDX6,-0.040000000000000015,0.09606980000000001,1
18514,25,COL1A1,0.14,0.13010619999999998,1
18515,25,VHL,0.25999999999999995,0.18420609999999998,1
18516,25,MAPK1,1.4300000000000008,1.0052540999999995,1
18517,25,SRC,0.7400000000000004,0.5427122999999999,1
18518,25,NFE2L2,0.3100000000000001,0.23402600000000004,1
18519,25,MITF,-0.25999999999999995,-0.0756979,1
18520,25,SMAD3,1.1700000000000008,1.0985254000000002,1
18521,25,RBM15,0.08,0.06527000000000001,1
18522,25,ATR,0.7300000000000002,0.6070598999999999,1
18523,25,EPAS1,0.33999999999999997,0.338679,1
18524,25,TPM3,0.18000000000000002,0.1338095,1
18525,25,RPL10,0.09999999999999999,0.1254274,1
18526,25,STAG1,0.12,0.14003749999999998,1
18527,25,SBDS,-0.06,-0.0206142,1
18528,25,KMT2D,1.0600000000000005,0.8675907999999999,1
18529,25,MED12,0.33,0.27694099999999994,1
18530,25,BCLAF1,-0.04,0.0281905,1
18531,25,ASPSCR1,0.039999999999999994,0.031029699999999993,1
18532,25,CDK12,0.5,0.39946480000000006,1
18533,25,EWSR1,0.24000000000000005,0.29476739999999996,1
18534,25,NDRG1,-0.07,-0.023059600000000003,1
18535,25,PSIP1,0.05,0.0557199,1
18536,25,TRIM33,0.09,0.08153459999999998,1
18537,25,MTOR,1.1400000000000003,0.9170050000000005,1
18538,25,ARHGAP35,0.19999999999999998,0.16676980000000002,1
18539,25,POT1,0.02,0.0170635,1
18540,25,EXT1,0.11,0.0762267,1
18541,25,IL6ST,0.34,0.27866440000000003,1
18542,25,IDH2,-0.2800000000000001,-0.06598670000000004,1
18543,25,SMARCE1,0.48000000000000004,0.3322712,1
18544,25,CRTC3,0.09,0.0712506,1
18545,25,TSC1,0.28,0.2914557,1
18546,25,BCOR,-0.07,0.012489599999999993,1
18547,25,SDHA,0.23,0.1763157,1
18548,25,EP300,2.300000000000001,1.9143834999999998,1
18549,25,HNRNPA2B1,0.56,0.3981974000000001,1
18550,25,CLIP1,-0.13,-0.07256130000000001,1
18551,25,PATZ1,-0.36000000000000004,-0.11451480000000001,1
18552,25,FUBP1,-0.09,0.020377300000000004,1
18553,25,HLA-A,-0.010000000000000009,0.0645391,1
18554,25,CCNC,-0.22999999999999998,-0.0963801,1
18555,25,RPN1,-0.19,-0.06414800000000001,1
18556,25,TCF7L2,-0.10000000000000002,0.03381339999999998,1
18557,25,CANT1,-0.01999999999999999,0.022829000000000016,1
18558,25,RPL5,-0.54,-0.14304790000000003,1
18559,25,CCDC6,0.01999999999999999,0.0517223,1
18560,25,NCKIPSD,-0.05,-0.0171095,1
18561,25,SMARCD1,0.42000000000000004,0.3595054,1
18562,25,BCL10,0.06999999999999999,0.07371459999999999,1
18563,25,MAX,0.040000000000000015,0.07478710000000001,1
18564,25,HERPUD1,-0.05,-0.013293,1
18565,25,RAC1,0.04000000000000001,0.1564751,1
18566,25,FLNA,0.07000000000000002,0.07376200000000001,1
18567,25,TFE3,-0.8200000000000001,-0.2888219,1
18568,25,NCOR2,0.5600000000000002,0.4774759999999999,1
18569,25,PRPF40B,0.05,0.0321172,1
18570,25,BCL3,-0.11,-0.019253000000000003,1
18571,25,TFPT,-0.30000000000000004,-0.1035337,1
18572,25,MLH1,0.91,0.7798562,1
18573,25,ARHGAP5,0.14,0.12039459999999999,1
18574,25,CIC,0.0,0.0,1
18575,25,LYN,0.85,0.6222827,1
18576,25,TCF12,0.29000000000000004,0.2286717,1
18577,25,KLF6,0.06,0.0384255,1
18578,25,KMT2C,0.9200000000000003,0.7752020999999999,1
18579,25,PIM1,-0.19,-0.027005700000000007,1
18580,25,CCND1,1.5000000000000009,0.9488651,1
18581,25,MLLT1,-1.0300000000000002,-0.30966879999999997,1
18582,25,MEN1,-0.019999999999999993,0.03833489999999999,1
18583,25,CUL3,0.13000000000000003,0.15075750000000002,1
18584,25,RB1,0.5399999999999999,0.4840808,1
18585,25,LPP,-0.07,-0.02298860000000001,1
18586,25,BUB1B,-0.25,-0.07265820000000002,1
18587,25,SMAD4,1.4900000000000009,1.1844690000000002,1
18588,25,FGFR1,0.31999999999999995,0.2553146,1
18589,25,TMSB4X,0.03,0.0228093,1
18590,25,CDK4,1.1700000000000006,0.8082235999999999,1
18591,25,MSI2,0.01,0.0074654,1
18592,25,MSH6,1.0800000000000005,0.9034533000000001,1
18593,25,BRAF,1.1500000000000006,1.0450169,1
18594,25,TCEA1,-0.08,0.004456799999999993,1
18595,25,TNFAIP3,0.15000000000000002,0.11021020000000001,1
18596,25,RABEP1,-0.010000000000000002,-0.005349899999999994,1
18597,25,GMPS,-0.09,-0.053843,1
18598,25,MDM2,0.7500000000000004,0.6418710999999999,1
18599,25,NSD2,0.19999999999999998,0.150372,1
18600,25,CASP8,0.08,0.18929709999999997,1
18601,25,PER1,-0.22000000000000003,-0.07635890000000001,1
18602,25,UBR5,0.03,0.0452208,1
18603,25,EIF3E,-0.029999999999999992,0.0452067,1
18604,25,RFWD3,0.04,0.03808040000000001,1
18605,25,BRD3,0.12,0.0865339,1
18606,25,PAFAH1B2,0.03,0.026494499999999997,1
18607,25,EXT2,0.020000000000000004,0.019430399999999994,1
18608,25,PLCG1,0.5199999999999999,0.4185097000000001,1
18609,25,SF3B1,-0.51,-0.2148135,1
18610,25,ARHGEF10L,0.04,0.0234308,1
18611,25,NFATC2,0.22,0.16029929999999998,1
18612,25,SDHD,0.29000000000000004,0.2154731,1
18613,25,PABPC1,-0.87,-0.2061502,1
18614,25,POLD1,-0.06,0.005652199999999996,1
18615,25,CALR,0.1,0.10527729999999999,1
18616,25,PIK3CB,0.8200000000000003,0.6400387000000001,1
18617,25,PPM1D,0.28,0.21511929999999999,1
18618,25,ATRX,1.0100000000000002,0.8516846,1
18619,25,DGCR8,0.17,0.1306234,1
18620,25,DDX10,0.15000000000000002,0.1154518,1
18621,25,DROSHA,0.46,0.35711009999999993,1
18622,25,TNFRSF14,-0.12000000000000001,-0.0433422,1
18623,25,BCL9L,0.15,0.10809590000000001,1
18624,25,QKI,0.019999999999999997,0.0152346,1
18625,25,BAZ1A,0.01,0.0077976,1
18626,25,CHD4,0.4099999999999999,0.3462149,1
18627,25,NSD3,0.08000000000000002,0.09163110000000001,1
18628,25,NT5C2,0.15000000000000002,0.09455960000000002,1
18629,25,CCNB1IP1,0.14,0.06620999999999999,1
18630,25,PCBP1,-1.0,-0.26981900000000003,1
18631,25,RALGDS,0.0,0.0564876,1
18632,25,ARHGEF12,0.009999999999999995,0.028055200000000002,1
18633,25,HSP90AB1,1.2900000000000005,0.8751572000000001,1
18634,25,FOXO3,1.3200000000000005,0.9558815999999999,1
18635,25,HIP1,-0.02,-0.012535400000000002,1
18636,25,CDC73,0.17,0.1471165,1
18637,25,NIN,-0.02,-0.015574600000000001,1
18638,25,MDM4,0.16000000000000003,0.1853043,1
18639,25,COL3A1,0.19999999999999998,0.1609474,1
18640,25,CTNND1,0.14999999999999997,0.15412649999999997,1
18641,25,SPOP,0.030000000000000006,0.057928299999999995,1
18642,25,TMEM127,0.06000000000000001,0.0444147,1
18643,25,CREB3L2,0.15000000000000002,0.09211180000000001,1
18644,25,MSH2,0.9200000000000004,0.8059292,1
18645,25,FNBP1,-0.029999999999999992,-0.0026884999999999964,1
18646,25,ATF1,0.13,0.08649159999999999,1
18647,25,EIF1AX,-0.47,-0.1764745,1
18648,25,PMS1,0.63,0.4929658,1
18649,25,DEK,0.13,0.12490910000000001,1
18650,25,ERBB2,0.68,0.469387,1
18651,25,AKT1,0.1600000000000001,0.27341599999999994,1
18652,25,CHEK2,0.6900000000000002,0.6617363999999999,1
18653,25,SDHB,0.4300000000000001,0.32952539999999997,1
18654,25,NCOA1,0.31999999999999995,0.26864449999999995,1
18655,25,CHIC2,0.07,0.0398244,1
18656,25,RUNX1,0.2699999999999999,0.6296205,1
18657,25,STAT6,0.42,0.3248282,1
18658,25,FH,-0.03,0.022495200000000028,1
18659,25,AKT3,0.9400000000000004,0.6810583000000001,1
18660,25,GNAS,0.37,0.2510109,1
18661,25,CTNNB1,1.710000000000001,1.2031847999999998,1
18662,25,NONO,0.31000000000000005,0.2739736,1
18663,25,SMARCB1,1.0600000000000005,0.8057709000000001,1
18664,25,PRKAR1A,0.19,0.1828479,1
18665,25,ITGAV,0.01999999999999999,0.03260400000000001,1
18666,25,SS18,0.42,0.28988040000000004,1
18667,25,MAP2K1,0.9500000000000002,0.5601576000000001,1
18668,25,SIRPA,-0.030000000000000002,-0.0063117,1
18669,25,PPFIBP1,0.39,0.27864510000000003,1
18670,25,RPL22,-0.23999999999999994,0.0944893,1
18671,25,CYLD,0.27,0.20752120000000004,1
18672,25,ARID1B,0.81,0.6238091000000001,1
18673,25,SETDB1,0.34,0.24981820000000002,1
18674,25,AFDN,-0.30000000000000004,-0.09344099999999998,1
18675,25,ZRSR2,0.08999999999999998,0.0639109,1
18676,25,PBRM1,0.9700000000000004,0.7108140000000002,1
18677,25,XPC,0.53,0.3508613,1
18678,25,ASXL2,0.27,0.19328259999999997,1
18679,25,TRIM24,-0.15000000000000002,-0.0479651,1
18680,25,SFPQ,-0.2899999999999999,-0.04248079999999999,1
18681,25,NCOA2,0.6200000000000001,0.4968776000000001,1
18682,25,FOXO4,0.47,0.29660470000000005,1
18683,25,LEF1,0.13999999999999999,0.1578988,1
18684,25,B2M,-0.35,-0.13836189999999998,1
18685,25,DDIT3,-0.24000000000000002,-0.08183009999999999,1
18686,25,BCL6,0.22,0.1945088,1
18687,25,KRAS,-0.16000000000000003,0.10570029999999996,1
18688,25,FAT1,0.12,0.08590980000000001,1
18689,25,ABL2,0.04,0.03724619999999999,1
18690,25,NF1,1.2300000000000004,1.0033809,1
18691,25,BTG1,-0.04,-0.018695600000000003,1
18692,25,EIF4A2,0.11,0.0681184,1
18693,25,SET,0.18,0.1503861,1
18694,25,EPS15,0.08,0.07076260000000001,1
18695,25,RNF213,0.05,0.043375000000000004,1
18696,25,CTCF,1.0400000000000005,0.7281949999999999,1
18697,25,WDCP,0.29000000000000004,0.193234,1
18698,25,KAT7,0.14,0.11976929999999998,1
18699,25,KDM5C,0.19000000000000003,0.1769526,1
18700,25,TGFBR2,0.26,0.19259639999999997,1
18701,25,ATM,1.2500000000000009,1.1203544,1
18702,25,NUMA1,-1.734723475976807e-18,0.011709,1
18703,25,STAT3,0.9700000000000006,0.8946766999999997,1
18704,25,SUB1,-0.09,-0.0403916,1
18705,25,NUP98,0.16,0.1810376,1
18706,25,ELL,-0.01,-0.00010110000000000414,1
18707,25,MAP3K1,0.44,0.34593489999999993,1
18708,25,MALT1,0.21000000000000002,0.17574879999999998,1
18709,25,XPO1,0.5700000000000002,0.45883760000000007,1
18710,25,SETD1B,0.24,0.18582959999999998,1
18711,25,ETV6,-0.04999999999999999,0.0031005999999999976,1
18712,25,TBL1XR1,0.21000000000000002,0.14264200000000002,1
18713,25,NUP214,-0.08999999999999998,0.1604175,1
18714,25,TPR,0.12,0.0947275,1
18715,25,ATIC,0.10999999999999999,0.1415471,1
18716,25,NACA,0.22999999999999998,0.14575349999999998,1
18717,25,MYO5A,0.0,0.0023708999999999987,1
18718,25,SMC1A,0.39999999999999997,0.44373370000000006,1
18719,25,LASP1,-0.28,-0.1434225,1
18720,25,ERCC5,0.39000000000000007,0.2517438,1
18721,25,JUN,-1.9700000000000006,-0.3975914000000001,1
18722,25,THRAP3,0.049999999999999996,0.0388151,1
18723,25,STAG2,0.36000000000000004,0.3380472,1
18724,25,RAF1,0.8200000000000004,0.6614949000000001,1
18725,25,ERCC3,0.63,0.5318172999999999,1
18726,25,SMAD2,0.45000000000000023,0.4569006,1
18727,25,TAF15,0.22000000000000003,0.1805556,1
18728,25,ARNT,0.18000000000000002,0.18343170000000003,1
18729,25,CLTC,-0.7900000000000001,-0.33686,1
18730,25,IKBKB,0.5200000000000001,0.42911240000000006,1
18731,25,IDH1,-0.52,-0.14771430000000005,1
18732,25,SND1,-0.01,0.005022299999999996,1
18733,25,KNSTRN,0.02,0.015024800000000001,1
18734,25,RHOA,-2.1600000000000006,-0.5461433,1
18735,25,PALB2,0.7100000000000002,0.5886693,1
18736,25,ARID2,0.8500000000000001,0.6568129,1
18737,25,EZR,-0.17000000000000004,-0.0522817,1
18738,25,TP53,0.08000000000000003,0.32321889999999986,1
18739,25,ARAF,0.36999999999999994,0.20984959999999997,1
18740,25,KIF5B,0.55,0.40320619999999996,1
18741,25,KAT6A,0.21999999999999997,0.2363702,1
18742,25,KTN1,-0.049999999999999996,-0.0036051,1
18743,25,GOLGA5,-0.09000000000000001,-0.05568530000000001,1
18744,25,KDM5A,0.28,0.2644806,1
18745,25,RAD21,0.56,0.46413599999999994,1
18746,25,GNAQ,0.29,0.2175922,1
18747,25,CAMTA1,0.060000000000000005,0.046019500000000005,1
18748,25,ERCC2,0.7000000000000001,0.5309127,1
18749,25,EZH2,1.5300000000000011,1.2102518000000002,1
18750,25,TOP1,0.33,0.26955239999999997,1
18751,25,SRSF3,-0.2399999999999999,-0.032126500000000016,1
18752,25,NPM1,0.40000000000000013,0.33566929999999995,1
18753,25,BAX,-0.53,-0.14708159999999998,1
18754,25,NOTCH2,0.28,0.2359579,1
18755,25,TRAF7,0.02,0.014031199999999999,1
18756,25,KDM6A,0.8300000000000003,0.8460557,1
18757,25,SPEN,0.13,0.099375,1
18758,25,TRIM27,-0.3,-0.10674660000000001,1
18759,25,CRTC1,0.15,0.1135584,1
18760,25,EML4,0.19999999999999998,0.2632476,1
18761,25,USP9X,-0.08,-0.0589531,1
18762,25,PTPRK,0.0,0.0,1
18763,25,CD74,-0.23,-0.009264999999999995,1
18764,25,CBL,0.39999999999999997,0.394822,1
18765,25,ZNF384,0.04,0.0320921,1
18766,25,NOTCH1,1.2300000000000006,0.9109465,1
18767,25,COX6C,-0.11,-0.0418446,1
18768,25,CHCHD7,0.03,0.019111799999999998,1
18769,25,HMGA1,-0.05,-0.021198400000000003,1
18770,25,PTEN,1.520000000000001,1.2801292000000006,1
18771,25,FIP1L1,-0.049999999999999996,-0.024984000000000003,1
18772,25,JAK1,0.8700000000000003,0.6993811999999999,1
18773,25,ZMYM2,-0.009999999999999997,-0.006882599999999999,1
18774,25,SUZ12,0.6800000000000002,0.555916,1
18775,25,FUS,-0.2899999999999999,0.08319309999999996,1
18776,25,BAP1,-0.23,-0.093942,1
18777,25,ZCCHC8,-0.09,-0.0243216,1
18778,25,CRNKL1,0.009999999999999998,0.009021999999999999,1
18779,25,RAD17,0.18,0.1307269,1
18780,25,ATP1A1,0.01,0.0105308,1
18781,25,DNMT3A,1.0300000000000005,0.8382570000000001,1
18782,25,FBXW7,0.8900000000000001,0.7743411000000002,1
18783,25,WWTR1,-0.09999999999999999,-0.033890899999999995,1
18784,25,CDKN1B,0.42,0.3042813000000001,1
18785,25,KMT2A,0.3400000000000001,0.37242519999999996,1
18786,25,PTPN11,1.0800000000000005,0.8299861000000001,1
18787,25,STAT5B,0.63,0.5134901000000001,1
18788,25,CUX1,-0.10000000000000002,-0.0613905,1
18789,25,ABI1,-0.2,-0.06272629999999998,1
18790,25,BRCA1,1.6200000000000012,1.3634273,1
18791,25,SH2B3,0.060000000000000005,0.0342437,1
18792,25,AFF4,0.0,0.0277286,1
18793,25,NF2,0.16,0.14914939999999996,1
18794,25,LMNA,0.05999999999999999,0.04100869999999999,1
18795,25,TSC2,0.8400000000000003,0.6599436000000001,1
18796,25,GOLPH3,-0.060000000000000005,-0.04128260000000001,1
18797,25,PCM1,-0.03,-0.024884499999999997,1
18798,25,PPP2R1A,-0.43999999999999995,-0.12045330000000001,1
18799,25,ARID1A,1.8200000000000012,1.4522845,1
18800,25,ABL1,-0.2300000000000001,0.05828249999999992,1
18801,25,AFF1,0.07,0.09566729999999998,1
18802,25,DAXX,-0.20000000000000004,-0.03350770000000001,1
18803,25,CBFB,0.09000000000000002,0.10826829999999998,1
18804,25,CBLB,0.17,0.1473368,1
18805,25,POLR2A,-0.07999999999999993,0.18735339999999998,1
18806,25,PRKACA,0.26,0.28694520000000007,1
18807,25,DNM2,-0.1,-0.0542069,1
18808,25,RAP1GDS1,0.009999999999999995,0.03363100000000001,1
18809,25,NCOR1,0.8600000000000001,0.8135807999999998,1
18810,25,NFKBIE,-0.23,-0.07678270000000001,1
18811,25,DDX3X,0.29000000000000004,0.2497954,1
18812,25,ELK4,0.03,0.025057799999999998,1
18813,25,MLLT6,0.09,0.07199269999999999,1
18814,25,SRSF2,-2.4200000000000004,-0.6047064999999999,1
18815,25,CTNNA1,0.16,0.1245149,1
18816,25,RBM10,0.17000000000000004,0.1319374,1
18817,25,PTPRC,0.019999999999999997,0.10180819999999999,1
18818,25,HSP90AA1,1.0700000000000005,0.7413352,1
18819,25,NSD1,0.24,0.1961706,0
18820,25,DICER1,0.26,0.24970230000000002,0
18821,25,BIRC6,0.09000000000000001,0.07960790000000001,0
18822,25,SDHC,0.3400000000000001,0.23239309999999996,0
18823,25,TFG,0.31,0.1701472,0
18824,25,MAP2K2,0.28,0.20940780000000003,0
18825,25,TFRC,-0.25999999999999995,-0.13041619999999998,0
18826,25,CREB1,0.9600000000000004,0.7020279000000001,0
18827,25,POLG,0.01,0.0034333999999999996,0
18828,25,SETD2,0.6800000000000003,0.5633706000000002,0
18829,25,NAB2,-0.29,-0.1032625,0
18830,25,HIF1A,1.6000000000000008,1.1108278000000003,0
18831,25,FLCN,0.019999999999999997,0.026351600000000003,0
18832,25,MAP2K4,0.06000000000000001,0.0929728,0
18833,25,CNOT3,-0.01999999999999999,0.0013221000000000066,0
18834,25,CIITA,0.09999999999999999,0.0692979,0
18835,25,LSM14A,0.08,0.0698304,0
18836,25,AKAP9,-0.039999999999999994,-0.006508099999999996,0
18837,25,MSN,-0.45999999999999996,-0.12103839999999999,0
18838,25,BCR,3.469446951953614e-18,0.018823400000000004,0
18839,25,TRRAP,0.03,0.1061529,0
18840,25,PPP6C,-0.19,-0.08737429999999999,0
18841,25,NCOA4,-0.16999999999999998,-0.09188490000000002,0
18842,25,BCL9,0.14,0.10944509999999999,0
18843,25,PRCC,0.03999999999999999,0.0291998,0
18844,25,LARP4B,0.0,0.0,0
18845,25,CHD2,0.01,0.0072737,0
18846,25,ASXL1,0.4599999999999999,0.4356899,0
18847,25,SMARCA4,1.520000000000001,1.0992247000000002,0
18848,25,ERC1,-0.02,-0.0151894,0
18849,25,DCTN1,-0.23000000000000004,-0.0951574,0
18850,25,PIK3R1,1.3800000000000008,0.9559497000000001,0
18851,25,EED,-0.020000000000000014,0.03707749999999998,0
18852,25,CNBP,0.0,0.0,0
18853,25,SGK1,0.33,0.2018958,0
18854,25,MLLT10,-3.469446951953614e-18,0.022692200000000003,0
18855,25,BRD4,0.9300000000000004,0.6813405,0
18856,25,RANBP2,0.13999999999999996,0.20344579999999995,0
18857,25,FBXO11,0.05,0.0387385,0
18858,25,PML,0.31000000000000005,0.23042569999999998,0
18859,25,AKT2,0.9600000000000002,0.6433592999999997,0
18860,25,CEP89,0.07,0.0425446,0
18861,25,LZTR1,0.06999999999999999,0.0770106,0
18862,25,YWHAE,0.29000000000000004,0.1860841,0
18863,25,DNAJB1,-0.009999999999999995,0.0087471,0
18864,25,PRDM2,0.03,0.020382400000000002,0
18865,25,TPM4,0.48,0.3080903,0
18866,25,CREBBP,1.7700000000000011,1.3997520999999997,0
18867,25,PMS2,0.6500000000000001,0.5781165,0
18868,25,DDR2,0.03,0.018272300000000002,0
18869,25,FANCA,0.33,0.2774386999999999,0
18870,25,PDE4DIP,0.05,0.0324694,0
18871,25,USP8,-0.09000000000000001,-0.0372335,0
18872,25,MYH9,-0.31999999999999995,-0.0640373,0
18873,25,MYC,-1.0600000000000003,-0.3817112,0
18874,25,NBN,0.51,0.3780403,0
18875,25,CCND3,-0.060000000000000005,0.017861699999999994,0
18876,25,TRIP11,-0.16,-0.10013250000000001,0
18877,25,CNTRL,-0.07,-0.04595980000000001,0
18878,25,PIK3CA,1.590000000000001,1.0972543000000001,0
18879,25,DDX5,0.24000000000000007,0.22547059999999994,0
18880,25,PICALM,3.469446951953614e-18,0.0029870999999999995,0
18881,25,RARA,0.43000000000000005,0.3185622,0
18882,25,DDX6,-0.029999999999999992,0.0530329,0
18883,25,COL1A1,0.09,0.1080325,0
18884,25,VHL,0.17000000000000004,0.1260133,0
18885,25,MAPK1,1.4500000000000006,0.9101373000000003,0
18886,25,SRC,-0.09,0.18962239999999997,0
18887,25,NFE2L2,0.24000000000000002,0.1535065,0
18888,25,MITF,-0.29000000000000004,-0.05822669999999998,0
18889,25,SMAD3,1.1100000000000008,0.8161557,0
18890,25,RBM15,0.07,0.06043609999999999,0
18891,25,ATR,0.7100000000000003,0.5816725,0
18892,25,EPAS1,0.3300000000000001,0.2976419,0
18893,25,TPM3,0.22999999999999998,0.16191989999999995,0
18894,25,RPL10,0.13,0.1239841,0
18895,25,STAG1,0.16000000000000003,0.1521348,0
18896,25,SBDS,-0.05,-0.016740200000000004,0
18897,25,KMT2D,0.9300000000000004,0.6785014,0
18898,25,MED12,0.29,0.2241767,0
18899,25,BCLAF1,-0.08,0.0017087999999999964,0
18900,25,ASPSCR1,-0.03,-0.008009800000000001,0
18901,25,CDK12,0.21000000000000002,0.1580353,0
18902,25,EWSR1,0.42999999999999994,0.33611940000000007,0
18903,25,NDRG1,-0.07,-0.027567,0
18904,25,PSIP1,-0.24000000000000002,-0.1199431,0
18905,25,TRIM33,0.029999999999999992,0.03481480000000001,0
18906,25,MTOR,1.3200000000000007,0.9168885,0
18907,25,ARHGAP35,0.09999999999999999,0.1361931,0
18908,25,POT1,-0.08,-0.0132476,0
18909,25,EXT1,0.1,0.059257000000000004,0
18910,25,IL6ST,0.29000000000000004,0.2212418,0
18911,25,IDH2,0.2,0.1404092,0
18912,25,SMARCE1,0.38999999999999996,0.23543799999999998,0
18913,25,CRTC3,0.08,0.0683938,0
18914,25,TSC1,0.19999999999999996,0.2273906,0
18915,25,BCOR,-0.17999999999999997,-0.016087999999999995,0
18916,25,SDHA,0.23,0.1366782,0
18917,25,EP300,1.7100000000000013,1.3086894000000002,0
18918,25,HNRNPA2B1,0.27,0.22073930000000003,0
18919,25,CLIP1,-0.14,-0.0784233,0
18920,25,PATZ1,-0.43000000000000005,-0.11962500000000001,0
18921,25,FUBP1,-0.06999999999999999,0.0209952,0
18922,25,HLA-A,-0.16,0.008130000000000005,0
18923,25,CCNC,-0.08,-0.0351144,0
18924,25,RPN1,-0.27,-0.0681039,0
18925,25,TCF7L2,0.029999999999999968,0.08030429999999998,0
18926,25,CANT1,0.09,0.0499538,0
18927,25,RPL5,-0.66,-0.18452150000000003,0
18928,25,CCDC6,0.03,0.057674900000000015,0
18929,25,NCKIPSD,0.03,0.0165717,0
18930,25,SMARCD1,0.42,0.292697,0
18931,25,BCL10,0.030000000000000006,0.0428616,0
18932,25,MAX,-0.03,-0.0035153999999999984,0
18933,25,HERPUD1,0.02,0.0087536,0
18934,25,RAC1,-0.1,0.041412400000000016,0
18935,25,FLNA,0.13999999999999999,0.11510390000000001,0
18936,25,TFE3,-0.44000000000000006,-0.17719479999999999,0
18937,25,NCOR2,0.6900000000000002,0.4950062,0
18938,25,PRPF40B,0.019999999999999997,0.013657500000000005,0
18939,25,BCL3,-0.01999999999999999,0.002092500000000003,0
18940,25,TFPT,-0.21000000000000002,-0.0801686,0
18941,25,MLH1,0.8800000000000001,0.7331658999999997,0
18942,25,ARHGAP5,0.15,0.11448719999999998,0
18943,25,CIC,0.0,0.0,0
18944,25,LYN,0.8200000000000003,0.5609342,0
18945,25,TCF12,0.26,0.19171880000000005,0
18946,25,KLF6,0.04,0.022043899999999998,0
18947,25,KMT2C,0.9900000000000002,0.7817577000000003,0
18948,25,PIM1,-0.15000000000000002,-0.0563256,0
18949,25,CCND1,1.3200000000000007,0.8245989000000002,0
18950,25,MLLT1,-0.8000000000000003,-0.23820799999999998,0
18951,25,MEN1,-0.039999999999999994,0.025287199999999996,0
18952,25,CUL3,0.13999999999999999,0.13494290000000003,0
18953,25,RB1,0.6699999999999999,0.5019714999999999,0
18954,25,LPP,-0.05,-0.0206179,0
18955,25,BUB1B,-0.15000000000000002,-0.07956460000000001,0
18956,25,SMAD4,1.4200000000000008,1.0365134000000003,0
18957,25,FGFR1,0.25,0.16359089999999996,0
18958,25,TMSB4X,0.04,0.0319388,0
18959,25,CDK4,0.6000000000000001,0.4262426999999999,0
18960,25,MSI2,0.01,0.0070754,0
18961,25,MSH6,0.9400000000000004,0.6949945000000002,0
18962,25,BRAF,1.0400000000000003,0.9128615000000002,0
18963,25,TCEA1,-0.060000000000000005,-0.0032679000000000067,0
18964,25,TNFAIP3,0.06,0.08454190000000002,0
18965,25,RABEP1,0.009999999999999998,0.0050440999999999975,0
18966,25,GMPS,-0.07,-0.043958399999999995,0
18967,25,MDM2,1.2200000000000009,0.8139552999999998,0
18968,25,NSD2,0.13999999999999999,0.0909492,0
18969,25,CASP8,-0.060000000000000005,0.15949460000000001,0
18970,25,PER1,-0.2,-0.0361217,0
18971,25,UBR5,-0.07999999999999999,-0.0367412,0
18972,25,EIF3E,-0.030000000000000006,0.058632199999999995,0
18973,25,RFWD3,0.030000000000000002,0.0313046,0
18974,25,BRD3,0.08999999999999998,0.0763727,0
18975,25,PAFAH1B2,0.02,0.0158916,0
18976,25,EXT2,0.0,0.0023219999999999977,0
18977,25,PLCG1,0.4699999999999999,0.32885970000000003,0
18978,25,SF3B1,-0.36000000000000004,-0.13503340000000003,0
18979,25,ARHGEF10L,0.02,0.0104854,0
18980,25,NFATC2,0.21000000000000002,0.1508897,0
18981,25,SDHD,0.26,0.1462668,0
18982,25,PABPC1,-0.7400000000000001,-0.19540720000000003,0
18983,25,POLD1,-0.24,-0.04956379999999999,0
18984,25,CALR,0.040000000000000015,0.0367669,0
18985,25,PIK3CB,0.54,0.44342079999999995,0
18986,25,PPM1D,0.18000000000000002,0.13535870000000003,0
18987,25,ATRX,0.8300000000000004,0.6909774999999999,0
18988,25,DGCR8,0.13,0.0782205,0
18989,25,DDX10,0.1,0.0659624,0
18990,25,DROSHA,0.4,0.28853070000000003,0
18991,25,TNFRSF14,-0.09000000000000001,-0.0333705,0
18992,25,BCL9L,0.13,0.0888879,0
18993,25,QKI,-0.07,-0.042248999999999995,0
18994,25,BAZ1A,0.02,0.0149318,0
18995,25,CHD4,0.19,0.18446150000000003,0
18996,25,NSD3,0.030000000000000002,0.0338283,0
18997,25,NT5C2,0.15,0.0844774,0
18998,25,CCNB1IP1,0.09,0.036063000000000005,0
18999,25,PCBP1,-0.6900000000000001,-0.21719940000000004,0
19000,25,RALGDS,0.12,0.08608769999999999,0
19001,25,ARHGEF12,-0.03,-0.0030801000000000005,0
19002,25,HSP90AB1,1.0400000000000003,0.6853218000000002,0
19003,25,FOXO3,1.2000000000000006,0.8160852,0
19004,25,HIP1,-0.01,-0.0062581,0
19005,25,CDC73,-0.11999999999999998,-0.004817100000000003,0
19006,25,NIN,0.019999999999999997,0.0139292,0
19007,25,MDM4,0.09999999999999999,0.1510543,0
19008,25,COL3A1,0.15,0.1369196,0
19009,25,CTNND1,0.13,0.1383027,0
19010,25,SPOP,-0.08,-0.021174699999999998,0
19011,25,TMEM127,0.05,0.048957799999999996,0
19012,25,CREB3L2,0.09999999999999998,0.0592769,0
19013,25,MSH2,0.9900000000000004,0.7177273999999999,0
19014,25,FNBP1,-0.009999999999999997,-0.0011139000000000001,0
19015,25,ATF1,-0.019999999999999997,-0.009659700000000002,0
19016,25,EIF1AX,-0.46,-0.2114171,0
19017,25,PMS1,0.51,0.38878,0
19018,25,DEK,0.09000000000000001,0.09273120000000001,0
19019,25,ERBB2,1.0600000000000005,0.6841867999999999,0
19020,25,AKT1,0.7900000000000003,0.5304425,0
19021,25,CHEK2,0.27,0.35320009999999996,0
19022,25,SDHB,0.42000000000000004,0.2712458,0
19023,25,NCOA1,0.38,0.2635413,0
19024,25,CHIC2,0.039999999999999994,0.019704599999999996,0
19025,25,RUNX1,0.6300000000000004,0.6862853,0
19026,25,STAT6,0.28,0.19146780000000002,0
19027,25,FH,-0.19000000000000003,-0.057857000000000006,0
19028,25,AKT3,1.0100000000000002,0.6705289000000001,0
19029,25,GNAS,0.25,0.1584536,0
19030,25,CTNNB1,1.2300000000000004,0.836556,0
19031,25,NONO,0.09999999999999999,0.0703701,0
19032,25,SMARCB1,0.8600000000000003,0.6291106,0
19033,25,PRKAR1A,0.07,0.08035299999999998,0
19034,25,ITGAV,-0.009999999999999995,0.0115391,0
19035,25,SS18,0.41,0.2674552,0
19036,25,MAP2K1,1.1100000000000005,0.6931994000000001,0
19037,25,SIRPA,-0.019999999999999997,-0.0089575,0
19038,25,PPFIBP1,0.42,0.2856279,0
19039,25,RPL22,-0.17,0.07386780000000001,0
19040,25,CYLD,0.29000000000000004,0.22484130000000002,0
19041,25,ARID1B,0.6199999999999999,0.4457885,0
19042,25,SETDB1,0.33,0.234996,0
19043,25,AFDN,-0.4,-0.1549214,0
19044,25,ZRSR2,0.32000000000000006,0.22714849999999998,0
19045,25,PBRM1,0.9000000000000004,0.6343395,0
19046,25,XPC,0.5900000000000001,0.3870075,0
19047,25,ASXL2,0.21000000000000002,0.1369487,0
19048,25,TRIM24,-0.2,-0.0823272,0
19049,25,SFPQ,-0.21999999999999995,-0.050503,0
19050,25,NCOA2,0.4699999999999999,0.31801799999999997,0
19051,25,FOXO4,0.41000000000000003,0.27508989999999994,0
19052,25,LEF1,0.16,0.11834160000000002,0
19053,25,B2M,-0.5100000000000001,-0.17986539999999995,0
19054,25,DDIT3,-0.33999999999999997,-0.09075490000000001,0
19055,25,BCL6,0.49,0.3394602,0
19056,25,KRAS,-1.1900000000000002,-0.33653249999999996,0
19057,25,FAT1,0.060000000000000005,0.0537979,0
19058,25,ABL2,0.06,0.051936199999999995,0
19059,25,NF1,0.8600000000000003,0.6750552000000001,0
19060,25,BTG1,-0.02,-0.0106484,0
19061,25,EIF4A2,0.09999999999999999,0.0715772,0
19062,25,SET,0.16,0.1336184,0
19063,25,EPS15,0.0,0.011951699999999999,0
19064,25,RNF213,0.03,0.0238317,0
19065,25,CTCF,0.8000000000000003,0.5771133,0
19066,25,WDCP,0.11000000000000001,0.07743929999999999,0
19067,25,KAT7,0.12000000000000001,0.0915189,0
19068,25,KDM5C,0.17,0.15482330000000002,0
19069,25,TGFBR2,0.19000000000000003,0.1513632,0
19070,25,ATM,1.360000000000001,1.0738804999999998,0
19071,25,NUMA1,-0.029999999999999985,-0.007883099999999994,0
19072,25,STAT3,1.5400000000000007,1.2083568999999998,0
19073,25,SUB1,-0.24,-0.0826473,0
19074,25,NUP98,0.05999999999999995,0.0863921,0
19075,25,ELL,-0.049999999999999996,-0.003980999999999993,0
19076,25,MAP3K1,0.4,0.30528990000000006,0
19077,25,MALT1,0.21999999999999997,0.17688530000000002,0
19078,25,XPO1,0.29000000000000004,0.2374888,0
19079,25,SETD1B,0.15,0.10871829999999999,0
19080,25,ETV6,-0.23,-0.09214140000000001,0
19081,25,TBL1XR1,0.22,0.1445671,0
19082,25,NUP214,0.01,0.09361499999999998,0
19083,25,TPR,0.09,0.09773879999999999,0
19084,25,ATIC,-0.010000000000000005,0.014784599999999998,0
19085,25,NACA,0.22000000000000003,0.146152,0
19086,25,MYO5A,-0.009999999999999998,-0.004255699999999998,0
19087,25,SMC1A,0.5600000000000002,0.463466,0
19088,25,LASP1,-0.22,-0.12131629999999999,0
19089,25,ERCC5,0.52,0.3447838,0
19090,25,JUN,0.14,0.2214537,0
19091,25,THRAP3,0.08,0.06431970000000001,0
19092,25,STAG2,0.43999999999999995,0.35077869999999994,0
19093,25,RAF1,1.1400000000000006,0.8116365000000001,0
19094,25,ERCC3,0.52,0.4262558,0
19095,25,SMAD2,0.6100000000000002,0.5336665000000002,0
19096,25,TAF15,0.18000000000000002,0.14343780000000003,0
19097,25,ARNT,0.27,0.22712299999999994,0
19098,25,CLTC,-0.6400000000000001,-0.3468619,0
19099,25,IKBKB,0.5300000000000002,0.41294249999999993,0
19100,25,IDH1,-0.64,-0.18828330000000001,0
19101,25,SND1,-0.019999999999999997,-0.009995299999999995,0
19102,25,KNSTRN,0.03,0.0240564,0
19103,25,RHOA,-1.0800000000000003,-0.2850073,0
19104,25,PALB2,0.64,0.5335514000000001,0
19105,25,ARID2,0.7200000000000002,0.525436,0
19106,25,EZR,-0.11,-0.010347200000000008,0
19107,25,TP53,-1.16,-0.14234650000000004,0
19108,25,ARAF,0.36,0.20197070000000003,0
19109,25,KIF5B,0.44999999999999996,0.3305801,0
19110,25,KAT6A,0.21000000000000002,0.18996639999999998,0
19111,25,KTN1,-0.06999999999999999,-0.02484039999999999,0
19112,25,GOLGA5,-0.11,-0.0719631,0
19113,25,KDM5A,0.22999999999999998,0.208403,0
19114,25,RAD21,0.41000000000000003,0.3216051,0
19115,25,GNAQ,0.039999999999999994,0.0548921,0
19116,25,CAMTA1,0.03,0.0185828,0
19117,25,ERCC2,0.6100000000000001,0.4269238,0
19118,25,EZH2,2.0200000000000014,1.3460977999999997,0
19119,25,TOP1,0.16999999999999998,0.12459610000000002,0
19120,25,SRSF3,-0.32000000000000006,-0.08063930000000001,0
19121,25,NPM1,0.07,0.17772559999999998,0
19122,25,BAX,-0.49,-0.143579,0
19123,25,NOTCH2,0.26,0.20110540000000002,0
19124,25,TRAF7,0.03,0.021944699999999998,0
19125,25,KDM6A,0.9700000000000003,0.8086629,0
19126,25,SPEN,0.09999999999999999,0.07475469999999998,0
19127,25,TRIM27,-0.4,-0.14335499999999998,0
19128,25,CRTC1,0.15000000000000002,0.1254247,0
19129,25,EML4,0.19,0.15646870000000002,0
19130,25,USP9X,-0.1,-0.060637,0
19131,25,PTPRK,0.01,0.0066438,0
19132,25,CD74,-0.15,-0.008528200000000005,0
19133,25,CBL,0.5800000000000001,0.416267,0
19134,25,ZNF384,-0.1,-0.049529500000000004,0
19135,25,NOTCH1,1.0700000000000005,0.7666960999999999,0
19136,25,COX6C,-0.11000000000000001,-0.0537981,0
19137,25,CHCHD7,0.03,0.0197952,0
19138,25,HMGA1,-0.08000000000000002,-0.035997400000000006,0
19139,25,PTEN,1.540000000000001,1.2189272,0
19140,25,FIP1L1,-0.04000000000000001,-0.024451500000000004,0
19141,25,JAK1,0.7400000000000002,0.5703461999999999,0
19142,25,ZMYM2,-0.08,-0.053505000000000004,0
19143,25,SUZ12,0.7500000000000002,0.5059556000000001,0
19144,25,FUS,-0.11000000000000001,0.13108179999999997,0
19145,25,BAP1,0.09,0.084243,0
19146,25,ZCCHC8,-0.06,-0.0190818,0
19147,25,CRNKL1,-0.03,-0.018009300000000002,0
19148,25,RAD17,0.11,0.075124,0
19149,25,ATP1A1,0.009999999999999998,0.0059684000000000004,0
19150,25,DNMT3A,0.8700000000000003,0.6340272000000001,0
19151,25,FBXW7,0.9800000000000002,0.7527317000000001,0
19152,25,WWTR1,-0.09999999999999999,-0.046003999999999996,0
19153,25,CDKN1B,0.55,0.35004289999999993,0
19154,25,KMT2A,0.5000000000000001,0.4037348999999999,0
19155,25,PTPN11,0.9000000000000004,0.6638958999999999,0
19156,25,STAT5B,0.6600000000000001,0.49001560000000005,0
19157,25,CUX1,-0.11,-0.0732376,0
19158,25,ABI1,-0.37,-0.1265451,0
19159,25,BRCA1,1.7700000000000014,1.3657484999999996,0
19160,25,SH2B3,0.010000000000000004,0.017596100000000003,0
19161,25,AFF4,0.18000000000000002,0.1198954,0
19162,25,NF2,0.06,0.0907191,0
19163,25,LMNA,0.08000000000000002,0.0645855,0
19164,25,TSC2,0.6300000000000001,0.4876942,0
19165,25,GOLPH3,-0.1,-0.058932,0
19166,25,PCM1,-0.060000000000000005,-0.0400242,0
19167,25,PPP2R1A,-0.42,-0.13686420000000005,0
19168,25,ARID1A,1.750000000000001,1.2392425,0
19169,25,ABL1,0.09,0.1542056,0
19170,25,AFF1,0.26,0.19662999999999997,0
19171,25,DAXX,-0.38999999999999985,-0.08438799999999998,0
19172,25,CBFB,0.11999999999999998,0.0943085,0
19173,25,CBLB,0.14,0.10497350000000001,0
19174,25,POLR2A,0.17000000000000004,0.23713039999999996,0
19175,25,PRKACA,0.32,0.24863889999999997,0
19176,25,DNM2,-0.09000000000000001,-0.040532200000000004,0
19177,25,RAP1GDS1,-0.04,-0.016876799999999994,0
19178,25,NCOR1,0.9200000000000003,0.7666956999999999,0
19179,25,NFKBIE,-0.18,-0.0701563,0
19180,25,DDX3X,0.09,0.09243099999999999,0
19181,25,ELK4,0.02,0.014769000000000001,0
19182,25,MLLT6,0.13,0.09371499999999999,0
19183,25,SRSF2,-1.15,-0.32620360000000004,0
19184,25,CTNNA1,0.09000000000000001,0.069166,0
19185,25,RBM10,0.21,0.14533759999999998,0
19186,25,PTPRC,0.13,0.12933130000000004,0
19187,25,HSP90AA1,0.9700000000000004,0.6269956999999999,0
19188,26,NSD1,0.32,0.28495010000000004,1
19189,26,DICER1,0.2700000000000001,0.3034392,1
19190,26,BIRC6,0.12,0.11637940000000001,1
19191,26,SDHC,0.4099999999999999,0.3217688,1
19192,26,TFG,0.23000000000000004,0.14762380000000003,1
19193,26,MAP2K2,0.32,0.2198985,1
19194,26,TFRC,-0.26,-0.11079089999999998,1
19195,26,CREB1,0.8700000000000004,0.7588151000000001,1
19196,26,POLG,-0.02,-0.0053262,1
19197,26,SETD2,0.6700000000000002,0.6230241,1
19198,26,NAB2,-0.62,-0.1504199,1
19199,26,HIF1A,1.560000000000001,1.2263733999999995,1
19200,26,FLCN,-0.07999999999999999,0.0209313,1
19201,26,MAP2K4,-0.04,0.0728517,1
19202,26,CNOT3,0.06,0.05890059999999999,1
19203,26,CIITA,0.08,0.0504983,1
19204,26,LSM14A,0.16,0.1341468,1
19205,26,AKAP9,-0.08,0.006435900000000001,1
19206,26,MSN,-0.27,-0.08444580000000003,1
19207,26,BCR,-0.08,0.040531399999999995,1
19208,26,TRRAP,-0.05999999999999997,0.20066299999999998,1
19209,26,PPP6C,-0.15000000000000002,-0.0673514,1
19210,26,NCOA4,-0.10000000000000003,-0.022063600000000003,1
19211,26,BCL9,0.2,0.17877980000000002,1
19212,26,PRCC,0.11,0.08424,1
19213,26,LARP4B,0.04,0.031199599999999997,1
19214,26,CHD2,0.02,0.018026800000000003,1
19215,26,ASXL1,0.29000000000000004,0.35460910000000007,1
19216,26,SMARCA4,1.9900000000000013,1.5596141000000003,1
19217,26,ERC1,-0.019999999999999997,-0.015258699999999997,1
19218,26,DCTN1,-0.06,-0.0030992000000000033,1
19219,26,PIK3R1,1.0700000000000005,0.9383094000000002,1
19220,26,EED,0.22999999999999998,0.1515189,1
19221,26,CNBP,0.02,0.012425600000000002,1
19222,26,SGK1,0.52,0.36360480000000006,1
19223,26,MLLT10,-0.26,-0.15550049999999996,1
19224,26,BRD4,0.9200000000000004,0.8616220999999998,1
19225,26,RANBP2,0.3600000000000001,0.34144919999999995,1
19226,26,FBXO11,0.07,0.06061860000000001,1
19227,26,PML,0.30999999999999994,0.23708199999999996,1
19228,26,AKT2,1.2100000000000004,0.8873732000000001,1
19229,26,CEP89,0.07,0.0462706,1
19230,26,LZTR1,0.10999999999999999,0.13213129999999998,1
19231,26,YWHAE,0.3,0.1918823,1
19232,26,DNAJB1,-0.13,-0.025748,1
19233,26,PRDM2,0.06,0.05026220000000001,1
19234,26,TPM4,0.51,0.360326,1
19235,26,CREBBP,2.120000000000001,1.7532360999999996,1
19236,26,PMS2,0.7600000000000002,0.6733040000000001,1
19237,26,DDR2,0.02,0.010786400000000002,1
19238,26,FANCA,0.35000000000000003,0.31078690000000003,1
19239,26,PDE4DIP,0.08,0.0627484,1
19240,26,USP8,-0.049999999999999996,-0.0258414,1
19241,26,MYH9,-0.38,-0.11367420000000003,1
19242,26,MYC,-1.3500000000000005,-0.3178934000000001,1
19243,26,NBN,0.6400000000000001,0.5394545000000001,1
19244,26,CCND3,-0.13000000000000003,-0.018846100000000005,1
19245,26,TRIP11,-0.08,-0.0590828,1
19246,26,CNTRL,-0.09,-0.0690412,1
19247,26,PIK3CA,1.0400000000000007,0.9580127000000002,1
19248,26,DDX5,0.32,0.3124839000000001,1
19249,26,PICALM,0.010000000000000002,0.009689100000000003,1
19250,26,RARA,0.09000000000000001,0.1298786,1
19251,26,DDX6,-0.009999999999999995,0.09687459999999998,1
19252,26,COL1A1,0.21,0.18630239999999998,1
19253,26,VHL,0.30000000000000004,0.225458,1
19254,26,MAPK1,1.6000000000000008,1.1744046000000001,1
19255,26,SRC,0.13,0.29650829999999995,1
19256,26,NFE2L2,0.2700000000000001,0.22988660000000002,1
19257,26,MITF,-0.26,-0.07039190000000001,1
19258,26,SMAD3,1.2500000000000009,1.1973309000000003,1
19259,26,RBM15,0.12,0.10271590000000001,1
19260,26,ATR,0.7300000000000002,0.6199989,1
19261,26,EPAS1,0.39999999999999997,0.39023230000000003,1
19262,26,TPM3,0.22,0.15597739999999996,1
19263,26,RPL10,0.11000000000000001,0.1276957,1
19264,26,STAG1,0.18999999999999997,0.1812634,1
19265,26,SBDS,-0.03,-0.011267800000000001,1
19266,26,KMT2D,1.0700000000000005,0.8832433000000002,1
19267,26,MED12,0.37000000000000005,0.3169485,1
19268,26,BCLAF1,-0.00999999999999999,0.0557441,1
19269,26,ASPSCR1,-0.020000000000000004,-0.004254999999999998,1
19270,26,CDK12,0.5700000000000001,0.4717257,1
19271,26,EWSR1,0.16999999999999996,0.25944949999999994,1
19272,26,NDRG1,-0.029999999999999995,-0.0070154,1
19273,26,PSIP1,0.08000000000000002,0.0792003,1
19274,26,TRIM33,0.12000000000000001,0.1098331,1
19275,26,MTOR,1.0000000000000004,0.8507995000000003,1
19276,26,ARHGAP35,0.16999999999999998,0.16522140000000002,1
19277,26,POT1,0.010000000000000002,0.0189267,1
19278,26,EXT1,0.11,0.0875655,1
19279,26,IL6ST,0.34,0.2921924,1
19280,26,IDH2,-0.05,0.016277100000000003,1
19281,26,SMARCE1,0.37,0.24905320000000003,1
19282,26,CRTC3,0.09,0.07464390000000001,1
19283,26,TSC1,0.32999999999999996,0.3208064,1
19284,26,BCOR,-0.09999999999999998,0.012611899999999999,1
19285,26,SDHA,0.24000000000000002,0.19225689999999998,1
19286,26,EP300,2.4100000000000006,2.061451,1
19287,26,HNRNPA2B1,0.5100000000000001,0.3609973,1
19288,26,CLIP1,-0.09000000000000001,-0.05744370000000001,1
19289,26,PATZ1,-0.58,-0.1492691,1
19290,26,FUBP1,-0.15000000000000002,-0.01107979999999999,1
19291,26,HLA-A,-0.19,-0.022262300000000002,1
19292,26,CCNC,-0.17,-0.07089870000000001,1
19293,26,RPN1,-0.19,-0.07247619999999999,1
19294,26,TCF7L2,-0.020000000000000007,0.0862304,1
19295,26,CANT1,-0.03,0.005594099999999991,1
19296,26,RPL5,-0.5899999999999999,-0.1752361,1
19297,26,CCDC6,0.11000000000000001,0.1161808,1
19298,26,NCKIPSD,-0.09999999999999999,-0.029713000000000003,1
19299,26,SMARCD1,0.47000000000000003,0.37689839999999997,1
19300,26,BCL10,0.04,0.0724349,1
19301,26,MAX,0.09999999999999999,0.11456910000000001,1
19302,26,HERPUD1,-0.06,-0.0141228,1
19303,26,RAC1,0.14999999999999997,0.20085969999999992,1
19304,26,FLNA,0.16,0.1205846,1
19305,26,TFE3,-0.74,-0.2773697,1
19306,26,NCOR2,0.6500000000000001,0.5569304,1
19307,26,PRPF40B,0.060000000000000005,0.0443674,1
19308,26,BCL3,-0.13999999999999999,-0.014252299999999992,1
19309,26,TFPT,-0.41,-0.1109164,1
19310,26,MLH1,0.8300000000000003,0.7588676,1
19311,26,ARHGAP5,0.08999999999999998,0.1058549,1
19312,26,CIC,0.0,0.0,1
19313,26,LYN,0.79,0.6041598,1
19314,26,TCF12,0.35000000000000003,0.2999925,1
19315,26,KLF6,0.05,0.0363934,1
19316,26,KMT2C,0.9900000000000002,0.8653956999999999,1
19317,26,PIM1,-0.08999999999999998,-0.005408300000000005,1
19318,26,CCND1,1.2300000000000006,0.7564907999999997,1
19319,26,MLLT1,-1.5100000000000002,-0.374656,1
19320,26,MEN1,-0.09000000000000001,-0.01881400000000001,1
19321,26,CUL3,0.12000000000000005,0.20804430000000004,1
19322,26,RB1,0.7200000000000002,0.6093606,1
19323,26,LPP,-0.16,-0.0326218,1
19324,26,BUB1B,-0.15,-0.05650510000000002,1
19325,26,SMAD4,1.540000000000001,1.2867136999999997,1
19326,26,FGFR1,0.37000000000000005,0.32222559999999995,1
19327,26,TMSB4X,0.03,0.0216024,1
19328,26,CDK4,0.9700000000000004,0.66783,1
19329,26,MSI2,0.01,0.0079387,1
19330,26,MSH6,0.9900000000000004,0.8668343999999998,1
19331,26,BRAF,1.3400000000000007,1.2006499000000002,1
19332,26,TCEA1,-0.10000000000000003,-0.0044440000000000035,1
19333,26,TNFAIP3,0.14,0.12693340000000003,1
19334,26,RABEP1,0.010000000000000002,0.008112700000000004,1
19335,26,GMPS,-0.09999999999999999,-0.0439375,1
19336,26,MDM2,0.9200000000000004,0.7926996999999997,1
19337,26,NSD2,0.23999999999999996,0.19300530000000002,1
19338,26,CASP8,-0.18000000000000005,0.10128840000000001,1
19339,26,PER1,-0.16999999999999998,-0.06567350000000001,1
19340,26,UBR5,0.039999999999999994,0.0654762,1
19341,26,EIF3E,0.030000000000000006,0.056435700000000005,1
19342,26,RFWD3,0.04,0.0379745,1
19343,26,BRD3,0.14,0.1044899,1
19344,26,PAFAH1B2,0.02,0.0180662,1
19345,26,EXT2,0.009999999999999995,0.018530500000000005,1
19346,26,PLCG1,0.47000000000000003,0.4099535000000001,1
19347,26,SF3B1,-0.52,-0.24743660000000003,1
19348,26,ARHGEF10L,0.04,0.022373599999999997,1
19349,26,NFATC2,0.24000000000000002,0.18416139999999998,1
19350,26,SDHD,0.31,0.23582109999999998,1
19351,26,PABPC1,-1.51,-0.3887291999999999,1
19352,26,POLD1,-0.4799999999999999,-0.11029040000000004,1
19353,26,CALR,0.060000000000000005,0.0651111,1
19354,26,PIK3CB,0.6600000000000001,0.5751753999999999,1
19355,26,PPM1D,0.31000000000000005,0.24755120000000003,1
19356,26,ATRX,1.0700000000000005,0.9476602000000001,1
19357,26,DGCR8,0.23,0.18534680000000003,1
19358,26,DDX10,0.18,0.14274940000000003,1
19359,26,DROSHA,0.5500000000000002,0.4570464,1
19360,26,TNFRSF14,-0.19,-0.064401,1
19361,26,BCL9L,0.17,0.1315504,1
19362,26,QKI,0.05,0.0391915,1
19363,26,BAZ1A,0.0,0.0,1
19364,26,CHD4,0.37,0.33451100000000006,1
19365,26,NSD3,0.09999999999999999,0.12202,1
19366,26,NT5C2,0.18000000000000002,0.1085334,1
19367,26,CCNB1IP1,0.14,0.0659554,1
19368,26,PCBP1,-1.12,-0.2930537,1
19369,26,RALGDS,-0.08,0.0330189,1
19370,26,ARHGEF12,-0.009999999999999995,0.0367315,1
19371,26,HSP90AB1,1.1300000000000006,0.7667996999999999,1
19372,26,FOXO3,1.4200000000000008,1.1175845000000004,1
19373,26,HIP1,-0.01,-0.005609600000000001,1
19374,26,CDC73,0.10000000000000002,0.1147062,1
19375,26,NIN,-3.469446951953614e-18,-0.0028339999999999962,1
19376,26,MDM4,0.04000000000000001,0.1620454,1
19377,26,COL3A1,0.24,0.1978122,1
19378,26,CTNND1,0.15000000000000002,0.1693687,1
19379,26,SPOP,0.060000000000000005,0.08434889999999999,1
19380,26,TMEM127,0.08,0.048264600000000005,1
19381,26,CREB3L2,0.16,0.11040820000000001,1
19382,26,MSH2,0.9400000000000004,0.8409853,1
19383,26,FNBP1,0.019999999999999997,0.0295006,1
19384,26,ATF1,0.16,0.1196907,1
19385,26,EIF1AX,-0.4600000000000001,-0.1862519,1
19386,26,PMS1,0.5099999999999999,0.403197,1
19387,26,DEK,0.19,0.1581337,1
19388,26,ERBB2,1.0600000000000005,0.6890145999999999,1
19389,26,AKT1,0.9300000000000004,0.6261865,1
19390,26,CHEK2,0.62,0.6216872000000002,1
19391,26,SDHB,0.4000000000000001,0.3059055,1
19392,26,NCOA1,0.36999999999999994,0.32672939999999995,1
19393,26,CHIC2,0.07,0.0466025,1
19394,26,RUNX1,0.33000000000000007,0.6794364999999998,1
19395,26,STAT6,0.37,0.35779520000000004,1
19396,26,FH,-0.059999999999999984,0.0002561000000000091,1
19397,26,AKT3,1.0600000000000003,0.8028774000000002,1
19398,26,GNAS,0.37,0.26707559999999997,1
19399,26,CTNNB1,1.540000000000001,1.0948258999999998,1
19400,26,NONO,0.31000000000000005,0.26626659999999996,1
19401,26,SMARCB1,0.9900000000000004,0.7916641999999999,1
19402,26,PRKAR1A,0.23,0.21159080000000002,1
19403,26,ITGAV,-0.03000000000000001,0.03993419999999999,1
19404,26,SS18,0.43000000000000005,0.31880610000000004,1
19405,26,MAP2K1,1.1100000000000005,0.7004323,1
19406,26,SIRPA,-0.08,-0.0264232,1
19407,26,PPFIBP1,0.43,0.3236355,1
19408,26,RPL22,-0.12,0.09637050000000001,1
19409,26,CYLD,0.33,0.2691285,1
19410,26,ARID1B,0.8500000000000001,0.6843071000000001,1
19411,26,SETDB1,0.32,0.2397407,1
19412,26,AFDN,-0.3400000000000001,-0.0948953,1
19413,26,ZRSR2,-0.11000000000000001,-0.06361720000000001,1
19414,26,PBRM1,1.0200000000000005,0.8092968000000001,1
19415,26,XPC,0.51,0.32844870000000004,1
19416,26,ASXL2,0.29000000000000004,0.2164988,1
19417,26,TRIM24,-0.14,0.03055789999999999,1
19418,26,SFPQ,-0.47,-0.1739674,1
19419,26,NCOA2,0.5900000000000001,0.5143047000000001,1
19420,26,FOXO4,0.44999999999999996,0.28649299999999994,1
19421,26,LEF1,0.19,0.20063150000000002,1
19422,26,B2M,-0.28,-0.1339708,1
19423,26,DDIT3,-0.32999999999999996,-0.0920576,1
19424,26,BCL6,0.40000000000000013,0.31872789999999995,1
19425,26,KRAS,-1.734723475976807e-17,0.16217809999999996,1
19426,26,FAT1,0.11,0.0809725,1
19427,26,ABL2,0.07,0.068158,1
19428,26,NF1,1.3300000000000007,1.1264435000000002,1
19429,26,BTG1,-0.06,-0.026731799999999997,1
19430,26,EIF4A2,0.08,0.0487495,1
19431,26,SET,0.19,0.1541576,1
19432,26,EPS15,0.09,0.0774177,1
19433,26,RNF213,0.05,0.0446111,1
19434,26,CTCF,1.0800000000000005,0.7723865000000002,1
19435,26,WDCP,0.2,0.1317002,1
19436,26,KAT7,0.16999999999999998,0.1462314,1
19437,26,KDM5C,0.2,0.18893880000000002,1
19438,26,TGFBR2,0.27,0.2303384,1
19439,26,ATM,0.9100000000000004,0.9811933000000002,1
19440,26,NUMA1,0.05,0.0461558,1
19441,26,STAT3,1.1000000000000005,0.9689463,1
19442,26,SUB1,-0.07999999999999999,-0.0367978,1
19443,26,NUP98,0.21000000000000002,0.23395410000000005,1
19444,26,ELL,0.12000000000000001,0.06162970000000001,1
19445,26,MAP3K1,0.33999999999999997,0.2970789000000001,1
19446,26,MALT1,0.15999999999999998,0.1738159,1
19447,26,XPO1,0.55,0.47675060000000014,1
19448,26,SETD1B,0.29000000000000004,0.23984740000000002,1
19449,26,ETV6,-0.05000000000000002,0.01606600000000001,1
19450,26,TBL1XR1,0.25,0.1866269,1
19451,26,NUP214,-0.19999999999999998,0.08878439999999999,1
19452,26,TPR,0.13,0.11445890000000002,1
19453,26,ATIC,0.15000000000000002,0.16285030000000003,1
19454,26,NACA,0.21000000000000002,0.12429050000000001,1
19455,26,MYO5A,0.02,0.015771,1
19456,26,SMC1A,0.29000000000000004,0.4173260999999999,1
19457,26,LASP1,-0.22999999999999998,-0.11706139999999998,1
19458,26,ERCC5,0.49,0.30510419999999994,1
19459,26,JUN,-1.5300000000000005,-0.3364111000000001,1
19460,26,THRAP3,0.09,0.0713645,1
19461,26,STAG2,0.10999999999999999,0.21018869999999998,1
19462,26,RAF1,0.8000000000000004,0.6409658999999999,1
19463,26,ERCC3,0.61,0.5125076,1
19464,26,SMAD2,0.35000000000000003,0.4643379000000001,1
19465,26,TAF15,0.23000000000000004,0.1864678,1
19466,26,ARNT,0.25,0.23582009999999998,1
19467,26,CLTC,-0.68,-0.2950496999999999,1
19468,26,IKBKB,0.4800000000000001,0.4834415999999999,1
19469,26,IDH1,-0.8900000000000003,-0.27575520000000003,1
19470,26,SND1,3.469446951953614e-18,0.0278822,1
19471,26,KNSTRN,0.02,0.014846999999999999,1
19472,26,RHOA,-3.070000000000001,-0.7168045999999998,1
19473,26,PALB2,0.58,0.5446605,1
19474,26,ARID2,0.8400000000000001,0.686131,1
19475,26,EZR,-0.16000000000000003,-0.0514309,1
19476,26,TP53,-0.58,0.20427119999999985,1
19477,26,ARAF,0.44000000000000006,0.2554888,1
19478,26,KIF5B,0.6,0.4614969,1
19479,26,KAT6A,0.19000000000000003,0.23227929999999997,1
19480,26,KTN1,-0.09999999999999999,0.0009757999999999989,1
19481,26,GOLGA5,-0.07,-0.04815680000000001,1
19482,26,KDM5A,0.31000000000000005,0.2908175,1
19483,26,RAD21,0.6100000000000001,0.5095025999999999,1
19484,26,GNAQ,0.29999999999999993,0.25411189999999995,1
19485,26,CAMTA1,0.07,0.0524876,1
19486,26,ERCC2,0.64,0.5126809,1
19487,26,EZH2,1.350000000000001,1.1660776000000004,1
19488,26,TOP1,0.26,0.2100266,1
19489,26,SRSF3,-0.29000000000000004,-0.0628974,1
19490,26,NPM1,0.060000000000000026,0.1169739,1
19491,26,BAX,-0.78,-0.1797161,1
19492,26,NOTCH2,0.29000000000000004,0.24589300000000003,1
19493,26,TRAF7,0.02,0.0151346,1
19494,26,KDM6A,0.8000000000000003,0.8753968,1
19495,26,SPEN,0.13999999999999999,0.1129859,1
19496,26,TRIM27,-0.5800000000000001,-0.17794970000000002,1
19497,26,CRTC1,0.14,0.11224479999999999,1
19498,26,EML4,0.25,0.29776089999999994,1
19499,26,USP9X,0.009999999999999998,0.006772799999999999,1
19500,26,PTPRK,0.0,0.0,1
19501,26,CD74,-0.14,-0.0051192000000000095,1
19502,26,CBL,0.5900000000000001,0.5248470000000001,1
19503,26,ZNF384,0.05,0.0386942,1
19504,26,NOTCH1,1.1500000000000006,0.8374029000000003,1
19505,26,COX6C,-0.19,-0.0489965,1
19506,26,CHCHD7,0.03,0.019839299999999997,1
19507,26,HMGA1,-0.009999999999999998,0.001805100000000004,1
19508,26,PTEN,1.1200000000000006,1.1351834000000007,1
19509,26,FIP1L1,-0.039999999999999994,-0.0151225,1
19510,26,JAK1,0.9300000000000004,0.7827874000000001,1
19511,26,ZMYM2,0.03,0.0268829,1
19512,26,SUZ12,0.8500000000000003,0.6786188000000001,1
19513,26,FUS,-0.63,-0.07343160000000001,1
19514,26,BAP1,-0.44,-0.1809859,1
19515,26,ZCCHC8,-0.05,-0.0175265,1
19516,26,CRNKL1,0.019999999999999997,0.015357999999999998,1
19517,26,RAD17,0.2,0.15510590000000002,1
19518,26,ATP1A1,0.04,0.0241148,1
19519,26,DNMT3A,0.9700000000000004,0.8259863,1
19520,26,FBXW7,1.1100000000000003,0.9330638,1
19521,26,WWTR1,-0.05,-0.012958100000000004,1
19522,26,CDKN1B,0.5000000000000001,0.3611996,1
19523,26,KMT2A,0.35,0.4003092,1
19524,26,PTPN11,1.1600000000000008,0.9908703,1
19525,26,STAT5B,0.7400000000000002,0.6160931000000002,1
19526,26,CUX1,-0.060000000000000005,-0.0390127,1
19527,26,ABI1,-0.32,-0.0839714,1
19528,26,BRCA1,1.5400000000000011,1.3360043000000004,1
19529,26,SH2B3,0.09999999999999999,0.0676519,1
19530,26,AFF4,-0.18,-0.09345140000000002,1
19531,26,NF2,0.16999999999999998,0.16313879999999997,1
19532,26,LMNA,0.04,0.0403848,1
19533,26,TSC2,0.8900000000000003,0.7266354000000002,1
19534,26,GOLPH3,-0.04,-0.030759800000000004,1
19535,26,PCM1,-0.04,-0.0338312,1
19536,26,PPP2R1A,-0.24,-0.0651112,1
19537,26,ARID1A,1.8200000000000012,1.4943557999999997,1
19538,26,ABL1,-0.24999999999999997,0.041057400000000056,1
19539,26,AFF1,0.05000000000000002,0.0778456,1
19540,26,DAXX,-0.55,-0.15596430000000003,1
19541,26,CBFB,0.03999999999999999,0.11646079999999998,1
19542,26,CBLB,0.17,0.1506903,1
19543,26,POLR2A,-0.51,-0.00014590000000000436,1
19544,26,PRKACA,0.24000000000000016,0.30094589999999993,1
19545,26,DNM2,-0.12000000000000002,-0.049409800000000004,1
19546,26,RAP1GDS1,1.3877787807814457e-17,0.05817140000000001,1
19547,26,NCOR1,0.9000000000000002,0.9069825000000002,1
19548,26,NFKBIE,-0.39,-0.1201751,1
19549,26,DDX3X,0.30000000000000004,0.2641761,1
19550,26,ELK4,0.03,0.025659599999999998,1
19551,26,MLLT6,0.04,0.0413448,1
19552,26,SRSF2,-3.519999999999999,-0.7564926,1
19553,26,CTNNA1,0.17,0.1339411,1
19554,26,RBM10,0.12000000000000001,0.09443780000000002,1
19555,26,PTPRC,6.938893903907228e-18,0.0994714,1
19556,26,HSP90AA1,0.9300000000000004,0.6418215000000002,1
19557,26,NSD1,0.24,0.1930087,0
19558,26,DICER1,0.22,0.2211154,0
19559,26,BIRC6,0.09,0.0729261,0
19560,26,SDHC,0.27999999999999997,0.19448669999999998,0
19561,26,TFG,0.34,0.19658560000000003,0
19562,26,MAP2K2,0.26,0.19511890000000004,0
19563,26,TFRC,-0.22000000000000003,-0.11463599999999999,0
19564,26,CREB1,0.8300000000000004,0.6145446999999999,0
19565,26,POLG,0.01,0.0035859000000000004,0
19566,26,SETD2,0.6600000000000001,0.5648491000000001,0
19567,26,NAB2,-0.32,-0.1146822,0
19568,26,HIF1A,1.6100000000000008,1.1468237000000003,0
19569,26,FLCN,0.05,0.0430768,0
19570,26,MAP2K4,-0.08,0.053752499999999995,0
19571,26,CNOT3,-0.030000000000000006,-0.0021382000000000068,0
19572,26,CIITA,0.09000000000000001,0.055606300000000004,0
19573,26,LSM14A,0.09,0.0812241,0
19574,26,AKAP9,-0.07,-0.01886120000000001,0
19575,26,MSN,-0.36,-0.0740861,0
19576,26,BCR,0.06,0.0504166,0
19577,26,TRRAP,0.02000000000000004,0.1378751,0
19578,26,PPP6C,-0.16,-0.08183800000000002,0
19579,26,NCOA4,-0.19,-0.108952,0
19580,26,BCL9,0.14,0.11221779999999999,0
19581,26,PRCC,0.010000000000000005,0.011701500000000007,0
19582,26,LARP4B,-0.01,-0.0051572,0
19583,26,CHD2,0.01,0.007422,0
19584,26,ASXL1,0.5399999999999999,0.4789748,0
19585,26,SMARCA4,1.3100000000000007,0.9818093000000002,0
19586,26,ERC1,-0.02,-0.0154132,0
19587,26,DCTN1,-0.3699999999999999,-0.15700129999999995,0
19588,26,PIK3R1,1.2700000000000007,0.9292923999999999,0
19589,26,EED,-0.010000000000000021,0.04267639999999999,0
19590,26,CNBP,0.01,0.0055801,0
19591,26,SGK1,0.32,0.1942183,0
19592,26,MLLT10,-0.10000000000000002,-0.03818850000000001,0
19593,26,BRD4,0.9700000000000004,0.7241801,0
19594,26,RANBP2,0.21,0.21881500000000004,0
19595,26,FBXO11,0.060000000000000005,0.04765030000000001,0
19596,26,PML,0.38,0.27348169999999994,0
19597,26,AKT2,0.9900000000000003,0.6799414,0
19598,26,CEP89,0.07,0.0439585,0
19599,26,LZTR1,0.09,0.0830475,0
19600,26,YWHAE,0.22000000000000003,0.14113379999999998,0
19601,26,DNAJB1,-0.03,-0.003341099999999996,0
19602,26,PRDM2,0.02,0.014493200000000001,0
19603,26,TPM4,0.46,0.3026733,0
19604,26,CREBBP,1.8000000000000012,1.4533615000000002,0
19605,26,PMS2,0.6400000000000001,0.5754792,0
19606,26,DDR2,0.029999999999999992,0.017202599999999995,0
19607,26,FANCA,0.35,0.27975,0
19608,26,PDE4DIP,0.05,0.0334699,0
19609,26,USP8,-0.1,-0.04555360000000001,0
19610,26,MYH9,-0.23,-0.0301355,0
19611,26,MYC,-1.3700000000000003,-0.5187481999999999,0
19612,26,NBN,0.51,0.3777575000000001,0
19613,26,CCND3,-0.04999999999999999,0.019838899999999996,0
19614,26,TRIP11,-0.12,-0.0811458,0
19615,26,CNTRL,-0.09,-0.057796,0
19616,26,PIK3CA,1.570000000000001,1.1300867,0
19617,26,DDX5,0.37,0.3281223,0
19618,26,PICALM,3.469446951953614e-18,0.0028901000000000066,0
19619,26,RARA,0.47000000000000003,0.3293294,0
19620,26,DDX6,-0.05,0.0705189,0
19621,26,COL1A1,0.09,0.1087911,0
19622,26,VHL,0.15,0.11181550000000001,0
19623,26,MAPK1,1.550000000000001,0.9937244000000001,0
19624,26,SRC,-0.5900000000000001,-0.014154700000000006,0
19625,26,NFE2L2,0.19999999999999998,0.1592805,0
19626,26,MITF,-0.32999999999999996,-0.0722399,0
19627,26,SMAD3,1.2500000000000009,0.9372229000000003,0
19628,26,RBM15,0.04,0.041089600000000004,0
19629,26,ATR,0.6500000000000002,0.5401246999999999,0
19630,26,EPAS1,0.3499999999999999,0.31865869999999996,0
19631,26,TPM3,0.24000000000000002,0.16603,0
19632,26,RPL10,0.13,0.1123477,0
19633,26,STAG1,0.10999999999999999,0.1208132,0
19634,26,SBDS,-0.05,-0.019184800000000002,0
19635,26,KMT2D,0.9400000000000004,0.6894849000000001,0
19636,26,MED12,0.3,0.23730860000000004,0
19637,26,BCLAF1,-1.3877787807814457e-17,0.04118119999999999,0
19638,26,ASPSCR1,-0.01,0.0025306000000000035,0
19639,26,CDK12,0.28,0.2102856,0
19640,26,EWSR1,0.44999999999999996,0.3552083000000001,0
19641,26,NDRG1,-0.02,-0.006609199999999999,0
19642,26,PSIP1,-0.10000000000000002,-0.041160300000000004,0
19643,26,TRIM33,0.019999999999999997,0.026936200000000007,0
19644,26,MTOR,1.2900000000000007,0.9250379000000001,0
19645,26,ARHGAP35,0.13000000000000003,0.13413410000000003,0
19646,26,POT1,-0.04,-0.002980000000000001,0
19647,26,EXT1,0.11,0.0702273,0
19648,26,IL6ST,0.28,0.213941,0
19649,26,IDH2,-0.03999999999999999,0.030467400000000006,0
19650,26,SMARCE1,0.48,0.30982770000000004,0
19651,26,CRTC3,0.09,0.0663122,0
19652,26,TSC1,0.31,0.2719275,0
19653,26,BCOR,-0.13999999999999999,-0.010910200000000005,0
19654,26,SDHA,0.21000000000000002,0.12471060000000002,0
19655,26,EP300,1.6500000000000012,1.2886373999999998,0
19656,26,HNRNPA2B1,0.25,0.2196962,0
19657,26,CLIP1,-0.11,-0.059636,0
19658,26,PATZ1,-0.4700000000000001,-0.1305831,0
19659,26,FUBP1,-0.17,-0.013155500000000011,0
19660,26,HLA-A,-0.14,0.00862630000000001,0
19661,26,CCNC,-0.09000000000000001,-0.0352823,0
19662,26,RPN1,-0.27,-0.0683124,0
19663,26,TCF7L2,0.01999999999999996,0.07946239999999999,0
19664,26,CANT1,0.09000000000000001,0.0535763,0
19665,26,RPL5,-0.58,-0.1523952,0
19666,26,CCDC6,1.3877787807814457e-17,0.047673000000000014,0
19667,26,NCKIPSD,0.019999999999999997,0.012248799999999999,0
19668,26,SMARCD1,0.43,0.3028816,0
19669,26,BCL10,6.938893903907228e-18,0.021261799999999997,0
19670,26,MAX,-0.020000000000000007,0.0018282999999999962,0
19671,26,HERPUD1,0.02,0.0081466,0
19672,26,RAC1,0.020000000000000025,0.1011097,0
19673,26,FLNA,0.02000000000000001,0.06310199999999999,0
19674,26,TFE3,-0.44,-0.1875024,0
19675,26,NCOR2,0.7000000000000002,0.5108813999999999,0
19676,26,PRPF40B,-0.03,-0.018045,0
19677,26,BCL3,-0.05,-0.009202500000000006,0
19678,26,TFPT,-0.26,-0.0860162,0
19679,26,MLH1,0.9,0.7362106,0
19680,26,ARHGAP5,0.12,0.1082424,0
19681,26,CIC,0.0,0.0,0
19682,26,LYN,0.8400000000000002,0.6054423999999999,0
19683,26,TCF12,0.27999999999999997,0.22017119999999998,0
19684,26,KLF6,0.04,0.0235988,0
19685,26,KMT2C,1.0400000000000005,0.7933277999999997,0
19686,26,PIM1,-0.19,-0.0669025,0
19687,26,CCND1,1.4900000000000009,0.9362965000000001,0
19688,26,MLLT1,-0.9000000000000001,-0.2774675,0
19689,26,MEN1,-0.06000000000000002,0.0012032000000000015,0
19690,26,CUL3,0.18000000000000002,0.16263329999999998,0
19691,26,RB1,0.7000000000000002,0.5179587999999999,0
19692,26,LPP,-0.039999999999999994,-0.015459900000000002,0
19693,26,BUB1B,-0.19,-0.104632,0
19694,26,SMAD4,1.4400000000000008,1.0679007,0
19695,26,FGFR1,0.26,0.17675799999999997,0
19696,26,TMSB4X,0.04,0.030954000000000002,0
19697,26,CDK4,0.7100000000000002,0.47904740000000007,0
19698,26,MSI2,0.0,0.0,0
19699,26,MSH6,0.8700000000000003,0.664721,0
19700,26,BRAF,1.0600000000000005,0.9153395,0
19701,26,TCEA1,-0.06999999999999999,-0.005696900000000008,0
19702,26,TNFAIP3,0.13,0.11904189999999999,0
19703,26,RABEP1,0.0,-0.0005515999999999993,0
19704,26,GMPS,-0.05000000000000002,-0.03061910000000001,0
19705,26,MDM2,1.3300000000000007,0.9630600999999999,0
19706,26,NSD2,0.15,0.10017010000000001,0
19707,26,CASP8,0.010000000000000007,0.18313279999999998,0
19708,26,PER1,-0.19,-0.05192449999999999,0
19709,26,UBR5,-0.059999999999999984,-0.021235699999999982,0
19710,26,EIF3E,-0.06999999999999999,0.05700580000000001,0
19711,26,RFWD3,0.030000000000000002,0.0317354,0
19712,26,BRD3,0.08,0.0737261,0
19713,26,PAFAH1B2,0.02,0.0164524,0
19714,26,EXT2,0.009999999999999995,0.010250300000000004,0
19715,26,PLCG1,0.49,0.36181880000000005,0
19716,26,SF3B1,-0.28,-0.1075247,0
19717,26,ARHGEF10L,0.02,0.010580400000000002,0
19718,26,NFATC2,0.2,0.13952710000000002,0
19719,26,SDHD,0.24,0.13622929999999997,0
19720,26,PABPC1,-0.8900000000000001,-0.21510370000000004,0
19721,26,POLD1,-0.2899999999999999,-0.06346829999999999,0
19722,26,CALR,0.020000000000000004,0.028556699999999997,0
19723,26,PIK3CB,0.5299999999999999,0.4401092,0
19724,26,PPM1D,0.19000000000000003,0.14528,0
19725,26,ATRX,0.9100000000000004,0.7292455999999999,0
19726,26,DGCR8,0.14,0.0869633,0
19727,26,DDX10,0.15000000000000002,0.10333320000000001,0
19728,26,DROSHA,0.38,0.26863450000000005,0
19729,26,TNFRSF14,-0.09,-0.037785599999999996,0
19730,26,BCL9L,0.13999999999999999,0.0973837,0
19731,26,QKI,-0.06,-0.037645200000000004,0
19732,26,BAZ1A,0.01,0.007190800000000001,0
19733,26,CHD4,0.16999999999999998,0.15020160000000002,0
19734,26,NSD3,0.06,0.0599248,0
19735,26,NT5C2,0.17,0.09728329999999999,0
19736,26,CCNB1IP1,0.11000000000000001,0.0476236,0
19737,26,PCBP1,-0.79,-0.24135630000000002,0
19738,26,RALGDS,0.13,0.10118250000000001,0
19739,26,ARHGEF12,3.469446951953614e-18,0.007924900000000002,0
19740,26,HSP90AB1,1.0600000000000003,0.7222244999999999,0
19741,26,FOXO3,1.2800000000000005,0.8933902000000001,0
19742,26,HIP1,-0.02,-0.013097000000000001,0
19743,26,CDC73,-0.11000000000000001,-0.006260799999999999,0
19744,26,NIN,0.04,0.0292062,0
19745,26,MDM4,0.13999999999999999,0.17141289999999998,0
19746,26,COL3A1,0.15,0.1356269,0
19747,26,CTNND1,0.15000000000000002,0.14582499999999998,0
19748,26,SPOP,-0.029999999999999995,0.012966700000000003,0
19749,26,TMEM127,0.06000000000000001,0.05933640000000001,0
19750,26,CREB3L2,0.08,0.047124,0
19751,26,MSH2,0.8800000000000004,0.6431452,0
19752,26,FNBP1,0.0,0.004248200000000001,0
19753,26,ATF1,0.020000000000000004,0.016038800000000002,0
19754,26,EIF1AX,-0.43999999999999995,-0.202481,0
19755,26,PMS1,0.48000000000000004,0.36866029999999994,0
19756,26,DEK,0.08,0.0894044,0
19757,26,ERBB2,1.1200000000000006,0.7154542,0
19758,26,AKT1,0.7300000000000004,0.4904608000000001,0
19759,26,CHEK2,0.29999999999999993,0.3219047000000001,0
19760,26,SDHB,0.42,0.268155,0
19761,26,NCOA1,0.41999999999999993,0.3039762,0
19762,26,CHIC2,0.060000000000000005,0.0337483,0
19763,26,RUNX1,0.40000000000000013,0.6185661,0
19764,26,STAT6,0.29000000000000004,0.2254376,0
19765,26,FH,-0.22999999999999998,-0.093333,0
19766,26,AKT3,1.0200000000000002,0.7136027999999999,0
19767,26,GNAS,0.22,0.13641160000000002,0
19768,26,CTNNB1,1.530000000000001,1.0761643,0
19769,26,NONO,0.1,0.07249060000000002,0
19770,26,SMARCB1,0.8700000000000003,0.6269931999999999,0
19771,26,PRKAR1A,0.11,0.1001359,0
19772,26,ITGAV,0.030000000000000006,0.036943199999999995,0
19773,26,SS18,0.37,0.2348555,0
19774,26,MAP2K1,1.0700000000000005,0.6726091,0
19775,26,SIRPA,0.0,-0.00022969999999999935,0
19776,26,PPFIBP1,0.39,0.25829090000000005,0
19777,26,RPL22,-0.29000000000000004,0.06375850000000001,0
19778,26,CYLD,0.30000000000000004,0.24048160000000002,0
19779,26,ARID1B,0.6599999999999999,0.480695,0
19780,26,SETDB1,0.3,0.21579769999999998,0
19781,26,AFDN,-0.33,-0.12116470000000001,0
19782,26,ZRSR2,0.30000000000000004,0.21304589999999998,0
19783,26,PBRM1,0.9200000000000004,0.6660266000000001,0
19784,26,XPC,0.6200000000000001,0.41685120000000003,0
19785,26,ASXL2,0.21000000000000002,0.13947730000000003,0
19786,26,TRIM24,-0.21999999999999997,-0.09005740000000001,0
19787,26,SFPQ,-0.09,0.0023169999999999927,0
19788,26,NCOA2,0.54,0.3793366000000001,0
19789,26,FOXO4,0.41000000000000003,0.2710435,0
19790,26,LEF1,0.17999999999999997,0.13740650000000001,0
19791,26,B2M,-0.5200000000000001,-0.20420929999999998,0
19792,26,DDIT3,-0.38,-0.09657270000000001,0
19793,26,BCL6,0.5700000000000001,0.4068368,0
19794,26,KRAS,-1.2000000000000002,-0.32713529999999996,0
19795,26,FAT1,0.05000000000000001,0.05137679999999999,0
19796,26,ABL2,0.1,0.0752775,0
19797,26,NF1,0.8200000000000003,0.6935068999999999,0
19798,26,BTG1,-0.02,-0.0111988,0
19799,26,EIF4A2,0.10000000000000002,0.0960899,0
19800,26,SET,0.16000000000000003,0.13718000000000002,0
19801,26,EPS15,0.010000000000000002,0.017595500000000007,0
19802,26,RNF213,0.03,0.023960399999999996,0
19803,26,CTCF,0.9300000000000004,0.6683237,0
19804,26,WDCP,0.13,0.08438499999999999,0
19805,26,KAT7,0.11,0.0846895,0
19806,26,KDM5C,0.15,0.1341789,0
19807,26,TGFBR2,0.17,0.13902629999999996,0
19808,26,ATM,1.550000000000001,1.1903700000000002,0
19809,26,NUMA1,0.009999999999999998,0.020861,0
19810,26,STAT3,1.4800000000000009,1.1535912999999995,0
19811,26,SUB1,-0.26,-0.09121590000000002,0
19812,26,NUP98,0.08000000000000002,0.09749730000000001,0
19813,26,ELL,-0.019999999999999987,0.008875600000000008,0
19814,26,MAP3K1,0.45,0.34169429999999995,0
19815,26,MALT1,0.16000000000000003,0.1557079,0
19816,26,XPO1,0.30000000000000004,0.2521522,0
19817,26,SETD1B,0.14,0.10440799999999999,0
19818,26,ETV6,-0.12000000000000001,-0.03123100000000001,0
19819,26,TBL1XR1,0.21000000000000005,0.14136970000000004,0
19820,26,NUP214,-0.010000000000000018,0.08888220000000001,0
19821,26,TPR,0.09000000000000001,0.09067829999999999,0
19822,26,ATIC,0.049999999999999996,0.049623699999999986,0
19823,26,NACA,0.23,0.1576187,0
19824,26,MYO5A,0.009999999999999998,0.008673100000000001,0
19825,26,SMC1A,0.5700000000000001,0.4538494,0
19826,26,LASP1,-0.21000000000000002,-0.12163370000000001,0
19827,26,ERCC5,0.44000000000000006,0.2871832,0
19828,26,JUN,0.039999999999999925,0.2096407,0
19829,26,THRAP3,0.08,0.06606580000000001,0
19830,26,STAG2,0.51,0.3938512999999999,0
19831,26,RAF1,1.1300000000000003,0.7873958000000001,0
19832,26,ERCC3,0.52,0.43212420000000007,0
19833,26,SMAD2,0.5900000000000002,0.5183700000000001,0
19834,26,TAF15,0.18000000000000002,0.1516943,0
19835,26,ARNT,0.30000000000000004,0.2555028,0
19836,26,CLTC,-0.53,-0.2840176,0
19837,26,IKBKB,0.4400000000000001,0.40295310000000006,0
19838,26,IDH1,-0.56,-0.15620279999999998,0
19839,26,SND1,-0.04,-0.0210434,0
19840,26,KNSTRN,0.03,0.0245226,0
19841,26,RHOA,-1.2800000000000005,-0.3311827,0
19842,26,PALB2,0.5499999999999999,0.47149789999999997,0
19843,26,ARID2,0.76,0.5680240999999999,0
19844,26,EZR,-0.07000000000000002,0.010948400000000006,0
19845,26,TP53,-1.0099999999999998,-0.09463950000000004,0
19846,26,ARAF,0.4,0.2215083,0
19847,26,KIF5B,0.44000000000000006,0.3142544,0
19848,26,KAT6A,0.16999999999999998,0.1685117,0
19849,26,KTN1,-0.11,-0.036854,0
19850,26,GOLGA5,-0.15000000000000002,-0.1007811,0
19851,26,KDM5A,0.24000000000000002,0.2128401,0
19852,26,RAD21,0.46000000000000013,0.3497947,0
19853,26,GNAQ,0.12,0.08721,0
19854,26,CAMTA1,0.01,0.007183900000000001,0
19855,26,ERCC2,0.62,0.4310452,0
19856,26,EZH2,1.8100000000000012,1.1441839999999996,0
19857,26,TOP1,0.12000000000000001,0.1029402,0
19858,26,SRSF3,-0.26,-0.07559970000000002,0
19859,26,NPM1,-0.08999999999999998,0.11171579999999999,0
19860,26,BAX,-0.44999999999999996,-0.14192320000000003,0
19861,26,NOTCH2,0.26,0.2057643,0
19862,26,TRAF7,0.03,0.0235686,0
19863,26,KDM6A,0.8200000000000003,0.6933304000000001,0
19864,26,SPEN,0.08,0.0614941,0
19865,26,TRIM27,-0.43,-0.15225660000000002,0
19866,26,CRTC1,0.13,0.0977829,0
19867,26,EML4,0.25,0.2081538,0
19868,26,USP9X,-0.039999999999999994,-0.0249111,0
19869,26,PTPRK,0.01,0.0069237000000000005,0
19870,26,CD74,-0.24,-0.04237450000000001,0
19871,26,CBL,0.6200000000000001,0.4567572000000001,0
19872,26,ZNF384,-0.09,-0.047743900000000006,0
19873,26,NOTCH1,0.9800000000000006,0.7054168,0
19874,26,COX6C,-0.1,-0.048278600000000005,0
19875,26,CHCHD7,0.03,0.0200277,0
19876,26,HMGA1,-0.10999999999999999,-0.0542014,0
19877,26,PTEN,1.4200000000000008,1.1672007999999998,0
19878,26,FIP1L1,-0.049999999999999996,-0.025975599999999995,0
19879,26,JAK1,0.8100000000000003,0.6336305,0
19880,26,ZMYM2,-0.07,-0.04772430000000001,0
19881,26,SUZ12,0.8200000000000003,0.5795498000000001,0
19882,26,FUS,-0.1,0.14130459999999997,0
19883,26,BAP1,0.09000000000000001,0.0918131,0
19884,26,ZCCHC8,-0.06,-0.0187872,0
19885,26,CRNKL1,-0.03,-0.018001100000000006,0
19886,26,RAD17,0.13,0.0948048,0
19887,26,ATP1A1,0.0,0.0031224000000000026,0
19888,26,DNMT3A,0.9200000000000004,0.6836721000000001,0
19889,26,FBXW7,1.0400000000000003,0.8015161,0
19890,26,WWTR1,-0.030000000000000006,-0.013582900000000002,0
19891,26,CDKN1B,0.6000000000000001,0.38315710000000003,0
19892,26,KMT2A,0.44000000000000006,0.37936669999999995,0
19893,26,PTPN11,0.9800000000000002,0.7163179000000001,0
19894,26,STAT5B,0.6600000000000001,0.508992,0
19895,26,CUX1,-0.09999999999999999,-0.0667437,0
19896,26,ABI1,-0.33,-0.1130795,0
19897,26,BRCA1,1.7900000000000014,1.3841355,0
19898,26,SH2B3,0.05,0.0368672,0
19899,26,AFF4,0.04000000000000001,0.0490992,0
19900,26,NF2,0.04,0.079657,0
19901,26,LMNA,0.07,0.0639408,0
19902,26,TSC2,0.6100000000000001,0.48931209999999997,0
19903,26,GOLPH3,-0.1,-0.063157,0
19904,26,PCM1,-0.060000000000000005,-0.0404139,0
19905,26,PPP2R1A,-0.44999999999999996,-0.16122080000000003,0
19906,26,ARID1A,1.760000000000001,1.2716250999999998,0
19907,26,ABL1,0.20000000000000004,0.1782095000000001,0
19908,26,AFF1,0.2,0.16552370000000002,0
19909,26,DAXX,-0.3,-0.0758608,0
19910,26,CBFB,0.12,0.0900918,0
19911,26,CBLB,0.13,0.1007246,0
19912,26,POLR2A,0.07999999999999993,0.1930471,0
19913,26,PRKACA,0.28,0.22377870000000008,0
19914,26,DNM2,-0.15,-0.0624579,0
19915,26,RAP1GDS1,-0.030000000000000006,-0.0008038999999999859,0
19916,26,NCOR1,0.9300000000000004,0.7850867000000001,0
19917,26,NFKBIE,-0.25,-0.089255,0
19918,26,DDX3X,0.09,0.09847890000000001,0
19919,26,ELK4,0.02,0.0148382,0
19920,26,MLLT6,0.10999999999999999,0.0936612,0
19921,26,SRSF2,-1.19,-0.3380034,0
19922,26,CTNNA1,0.11,0.0811235,0
19923,26,RBM10,0.22,0.1490019,0
19924,26,PTPRC,0.08,0.10125820000000002,0
19925,26,HSP90AA1,1.1500000000000006,0.7743883000000001,0
19926,27,NSD1,0.35000000000000003,0.3137422,1
19927,27,DICER1,0.16999999999999996,0.2557123,1
19928,27,BIRC6,0.13999999999999999,0.1352125,1
19929,27,SDHC,0.43,0.32702200000000003,1
19930,27,TFG,0.17000000000000004,0.1154418,1
19931,27,MAP2K2,0.29,0.20341120000000001,1
19932,27,TFRC,-0.24000000000000002,-0.0679224,1
19933,27,CREB1,0.9900000000000005,0.8380886000000002,1
19934,27,POLG,-0.02,-0.0048796,1
19935,27,SETD2,0.6300000000000004,0.5849051,1
19936,27,NAB2,-0.52,-0.14495000000000002,1
19937,27,HIF1A,1.6200000000000008,1.2385051,1
19938,27,FLCN,-0.030000000000000006,0.0317285,1
19939,27,MAP2K4,0.07,0.1271803,1
19940,27,CNOT3,0.04,0.050303,1
19941,27,CIITA,0.11,0.07096680000000001,1
19942,27,LSM14A,0.15000000000000002,0.11995420000000001,1
19943,27,AKAP9,-0.07,0.0016400000000000095,1
19944,27,MSN,-0.16,-0.03060820000000001,1
19945,27,BCR,-1.0408340855860843e-17,0.0758005,1
19946,27,TRRAP,-0.049999999999999975,0.18881409999999998,1
19947,27,PPP6C,-0.13,-0.0481787,1
19948,27,NCOA4,-0.08000000000000002,-0.012027200000000009,1
19949,27,BCL9,0.19,0.1577874,1
19950,27,PRCC,0.12,0.09042349999999999,1
19951,27,LARP4B,0.04,0.030652400000000003,1
19952,27,CHD2,0.02,0.0179046,1
19953,27,ASXL1,0.29000000000000004,0.3590874,1
19954,27,SMARCA4,2.1600000000000006,1.6679476000000006,1
19955,27,ERC1,-0.019999999999999997,-0.014770299999999998,1
19956,27,DCTN1,-0.009999999999999995,0.028874799999999992,1
19957,27,PIK3R1,1.1700000000000006,0.9666545999999999,1
19958,27,EED,0.07000000000000002,0.06178720000000002,1
19959,27,CNBP,0.02,0.0128498,1
19960,27,SGK1,0.54,0.36919930000000006,1
19961,27,MLLT10,-0.22999999999999998,-0.13642590000000002,1
19962,27,BRD4,0.8400000000000003,0.7840888000000001,1
19963,27,RANBP2,0.29,0.29363659999999997,1
19964,27,FBXO11,0.08,0.067901,1
19965,27,PML,0.4,0.2802666000000001,1
19966,27,AKT2,1.1500000000000006,0.8428197000000002,1
19967,27,CEP89,0.06,0.0372831,1
19968,27,LZTR1,0.13999999999999999,0.1382433,1
19969,27,YWHAE,0.32,0.20351450000000001,1
19970,27,DNAJB1,-0.010000000000000009,0.019478199999999998,1
19971,27,PRDM2,0.08,0.06428229999999999,1
19972,27,TPM4,0.5,0.3514698,1
19973,27,CREBBP,1.630000000000001,1.4105379,1
19974,27,PMS2,0.7600000000000002,0.6681187,1
19975,27,DDR2,0.010000000000000002,0.011279500000000008,1
19976,27,FANCA,0.38000000000000006,0.33196410000000004,1
19977,27,PDE4DIP,0.08,0.061351600000000006,1
19978,27,USP8,-0.06,-0.0206251,1
19979,27,MYH9,-0.44000000000000006,-0.0989402,1
19980,27,MYC,-1.6500000000000004,-0.32267960000000023,1
19981,27,NBN,0.6600000000000001,0.543725,1
19982,27,CCND3,-0.07,0.010845399999999998,1
19983,27,TRIP11,-0.08,-0.0590864,1
19984,27,CNTRL,-0.08,-0.059254600000000004,1
19985,27,PIK3CA,1.350000000000001,1.1572085000000005,1
19986,27,DDX5,0.3599999999999998,0.34985850000000007,1
19987,27,PICALM,0.009999999999999995,0.012887599999999992,1
19988,27,RARA,-0.6800000000000002,-0.1295617,1
19989,27,DDX6,0.07999999999999999,0.14016819999999997,1
19990,27,COL1A1,0.22999999999999998,0.1973838,1
19991,27,VHL,0.26,0.19307290000000002,1
19992,27,MAPK1,1.8500000000000012,1.3191199000000005,1
19993,27,SRC,-0.22000000000000003,0.17313120000000004,1
19994,27,NFE2L2,0.44000000000000006,0.3224756,1
19995,27,MITF,-0.18,-0.015399400000000011,1
19996,27,SMAD3,1.2200000000000009,1.1479549,1
19997,27,RBM15,0.15,0.12483440000000001,1
19998,27,ATR,0.8200000000000003,0.6957080999999999,1
19999,27,EPAS1,0.39999999999999997,0.39854320000000004,1
20000,27,TPM3,0.25,0.18204170000000003,1
20001,27,RPL10,0.12000000000000001,0.1323538,1
20002,27,STAG1,0.11,0.16114759999999997,1
20003,27,SBDS,-0.03,-0.0112551,1
20004,27,KMT2D,0.9300000000000003,0.7759564,1
20005,27,MED12,0.47,0.3876599,1
20006,27,BCLAF1,-0.08,0.022123499999999997,1
20007,27,ASPSCR1,-0.08000000000000002,-0.0208614,1
20008,27,CDK12,0.5800000000000001,0.4677444,1
20009,27,EWSR1,0.2899999999999999,0.3318533000000001,1
20010,27,NDRG1,3.469446951953614e-18,0.013855300000000001,1
20011,27,PSIP1,0.04999999999999999,0.05435390000000001,1
20012,27,TRIM33,0.13,0.11199100000000001,1
20013,27,MTOR,1.1200000000000006,0.9019849000000002,1
20014,27,ARHGAP35,0.12,0.1319364,1
20015,27,POT1,0.02,0.025977,1
20016,27,EXT1,0.11,0.0815573,1
20017,27,IL6ST,0.34,0.284606,1
20018,27,IDH2,-0.07000000000000002,0.0215842,1
20019,27,SMARCE1,0.41000000000000003,0.2820494,1
20020,27,CRTC3,0.09,0.0734943,1
20021,27,TSC1,0.34,0.32667690000000005,1
20022,27,BCOR,-0.10000000000000002,0.043939900000000004,1
20023,27,SDHA,0.24000000000000002,0.1852219,1
20024,27,EP300,2.2600000000000002,1.9198293,1
20025,27,HNRNPA2B1,0.55,0.38076289999999996,1
20026,27,CLIP1,-0.09,-0.052765599999999996,1
20027,27,PATZ1,-0.7200000000000001,-0.1534536,1
20028,27,FUBP1,-0.15,-0.009311400000000004,1
20029,27,HLA-A,-0.05,0.0323377,1
20030,27,CCNC,-0.14,-0.05163040000000001,1
20031,27,RPN1,-0.14,-0.054405300000000004,1
20032,27,TCF7L2,0.07000000000000002,0.11911629999999998,1
20033,27,CANT1,0.03,0.02356359999999999,1
20034,27,RPL5,-0.56,-0.13380620000000001,1
20035,27,CCDC6,0.12000000000000002,0.1235553,1
20036,27,NCKIPSD,-0.039999999999999994,-0.0072239999999999995,1
20037,27,SMARCD1,0.43000000000000005,0.3355765,1
20038,27,BCL10,0.02000000000000001,0.07581860000000001,1
20039,27,MAX,0.04000000000000001,0.0807459,1
20040,27,HERPUD1,-0.05,-0.011563,1
20041,27,RAC1,-0.16999999999999998,0.046966000000000015,1
20042,27,FLNA,0.13,0.11194450000000002,1
20043,27,TFE3,-0.72,-0.2471526,1
20044,27,NCOR2,0.54,0.4999785,1
20045,27,PRPF40B,0.049999999999999996,0.0337397,1
20046,27,BCL3,-0.08999999999999997,-0.008409199999999995,1
20047,27,TFPT,-0.39,-0.1099714,1
20048,27,MLH1,0.5700000000000001,0.5916952,1
20049,27,ARHGAP5,0.15,0.129415,1
20050,27,CIC,0.01,0.0066857999999999996,1
20051,27,LYN,0.73,0.5607054,1
20052,27,TCF12,0.36999999999999994,0.3002375,1
20053,27,KLF6,0.05,0.036970100000000006,1
20054,27,KMT2C,0.9000000000000001,0.7816129,1
20055,27,PIM1,-0.06,0.007843799999999995,1
20056,27,CCND1,0.9700000000000004,0.6702556000000001,1
20057,27,MLLT1,-1.5300000000000002,-0.37546959999999996,1
20058,27,MEN1,-0.06999999999999999,-0.002585799999999999,1
20059,27,CUL3,0.2,0.23249369999999997,1
20060,27,RB1,0.72,0.6000402999999999,1
20061,27,LPP,-0.15,-0.0357393,1
20062,27,BUB1B,-0.15000000000000005,-0.0505526,1
20063,27,SMAD4,1.600000000000001,1.3059849000000001,1
20064,27,FGFR1,0.2,0.2331492,1
20065,27,TMSB4X,0.04,0.0317156,1
20066,27,CDK4,0.9700000000000004,0.6629595,1
20067,27,MSI2,0.01,0.0079815,1
20068,27,MSH6,1.0000000000000004,0.8525665999999998,1
20069,27,BRAF,1.2900000000000005,1.1204484,1
20070,27,TCEA1,-0.11000000000000001,-0.006771199999999998,1
20071,27,TNFAIP3,0.17,0.1537268,1
20072,27,RABEP1,0.0,0.0017696000000000031,1
20073,27,GMPS,-0.06,-0.027537899999999997,1
20074,27,MDM2,1.2800000000000007,0.9988971999999999,1
20075,27,NSD2,0.26,0.1964784,1
20076,27,CASP8,-0.29000000000000004,0.060249000000000004,1
20077,27,PER1,-0.22000000000000003,-0.0763578,1
20078,27,UBR5,0.08000000000000002,0.0849123,1
20079,27,EIF3E,-0.03,0.0499629,1
20080,27,RFWD3,0.030000000000000002,0.0326027,1
20081,27,BRD3,0.08,0.0642572,1
20082,27,PAFAH1B2,0.03,0.0274839,1
20083,27,EXT2,0.020000000000000004,0.019357400000000004,1
20084,27,PLCG1,0.52,0.4311226,1
20085,27,SF3B1,-0.55,-0.2317645,1
20086,27,ARHGEF10L,0.03,0.015027899999999999,1
20087,27,NFATC2,0.27,0.2000858,1
20088,27,SDHD,0.30999999999999994,0.21428830000000004,1
20089,27,PABPC1,-0.99,-0.2663769,1
20090,27,POLD1,-0.58,-0.12221600000000002,1
20091,27,CALR,1.734723475976807e-17,0.0545076,1
20092,27,PIK3CB,0.79,0.6656734999999999,1
20093,27,PPM1D,0.32999999999999996,0.2601118,1
20094,27,ATRX,1.0100000000000005,0.8908992,1
20095,27,DGCR8,0.21000000000000002,0.16470920000000003,1
20096,27,DDX10,0.16,0.1250482,1
20097,27,DROSHA,0.5900000000000001,0.4833319000000001,1
20098,27,TNFRSF14,-0.21,-0.0673329,1
20099,27,BCL9L,0.14,0.1045917,1
20100,27,QKI,0.02,0.0159954,1
20101,27,BAZ1A,0.0,0.0,1
20102,27,CHD4,0.37000000000000005,0.33932029999999996,1
20103,27,NSD3,0.13,0.1295241,1
20104,27,NT5C2,0.16,0.0913332,1
20105,27,CCNB1IP1,0.12000000000000001,0.0538791,1
20106,27,PCBP1,-1.0299999999999998,-0.25044360000000004,1
20107,27,RALGDS,-0.18,-8.580000000000046e-05,1
20108,27,ARHGEF12,0.009999999999999995,0.0409857,1
20109,27,HSP90AB1,0.8700000000000001,0.6432539,1
20110,27,FOXO3,1.530000000000001,1.1351789,1
20111,27,HIP1,-0.01,-0.005052399999999999,1
20112,27,CDC73,0.060000000000000005,0.09678830000000001,1
20113,27,NIN,0.03,0.018800899999999995,1
20114,27,MDM4,0.02000000000000001,0.1399375,1
20115,27,COL3A1,0.25,0.20872039999999997,1
20116,27,CTNND1,0.15000000000000002,0.1729503,1
20117,27,SPOP,0.020000000000000004,0.06911550000000001,1
20118,27,TMEM127,0.030000000000000013,0.025041200000000007,1
20119,27,CREB3L2,0.2,0.131792,1
20120,27,MSH2,1.0400000000000005,0.8930262000000001,1
20121,27,FNBP1,0.03,0.042210599999999994,1
20122,27,ATF1,0.13999999999999999,0.10033539999999999,1
20123,27,EIF1AX,-0.44,-0.17455629999999997,1
20124,27,PMS1,0.33,0.26790279999999994,1
20125,27,DEK,0.14,0.13149329999999998,1
20126,27,ERBB2,0.9300000000000004,0.5908772000000001,1
20127,27,AKT1,0.5800000000000002,0.4590531,1
20128,27,CHEK2,0.51,0.5901898000000001,1
20129,27,SDHB,0.44000000000000006,0.32363120000000006,1
20130,27,NCOA1,0.48,0.3715088,1
20131,27,CHIC2,0.09,0.0609382,1
20132,27,RUNX1,0.020000000000000018,0.546215,1
20133,27,STAT6,0.37000000000000005,0.34655400000000003,1
20134,27,FH,-0.01999999999999999,0.02841750000000002,1
20135,27,AKT3,1.1500000000000006,0.8558837999999999,1
20136,27,GNAS,0.3999999999999999,0.27427019999999996,1
20137,27,CTNNB1,1.4600000000000009,1.0550909,1
20138,27,NONO,0.33000000000000007,0.26821880000000003,1
20139,27,SMARCB1,0.9400000000000004,0.7650576000000001,1
20140,27,PRKAR1A,0.22,0.22033529999999998,1
20141,27,ITGAV,-5.204170427930421e-18,0.04870439999999999,1
20142,27,SS18,0.45,0.3289505,1
20143,27,MAP2K1,1.0400000000000003,0.672558,1
20144,27,SIRPA,-0.08,-0.0208276,1
20145,27,PPFIBP1,0.41,0.3051826,1
20146,27,RPL22,-0.18000000000000002,0.10598690000000002,1
20147,27,CYLD,0.33,0.26384870000000005,1
20148,27,ARID1B,0.8500000000000001,0.6581486,1
20149,27,SETDB1,0.31,0.2192141,1
20150,27,AFDN,-0.33000000000000007,-0.09333829999999999,1
20151,27,ZRSR2,-0.04000000000000001,-0.02496489999999999,1
20152,27,PBRM1,1.0600000000000005,0.8204381,1
20153,27,XPC,0.52,0.34845360000000003,1
20154,27,ASXL2,0.31,0.23054900000000003,1
20155,27,TRIM24,-0.21999999999999997,-0.00959,1
20156,27,SFPQ,-0.62,-0.21207239999999997,1
20157,27,NCOA2,0.52,0.44864980000000004,1
20158,27,FOXO4,0.25,0.175342,1
20159,27,LEF1,0.31,0.2527341,1
20160,27,B2M,-0.30000000000000004,-0.12435170000000001,1
20161,27,DDIT3,-0.35,-0.100408,1
20162,27,BCL6,0.27,0.2744837,1
20163,27,KRAS,0.30000000000000004,0.32256409999999996,1
20164,27,FAT1,0.13999999999999999,0.1042194,1
20165,27,ABL2,0.11,0.0906709,1
20166,27,NF1,1.2800000000000007,1.0754797,1
20167,27,BTG1,-0.07,-0.028411600000000006,1
20168,27,EIF4A2,0.07,0.0388255,1
20169,27,SET,0.16999999999999998,0.135927,1
20170,27,EPS15,0.12,0.10720270000000001,1
20171,27,RNF213,0.06,0.0515484,1
20172,27,CTCF,0.9100000000000003,0.6011744,1
20173,27,WDCP,0.21000000000000002,0.1327898,1
20174,27,KAT7,0.18,0.15414560000000002,1
20175,27,KDM5C,0.24000000000000002,0.2217248,1
20176,27,TGFBR2,0.24000000000000002,0.22374739999999999,1
20177,27,ATM,0.6900000000000003,0.8472963000000001,1
20178,27,NUMA1,0.010000000000000002,0.029036799999999998,1
20179,27,STAT3,0.5199999999999998,0.7128466000000001,1
20180,27,SUB1,-0.11,-0.047474300000000004,1
20181,27,NUP98,0.21999999999999995,0.23547300000000004,1
20182,27,ELL,0.22000000000000003,0.11548570000000002,1
20183,27,MAP3K1,0.44,0.35343330000000006,1
20184,27,MALT1,0.16,0.1671784,1
20185,27,XPO1,0.5800000000000002,0.47015880000000004,1
20186,27,SETD1B,0.27,0.21902869999999997,1
20187,27,ETV6,0.009999999999999988,0.052942699999999995,1
20188,27,TBL1XR1,0.28,0.20065950000000002,1
20189,27,NUP214,-0.00999999999999996,0.16163169999999996,1
20190,27,TPR,0.14,0.1219636,1
20191,27,ATIC,0.17,0.15352079999999999,1
20192,27,NACA,0.22,0.12760339999999998,1
20193,27,MYO5A,0.02,0.015267,1
20194,27,SMC1A,0.33999999999999997,0.4388539,1
20195,27,LASP1,-0.24,-0.12270059999999999,1
20196,27,ERCC5,0.41999999999999993,0.2592254,1
20197,27,JUN,-0.3999999999999997,0.06616480000000002,1
20198,27,THRAP3,0.07,0.0519086,1
20199,27,STAG2,0.22000000000000006,0.2774286999999999,1
20200,27,RAF1,0.8100000000000003,0.6404513,1
20201,27,ERCC3,0.49000000000000005,0.43200089999999997,1
20202,27,SMAD2,0.2500000000000002,0.4681023999999998,1
20203,27,TAF15,0.20000000000000004,0.17495900000000003,1
20204,27,ARNT,0.32,0.27441650000000006,1
20205,27,CLTC,-0.6699999999999999,-0.26534060000000004,1
20206,27,IKBKB,0.5100000000000001,0.47701319999999997,1
20207,27,IDH1,-0.4000000000000001,-0.0917464,1
20208,27,SND1,0.02,0.0363697,1
20209,27,KNSTRN,0.02,0.014699,1
20210,27,RHOA,-3.0900000000000003,-0.6993469,1
20211,27,PALB2,0.6000000000000001,0.5435535000000001,1
20212,27,ARID2,0.8200000000000001,0.6493807,1
20213,27,EZR,-0.04,0.009886200000000008,1
20214,27,TP53,-0.1300000000000001,0.3758500999999999,1
20215,27,ARAF,0.4000000000000001,0.229432,1
20216,27,KIF5B,0.5800000000000001,0.445014,1
20217,27,KAT6A,0.25,0.2756186,1
20218,27,KTN1,-0.06,0.0014083000000000012,1
20219,27,GOLGA5,-0.08,-0.05423959999999999,1
20220,27,KDM5A,0.30999999999999994,0.288515,1
20221,27,RAD21,0.5800000000000001,0.5023672000000001,1
20222,27,GNAQ,0.30999999999999994,0.2504148,1
20223,27,CAMTA1,0.06,0.04441440000000001,1
20224,27,ERCC2,0.64,0.5019788,1
20225,27,EZH2,1.4500000000000008,1.1878289000000002,1
20226,27,TOP1,0.29000000000000004,0.2197671,1
20227,27,SRSF3,-0.45999999999999996,-0.11343430000000002,1
20228,27,NPM1,0.12000000000000001,0.1784797,1
20229,27,BAX,-0.6300000000000001,-0.14065940000000002,1
20230,27,NOTCH2,0.31,0.2642101,1
20231,27,TRAF7,0.02,0.0145774,1
20232,27,KDM6A,0.6900000000000002,0.7728459,1
20233,27,SPEN,0.17,0.1335356,1
20234,27,TRIM27,-0.5700000000000001,-0.16233039999999999,1
20235,27,CRTC1,0.15,0.11622029999999998,1
20236,27,EML4,0.23999999999999996,0.2848769,1
20237,27,USP9X,-0.03,-0.025350499999999995,1
20238,27,PTPRK,0.0,0.0,1
20239,27,CD74,-0.16,0.007483599999999979,1
20240,27,CBL,0.41,0.44440099999999993,1
20241,27,ZNF384,0.04,0.031814999999999996,1
20242,27,NOTCH1,1.2000000000000006,0.8724369,1
20243,27,COX6C,-0.18,-0.0535886,1
20244,27,CHCHD7,0.03,0.0190389,1
20245,27,HMGA1,-0.039999999999999994,-0.0090577,1
20246,27,PTEN,1.2500000000000007,1.1750224000000005,1
20247,27,FIP1L1,-0.05,-0.009444100000000004,1
20248,27,JAK1,0.8700000000000003,0.7315441000000003,1
20249,27,ZMYM2,0.03,0.027008900000000006,1
20250,27,SUZ12,0.9000000000000004,0.6697941999999999,1
20251,27,FUS,-0.6499999999999999,-0.0254049,1
20252,27,BAP1,-0.33999999999999997,-0.13456289999999999,1
20253,27,ZCCHC8,-0.11,-0.0257235,1
20254,27,CRNKL1,0.02,0.01425,1
20255,27,RAD17,0.21,0.1532274,1
20256,27,ATP1A1,0.0,0.0010121000000000002,1
20257,27,DNMT3A,1.0300000000000005,0.8114505999999999,1
20258,27,FBXW7,0.9900000000000002,0.8581344999999999,1
20259,27,WWTR1,-0.06000000000000002,-0.0027697999999999976,1
20260,27,CDKN1B,0.30000000000000004,0.26668269999999994,1
20261,27,KMT2A,0.19000000000000003,0.29389189999999993,1
20262,27,PTPN11,1.1500000000000006,0.9657688999999999,1
20263,27,STAT5B,0.5900000000000002,0.5276353000000001,1
20264,27,CUX1,-0.07,-0.0398868,1
20265,27,ABI1,-0.31,-0.0778163,1
20266,27,BRCA1,1.8900000000000012,1.5519018999999994,1
20267,27,SH2B3,0.12,0.0722642,1
20268,27,AFF4,-0.08999999999999997,-0.0456956,1
20269,27,NF2,0.15999999999999998,0.1603271,1
20270,27,LMNA,0.16,0.1075525,1
20271,27,TSC2,0.8000000000000003,0.659805,1
20272,27,GOLPH3,-0.08,-0.0550552,1
20273,27,PCM1,-0.04,-0.0335304,1
20274,27,PPP2R1A,-0.6,-0.1596071,1
20275,27,ARID1A,1.8500000000000012,1.4994489,1
20276,27,ABL1,-0.6099999999999999,-0.07108990000000001,1
20277,27,AFF1,0.09000000000000002,0.1022614,1
20278,27,DAXX,-0.6000000000000001,-0.14893130000000004,1
20279,27,CBFB,0.09,0.11530840000000002,1
20280,27,CBLB,0.18,0.1597495,1
20281,27,POLR2A,-0.24,0.12112160000000002,1
20282,27,PRKACA,0.19000000000000003,0.28947189999999995,1
20283,27,DNM2,-0.16000000000000003,-0.05272550000000001,1
20284,27,RAP1GDS1,0.07000000000000003,0.06958710000000001,1
20285,27,NCOR1,0.7600000000000001,0.8424927000000004,1
20286,27,NFKBIE,-0.34,-0.1014451,1
20287,27,DDX3X,0.29,0.264399,1
20288,27,ELK4,0.02,0.0167522,1
20289,27,MLLT6,0.09,0.07291419999999998,1
20290,27,SRSF2,-2.94,-0.6750842999999999,1
20291,27,CTNNA1,0.16000000000000003,0.12218550000000002,1
20292,27,RBM10,0.13999999999999999,0.1045852,1
20293,27,PTPRC,-0.07,0.07094600000000001,1
20294,27,HSP90AA1,1.1000000000000005,0.7536288999999999,1
20295,27,NSD1,0.25,0.2020114,0
20296,27,DICER1,0.24999999999999997,0.24431350000000002,0
20297,27,BIRC6,0.09000000000000001,0.0747116,0
20298,27,SDHC,0.29000000000000004,0.2026289,0
20299,27,TFG,0.33,0.18415330000000002,0
20300,27,MAP2K2,0.27,0.2086715,0
20301,27,TFRC,-0.28,-0.13955410000000001,0
20302,27,CREB1,0.8600000000000003,0.6508068000000001,0
20303,27,POLG,0.02,0.0075786,0
20304,27,SETD2,0.7100000000000002,0.5976183000000002,0
20305,27,NAB2,-0.32,-0.1133182,0
20306,27,HIF1A,1.5500000000000007,1.0974273,0
20307,27,FLCN,0.03,0.0312887,0
20308,27,MAP2K4,-0.07999999999999997,0.052037700000000006,0
20309,27,CNOT3,-0.030000000000000006,-0.002140699999999999,0
20310,27,CIITA,0.1,0.06467129999999999,0
20311,27,LSM14A,0.11,0.09284700000000001,0
20312,27,AKAP9,-0.08000000000000002,-0.0254014,0
20313,27,MSN,-0.31999999999999995,-0.07458560000000002,0
20314,27,BCR,0.030000000000000006,0.042444499999999996,0
20315,27,TRRAP,-0.03999999999999998,0.14511949999999998,0
20316,27,PPP6C,-0.15000000000000002,-0.0767822,0
20317,27,NCOA4,-0.17,-0.09619079999999999,0
20318,27,BCL9,0.15,0.1198884,0
20319,27,PRCC,0.03000000000000001,0.0224693,0
20320,27,LARP4B,0.0,0.0,0
20321,27,CHD2,0.01,0.007679,0
20322,27,ASXL1,0.5199999999999999,0.47323350000000003,0
20323,27,SMARCA4,1.4200000000000008,1.046066,0
20324,27,ERC1,-0.03,-0.0222201,0
20325,27,DCTN1,-0.30999999999999994,-0.1374725,0
20326,27,PIK3R1,1.2900000000000007,0.9349365000000001,0
20327,27,EED,-0.060000000000000026,0.01679029999999999,0
20328,27,CNBP,0.01,0.005689100000000001,0
20329,27,SGK1,0.29,0.16938140000000002,0
20330,27,MLLT10,-0.19999999999999998,-0.08855919999999999,0
20331,27,BRD4,0.9700000000000004,0.7512167000000001,0
20332,27,RANBP2,0.2,0.22610480000000002,0
20333,27,FBXO11,0.04,0.031596,0
20334,27,PML,0.37,0.2636599,0
20335,27,AKT2,0.9500000000000003,0.6459045999999999,0
20336,27,CEP89,0.06,0.035715000000000004,0
20337,27,LZTR1,0.07999999999999999,0.08661179999999999,0
20338,27,YWHAE,0.26999999999999996,0.16767400000000002,0
20339,27,DNAJB1,-0.08000000000000002,-0.016868200000000007,0
20340,27,PRDM2,0.03,0.022518299999999998,0
20341,27,TPM4,0.45000000000000007,0.292415,0
20342,27,CREBBP,1.9500000000000013,1.5468271000000007,0
20343,27,PMS2,0.6400000000000001,0.5869392,0
20344,27,DDR2,0.06,0.03824090000000001,0
20345,27,FANCA,0.34,0.2800414,0
20346,27,PDE4DIP,0.05,0.0337031,0
20347,27,USP8,-0.08,-0.0340872,0
20348,27,MYH9,-0.27999999999999997,-0.05803339999999999,0
20349,27,MYC,-1.0400000000000003,-0.40937980000000007,0
20350,27,NBN,0.51,0.3820954000000001,0
20351,27,CCND3,-0.030000000000000002,0.021453599999999996,0
20352,27,TRIP11,-0.12000000000000002,-0.08524520000000001,0
20353,27,CNTRL,-0.07,-0.047410799999999996,0
20354,27,PIK3CA,1.570000000000001,1.1336496999999999,0
20355,27,DDX5,0.35999999999999993,0.28800710000000007,0
20356,27,PICALM,0.010000000000000002,0.011028999999999997,0
20357,27,RARA,0.4400000000000001,0.3103654,0
20358,27,DDX6,-0.039999999999999994,0.0569276,0
20359,27,COL1A1,0.019999999999999993,0.0685828,0
20360,27,VHL,0.18,0.1295968,0
20361,27,MAPK1,1.5400000000000007,0.9745874999999999,0
20362,27,SRC,-0.55,-0.0013785000000000117,0
20363,27,NFE2L2,0.22999999999999998,0.1512336,0
20364,27,MITF,-0.37,-0.0682985,0
20365,27,SMAD3,1.1900000000000008,0.9083709,0
20366,27,RBM15,0.08,0.07017040000000001,0
20367,27,ATR,0.7000000000000003,0.5907294,0
20368,27,EPAS1,0.38999999999999996,0.3402267,0
20369,27,TPM3,0.26,0.18623289999999998,0
20370,27,RPL10,0.08000000000000002,0.10789820000000003,0
20371,27,STAG1,0.15000000000000002,0.14159190000000002,0
20372,27,SBDS,-0.09,-0.029245499999999997,0
20373,27,KMT2D,0.9700000000000004,0.7263147000000001,0
20374,27,MED12,0.29000000000000004,0.2322408,0
20375,27,BCLAF1,-0.01999999999999999,0.04061210000000001,0
20376,27,ASPSCR1,0.009999999999999998,0.0113818,0
20377,27,CDK12,0.32,0.2351848,0
20378,27,EWSR1,0.36,0.3102354,0
20379,27,NDRG1,-0.05,-0.020619200000000004,0
20380,27,PSIP1,-0.19000000000000003,-0.09139619999999998,0
20381,27,TRIM33,0.04,0.038286900000000006,0
20382,27,MTOR,1.1800000000000006,0.8702250000000002,0
20383,27,ARHGAP35,0.10000000000000002,0.12225920000000001,0
20384,27,POT1,-0.07,-0.013288399999999999,0
20385,27,EXT1,0.1,0.06385800000000001,0
20386,27,IL6ST,0.29000000000000004,0.22362560000000004,0
20387,27,IDH2,0.06,0.07321659999999999,0
20388,27,SMARCE1,0.39,0.2340241,0
20389,27,CRTC3,0.09,0.0664905,0
20390,27,TSC1,0.35000000000000003,0.30090089999999997,0
20391,27,BCOR,-0.16,-0.006613100000000004,0
20392,27,SDHA,0.23,0.1377404,0
20393,27,EP300,1.6600000000000013,1.3208430999999994,0
20394,27,HNRNPA2B1,0.21000000000000002,0.1876789,0
20395,27,CLIP1,-0.11,-0.056275500000000006,0
20396,27,PATZ1,-0.45999999999999996,-0.12993359999999998,0
20397,27,FUBP1,-0.13,-0.008310999999999999,0
20398,27,HLA-A,-0.15000000000000002,0.0009997999999999882,0
20399,27,CCNC,-0.049999999999999996,-0.0197147,0
20400,27,RPN1,-0.27,-0.0643261,0
20401,27,TCF7L2,0.08000000000000003,0.10333709999999997,0
20402,27,CANT1,0.11,0.0654968,0
20403,27,RPL5,-0.69,-0.20350300000000002,0
20404,27,CCDC6,-0.01999999999999999,0.03926669999999999,0
20405,27,NCKIPSD,0.04,0.024676800000000002,0
20406,27,SMARCD1,0.49000000000000005,0.332645,0
20407,27,BCL10,0.019999999999999997,0.0346365,0
20408,27,MAX,0.009999999999999998,0.017764799999999997,0
20409,27,HERPUD1,0.02,0.008288799999999999,0
20410,27,RAC1,-0.06999999999999998,0.057483999999999986,0
20411,27,FLNA,0.0,0.0531392,0
20412,27,TFE3,-0.47,-0.1759906,0
20413,27,NCOR2,0.7000000000000002,0.5126160999999999,0
20414,27,PRPF40B,-0.03,-0.0156905,0
20415,27,BCL3,-0.03999999999999999,-0.006782800000000005,0
20416,27,TFPT,-0.33999999999999997,-0.09732629999999999,0
20417,27,MLH1,0.8700000000000001,0.7148629999999998,0
20418,27,ARHGAP5,0.11,0.097772,0
20419,27,CIC,0.01,0.0069976000000000005,0
20420,27,LYN,0.8400000000000003,0.5933314,0
20421,27,TCF12,0.27999999999999997,0.2185797,0
20422,27,KLF6,0.04,0.0227884,0
20423,27,KMT2C,0.9900000000000002,0.7858843000000001,0
20424,27,PIM1,-0.15999999999999998,-0.05405509999999998,0
20425,27,CCND1,1.3000000000000007,0.7948224000000004,0
20426,27,MLLT1,-1.1400000000000001,-0.3243609,0
20427,27,MEN1,0.010000000000000004,0.034822099999999995,0
20428,27,CUL3,0.13,0.1277238,0
20429,27,RB1,0.5900000000000001,0.4650034000000001,0
20430,27,LPP,-0.06,-0.0169992,0
20431,27,BUB1B,-0.13,-0.0597696,0
20432,27,SMAD4,1.3600000000000008,1.0157366999999997,0
20433,27,FGFR1,0.22000000000000003,0.14572949999999998,0
20434,27,TMSB4X,0.04,0.0310956,0
20435,27,CDK4,0.41000000000000003,0.3074927,0
20436,27,MSI2,0.01,0.007064000000000001,0
20437,27,MSH6,0.9800000000000004,0.7622914000000001,0
20438,27,BRAF,1.0800000000000003,0.9190748999999995,0
20439,27,TCEA1,-0.12000000000000001,-0.028029400000000003,0
20440,27,TNFAIP3,0.14,0.125541,0
20441,27,RABEP1,0.0,-0.001934700000000001,0
20442,27,GMPS,-0.06000000000000001,-0.0368287,0
20443,27,MDM2,1.2200000000000006,0.8415647000000003,0
20444,27,NSD2,0.18000000000000002,0.12561160000000002,0
20445,27,CASP8,0.01999999999999999,0.17714519999999997,0
20446,27,PER1,-0.22999999999999998,-0.04870040000000001,0
20447,27,UBR5,-0.04000000000000001,-0.0142155,0
20448,27,EIF3E,-0.039999999999999994,0.05873540000000001,0
20449,27,RFWD3,0.030000000000000002,0.031177000000000003,0
20450,27,BRD3,0.09999999999999999,0.0895225,0
20451,27,PAFAH1B2,0.02,0.0167282,0
20452,27,EXT2,0.010000000000000009,0.006243600000000016,0
20453,27,PLCG1,0.5,0.36052999999999996,0
20454,27,SF3B1,-0.27999999999999997,-0.1114232,0
20455,27,ARHGEF10L,0.02,0.010708,0
20456,27,NFATC2,0.19,0.13186489999999998,0
20457,27,SDHD,0.24000000000000002,0.13087420000000002,0
20458,27,PABPC1,-0.85,-0.209356,0
20459,27,POLD1,-0.28,-0.0607778,0
20460,27,CALR,0.02,0.025251800000000005,0
20461,27,PIK3CB,0.49,0.4170342000000001,0
20462,27,PPM1D,0.17,0.1329566,0
20463,27,ATRX,0.9600000000000006,0.7618940999999999,0
20464,27,DGCR8,0.16,0.1060345,0
20465,27,DDX10,0.12,0.07920959999999999,0
20466,27,DROSHA,0.41000000000000003,0.2990343,0
20467,27,TNFRSF14,-0.11,-0.038095000000000004,0
20468,27,BCL9L,0.14,0.09842240000000001,0
20469,27,QKI,-0.05,-0.0325689,0
20470,27,BAZ1A,0.01,0.0072832,0
20471,27,CHD4,0.16,0.14896800000000002,0
20472,27,NSD3,0.030000000000000006,0.0405699,0
20473,27,NT5C2,0.17,0.10196820000000001,0
20474,27,CCNB1IP1,0.12,0.054746,0
20475,27,PCBP1,-0.74,-0.23614470000000007,0
20476,27,RALGDS,0.15999999999999998,0.11107829999999999,0
20477,27,ARHGEF12,-0.030000000000000006,0.001586099999999993,0
20478,27,HSP90AB1,1.1000000000000005,0.7171776999999998,0
20479,27,FOXO3,1.2600000000000005,0.8817474999999998,0
20480,27,HIP1,-0.01,-0.006728499999999999,0
20481,27,CDC73,-0.20999999999999996,-0.042285500000000004,0
20482,27,NIN,0.019999999999999997,0.016008300000000003,0
20483,27,MDM4,0.13,0.1674551,0
20484,27,COL3A1,0.12999999999999998,0.1226591,0
20485,27,CTNND1,0.09000000000000002,0.12404099999999998,0
20486,27,SPOP,-0.06,-0.012637600000000002,0
20487,27,TMEM127,0.05,0.048737699999999995,0
20488,27,CREB3L2,0.06999999999999999,0.043363,0
20489,27,MSH2,0.9600000000000004,0.7342083,0
20490,27,FNBP1,0.02,0.0178125,0
20491,27,ATF1,0.020000000000000004,0.016234399999999993,0
20492,27,EIF1AX,-0.45999999999999996,-0.21500839999999993,0
20493,27,PMS1,0.49,0.374378,0
20494,27,DEK,0.11,0.10182620000000002,0
20495,27,ERBB2,1.1000000000000003,0.7143934,0
20496,27,AKT1,0.8700000000000004,0.5486698000000001,0
20497,27,CHEK2,0.27999999999999997,0.3516003,0
20498,27,SDHB,0.39999999999999997,0.25760289999999997,0
20499,27,NCOA1,0.44,0.31616330000000004,0
20500,27,CHIC2,0.060000000000000005,0.0337852,0
20501,27,RUNX1,0.5600000000000005,0.6799395,0
20502,27,STAT6,0.26,0.189019,0
20503,27,FH,-0.18000000000000002,-0.059998800000000005,0
20504,27,AKT3,1.0300000000000005,0.6997619999999999,0
20505,27,GNAS,0.23999999999999996,0.1517881,0
20506,27,CTNNB1,1.3900000000000008,0.9405834999999999,0
20507,27,NONO,0.07999999999999999,0.056855899999999994,0
20508,27,SMARCB1,0.8900000000000003,0.6542534,0
20509,27,PRKAR1A,0.09999999999999999,0.09803350000000001,0
20510,27,ITGAV,0.010000000000000005,0.024731999999999997,0
20511,27,SS18,0.39,0.2525968,0
20512,27,MAP2K1,1.1300000000000006,0.7079558,0
20513,27,SIRPA,-0.019999999999999997,-0.009613800000000002,0
20514,27,PPFIBP1,0.4,0.2698964,0
20515,27,RPL22,-0.21999999999999997,0.0763511,0
20516,27,CYLD,0.31000000000000005,0.2432297,0
20517,27,ARID1B,0.6399999999999999,0.48183750000000003,0
20518,27,SETDB1,0.32,0.2317665,0
20519,27,AFDN,-0.36,-0.12570630000000002,0
20520,27,ZRSR2,0.26,0.18957610000000003,0
20521,27,PBRM1,0.9000000000000004,0.663261,0
20522,27,XPC,0.6200000000000001,0.4128695,0
20523,27,ASXL2,0.21000000000000002,0.1420983,0
20524,27,TRIM24,-0.24,-0.10318310000000001,0
20525,27,SFPQ,-0.09999999999999998,0.004523500000000007,0
20526,27,NCOA2,0.52,0.3679281999999999,0
20527,27,FOXO4,0.38,0.2433944,0
20528,27,LEF1,0.07000000000000002,0.0721962,0
20529,27,B2M,-0.5400000000000001,-0.21083339999999995,0
20530,27,DDIT3,-0.38,-0.08893980000000001,0
20531,27,BCL6,0.5800000000000001,0.40603399999999995,0
20532,27,KRAS,-1.2500000000000004,-0.33826220000000007,0
20533,27,FAT1,0.06,0.051128,0
20534,27,ABL2,0.07,0.0554152,0
20535,27,NF1,0.8000000000000003,0.6530665000000001,0
20536,27,BTG1,-0.03,-0.0154062,0
20537,27,EIF4A2,0.08,0.0720805,0
20538,27,SET,0.15000000000000002,0.1310378,0
20539,27,EPS15,0.020000000000000004,0.0245067,0
20540,27,RNF213,0.04,0.0307312,0
20541,27,CTCF,0.9300000000000004,0.6673388000000003,0
20542,27,WDCP,0.06999999999999998,0.0602419,0
20543,27,KAT7,0.11999999999999998,0.09575429999999999,0
20544,27,KDM5C,0.15999999999999998,0.1418792,0
20545,27,TGFBR2,0.18,0.1291503,0
20546,27,ATM,1.4200000000000008,1.1087492,0
20547,27,NUMA1,-0.019999999999999997,-0.00025179999999999647,0
20548,27,STAT3,1.580000000000001,1.2161617999999998,0
20549,27,SUB1,-0.2,-0.0749735,0
20550,27,NUP98,0.08,0.10065540000000002,0
20551,27,ELL,-0.07000000000000002,-0.010431100000000004,0
20552,27,MAP3K1,0.39999999999999997,0.3146935,0
20553,27,MALT1,0.17000000000000004,0.157094,0
20554,27,XPO1,0.31000000000000005,0.2575371,0
20555,27,SETD1B,0.19,0.13726339999999998,0
20556,27,ETV6,-0.11000000000000001,-0.029251100000000016,0
20557,27,TBL1XR1,0.19000000000000003,0.1285555,0
20558,27,NUP214,0.01,0.09977849999999998,0
20559,27,TPR,0.09999999999999999,0.09694679999999997,0
20560,27,ATIC,-0.019999999999999993,0.003457800000000002,0
20561,27,NACA,0.24,0.1657976,0
20562,27,MYO5A,-0.009999999999999998,-0.0040722999999999974,0
20563,27,SMC1A,0.5500000000000002,0.4578606999999999,0
20564,27,LASP1,-0.21,-0.11859629999999999,0
20565,27,ERCC5,0.51,0.3328791,0
20566,27,JUN,-0.15999999999999992,0.12264750000000005,0
20567,27,THRAP3,0.11000000000000001,0.09128920000000001,0
20568,27,STAG2,0.44999999999999996,0.3631981999999999,0
20569,27,RAF1,1.1400000000000006,0.8021273000000002,0
20570,27,ERCC3,0.53,0.4295644,0
20571,27,SMAD2,0.5300000000000001,0.48917610000000006,0
20572,27,TAF15,0.18000000000000002,0.1476956,0
20573,27,ARNT,0.24,0.21293970000000004,0
20574,27,CLTC,-0.53,-0.290802,0
20575,27,IKBKB,0.5500000000000003,0.4731733999999999,0
20576,27,IDH1,-0.55,-0.14593479999999998,0
20577,27,SND1,0.01,0.0085428,0
20578,27,KNSTRN,0.03,0.0236304,0
20579,27,RHOA,-1.3000000000000003,-0.3294809,0
20580,27,PALB2,0.5799999999999998,0.48751769999999994,0
20581,27,ARID2,0.7100000000000002,0.5474682000000001,0
20582,27,EZR,-0.060000000000000005,0.009542400000000003,0
20583,27,TP53,-1.18,-0.229796,0
20584,27,ARAF,0.43000000000000005,0.23885369999999997,0
20585,27,KIF5B,0.41000000000000003,0.3020308,0
20586,27,KAT6A,0.17999999999999994,0.18013310000000005,0
20587,27,KTN1,-0.1,-0.034789400000000005,0
20588,27,GOLGA5,-0.12,-0.08291420000000001,0
20589,27,KDM5A,0.27,0.2345204,0
20590,27,RAD21,0.48000000000000015,0.36601940000000005,0
20591,27,GNAQ,0.12000000000000001,0.08873369999999998,0
20592,27,CAMTA1,0.01,0.0055722,0
20593,27,ERCC2,0.64,0.460497,0
20594,27,EZH2,1.7600000000000011,1.1188806,0
20595,27,TOP1,0.16999999999999998,0.12965300000000002,0
20596,27,SRSF3,-0.25,-0.08355220000000002,0
20597,27,NPM1,-0.13000000000000006,0.09473359999999999,0
20598,27,BAX,-0.43999999999999995,-0.139318,0
20599,27,NOTCH2,0.26,0.20467059999999998,0
20600,27,TRAF7,0.03,0.0225063,0
20601,27,KDM6A,0.8700000000000003,0.7559241000000001,0
20602,27,SPEN,0.09999999999999999,0.0771741,0
20603,27,TRIM27,-0.47000000000000003,-0.1605373,0
20604,27,CRTC1,0.14,0.1066091,0
20605,27,EML4,0.2700000000000001,0.225297,0
20606,27,USP9X,-0.049999999999999996,-0.0324216,0
20607,27,PTPRK,0.01,0.0069638,0
20608,27,CD74,-0.24,-0.054303599999999994,0
20609,27,CBL,0.6100000000000001,0.462841,0
20610,27,ZNF384,-0.08,-0.0406229,0
20611,27,NOTCH1,1.0200000000000005,0.7431963000000001,0
20612,27,COX6C,-0.12,-0.0541532,0
20613,27,CHCHD7,0.03,0.0205797,0
20614,27,HMGA1,-0.09999999999999999,-0.048036899999999993,0
20615,27,PTEN,1.5300000000000007,1.2236740000000002,0
20616,27,FIP1L1,-0.04,-0.022857699999999998,0
20617,27,JAK1,0.7700000000000002,0.6071417,0
20618,27,ZMYM2,-0.07,-0.0487837,0
20619,27,SUZ12,0.7600000000000002,0.5368156,0
20620,27,FUS,-0.11000000000000004,0.1435016,0
20621,27,BAP1,0.009999999999999993,0.030769299999999996,0
20622,27,ZCCHC8,-0.07,-0.021002100000000003,0
20623,27,CRNKL1,-0.04,-0.0224887,0
20624,27,RAD17,0.14,0.10470860000000001,0
20625,27,ATP1A1,0.009999999999999998,0.0061914,0
20626,27,DNMT3A,0.9000000000000004,0.6590870000000002,0
20627,27,FBXW7,0.9600000000000003,0.7438754,0
20628,27,WWTR1,-0.04,-0.019871,0
20629,27,CDKN1B,0.5800000000000001,0.3637853,0
20630,27,KMT2A,0.43000000000000005,0.3745905,0
20631,27,PTPN11,0.9700000000000004,0.7299622000000002,0
20632,27,STAT5B,0.7400000000000002,0.5522606000000001,0
20633,27,CUX1,-0.11,-0.0747377,0
20634,27,ABI1,-0.39,-0.12497420000000001,0
20635,27,BRCA1,1.6700000000000013,1.3144517,0
20636,27,SH2B3,0.030000000000000002,0.0279086,0
20637,27,AFF4,0.029999999999999985,0.0368787,0
20638,27,NF2,0.060000000000000005,0.0978712,0
20639,27,LMNA,0.020000000000000004,0.034677799999999995,0
20640,27,TSC2,0.5900000000000001,0.4787373,0
20641,27,GOLPH3,-0.09999999999999999,-0.06190539999999999,0
20642,27,PCM1,-0.05,-0.033292100000000005,0
20643,27,PPP2R1A,-0.4600000000000001,-0.1585126,0
20644,27,ARID1A,1.8000000000000012,1.3047940000000002,0
20645,27,ABL1,0.16000000000000003,0.1728232,0
20646,27,AFF1,0.19,0.16096820000000003,0
20647,27,DAXX,-0.29,-0.0672428,0
20648,27,CBFB,0.13,0.1080853,0
20649,27,CBLB,0.13,0.10146659999999999,0
20650,27,POLR2A,-0.039999999999999994,0.14479360000000002,0
20651,27,PRKACA,0.29,0.2290799,0
20652,27,DNM2,-0.13,-0.05173190000000001,0
20653,27,RAP1GDS1,-0.04000000000000001,-0.014111100000000005,0
20654,27,NCOR1,0.9100000000000003,0.7890433999999996,0
20655,27,NFKBIE,-0.22,-0.0794533,0
20656,27,DDX3X,0.13999999999999999,0.12449790000000001,0
20657,27,ELK4,0.02,0.0142072,0
20658,27,MLLT6,0.12000000000000001,0.0971357,0
20659,27,SRSF2,-1.3199999999999998,-0.3835436000000001,0
20660,27,CTNNA1,0.11,0.07959519999999998,0
20661,27,RBM10,0.19,0.1318918,0
20662,27,PTPRC,0.18000000000000002,0.1547966,0
20663,27,HSP90AA1,1.0800000000000005,0.6976075999999998,0
20664,28,NSD1,0.27,0.2271999,1
20665,28,DICER1,0.17000000000000007,0.2152937,1
20666,28,BIRC6,0.12,0.1059315,1
20667,28,SDHC,0.37,0.28683190000000003,1
20668,28,TFG,0.27,0.16669640000000002,1
20669,28,MAP2K2,0.21000000000000005,0.1596939,1
20670,28,TFRC,-0.27,-0.1298797,1
20671,28,CREB1,0.9800000000000005,0.7730581000000002,1
20672,28,POLG,-0.02,-0.005717,1
20673,28,SETD2,0.5700000000000004,0.5245612,1
20674,28,NAB2,-0.51,-0.1527884,1
20675,28,HIF1A,1.6700000000000008,1.2569941,1
20676,28,FLCN,-0.04999999999999999,0.004035800000000003,1
20677,28,MAP2K4,0.07999999999999999,0.1251859,1
20678,28,CNOT3,0.03,0.0320911,1
20679,28,CIITA,0.07,0.0425582,1
20680,28,LSM14A,0.13,0.1087601,1
20681,28,AKAP9,-0.09,-0.015121300000000008,1
20682,28,MSN,-0.21000000000000005,-0.05638599999999999,1
20683,28,BCR,-0.020000000000000004,0.025518899999999994,1
20684,28,TRRAP,-0.009999999999999988,0.16311159999999997,1
20685,28,PPP6C,-0.19,-0.0821877,1
20686,28,NCOA4,-0.14,-0.06463759999999999,1
20687,28,BCL9,0.19,0.1500127,1
20688,28,PRCC,0.09,0.06721859999999999,1
20689,28,LARP4B,0.02,0.0142288,1
20690,28,CHD2,0.02,0.017511000000000002,1
20691,28,ASXL1,0.54,0.465812,1
20692,28,SMARCA4,1.7800000000000011,1.3545024,1
20693,28,ERC1,-0.04,-0.029051999999999998,1
20694,28,DCTN1,-0.08000000000000002,-0.018868499999999996,1
20695,28,PIK3R1,1.3400000000000007,1.060224,1
20696,28,EED,0.24000000000000002,0.1602858,1
20697,28,CNBP,0.01,0.005856900000000001,1
20698,28,SGK1,0.47,0.32612290000000005,1
20699,28,MLLT10,-0.09999999999999999,-0.0435943,1
20700,28,BRD4,0.9300000000000003,0.7945686000000003,1
20701,28,RANBP2,0.29000000000000004,0.2597776,1
20702,28,FBXO11,0.05,0.0414746,1
20703,28,PML,0.29000000000000004,0.217629,1
20704,28,AKT2,1.0000000000000002,0.7046172,1
20705,28,CEP89,0.06,0.0378118,1
20706,28,LZTR1,0.07,0.08693750000000001,1
20707,28,YWHAE,0.19999999999999996,0.12751289999999998,1
20708,28,DNAJB1,-0.039999999999999994,-0.009506299999999999,1
20709,28,PRDM2,0.06,0.0489424,1
20710,28,TPM4,0.52,0.366644,1
20711,28,CREBBP,1.860000000000001,1.4743997000000004,1
20712,28,PMS2,0.7400000000000002,0.6278862000000001,1
20713,28,DDR2,-0.02,-0.011284799999999996,1
20714,28,FANCA,0.37,0.3034670000000001,1
20715,28,PDE4DIP,0.07,0.0510822,1
20716,28,USP8,-0.06999999999999999,-0.038681999999999994,1
20717,28,MYH9,-0.39,-0.1194351,1
20718,28,MYC,-1.1000000000000003,-0.20317369999999998,1
20719,28,NBN,0.5700000000000001,0.45041679999999995,1
20720,28,CCND3,-0.04999999999999999,0.0035495999999999965,1
20721,28,TRIP11,-0.12,-0.08746090000000001,1
20722,28,CNTRL,-0.11,-0.0762873,1
20723,28,PIK3CA,1.2700000000000007,1.0808304,1
20724,28,DDX5,0.38,0.32796319999999995,1
20725,28,PICALM,3.469446951953614e-18,0.0025424000000000037,1
20726,28,RARA,0.23,0.1945387,1
20727,28,DDX6,0.010000000000000002,0.08527289999999998,1
20728,28,COL1A1,0.22,0.18885039999999997,1
20729,28,VHL,0.21000000000000005,0.1556433,1
20730,28,MAPK1,1.620000000000001,1.1583881000000003,1
20731,28,SRC,0.13999999999999999,0.3016525,1
20732,28,NFE2L2,0.33999999999999997,0.25099230000000006,1
20733,28,MITF,-0.22,-0.0531602,1
20734,28,SMAD3,1.2500000000000009,1.0770488999999999,1
20735,28,RBM15,0.08,0.0661107,1
20736,28,ATR,0.71,0.5692535000000001,1
20737,28,EPAS1,0.36,0.34604640000000003,1
20738,28,TPM3,0.22,0.16355850000000002,1
20739,28,RPL10,0.09000000000000001,0.0998627,1
20740,28,STAG1,0.09999999999999999,0.11938789999999999,1
20741,28,SBDS,-0.04,-0.014824400000000001,1
20742,28,KMT2D,0.9800000000000003,0.7674002000000001,1
20743,28,MED12,0.32000000000000006,0.26255760000000006,1
20744,28,BCLAF1,-0.04999999999999999,0.016995700000000002,1
20745,28,ASPSCR1,-0.02000000000000001,-0.007308300000000007,1
20746,28,CDK12,0.48,0.38090430000000003,1
20747,28,EWSR1,0.2799999999999999,0.28050099999999994,1
20748,28,NDRG1,-0.08,-0.034512900000000006,1
20749,28,PSIP1,-0.010000000000000007,0.01817569999999999,1
20750,28,TRIM33,0.04000000000000001,0.04037690000000001,1
20751,28,MTOR,1.2100000000000006,0.9478557000000003,1
20752,28,ARHGAP35,0.18000000000000002,0.1644205,1
20753,28,POT1,0.010000000000000002,0.0175344,1
20754,28,EXT1,0.11,0.07937820000000001,1
20755,28,IL6ST,0.3,0.2503576,1
20756,28,IDH2,-0.19,-0.039358799999999985,1
20757,28,SMARCE1,0.35,0.24354059999999997,1
20758,28,CRTC3,0.07,0.05930749999999999,1
20759,28,TSC1,0.26999999999999996,0.26594300000000004,1
20760,28,BCOR,-0.11999999999999997,-0.0037053000000000016,1
20761,28,SDHA,0.23999999999999996,0.17611980000000005,1
20762,28,EP300,2.2300000000000004,1.7961322000000008,1
20763,28,HNRNPA2B1,0.5700000000000001,0.41544369999999997,1
20764,28,CLIP1,-0.12999999999999998,-0.07915950000000001,1
20765,28,PATZ1,-0.41000000000000003,-0.1245465,1
20766,28,FUBP1,-0.03,0.0404257,1
20767,28,HLA-A,-0.09,-0.00720829999999999,1
20768,28,CCNC,-0.21,-0.0901757,1
20769,28,RPN1,-0.24,-0.08116,1
20770,28,TCF7L2,0.06000000000000007,0.10323169999999994,1
20771,28,CANT1,0.010000000000000009,0.022242300000000013,1
20772,28,RPL5,-0.58,-0.17072579999999998,1
20773,28,CCDC6,0.030000000000000027,0.0540112,1
20774,28,NCKIPSD,-0.060000000000000005,-0.0217459,1
20775,28,SMARCD1,0.45,0.37085819999999997,1
20776,28,BCL10,0.07999999999999999,0.0775063,1
20777,28,MAX,0.05000000000000001,0.0747255,1
20778,28,HERPUD1,-0.01,-0.0030607,1
20779,28,RAC1,0.09999999999999998,0.17271999999999998,1
20780,28,FLNA,0.04000000000000001,0.0610256,1
20781,28,TFE3,-0.68,-0.2760065,1
20782,28,NCOR2,0.6300000000000001,0.5227459999999999,1
20783,28,PRPF40B,0.02,0.009878999999999999,1
20784,28,BCL3,-0.17,-0.02123310000000002,1
20785,28,TFPT,-0.35000000000000003,-0.1121512,1
20786,28,MLH1,0.8700000000000001,0.7430409000000002,1
20787,28,ARHGAP5,0.11,0.1118643,1
20788,28,CIC,0.01,0.0070139,1
20789,28,LYN,0.83,0.5978258,1
20790,28,TCF12,0.26999999999999996,0.2158104,1
20791,28,KLF6,0.06,0.0382472,1
20792,28,KMT2C,0.9900000000000002,0.7950417000000002,1
20793,28,PIM1,-0.12999999999999998,-0.02130599999999999,1
20794,28,CCND1,1.3200000000000007,0.8283305,1
20795,28,MLLT1,-1.1300000000000003,-0.3163524,1
20796,28,MEN1,-0.39,-0.1674909,1
20797,28,CUL3,0.10000000000000003,0.12031849999999998,1
20798,28,RB1,0.6600000000000001,0.510952,1
20799,28,LPP,-0.10999999999999999,-0.0330792,1
20800,28,BUB1B,-0.17,-0.07365659999999999,1
20801,28,SMAD4,1.630000000000001,1.2751789999999996,1
20802,28,FGFR1,0.14,0.1481426,1
20803,28,TMSB4X,0.02,0.014434800000000001,1
20804,28,CDK4,0.9400000000000004,0.6285643,1
20805,28,MSI2,0.01,0.0075776,1
20806,28,MSH6,0.9900000000000004,0.8194954000000002,1
20807,28,BRAF,1.1900000000000006,1.0051861000000002,1
20808,28,TCEA1,-0.15000000000000002,-0.020407299999999996,1
20809,28,TNFAIP3,0.13,0.11409440000000001,1
20810,28,RABEP1,-0.020000000000000004,-0.013990899999999997,1
20811,28,GMPS,-0.08000000000000002,-0.042394,1
20812,28,MDM2,1.1200000000000008,0.8641194000000001,1
20813,28,NSD2,0.2,0.1452853,1
20814,28,CASP8,-0.18000000000000005,0.0873572,1
20815,28,PER1,-0.16,-0.06192160000000001,1
20816,28,UBR5,-0.04000000000000001,-0.005158000000000001,1
20817,28,EIF3E,0.019999999999999997,0.054869600000000004,1
20818,28,RFWD3,0.010000000000000002,0.021109300000000004,1
20819,28,BRD3,0.12000000000000001,0.09240190000000001,1
20820,28,PAFAH1B2,0.03,0.026329199999999997,1
20821,28,EXT2,0.009999999999999995,0.013143200000000008,1
20822,28,PLCG1,0.5900000000000001,0.4340257999999999,1
20823,28,SF3B1,-0.54,-0.2463476,1
20824,28,ARHGEF10L,0.02,0.0097984,1
20825,28,NFATC2,0.18000000000000002,0.1289474,1
20826,28,SDHD,0.30000000000000004,0.22023469999999998,1
20827,28,PABPC1,-0.86,-0.22197719999999999,1
20828,28,POLD1,-0.30999999999999994,-0.06500719999999999,1
20829,28,CALR,0.04,0.06391200000000001,1
20830,28,PIK3CB,0.7600000000000002,0.5912556999999998,1
20831,28,PPM1D,0.25,0.1876631,1
20832,28,ATRX,0.8900000000000005,0.749083,1
20833,28,DGCR8,0.16,0.12213040000000001,1
20834,28,DDX10,0.14,0.1102677,1
20835,28,DROSHA,0.47000000000000003,0.37084579999999995,1
20836,28,TNFRSF14,-0.16,-0.0565888,1
20837,28,BCL9L,0.12,0.09241650000000001,1
20838,28,QKI,0.009999999999999998,0.0083713,1
20839,28,BAZ1A,0.01,0.007322800000000001,1
20840,28,CHD4,0.33000000000000007,0.2762423,1
20841,28,NSD3,0.09999999999999999,0.11319079999999998,1
20842,28,NT5C2,0.14,0.08918240000000002,1
20843,28,CCNB1IP1,0.11000000000000001,0.0513789,1
20844,28,PCBP1,-0.7300000000000002,-0.21888680000000002,1
20845,28,RALGDS,-0.039999999999999994,0.04289880000000001,1
20846,28,ARHGEF12,0.020000000000000004,0.0364978,1
20847,28,HSP90AB1,0.9500000000000002,0.6795354,1
20848,28,FOXO3,1.4000000000000008,1.0362403000000004,1
20849,28,HIP1,-0.02,-0.012851,1
20850,28,CDC73,0.08,0.0843359,1
20851,28,NIN,-0.009999999999999998,-0.0088098,1
20852,28,MDM4,0.06999999999999998,0.13271650000000002,1
20853,28,COL3A1,0.22,0.18285629999999997,1
20854,28,CTNND1,0.16999999999999998,0.17537999999999998,1
20855,28,SPOP,0.08,0.0847886,1
20856,28,TMEM127,0.14,0.08212130000000001,1
20857,28,CREB3L2,0.13,0.0838409,1
20858,28,MSH2,0.9800000000000002,0.8213129000000002,1
20859,28,FNBP1,0.0,0.011231400000000002,1
20860,28,ATF1,0.12000000000000001,0.0829664,1
20861,28,EIF1AX,-0.4600000000000001,-0.21181130000000004,1
20862,28,PMS1,0.5099999999999999,0.3886098,1
20863,28,DEK,0.11,0.1148062,1
20864,28,ERBB2,0.9300000000000004,0.6192241000000002,1
20865,28,AKT1,0.8800000000000003,0.6018006999999999,1
20866,28,CHEK2,0.47,0.47571729999999995,1
20867,28,SDHB,0.36,0.2799931,1
20868,28,NCOA1,0.36999999999999994,0.2980224,1
20869,28,CHIC2,0.08,0.054724800000000004,1
20870,28,RUNX1,0.11999999999999983,0.5958097000000001,1
20871,28,STAT6,0.37,0.3207343,1
20872,28,FH,-0.1,-0.025056900000000007,1
20873,28,AKT3,1.1300000000000003,0.8200007999999999,1
20874,28,GNAS,0.35,0.247656,1
20875,28,CTNNB1,1.2400000000000007,0.9036938000000001,1
20876,28,NONO,0.28,0.2486216,1
20877,28,SMARCB1,0.9400000000000004,0.7045137000000001,1
20878,28,PRKAR1A,0.16000000000000003,0.16009299999999996,1
20879,28,ITGAV,-0.009999999999999992,0.03825390000000001,1
20880,28,SS18,0.41000000000000003,0.2935332,1
20881,28,MAP2K1,0.9600000000000004,0.5958880000000001,1
20882,28,SIRPA,-0.08,-0.020977999999999997,1
20883,28,PPFIBP1,0.42,0.30766570000000004,1
20884,28,RPL22,-0.20000000000000007,0.08687550000000001,1
20885,28,CYLD,0.27,0.2198497,1
20886,28,ARID1B,0.76,0.5830984,1
20887,28,SETDB1,0.3,0.21729530000000002,1
20888,28,AFDN,-0.44000000000000006,-0.1482379,1
20889,28,ZRSR2,0.12000000000000001,0.0912756,1
20890,28,PBRM1,0.8900000000000003,0.6794568999999998,1
20891,28,XPC,0.5,0.30706469999999997,1
20892,28,ASXL2,0.25,0.1744192,1
20893,28,TRIM24,-0.19,-0.0497718,1
20894,28,SFPQ,-0.21,-0.012176299999999987,1
20895,28,NCOA2,0.57,0.4610251,1
20896,28,FOXO4,0.43000000000000005,0.2771505,1
20897,28,LEF1,0.08999999999999997,0.1348229,1
20898,28,B2M,-0.21000000000000002,-0.10548750000000001,1
20899,28,DDIT3,-0.27,-0.1096051,1
20900,28,BCL6,0.3400000000000001,0.2922033,1
20901,28,KRAS,-0.13000000000000014,0.13345959999999998,1
20902,28,FAT1,0.07,0.0523163,1
20903,28,ABL2,0.019999999999999997,0.0319831,1
20904,28,NF1,1.2000000000000006,0.9601148,1
20905,28,BTG1,-0.04,-0.020228000000000003,1
20906,28,EIF4A2,0.010000000000000005,0.00786190000000001,1
20907,28,SET,0.18,0.1476001,1
20908,28,EPS15,0.06,0.05224090000000001,1
20909,28,RNF213,0.05,0.042705400000000004,1
20910,28,CTCF,0.9500000000000006,0.6673965,1
20911,28,WDCP,0.23,0.14132820000000001,1
20912,28,KAT7,0.12000000000000002,0.10622010000000001,1
20913,28,KDM5C,0.15999999999999998,0.14083759999999998,1
20914,28,TGFBR2,0.16,0.1772181,1
20915,28,ATM,0.9100000000000006,0.9346581,1
20916,28,NUMA1,-0.05,-0.016957600000000003,1
20917,28,STAT3,1.0600000000000007,0.9083811000000002,1
20918,28,SUB1,-0.1,-0.048289700000000005,1
20919,28,NUP98,0.09,0.11761979999999998,1
20920,28,ELL,0.030000000000000002,0.014469399999999995,1
20921,28,MAP3K1,0.5,0.37757250000000003,1
20922,28,MALT1,0.19,0.1676436,1
20923,28,XPO1,0.4500000000000001,0.37244750000000004,1
20924,28,SETD1B,0.23,0.1842045,1
20925,28,ETV6,-0.08000000000000002,0.001547300000000005,1
20926,28,TBL1XR1,0.21000000000000005,0.15039490000000003,1
20927,28,NUP214,0.03999999999999999,0.15360090000000004,1
20928,28,TPR,0.09999999999999998,0.07978410000000001,1
20929,28,ATIC,0.13000000000000003,0.1356653,1
20930,28,NACA,0.22999999999999998,0.1499379,1
20931,28,MYO5A,-0.01,-0.0066759,1
20932,28,SMC1A,0.4100000000000001,0.4194999,1
20933,28,LASP1,-0.24000000000000002,-0.12539450000000002,1
20934,28,ERCC5,0.41,0.2450974,1
20935,28,JUN,-0.5399999999999998,0.02182840000000002,1
20936,28,THRAP3,0.04,0.0331862,1
20937,28,STAG2,0.3200000000000001,0.30419480000000004,1
20938,28,RAF1,0.9100000000000004,0.6700825,1
20939,28,ERCC3,0.5299999999999999,0.4293174,1
20940,28,SMAD2,0.5300000000000002,0.5110988,1
20941,28,TAF15,0.2,0.1612751,1
20942,28,ARNT,0.2,0.17874879999999999,1
20943,28,CLTC,-0.7300000000000001,-0.35778590000000005,1
20944,28,IKBKB,0.45000000000000023,0.4036789,1
20945,28,IDH1,-0.5900000000000001,-0.18567699999999998,1
20946,28,SND1,-0.019999999999999997,0.006210799999999996,1
20947,28,KNSTRN,0.01,0.0070409999999999995,1
20948,28,RHOA,-2.3200000000000003,-0.6495220000000002,1
20949,28,PALB2,0.5800000000000001,0.5052719999999999,1
20950,28,ARID2,0.8200000000000001,0.6404176999999999,1
20951,28,EZR,-0.18000000000000002,-0.06550680000000003,1
20952,28,TP53,-0.2899999999999999,0.07498909999999996,1
20953,28,ARAF,0.43,0.25434609999999996,1
20954,28,KIF5B,0.49000000000000005,0.3701654,1
20955,28,KAT6A,0.22,0.21917200000000003,1
20956,28,KTN1,-0.08,-0.009459300000000007,1
20957,28,GOLGA5,-0.09999999999999999,-0.0634226,1
20958,28,KDM5A,0.26,0.23580429999999997,1
20959,28,RAD21,0.53,0.4328450999999999,1
20960,28,GNAQ,0.24999999999999992,0.22820830000000003,1
20961,28,CAMTA1,0.05,0.0374171,1
20962,28,ERCC2,0.62,0.4709530999999999,1
20963,28,EZH2,1.6600000000000013,1.2311082,1
20964,28,TOP1,0.16000000000000003,0.14229659999999997,1
20965,28,SRSF3,-0.2,-0.018833199999999987,1
20966,28,NPM1,-0.05000000000000007,0.06503239999999999,1
20967,28,BAX,-0.65,-0.16549619999999998,1
20968,28,NOTCH2,0.27,0.2218584,1
20969,28,TRAF7,0.02,0.0138712,1
20970,28,KDM6A,0.9100000000000003,0.8617322999999999,1
20971,28,SPEN,0.13,0.1000488,1
20972,28,TRIM27,-0.4800000000000001,-0.1617482,1
20973,28,CRTC1,0.14,0.11056109999999998,1
20974,28,EML4,0.22,0.22989449999999997,1
20975,28,USP9X,-0.07,-0.0533576,1
20976,28,PTPRK,-0.01,-0.0058693,1
20977,28,CD74,-0.18,-0.036142099999999996,1
20978,28,CBL,0.5199999999999999,0.44349649999999996,1
20979,28,ZNF384,0.02,0.015494299999999999,1
20980,28,NOTCH1,1.0500000000000003,0.7529385,1
20981,28,COX6C,-0.13999999999999999,-0.050164799999999996,1
20982,28,CHCHD7,0.03,0.019665,1
20983,28,HMGA1,-0.060000000000000005,-0.0277986,1
20984,28,PTEN,1.4700000000000009,1.2839478000000006,1
20985,28,FIP1L1,-0.05,-0.021594200000000008,1
20986,28,JAK1,0.8400000000000003,0.6690160999999999,1
20987,28,ZMYM2,-0.04,-0.028405799999999995,1
20988,28,SUZ12,0.7900000000000004,0.6174814,1
20989,28,FUS,-0.35,0.04336989999999998,1
20990,28,BAP1,-0.54,-0.21604140000000002,1
20991,28,ZCCHC8,-0.08,-0.0237312,1
20992,28,CRNKL1,-0.009999999999999998,-0.006126500000000002,1
20993,28,RAD17,0.17,0.1233491,1
20994,28,ATP1A1,0.02,0.0119969,1
20995,28,DNMT3A,1.0500000000000003,0.8232958999999999,1
20996,28,FBXW7,0.9800000000000004,0.7965087,1
20997,28,WWTR1,-0.16000000000000003,-0.06992839999999999,1
20998,28,CDKN1B,0.39,0.30794580000000005,1
20999,28,KMT2A,0.32,0.3294604999999999,1
21000,28,PTPN11,0.9700000000000004,0.7831741,1
21001,28,STAT5B,0.6300000000000002,0.5059886,1
21002,28,CUX1,-0.12,-0.07751029999999999,1
21003,28,ABI1,-0.26,-0.0785241,1
21004,28,BRCA1,1.680000000000001,1.3532156000000004,1
21005,28,SH2B3,0.08,0.0502224,1
21006,28,AFF4,0.010000000000000023,0.029579100000000018,1
21007,28,NF2,0.13,0.1252689,1
21008,28,LMNA,0.04999999999999999,0.04989679999999999,1
21009,28,TSC2,0.8200000000000003,0.6446337999999998,1
21010,28,GOLPH3,-0.039999999999999994,-0.0286586,1
21011,28,PCM1,-0.05,-0.038858000000000004,1
21012,28,PPP2R1A,-0.42999999999999994,-0.1363007,1
21013,28,ARID1A,1.8100000000000012,1.4242715999999997,1
21014,28,ABL1,-0.049999999999999926,0.1188019000000001,1
21015,28,AFF1,0.16,0.1446927,1
21016,28,DAXX,-0.42,-0.111487,1
21017,28,CBFB,0.06999999999999999,0.10185319999999999,1
21018,28,CBLB,0.16000000000000003,0.1375063,1
21019,28,POLR2A,-0.09999999999999996,0.16379330000000003,1
21020,28,PRKACA,0.14000000000000007,0.2229169,1
21021,28,DNM2,-0.14,-0.0656442,1
21022,28,RAP1GDS1,0.010000000000000023,0.0489644,1
21023,28,NCOR1,1.0700000000000003,0.9282665,1
21024,28,NFKBIE,-0.35,-0.124701,1
21025,28,DDX3X,0.23,0.19897989999999996,1
21026,28,ELK4,0.02,0.0167672,1
21027,28,MLLT6,0.09,0.0725932,1
21028,28,SRSF2,-2.2700000000000005,-0.6175795000000001,1
21029,28,CTNNA1,0.15000000000000002,0.11733360000000001,1
21030,28,RBM10,0.21,0.15412289999999998,1
21031,28,PTPRC,-0.01999999999999999,0.0709144,1
21032,28,HSP90AA1,0.6600000000000001,0.5087885,1
21033,28,NSD1,0.22999999999999998,0.19044799999999998,0
21034,28,DICER1,0.23,0.2332707,0
21035,28,BIRC6,0.07,0.0672577,0
21036,28,SDHC,0.33000000000000007,0.2060446,0
21037,28,TFG,0.3,0.1714272,0
21038,28,MAP2K2,0.31,0.2254662,0
21039,28,TFRC,-0.27,-0.1290184,0
21040,28,CREB1,0.8500000000000005,0.597426,0
21041,28,POLG,0.0,0.0,0
21042,28,SETD2,0.7200000000000002,0.597306,0
21043,28,NAB2,-0.25,-0.0988739,0
21044,28,HIF1A,1.5300000000000007,1.0552261000000003,0
21045,28,FLCN,0.03,0.0359452,0
21046,28,MAP2K4,-0.009999999999999988,0.0691664,0
21047,28,CNOT3,3.469446951953614e-18,0.007563800000000008,0
21048,28,CIITA,0.08,0.0519203,0
21049,28,LSM14A,0.06,0.06528319999999999,0
21050,28,AKAP9,-0.060000000000000005,-0.013941700000000001,0
21051,28,MSN,-0.53,-0.1334998,0
21052,28,BCR,0.029999999999999978,0.047386000000000005,0
21053,28,TRRAP,0.020000000000000028,0.10014079999999999,0
21054,28,PPP6C,-0.15999999999999998,-0.0765314,0
21055,28,NCOA4,-0.22999999999999998,-0.1235379,0
21056,28,BCL9,0.13999999999999999,0.1059802,0
21057,28,PRCC,0.04999999999999999,0.0385292,0
21058,28,LARP4B,-0.02,-0.0097032,0
21059,28,CHD2,0.01,0.0073512000000000004,0
21060,28,ASXL1,0.5299999999999999,0.4702843,0
21061,28,SMARCA4,1.4200000000000008,1.0596354,0
21062,28,ERC1,-0.02,-0.0148606,0
21063,28,DCTN1,-0.18000000000000005,-0.0524113,0
21064,28,PIK3R1,1.4300000000000008,0.9828826999999999,0
21065,28,EED,0.11000000000000001,0.09930549999999999,0
21066,28,CNBP,0.01,0.0055979,0
21067,28,SGK1,0.3,0.16825050000000003,0
21068,28,MLLT10,-0.05999999999999999,-0.014647600000000004,0
21069,28,BRD4,0.9700000000000005,0.7198476,0
21070,28,RANBP2,0.13,0.19730229999999999,0
21071,28,FBXO11,0.07,0.0560589,0
21072,28,PML,0.30000000000000004,0.22020250000000002,0
21073,28,AKT2,0.9500000000000003,0.6265586000000001,0
21074,28,CEP89,0.07,0.042928,0
21075,28,LZTR1,0.08,0.0839137,0
21076,28,YWHAE,0.3400000000000001,0.22424180000000005,0
21077,28,DNAJB1,-0.03,0.010236899999999997,0
21078,28,PRDM2,0.02,0.014137599999999998,0
21079,28,TPM4,0.49000000000000005,0.31752480000000005,0
21080,28,CREBBP,1.700000000000001,1.3968231999999998,0
21081,28,PMS2,0.6200000000000001,0.5515446000000002,0
21082,28,DDR2,0.019999999999999997,0.010159600000000001,0
21083,28,FANCA,0.38,0.30258779999999996,0
21084,28,PDE4DIP,0.06,0.0407222,0
21085,28,USP8,-0.09999999999999999,-0.0505706,0
21086,28,MYH9,-0.31,-0.05808040000000001,0
21087,28,MYC,-1.0000000000000002,-0.3126593,0
21088,28,NBN,0.52,0.3854063000000001,0
21089,28,CCND3,-0.030000000000000002,0.0451256,0
21090,28,TRIP11,-0.14,-0.0884307,0
21091,28,CNTRL,-0.039999999999999994,-0.028198099999999997,0
21092,28,PIK3CA,1.3700000000000008,0.9436983,0
21093,28,DDX5,0.24000000000000002,0.24770379999999995,0
21094,28,PICALM,3.469446951953614e-18,0.004128500000000004,0
21095,28,RARA,0.3500000000000001,0.26766570000000006,0
21096,28,DDX6,-0.09000000000000002,0.042327,0
21097,28,COL1A1,0.13,0.12862049999999997,0
21098,28,VHL,0.21,0.148304,0
21099,28,MAPK1,1.5500000000000007,0.9622903999999999,0
21100,28,SRC,-0.5499999999999998,0.01043549999999998,0
21101,28,NFE2L2,0.26999999999999996,0.17383630000000005,0
21102,28,MITF,-0.24000000000000002,-0.040562600000000004,0
21103,28,SMAD3,1.2300000000000009,0.8877600000000002,0
21104,28,RBM15,0.05,0.0449314,0
21105,28,ATR,0.6600000000000003,0.5547051,0
21106,28,EPAS1,0.39999999999999997,0.3430251999999999,0
21107,28,TPM3,0.28,0.20114189999999998,0
21108,28,RPL10,0.15000000000000002,0.11727320000000001,0
21109,28,STAG1,0.15000000000000002,0.1535629,0
21110,28,SBDS,-0.02,-0.0083981,0
21111,28,KMT2D,0.9800000000000004,0.7084913,0
21112,28,MED12,0.28,0.23337229999999998,0
21113,28,BCLAF1,-0.09,-0.005553099999999995,0
21114,28,ASPSCR1,0.010000000000000005,0.0128306,0
21115,28,CDK12,0.26,0.1870481,0
21116,28,EWSR1,0.4999999999999999,0.3872531999999999,0
21117,28,NDRG1,-0.09,-0.029277699999999997,0
21118,28,PSIP1,-0.14,-0.05688699999999999,0
21119,28,TRIM33,0.02,0.0328828,0
21120,28,MTOR,1.2500000000000007,0.8773347000000001,0
21121,28,ARHGAP35,0.05999999999999999,0.10287270000000001,0
21122,28,POT1,-0.03,-0.004180000000000003,0
21123,28,EXT1,0.11,0.076846,0
21124,28,IL6ST,0.29000000000000004,0.2211031,0
21125,28,IDH2,0.11000000000000001,0.09795509999999999,0
21126,28,SMARCE1,0.47000000000000003,0.29167069999999995,0
21127,28,CRTC3,0.09,0.0722194,0
21128,28,TSC1,0.20999999999999996,0.23293230000000004,0
21129,28,BCOR,-0.16999999999999998,-0.020437000000000007,0
21130,28,SDHA,0.26,0.15346150000000003,0
21131,28,EP300,1.680000000000001,1.2679387000000002,0
21132,28,HNRNPA2B1,0.24,0.21222280000000002,0
21133,28,CLIP1,-0.12000000000000001,-0.0659846,0
21134,28,PATZ1,-0.45000000000000007,-0.12042400000000002,0
21135,28,FUBP1,-0.13000000000000003,-0.0009294000000000073,0
21136,28,HLA-A,-0.12,0.022404500000000004,0
21137,28,CCNC,-0.17,-0.059250500000000005,0
21138,28,RPN1,-0.21000000000000002,-0.06844140000000001,0
21139,28,TCF7L2,0.049999999999999975,0.08001039999999998,0
21140,28,CANT1,0.05000000000000002,0.04692430000000001,0
21141,28,RPL5,-0.5499999999999999,-0.15031239999999998,0
21142,28,CCDC6,0.020000000000000004,0.046300400000000005,0
21143,28,NCKIPSD,0.04,0.024344200000000003,0
21144,28,SMARCD1,0.42,0.2854665,0
21145,28,BCL10,0.010000000000000002,0.029889599999999995,0
21146,28,MAX,-0.049999999999999996,-0.0070908000000000065,0
21147,28,HERPUD1,0.02,0.008264200000000001,0
21148,28,RAC1,0.02999999999999999,0.10212170000000001,0
21149,28,FLNA,0.1,0.10145439999999999,0
21150,28,TFE3,-0.5,-0.2068515,0
21151,28,NCOR2,0.7300000000000002,0.5291037999999999,0
21152,28,PRPF40B,-0.01,-0.0049189,0
21153,28,BCL3,-0.049999999999999996,-0.007312599999999995,0
21154,28,TFPT,-0.22,-0.0837676,0
21155,28,MLH1,0.8600000000000001,0.7240896,0
21156,28,ARHGAP5,0.13,0.10374240000000001,0
21157,28,CIC,-0.01,-0.006029,0
21158,28,LYN,0.9200000000000003,0.6245697000000001,0
21159,28,TCF12,0.27,0.19601689999999997,0
21160,28,KLF6,0.04,0.0223639,0
21161,28,KMT2C,1.0300000000000002,0.8002710000000001,0
21162,28,PIM1,-0.19,-0.0609218,0
21163,28,CCND1,1.1100000000000005,0.7177985000000003,0
21164,28,MLLT1,-0.7800000000000002,-0.2441633,0
21165,28,MEN1,0.05999999999999998,0.08645169999999999,0
21166,28,CUL3,0.19000000000000003,0.1672998,0
21167,28,RB1,0.5700000000000001,0.40945399999999993,0
21168,28,LPP,-0.019999999999999997,-0.014199399999999996,0
21169,28,BUB1B,-0.18999999999999997,-0.09748659999999999,0
21170,28,SMAD4,1.4000000000000008,1.0296414000000003,0
21171,28,FGFR1,0.18999999999999997,0.1240383,0
21172,28,TMSB4X,0.04,0.031616399999999996,0
21173,28,CDK4,0.5800000000000001,0.41535790000000006,0
21174,28,MSI2,0.01,0.0070929,0
21175,28,MSH6,0.8500000000000003,0.6363726,0
21176,28,BRAF,0.7800000000000002,0.7667145999999998,0
21177,28,TCEA1,-0.010000000000000002,0.022887900000000003,0
21178,28,TNFAIP3,0.09000000000000001,0.0838506,0
21179,28,RABEP1,0.0,-0.0023993999999999994,0
21180,28,GMPS,-0.07,-0.03812750000000001,0
21181,28,MDM2,1.2300000000000009,0.7931203,0
21182,28,NSD2,0.17,0.11720699999999999,0
21183,28,CASP8,-0.11000000000000004,0.1418375,0
21184,28,PER1,-0.21000000000000002,-0.03980179999999999,0
21185,28,UBR5,-0.04999999999999999,-0.007955800000000002,0
21186,28,EIF3E,-0.029999999999999985,0.06537480000000001,0
21187,28,RFWD3,0.019999999999999997,0.0311336,0
21188,28,BRD3,0.15,0.1148175,0
21189,28,PAFAH1B2,0.02,0.015088200000000001,0
21190,28,EXT2,0.009999999999999995,0.014121999999999996,0
21191,28,PLCG1,0.4799999999999999,0.33636589999999994,0
21192,28,SF3B1,-0.41999999999999993,-0.1786396,0
21193,28,ARHGEF10L,0.02,0.0111356,0
21194,28,NFATC2,0.18000000000000002,0.125631,0
21195,28,SDHD,0.28,0.15644700000000003,0
21196,28,PABPC1,-0.6400000000000002,-0.1688862,0
21197,28,POLD1,-0.29,-0.048903699999999994,0
21198,28,CALR,0.039999999999999994,0.03167579999999999,0
21199,28,PIK3CB,0.6000000000000001,0.46975429999999996,0
21200,28,PPM1D,0.18000000000000002,0.1306095,0
21201,28,ATRX,0.9600000000000004,0.7867857,0
21202,28,DGCR8,0.15000000000000002,0.0916407,0
21203,28,DDX10,0.13,0.08824430000000001,0
21204,28,DROSHA,0.48,0.3523434,0
21205,28,TNFRSF14,-0.12,-0.043584,0
21206,28,BCL9L,0.14,0.0939994,0
21207,28,QKI,-0.09,-0.053741500000000005,0
21208,28,BAZ1A,0.01,0.0070599,0
21209,28,CHD4,0.2,0.19129059999999998,0
21210,28,NSD3,0.06,0.059966900000000004,0
21211,28,NT5C2,0.16,0.09888400000000001,0
21212,28,CCNB1IP1,0.09,0.036176700000000006,0
21213,28,PCBP1,-0.6799999999999999,-0.19793710000000003,0
21214,28,RALGDS,0.12,0.08642739999999999,0
21215,28,ARHGEF12,-0.009999999999999998,0.0042237,0
21216,28,HSP90AB1,1.0500000000000005,0.7069694,0
21217,28,FOXO3,1.1800000000000006,0.7733338999999999,0
21218,28,HIP1,-0.03,-0.0184593,0
21219,28,CDC73,-0.07,0.009996000000000003,0
21220,28,NIN,0.03,0.0201559,0
21221,28,MDM4,0.10000000000000002,0.1435535,0
21222,28,COL3A1,0.15,0.1340286,0
21223,28,CTNND1,0.1,0.122233,0
21224,28,SPOP,3.469446951953614e-18,0.018588399999999998,0
21225,28,TMEM127,0.06000000000000001,0.05873269999999999,0
21226,28,CREB3L2,0.11,0.0673879,0
21227,28,MSH2,0.9000000000000005,0.6277334000000002,0
21228,28,FNBP1,-0.009999999999999998,0.0011786999999999995,0
21229,28,ATF1,-0.009999999999999995,-0.002351599999999997,0
21230,28,EIF1AX,-0.52,-0.21586209999999997,0
21231,28,PMS1,0.47000000000000003,0.3622354,0
21232,28,DEK,0.060000000000000005,0.084089,0
21233,28,ERBB2,1.0800000000000005,0.6798967,0
21234,28,AKT1,0.8700000000000003,0.5427080999999999,0
21235,28,CHEK2,0.25,0.37000750000000004,0
21236,28,SDHB,0.42,0.2683466,0
21237,28,NCOA1,0.43000000000000005,0.2908112,0
21238,28,CHIC2,0.039999999999999994,0.020231399999999997,0
21239,28,RUNX1,0.33000000000000007,0.5199228000000001,0
21240,28,STAT6,0.24000000000000002,0.1687815,0
21241,28,FH,-0.15999999999999998,-0.0526717,0
21242,28,AKT3,1.0400000000000005,0.6679666,0
21243,28,GNAS,0.27,0.1886132,0
21244,28,CTNNB1,1.2600000000000007,0.8397596000000003,0
21245,28,NONO,0.18999999999999997,0.129348,0
21246,28,SMARCB1,0.9000000000000004,0.6587287000000001,0
21247,28,PRKAR1A,0.1,0.1003852,0
21248,28,ITGAV,0.030000000000000002,0.0329588,0
21249,28,SS18,0.4,0.25058769999999997,0
21250,28,MAP2K1,0.9800000000000004,0.6028333,0
21251,28,SIRPA,0.01,0.0052499,0
21252,28,PPFIBP1,0.38,0.2471903,0
21253,28,RPL22,-0.17,0.0694661,0
21254,28,CYLD,0.27,0.20852,0
21255,28,ARID1B,0.6000000000000001,0.4360037,0
21256,28,SETDB1,0.32,0.2241793,0
21257,28,AFDN,-0.36,-0.15318140000000002,0
21258,28,ZRSR2,0.29000000000000004,0.1976423,0
21259,28,PBRM1,0.9400000000000004,0.6550637,0
21260,28,XPC,0.6100000000000001,0.4149797,0
21261,28,ASXL2,0.25,0.16077049999999998,0
21262,28,TRIM24,-0.18,-0.07344980000000001,0
21263,28,SFPQ,-0.2,-0.0368614,0
21264,28,NCOA2,0.56,0.3912098,0
21265,28,FOXO4,0.3700000000000001,0.24430110000000002,0
21266,28,LEF1,0.12,0.1089353,0
21267,28,B2M,-0.5800000000000001,-0.20015560000000002,0
21268,28,DDIT3,-0.38,-0.09110280000000001,0
21269,28,BCL6,0.55,0.3802097000000001,0
21270,28,KRAS,-1.1600000000000001,-0.2948508,0
21271,28,FAT1,0.05000000000000001,0.0525897,0
21272,28,ABL2,0.09000000000000002,0.06410450000000001,0
21273,28,NF1,0.8900000000000006,0.7132751000000002,0
21274,28,BTG1,0.0,0.0,0
21275,28,EIF4A2,0.09000000000000001,0.0752848,0
21276,28,SET,0.16000000000000003,0.14050920000000003,0
21277,28,EPS15,0.019999999999999997,0.025391700000000003,0
21278,28,RNF213,0.03,0.0235122,0
21279,28,CTCF,0.8600000000000003,0.6114212000000001,0
21280,28,WDCP,0.14,0.09133639999999998,0
21281,28,KAT7,0.08,0.06396260000000001,0
21282,28,KDM5C,0.16,0.1483856,0
21283,28,TGFBR2,0.18000000000000002,0.15249100000000002,0
21284,28,ATM,1.260000000000001,0.9947114000000001,0
21285,28,NUMA1,-0.010000000000000004,0.007930699999999997,0
21286,28,STAT3,1.3400000000000007,1.089363,0
21287,28,SUB1,-0.25,-0.0876522,0
21288,28,NUP98,0.05999999999999996,0.08331159999999997,0
21289,28,ELL,-0.08000000000000002,-0.0120882,0
21290,28,MAP3K1,0.39999999999999997,0.3000534,0
21291,28,MALT1,0.18,0.15041700000000002,0
21292,28,XPO1,0.30000000000000004,0.2385776,0
21293,28,SETD1B,0.09000000000000001,0.06649949999999999,0
21294,28,ETV6,-0.17,-0.04832050000000001,0
21295,28,TBL1XR1,0.19000000000000003,0.12059160000000002,0
21296,28,NUP214,0.13,0.1350198,0
21297,28,TPR,0.07,0.08990459999999999,0
21298,28,ATIC,0.04,0.048833600000000005,0
21299,28,NACA,0.22000000000000003,0.1449689,0
21300,28,MYO5A,0.0,0.0013299999999999996,0
21301,28,SMC1A,0.5900000000000001,0.4887092999999999,0
21302,28,LASP1,-0.19,-0.1101375,0
21303,28,ERCC5,0.44,0.28447669999999997,0
21304,28,JUN,0.29,0.2959173,0
21305,28,THRAP3,0.08,0.06418560000000001,0
21306,28,STAG2,0.47,0.35262800000000005,0
21307,28,RAF1,1.1800000000000004,0.8107504999999999,0
21308,28,ERCC3,0.48000000000000004,0.40952390000000005,0
21309,28,SMAD2,0.5400000000000001,0.4724319,0
21310,28,TAF15,0.16000000000000003,0.13511380000000003,0
21311,28,ARNT,0.29000000000000004,0.237616,0
21312,28,CLTC,-0.5599999999999999,-0.3090109,0
21313,28,IKBKB,0.55,0.414482,0
21314,28,IDH1,-0.58,-0.1445684,0
21315,28,SND1,-0.05,-0.0250179,0
21316,28,KNSTRN,0.04,0.0329128,0
21317,28,RHOA,-1.1700000000000002,-0.2857299000000001,0
21318,28,PALB2,0.59,0.5042525,0
21319,28,ARID2,0.7200000000000002,0.5263715,0
21320,28,EZR,-0.16,-0.0256261,0
21321,28,TP53,-0.30999999999999983,0.35102970000000017,0
21322,28,ARAF,0.32000000000000006,0.1743559,0
21323,28,KIF5B,0.4600000000000001,0.33200530000000006,0
21324,28,KAT6A,0.22,0.18670759999999997,0
21325,28,KTN1,-0.08,-0.0246233,0
21326,28,GOLGA5,-0.13,-0.0788721,0
21327,28,KDM5A,0.2,0.18977000000000002,0
21328,28,RAD21,0.46000000000000013,0.3750313,0
21329,28,GNAQ,0.14,0.09576630000000001,0
21330,28,CAMTA1,0.02,0.0127612,0
21331,28,ERCC2,0.6100000000000001,0.4466818000000001,0
21332,28,EZH2,1.8700000000000012,1.2077767,0
21333,28,TOP1,0.18999999999999997,0.142267,0
21334,28,SRSF3,-0.5199999999999999,-0.1422038,0
21335,28,NPM1,0.19999999999999996,0.26102089999999994,0
21336,28,BAX,-0.48,-0.1394287,0
21337,28,NOTCH2,0.29,0.2269062,0
21338,28,TRAF7,0.03,0.022672199999999997,0
21339,28,KDM6A,0.8600000000000003,0.7215031999999999,0
21340,28,SPEN,0.09999999999999999,0.0700071,0
21341,28,TRIM27,-0.33,-0.12831420000000002,0
21342,28,CRTC1,0.14,0.11017200000000002,0
21343,28,EML4,0.14,0.1274752,0
21344,28,USP9X,-0.08999999999999998,-0.0534266,0
21345,28,PTPRK,0.01,0.006462900000000001,0
21346,28,CD74,-0.11000000000000001,0.005558900000000004,0
21347,28,CBL,0.5099999999999999,0.368477,0
21348,28,ZNF384,-0.060000000000000005,-0.0275717,0
21349,28,NOTCH1,1.0000000000000004,0.7462936000000001,0
21350,28,COX6C,-0.07999999999999999,-0.044539499999999996,0
21351,28,CHCHD7,0.03,0.020621699999999996,0
21352,28,HMGA1,-0.09,-0.0444209,0
21353,28,PTEN,1.4500000000000008,1.1744362000000006,0
21354,28,FIP1L1,-0.04000000000000001,-0.022072000000000005,0
21355,28,JAK1,0.8100000000000003,0.6084521000000002,0
21356,28,ZMYM2,-0.1,-0.06482380000000001,0
21357,28,SUZ12,0.6500000000000001,0.45463099999999995,0
21358,28,FUS,-0.10000000000000006,0.14821560000000003,0
21359,28,BAP1,0.01,0.04683699999999999,0
21360,28,ZCCHC8,-0.08,-0.0219784,0
21361,28,CRNKL1,-0.02,-0.010379400000000002,0
21362,28,RAD17,0.14,0.0959341,0
21363,28,ATP1A1,-0.009999999999999998,-0.0017296999999999972,0
21364,28,DNMT3A,0.9100000000000004,0.7062036,0
21365,28,FBXW7,1.0500000000000003,0.8038799999999998,0
21366,28,WWTR1,-0.09,-0.04297079999999999,0
21367,28,CDKN1B,0.5400000000000001,0.31841240000000004,0
21368,28,KMT2A,0.54,0.4331021,0
21369,28,PTPN11,0.9700000000000004,0.686989,0
21370,28,STAT5B,0.6400000000000001,0.49235900000000005,0
21371,28,CUX1,-0.08999999999999998,-0.0587361,0
21372,28,ABI1,-0.3,-0.117217,0
21373,28,BRCA1,1.6800000000000013,1.2922167,0
21374,28,SH2B3,0.020000000000000004,0.0232209,0
21375,28,AFF4,0.18000000000000002,0.123881,0
21376,28,NF2,0.04,0.08670109999999999,0
21377,28,LMNA,0.060000000000000005,0.0550961,0
21378,28,TSC2,0.6500000000000002,0.5021292,0
21379,28,GOLPH3,-0.07,-0.044401,0
21380,28,PCM1,-0.06,-0.039408,0
21381,28,PPP2R1A,-0.45000000000000007,-0.1507764,0
21382,28,ARID1A,1.8100000000000012,1.2776767000000002,0
21383,28,ABL1,0.1,0.14037180000000005,0
21384,28,AFF1,0.27,0.1983544,0
21385,28,DAXX,-0.26999999999999996,-0.061442300000000005,0
21386,28,CBFB,0.11,0.0804852,0
21387,28,CBLB,0.13,0.09790470000000001,0
21388,28,POLR2A,0.12999999999999995,0.20736069999999995,0
21389,28,PRKACA,0.3400000000000001,0.2753843,0
21390,28,DNM2,-0.13,-0.0539568,0
21391,28,RAP1GDS1,-0.07999999999999999,-0.041418399999999994,0
21392,28,NCOR1,0.9500000000000004,0.8076550000000001,0
21393,28,NFKBIE,-0.21000000000000002,-0.0842238,0
21394,28,DDX3X,0.09,0.0983727,0
21395,28,ELK4,0.02,0.014898800000000002,0
21396,28,MLLT6,0.13,0.0986234,0
21397,28,SRSF2,-0.9,-0.27938430000000003,0
21398,28,CTNNA1,0.11,0.08074959999999998,0
21399,28,RBM10,0.23,0.1520971,0
21400,28,PTPRC,0.07,0.0886065,0
21401,28,HSP90AA1,1.0600000000000003,0.7113786999999998,0
21402,29,NSD1,0.28,0.248948,1
21403,29,DICER1,0.18,0.23678119999999997,1
21404,29,BIRC6,0.12,0.1130831,1
21405,29,SDHC,0.36,0.29068160000000004,1
21406,29,TFG,0.21,0.1325316,1
21407,29,MAP2K2,0.25,0.1862807,1
21408,29,TFRC,-0.24,-0.0985944,1
21409,29,CREB1,0.9400000000000005,0.8013914999999999,1
21410,29,POLG,-0.02,-0.005558800000000001,1
21411,29,SETD2,0.6300000000000001,0.5654814,1
21412,29,NAB2,-0.45,-0.1465862,1
21413,29,HIF1A,1.770000000000001,1.3139807000000001,1
21414,29,FLCN,-0.060000000000000005,0.014165499999999998,1
21415,29,MAP2K4,0.13,0.14876620000000002,1
21416,29,CNOT3,6.938893903907228e-18,0.020631600000000007,1
21417,29,CIITA,0.09,0.0589675,1
21418,29,LSM14A,0.12,0.09963369999999999,1
21419,29,AKAP9,0.009999999999999995,0.03594789999999999,1
21420,29,MSN,-0.21999999999999997,-0.0656171,1
21421,29,BCR,-0.07000000000000003,0.037827900000000005,1
21422,29,TRRAP,0.05000000000000003,0.1655259,1
21423,29,PPP6C,-0.15,-0.0644343,1
21424,29,NCOA4,-0.11,-0.047739699999999996,1
21425,29,BCL9,0.19,0.1456239,1
21426,29,PRCC,0.13,0.09128919999999999,1
21427,29,LARP4B,0.01,0.0066293,1
21428,29,CHD2,0.02,0.0176758,1
21429,29,ASXL1,0.4000000000000001,0.4039672,1
21430,29,SMARCA4,1.9000000000000012,1.4779976,1
21431,29,ERC1,-0.03,-0.0214101,1
21432,29,DCTN1,-0.03,0.028689800000000005,1
21433,29,PIK3R1,1.4500000000000008,1.1069212,1
21434,29,EED,0.010000000000000016,0.04349480000000001,1
21435,29,CNBP,0.01,0.0057343,1
21436,29,SGK1,0.48,0.32295909999999994,1
21437,29,MLLT10,-0.13,-0.0566145,1
21438,29,BRD4,0.9400000000000003,0.7937227,1
21439,29,RANBP2,0.23000000000000004,0.227759,1
21440,29,FBXO11,0.060000000000000005,0.0501936,1
21441,29,PML,0.35,0.2572185,1
21442,29,AKT2,1.0200000000000002,0.7290304999999999,1
21443,29,CEP89,0.04,0.028382200000000003,1
21444,29,LZTR1,0.15,0.1279689,1
21445,29,YWHAE,0.09,0.0615551,1
21446,29,DNAJB1,0.019999999999999997,0.019955599999999993,1
21447,29,PRDM2,0.05,0.038685699999999996,1
21448,29,TPM4,0.53,0.38405290000000003,1
21449,29,CREBBP,1.650000000000001,1.3959085,1
21450,29,PMS2,0.7300000000000002,0.6190559000000001,1
21451,29,DDR2,0.0,0.0013012000000000024,1
21452,29,FANCA,0.39,0.3266919,1
21453,29,PDE4DIP,0.07,0.0530348,1
21454,29,USP8,-0.07,-0.0308502,1
21455,29,MYH9,-0.57,-0.1441375,1
21456,29,MYC,-1.11,-0.13879010000000003,1
21457,29,NBN,0.5900000000000001,0.459774,1
21458,29,CCND3,-0.08,-0.0002601000000000027,1
21459,29,TRIP11,-0.14,-0.0942066,1
21460,29,CNTRL,-0.09,-0.0658376,1
21461,29,PIK3CA,1.470000000000001,1.1798746000000002,1
21462,29,DDX5,0.2899999999999999,0.3077494,1
21463,29,PICALM,-0.009999999999999998,-0.0021675999999999952,1
21464,29,RARA,-0.18999999999999997,0.037570000000000006,1
21465,29,DDX6,0.06999999999999999,0.11858469999999999,1
21466,29,COL1A1,0.2,0.16947379999999998,1
21467,29,VHL,0.19,0.14184739999999998,1
21468,29,MAPK1,1.780000000000001,1.2633070999999998,1
21469,29,SRC,0.5100000000000003,0.44050590000000006,1
21470,29,NFE2L2,0.36,0.25978,1
21471,29,MITF,-0.18000000000000002,-0.028753899999999992,1
21472,29,SMAD3,1.280000000000001,1.109986,1
21473,29,RBM15,0.09,0.0752498,1
21474,29,ATR,0.7300000000000002,0.5936067,1
21475,29,EPAS1,0.44,0.4062575,1
21476,29,TPM3,0.18000000000000005,0.15688670000000002,1
21477,29,RPL10,0.12,0.12024130000000002,1
21478,29,STAG1,0.09000000000000001,0.14502779999999998,1
21479,29,SBDS,-0.05,-0.017888599999999998,1
21480,29,KMT2D,0.9200000000000004,0.7590014,1
21481,29,MED12,0.36,0.3098216999999999,1
21482,29,BCLAF1,-0.12,-0.008342799999999997,1
21483,29,ASPSCR1,-0.06000000000000001,-0.021232200000000003,1
21484,29,CDK12,0.49,0.38268369999999996,1
21485,29,EWSR1,0.35,0.3369963,1
21486,29,NDRG1,-0.010000000000000004,0.0107944,1
21487,29,PSIP1,-0.020000000000000004,0.006163200000000005,1
21488,29,TRIM33,0.06999999999999999,0.07055090000000001,1
21489,29,MTOR,1.1600000000000006,0.9285991,1
21490,29,ARHGAP35,0.2,0.16579170000000001,1
21491,29,POT1,0.01,0.009092200000000002,1
21492,29,EXT1,0.12,0.0931332,1
21493,29,IL6ST,0.3,0.2436617,1
21494,29,IDH2,-0.06999999999999998,0.05321619999999999,1
21495,29,SMARCE1,0.33999999999999997,0.22596,1
21496,29,CRTC3,0.09999999999999999,0.0852212,1
21497,29,TSC1,0.29,0.2939977,1
21498,29,BCOR,-0.12,0.004582499999999996,1
21499,29,SDHA,0.23,0.1762208,1
21500,29,EP300,2.210000000000001,1.7897373999999997,1
21501,29,HNRNPA2B1,0.48000000000000004,0.3426098,1
21502,29,CLIP1,-0.09999999999999999,-0.0585792,1
21503,29,PATZ1,-0.66,-0.1454629,1
21504,29,FUBP1,-0.15000000000000002,-0.014316400000000005,1
21505,29,HLA-A,-0.030000000000000013,0.04334629999999999,1
21506,29,CCNC,-0.24999999999999997,-0.09877960000000001,1
21507,29,RPN1,-0.13,-0.0502359,1
21508,29,TCF7L2,0.03000000000000002,0.07445699999999998,1
21509,29,CANT1,-0.01999999999999999,0.025640700000000016,1
21510,29,RPL5,-0.56,-0.15257360000000003,1
21511,29,CCDC6,0.09000000000000001,0.09547040000000001,1
21512,29,NCKIPSD,-0.05,-0.0170295,1
21513,29,SMARCD1,0.36,0.3248817,1
21514,29,BCL10,0.06000000000000001,0.08114930000000001,1
21515,29,MAX,0.05000000000000001,0.0750521,1
21516,29,HERPUD1,-0.02,-0.0056560000000000004,1
21517,29,RAC1,-0.09999999999999998,0.096911,1
21518,29,FLNA,-0.020000000000000004,0.03633709999999999,1
21519,29,TFE3,-0.61,-0.23775469999999999,1
21520,29,NCOR2,0.6000000000000002,0.5194654999999999,1
21521,29,PRPF40B,0.020000000000000004,0.020514499999999998,1
21522,29,BCL3,-0.09000000000000004,-0.0048593,1
21523,29,TFPT,-0.3,-0.10220219999999999,1
21524,29,MLH1,0.7600000000000002,0.6691041000000001,1
21525,29,ARHGAP5,0.17,0.1363037,1
21526,29,CIC,0.01,0.0070472,1
21527,29,LYN,0.8100000000000002,0.5848386999999999,1
21528,29,TCF12,0.29,0.22070149999999997,1
21529,29,KLF6,0.049999999999999996,0.0363932,1
21530,29,KMT2C,0.9200000000000004,0.7560124,1
21531,29,PIM1,-0.11000000000000004,-0.013569800000000007,1
21532,29,CCND1,0.7300000000000004,0.5605105999999999,1
21533,29,MLLT1,-1.2000000000000004,-0.3385166,1
21534,29,MEN1,-0.06999999999999999,-0.003379300000000005,1
21535,29,CUL3,0.08999999999999998,0.130034,1
21536,29,RB1,0.7000000000000002,0.5169429,1
21537,29,LPP,-0.09,-0.0325221,1
21538,29,BUB1B,-0.2,-0.09485539999999999,1
21539,29,SMAD4,1.600000000000001,1.2694801000000002,1
21540,29,FGFR1,0.18,0.1901778,1
21541,29,TMSB4X,0.04,0.033198,1
21542,29,CDK4,0.9500000000000004,0.6633692999999998,1
21543,29,MSI2,0.01,0.0075715,1
21544,29,MSH6,0.9800000000000004,0.7884841000000002,1
21545,29,BRAF,1.1600000000000006,1.0116098999999998,1
21546,29,TCEA1,-0.14,-0.017931700000000002,1
21547,29,TNFAIP3,0.17,0.13368080000000002,1
21548,29,RABEP1,-0.03,-0.018927899999999994,1
21549,29,GMPS,-0.09999999999999998,-0.05506020000000002,1
21550,29,MDM2,1.260000000000001,0.9834887000000001,1
21551,29,NSD2,0.2,0.1453133,1
21552,29,CASP8,-0.34,0.051848099999999994,1
21553,29,PER1,-0.31,-0.09635749999999998,1
21554,29,UBR5,0.02,0.0345599,1
21555,29,EIF3E,-0.019999999999999997,0.0562039,1
21556,29,RFWD3,0.030000000000000002,0.0327181,1
21557,29,BRD3,0.08,0.05760040000000001,1
21558,29,PAFAH1B2,0.03,0.02652,1
21559,29,EXT2,0.01999999999999999,0.027347200000000002,1
21560,29,PLCG1,0.54,0.43005870000000007,1
21561,29,SF3B1,-0.55,-0.24488050000000003,1
21562,29,ARHGEF10L,0.02,0.0095968,1
21563,29,NFATC2,0.2,0.1411478,1
21564,29,SDHD,0.26000000000000006,0.2002707,1
21565,29,PABPC1,-0.53,-0.11527140000000001,1
21566,29,POLD1,-0.35999999999999993,-0.07269830000000002,1
21567,29,CALR,-0.01999999999999999,0.04145110000000001,1
21568,29,PIK3CB,0.8600000000000003,0.6772069000000001,1
21569,29,PPM1D,0.27,0.20206069999999998,1
21570,29,ATRX,0.9400000000000006,0.7980664999999998,1
21571,29,DGCR8,0.14,0.11375609999999997,1
21572,29,DDX10,0.13,0.1000898,1
21573,29,DROSHA,0.51,0.3937044,1
21574,29,TNFRSF14,-0.12000000000000001,-0.044128200000000006,1
21575,29,BCL9L,0.09999999999999998,0.07588509999999998,1
21576,29,QKI,-0.04,-0.025849900000000002,1
21577,29,BAZ1A,0.0,0.0,1
21578,29,CHD4,0.32,0.2919142,1
21579,29,NSD3,0.12,0.1060334,1
21580,29,NT5C2,0.15000000000000002,0.09635980000000001,1
21581,29,CCNB1IP1,0.12000000000000001,0.052969100000000005,1
21582,29,PCBP1,-0.7599999999999999,-0.2124083,1
21583,29,RALGDS,-0.06999999999999999,0.03767200000000001,1
21584,29,ARHGEF12,0.020000000000000004,0.0332938,1
21585,29,HSP90AB1,0.8200000000000003,0.6221406000000002,1
21586,29,FOXO3,1.4600000000000006,1.0431659000000002,1
21587,29,HIP1,-0.02,-0.011892799999999999,1
21588,29,CDC73,0.07,0.087175,1
21589,29,NIN,-0.04000000000000001,-0.0239959,1
21590,29,MDM4,0.07,0.1399617,1
21591,29,COL3A1,0.2,0.16406869999999998,1
21592,29,CTNND1,0.12,0.1428899,1
21593,29,SPOP,0.02,0.04900670000000001,1
21594,29,TMEM127,0.1,0.053633499999999994,1
21595,29,CREB3L2,0.13000000000000003,0.0850193,1
21596,29,MSH2,1.0200000000000005,0.8353931,1
21597,29,FNBP1,-0.010000000000000005,0.022292899999999997,1
21598,29,ATF1,0.12000000000000001,0.08304700000000001,1
21599,29,EIF1AX,-0.42,-0.18547980000000003,1
21600,29,PMS1,0.48,0.373545,1
21601,29,DEK,0.08,0.0958202,1
21602,29,ERBB2,0.9800000000000004,0.6603997,1
21603,29,AKT1,0.1700000000000001,0.2600405,1
21604,29,CHEK2,0.4900000000000001,0.5623914,1
21605,29,SDHB,0.38,0.2922599,1
21606,29,NCOA1,0.42,0.30965700000000007,1
21607,29,CHIC2,0.09999999999999999,0.0699852,1
21608,29,RUNX1,0.23,0.6164989,1
21609,29,STAT6,0.32999999999999996,0.3072460000000001,1
21610,29,FH,-0.08,-0.0027600000000000194,1
21611,29,AKT3,1.1700000000000006,0.8633524,1
21612,29,GNAS,0.38000000000000006,0.25861429999999996,1
21613,29,CTNNB1,1.2400000000000007,0.8942345,1
21614,29,NONO,0.32000000000000006,0.26170560000000004,1
21615,29,SMARCB1,0.9400000000000003,0.7118160000000001,1
21616,29,PRKAR1A,0.22,0.19581040000000002,1
21617,29,ITGAV,0.009999999999999998,0.030292899999999994,1
21618,29,SS18,0.43,0.3027707,1
21619,29,MAP2K1,0.7900000000000003,0.5262938,1
21620,29,SIRPA,-0.06999999999999999,-0.020937,1
21621,29,PPFIBP1,0.39999999999999997,0.2931382,1
21622,29,RPL22,-0.12999999999999998,0.09797880000000002,1
21623,29,CYLD,0.30000000000000004,0.23672240000000005,1
21624,29,ARID1B,0.81,0.620068,1
21625,29,SETDB1,0.3,0.2221703,1
21626,29,AFDN,-0.33,-0.12419649999999999,1
21627,29,ZRSR2,0.14,0.10007940000000001,1
21628,29,PBRM1,0.9200000000000004,0.6828376000000002,1
21629,29,XPC,0.43999999999999995,0.2683156,1
21630,29,ASXL2,0.25,0.1813005,1
21631,29,TRIM24,-0.32,-0.0762866,1
21632,29,SFPQ,-0.31999999999999995,-0.04884730000000001,1
21633,29,NCOA2,0.6100000000000001,0.4876868000000001,1
21634,29,FOXO4,0.22,0.1623954,1
21635,29,LEF1,0.21999999999999997,0.18087349999999996,1
21636,29,B2M,-0.2799999999999999,-0.1046047,1
21637,29,DDIT3,-0.27999999999999997,-0.1053588,1
21638,29,BCL6,0.39,0.3230474,1
21639,29,KRAS,0.049999999999999975,0.22489599999999998,1
21640,29,FAT1,0.13,0.09266260000000001,1
21641,29,ABL2,0.06,0.058949299999999996,1
21642,29,NF1,1.2800000000000007,0.9956387000000001,1
21643,29,BTG1,-0.04,-0.0198224,1
21644,29,EIF4A2,0.06999999999999999,0.04493360000000001,1
21645,29,SET,0.16,0.1335989,1
21646,29,EPS15,0.07,0.0638963,1
21647,29,RNF213,0.05,0.0441514,1
21648,29,CTCF,0.9000000000000004,0.6239117000000001,1
21649,29,WDCP,0.22,0.1360064,1
21650,29,KAT7,0.12000000000000002,0.10387160000000001,1
21651,29,KDM5C,0.21000000000000002,0.1934016,1
21652,29,TGFBR2,0.14,0.18088430000000005,1
21653,29,ATM,0.8400000000000005,0.8772557,1
21654,29,NUMA1,0.020000000000000004,0.027825,1
21655,29,STAT3,0.8800000000000003,0.8875047000000003,1
21656,29,SUB1,-0.12,-0.048710699999999996,1
21657,29,NUP98,0.09000000000000002,0.1388788,1
21658,29,ELL,0.14,0.07434070000000001,1
21659,29,MAP3K1,0.53,0.39159649999999996,1
21660,29,MALT1,0.2,0.1747508,1
21661,29,XPO1,0.48000000000000015,0.3849071,1
21662,29,SETD1B,0.21,0.1654431,1
21663,29,ETV6,-0.030000000000000006,0.0123645,1
21664,29,TBL1XR1,0.2,0.1354771,1
21665,29,NUP214,0.11000000000000001,0.17455640000000003,1
21666,29,TPR,0.09999999999999999,0.0825195,1
21667,29,ATIC,0.12000000000000002,0.14248280000000002,1
21668,29,NACA,0.21000000000000002,0.13192370000000003,1
21669,29,MYO5A,0.0,0.0004587999999999988,1
21670,29,SMC1A,0.41,0.43059519999999996,1
21671,29,LASP1,-0.26,-0.1323523,1
21672,29,ERCC5,0.38,0.24462510000000004,1
21673,29,JUN,-0.15,0.251256,1
21674,29,THRAP3,3.469446951953614e-18,0.008307100000000006,1
21675,29,STAG2,0.44000000000000006,0.37312900000000004,1
21676,29,RAF1,0.9500000000000004,0.7056927999999998,1
21677,29,ERCC3,0.48000000000000004,0.42323279999999996,1
21678,29,SMAD2,0.6500000000000004,0.6075583000000001,1
21679,29,TAF15,0.20000000000000004,0.16669180000000003,1
21680,29,ARNT,0.29,0.23707650000000002,1
21681,29,CLTC,-0.8200000000000001,-0.3538692000000001,1
21682,29,IKBKB,0.56,0.46526469999999986,1
21683,29,IDH1,-0.37,-0.11473019999999999,1
21684,29,SND1,0.010000000000000004,0.0161128,1
21685,29,KNSTRN,0.02,0.014377800000000001,1
21686,29,RHOA,-2.52,-0.6555357,1
21687,29,PALB2,0.6900000000000001,0.5667584999999999,1
21688,29,ARID2,0.8000000000000003,0.6134527000000001,1
21689,29,EZR,-0.22000000000000003,-0.0703209,1
21690,29,TP53,-0.45999999999999985,0.06883230000000004,1
21691,29,ARAF,0.32000000000000006,0.18095269999999997,1
21692,29,KIF5B,0.5000000000000001,0.3764515,1
21693,29,KAT6A,0.22999999999999998,0.2281177,1
21694,29,KTN1,-0.04000000000000001,-0.005085200000000005,1
21695,29,GOLGA5,-0.11,-0.06593189999999999,1
21696,29,KDM5A,0.27,0.24922629999999998,1
21697,29,RAD21,0.56,0.44811409999999996,1
21698,29,GNAQ,0.35999999999999993,0.2692377,1
21699,29,CAMTA1,0.07,0.05252000000000001,1
21700,29,ERCC2,0.66,0.49238419999999994,1
21701,29,EZH2,1.660000000000001,1.2235433000000002,1
21702,29,TOP1,0.33000000000000007,0.26192810000000005,1
21703,29,SRSF3,-0.31999999999999984,-0.04995990000000002,1
21704,29,NPM1,0.19999999999999996,0.2303977,1
21705,29,BAX,-0.6200000000000001,-0.1448025,1
21706,29,NOTCH2,0.29000000000000004,0.24155390000000002,1
21707,29,TRAF7,0.02,0.014592,1
21708,29,KDM6A,0.8900000000000003,0.8861590000000003,1
21709,29,SPEN,0.15,0.11213079999999999,1
21710,29,TRIM27,-0.64,-0.1748629,1
21711,29,CRTC1,0.15,0.11920800000000001,1
21712,29,EML4,0.22000000000000003,0.21978010000000003,1
21713,29,USP9X,-0.09,-0.0650571,1
21714,29,PTPRK,-0.01,-0.0056878,1
21715,29,CD74,-0.23000000000000004,-0.01741830000000002,1
21716,29,CBL,0.48000000000000015,0.44232879999999997,1
21717,29,ZNF384,0.02,0.0175857,1
21718,29,NOTCH1,1.1600000000000006,0.8691801000000002,1
21719,29,COX6C,-0.12,-0.0491265,1
21720,29,CHCHD7,0.02,0.0122848,1
21721,29,HMGA1,-0.09,-0.0338773,1
21722,29,PTEN,1.590000000000001,1.3246492,1
21723,29,FIP1L1,-0.06000000000000001,-0.0186946,1
21724,29,JAK1,0.8300000000000003,0.6708997000000001,1
21725,29,ZMYM2,3.469446951953614e-18,0.004393900000000006,1
21726,29,SUZ12,0.7800000000000002,0.5949881,1
21727,29,FUS,-0.36000000000000004,0.08143720000000003,1
21728,29,BAP1,-0.4,-0.1608831,1
21729,29,ZCCHC8,-0.11,-0.027232700000000002,1
21730,29,CRNKL1,-0.01,-0.0072262,1
21731,29,RAD17,0.15999999999999998,0.11505480000000001,1
21732,29,ATP1A1,0.01,0.0064115000000000005,1
21733,29,DNMT3A,1.1200000000000003,0.8668465,1
21734,29,FBXW7,0.9200000000000004,0.8105743000000001,1
21735,29,WWTR1,-0.22,-0.08715419999999999,1
21736,29,CDKN1B,0.3400000000000001,0.2719013,1
21737,29,KMT2A,0.30000000000000004,0.335219,1
21738,29,PTPN11,1.1200000000000003,0.8388176,1
21739,29,STAT5B,0.6300000000000001,0.5251809,1
21740,29,CUX1,-0.11,-0.0718699,1
21741,29,ABI1,-0.27,-0.0700057,1
21742,29,BRCA1,1.9200000000000015,1.5155425000000007,1
21743,29,SH2B3,0.05,0.029336799999999996,1
21744,29,AFF4,0.010000000000000002,0.024498799999999994,1
21745,29,NF2,0.11,0.12635019999999997,1
21746,29,LMNA,0.12,0.07608999999999999,1
21747,29,TSC2,0.8200000000000003,0.6517861,1
21748,29,GOLPH3,-0.05,-0.03267160000000001,1
21749,29,PCM1,-0.05,-0.038387700000000004,1
21750,29,PPP2R1A,-0.53,-0.1524069,1
21751,29,ARID1A,1.870000000000001,1.4485925999999996,1
21752,29,ABL1,-0.2800000000000001,0.03605,1
21753,29,AFF1,0.060000000000000005,0.08174600000000001,1
21754,29,DAXX,-0.5199999999999999,-0.14021880000000003,1
21755,29,CBFB,0.13,0.11449489999999998,1
21756,29,CBLB,0.15000000000000002,0.1287249,1
21757,29,POLR2A,-0.07999999999999999,0.16725960000000012,1
21758,29,PRKACA,0.10000000000000019,0.22963289999999997,1
21759,29,DNM2,-0.10999999999999999,-0.0469088,1
21760,29,RAP1GDS1,0.030000000000000013,0.044532600000000006,1
21761,29,NCOR1,0.7200000000000002,0.8024288000000002,1
21762,29,NFKBIE,-0.26,-0.0937055,1
21763,29,DDX3X,0.29,0.25529650000000004,1
21764,29,ELK4,0.03,0.025524299999999996,1
21765,29,MLLT6,0.09,0.0653918,1
21766,29,SRSF2,-2.1399999999999997,-0.5946276,1
21767,29,CTNNA1,0.13999999999999999,0.1068571,1
21768,29,RBM10,0.16,0.1186098,1
21769,29,PTPRC,-6.938893903907228e-18,0.086914,1
21770,29,HSP90AA1,0.6400000000000001,0.47128220000000004,1
21771,29,NSD1,0.24,0.2042775,0
21772,29,DICER1,0.22999999999999995,0.24106770000000002,0
21773,29,BIRC6,0.1,0.0836727,0
21774,29,SDHC,0.26999999999999996,0.20097459999999998,0
21775,29,TFG,0.31,0.1703158,0
21776,29,MAP2K2,0.26,0.2149211,0
21777,29,TFRC,-0.26999999999999996,-0.12508019999999997,0
21778,29,CREB1,0.8300000000000006,0.6337973000000001,0
21779,29,POLG,0.01,0.0031935,0
21780,29,SETD2,0.7700000000000002,0.6421243999999997,0
21781,29,NAB2,-0.35,-0.12046689999999999,0
21782,29,HIF1A,1.620000000000001,1.1824648,0
21783,29,FLCN,0.04,0.038482,0
21784,29,MAP2K4,-0.06,0.06141900000000001,0
21785,29,CNOT3,-0.019999999999999997,0.0037559000000000065,0
21786,29,CIITA,0.07,0.041394499999999994,0
21787,29,LSM14A,0.08,0.07833949999999999,0
21788,29,AKAP9,-0.08000000000000002,-0.0289825,0
21789,29,MSN,-0.42000000000000004,-0.10869539999999998,0
21790,29,BCR,0.07000000000000002,0.0726802,0
21791,29,TRRAP,0.03,0.14382529999999996,0
21792,29,PPP6C,-0.14,-0.0699072,0
21793,29,NCOA4,-0.14,-0.07624310000000001,0
21794,29,BCL9,0.14,0.1162849,0
21795,29,PRCC,0.04000000000000001,0.026849,0
21796,29,LARP4B,0.01,0.0056581,0
21797,29,CHD2,0.01,0.007744,0
21798,29,ASXL1,0.44,0.4375431,0
21799,29,SMARCA4,1.1800000000000006,0.9147926999999999,0
21800,29,ERC1,-0.02,-0.014910000000000001,0
21801,29,DCTN1,-0.2,-0.0773952,0
21802,29,PIK3R1,1.3800000000000008,0.9979976,0
21803,29,EED,-0.07999999999999997,0.006274300000000005,0
21804,29,CNBP,0.01,0.0054749,0
21805,29,SGK1,0.32,0.18277129999999997,0
21806,29,MLLT10,-0.19,-0.07971030000000001,0
21807,29,BRD4,0.9600000000000004,0.7346904000000001,0
21808,29,RANBP2,0.16000000000000003,0.219416,0
21809,29,FBXO11,0.060000000000000005,0.0490611,0
21810,29,PML,0.43000000000000005,0.2939164,0
21811,29,AKT2,0.9400000000000002,0.6496837000000001,0
21812,29,CEP89,0.07,0.042367999999999996,0
21813,29,LZTR1,0.08,0.08827869999999999,0
21814,29,YWHAE,0.30000000000000004,0.1885189,0
21815,29,DNAJB1,-0.06,-0.010345,0
21816,29,PRDM2,0.03,0.0217772,0
21817,29,TPM4,0.4700000000000001,0.2989832,0
21818,29,CREBBP,1.7500000000000013,1.4831611999999998,0
21819,29,PMS2,0.48,0.4689178,0
21820,29,DDR2,0.049999999999999996,0.033683700000000004,0
21821,29,FANCA,0.35000000000000003,0.2880944,0
21822,29,PDE4DIP,0.06,0.0412046,0
21823,29,USP8,-0.07,-0.02931490000000001,0
21824,29,MYH9,-0.3499999999999999,-0.0666284,0
21825,29,MYC,-0.55,-0.16086599999999993,0
21826,29,NBN,0.56,0.43096429999999997,0
21827,29,CCND3,-0.10999999999999997,0.008398300000000004,0
21828,29,TRIP11,-0.11,-0.07327120000000001,0
21829,29,CNTRL,-0.05,-0.034656599999999996,0
21830,29,PIK3CA,1.4700000000000009,1.0808677999999998,0
21831,29,DDX5,0.5200000000000001,0.4104187999999999,0
21832,29,PICALM,0.0,0.004890100000000001,0
21833,29,RARA,0.38,0.2845827999999999,0
21834,29,DDX6,-0.030000000000000006,0.07194969999999999,0
21835,29,COL1A1,0.11999999999999998,0.125164,0
21836,29,VHL,0.16999999999999998,0.12483719999999998,0
21837,29,MAPK1,1.720000000000001,1.1334462,0
21838,29,SRC,-0.81,-0.07172,0
21839,29,NFE2L2,0.28,0.20316340000000002,0
21840,29,MITF,-0.29,-0.060344100000000005,0
21841,29,SMAD3,1.300000000000001,1.0303271000000003,0
21842,29,RBM15,0.08,0.0661208,0
21843,29,ATR,0.7100000000000003,0.6151009999999999,0
21844,29,EPAS1,0.45,0.3871344,0
21845,29,TPM3,0.25,0.17940580000000003,0
21846,29,RPL10,0.14,0.1259077,0
21847,29,STAG1,0.14,0.1407479,0
21848,29,SBDS,-0.06,-0.0209276,0
21849,29,KMT2D,0.9800000000000004,0.7334364000000001,0
21850,29,MED12,0.30000000000000004,0.24443820000000002,0
21851,29,BCLAF1,-0.03999999999999999,0.02480129999999999,0
21852,29,ASPSCR1,-0.009999999999999998,0.0023394000000000106,0
21853,29,CDK12,0.33999999999999997,0.25182329999999997,0
21854,29,EWSR1,0.41000000000000003,0.3520119,0
21855,29,NDRG1,-0.03,-0.0046270000000000035,0
21856,29,PSIP1,-0.19000000000000003,-0.0919663,0
21857,29,TRIM33,0.06999999999999999,0.061099299999999995,0
21858,29,MTOR,1.2000000000000006,0.8853754999999999,0
21859,29,ARHGAP35,0.09999999999999999,0.1295255,0
21860,29,POT1,-0.039999999999999994,-0.006137500000000001,0
21861,29,EXT1,0.1,0.068685,0
21862,29,IL6ST,0.3,0.2343646,0
21863,29,IDH2,0.09999999999999998,0.1056175,0
21864,29,SMARCE1,0.46,0.27813129999999997,0
21865,29,CRTC3,0.09,0.06790769999999999,0
21866,29,TSC1,0.33,0.29533790000000004,0
21867,29,BCOR,-0.16,-0.006683799999999993,0
21868,29,SDHA,0.23,0.1438966,0
21869,29,EP300,1.7700000000000014,1.4436526999999992,0
21870,29,HNRNPA2B1,0.26,0.2225227,0
21871,29,CLIP1,-0.1,-0.055039199999999996,0
21872,29,PATZ1,-0.5800000000000001,-0.14250859999999999,0
21873,29,FUBP1,-0.25,-0.035598899999999996,0
21874,29,HLA-A,-0.17000000000000004,-0.004965500000000005,0
21875,29,CCNC,-0.09999999999999999,-0.04268310000000001,0
21876,29,RPN1,-0.25,-0.0675726,0
21877,29,TCF7L2,0.08999999999999998,0.11041780000000004,0
21878,29,CANT1,0.1,0.06424500000000001,0
21879,29,RPL5,-0.63,-0.16947099999999998,0
21880,29,CCDC6,-0.029999999999999985,0.035629100000000004,0
21881,29,NCKIPSD,0.03,0.0172311,0
21882,29,SMARCD1,0.43,0.28543769999999996,0
21883,29,BCL10,-0.010000000000000002,0.026902200000000008,0
21884,29,MAX,0.009999999999999997,0.02872879999999999,0
21885,29,HERPUD1,0.0,0.0,0
21886,29,RAC1,-0.06,0.08949809999999997,0
21887,29,FLNA,0.049999999999999996,0.07152750000000002,0
21888,29,TFE3,-0.4600000000000001,-0.1898821,0
21889,29,NCOR2,0.7500000000000002,0.5599219000000001,0
21890,29,PRPF40B,-0.010000000000000002,-0.0021650000000000037,0
21891,29,BCL3,-0.09000000000000002,-0.02832349999999999,0
21892,29,TFPT,-0.28,-0.09549880000000002,0
21893,29,MLH1,0.6900000000000002,0.6152712,0
21894,29,ARHGAP5,0.14,0.11437930000000002,0
21895,29,CIC,-0.01,-0.0064757,0
21896,29,LYN,0.9000000000000002,0.6365279,0
21897,29,TCF12,0.29,0.22082999999999997,0
21898,29,KLF6,0.05,0.0286917,0
21899,29,KMT2C,0.9500000000000002,0.7822337,0
21900,29,PIM1,-0.19,-0.054099200000000014,0
21901,29,CCND1,1.2000000000000008,0.7387061,0
21902,29,MLLT1,-1.1500000000000004,-0.3249721,0
21903,29,MEN1,0.08999999999999997,0.08695779999999999,0
21904,29,CUL3,0.07999999999999999,0.12401290000000002,0
21905,29,RB1,0.7000000000000002,0.5414061,0
21906,29,LPP,-0.07,-0.0169469,0
21907,29,BUB1B,-0.15000000000000002,-0.07379569999999999,0
21908,29,SMAD4,1.3100000000000007,1.0260812,0
21909,29,FGFR1,0.23,0.16246939999999999,0
21910,29,TMSB4X,0.04,0.030748,0
21911,29,CDK4,0.6000000000000001,0.4135015,0
21912,29,MSI2,0.01,0.0073045,0
21913,29,MSH6,0.8500000000000004,0.6786621000000002,0
21914,29,BRAF,0.9600000000000004,0.8545673000000003,0
21915,29,TCEA1,-0.049999999999999996,0.008757400000000002,0
21916,29,TNFAIP3,0.1,0.10648869999999999,0
21917,29,RABEP1,0.010000000000000002,0.005477300000000001,0
21918,29,GMPS,-0.07,-0.041022300000000005,0
21919,29,MDM2,1.2500000000000007,0.8739289999999998,0
21920,29,NSD2,0.21000000000000002,0.1501616,0
21921,29,CASP8,-0.07999999999999999,0.1727152,0
21922,29,PER1,-0.25,-0.049576800000000004,0
21923,29,UBR5,-0.009999999999999992,0.011637999999999996,0
21924,29,EIF3E,0.009999999999999998,0.07575860000000001,0
21925,29,RFWD3,0.04,0.0370168,0
21926,29,BRD3,0.13,0.10924960000000002,0
21927,29,PAFAH1B2,0.02,0.015489200000000002,0
21928,29,EXT2,0.010000000000000009,0.008701800000000003,0
21929,29,PLCG1,0.52,0.38100720000000005,0
21930,29,SF3B1,-0.32999999999999996,-0.13587069999999998,0
21931,29,ARHGEF10L,0.02,0.0099748,0
21932,29,NFATC2,0.21,0.1536908,0
21933,29,SDHD,0.28,0.15553270000000002,0
21934,29,PABPC1,-0.8300000000000001,-0.2078137,0
21935,29,POLD1,-0.53,-0.1161655,0
21936,29,CALR,0.030000000000000002,0.037483899999999994,0
21937,29,PIK3CB,0.52,0.44616839999999997,0
21938,29,PPM1D,0.23,0.17110779999999998,0
21939,29,ATRX,1.0400000000000005,0.8441439000000001,0
21940,29,DGCR8,0.17,0.1122794,0
21941,29,DDX10,0.11000000000000001,0.0691841,0
21942,29,DROSHA,0.45000000000000007,0.33827870000000004,0
21943,29,TNFRSF14,-0.16,-0.050571200000000004,0
21944,29,BCL9L,0.15,0.1079837,0
21945,29,QKI,-0.05,-0.0317948,0
21946,29,BAZ1A,0.01,0.0070707,0
21947,29,CHD4,0.11,0.14282090000000003,0
21948,29,NSD3,0.030000000000000002,0.0348816,0
21949,29,NT5C2,0.16,0.10018380000000002,0
21950,29,CCNB1IP1,0.1,0.046325000000000005,0
21951,29,PCBP1,-0.98,-0.27659429999999996,0
21952,29,RALGDS,0.12,0.0997188,0
21953,29,ARHGEF12,-0.030000000000000006,0.003221699999999994,0
21954,29,HSP90AB1,1.1100000000000003,0.7422319000000002,0
21955,29,FOXO3,1.3000000000000007,0.8933771999999999,0
21956,29,HIP1,-0.01,-0.0066774,0
21957,29,CDC73,-0.25,-0.052678200000000015,0
21958,29,NIN,0.019999999999999997,0.016264599999999997,0
21959,29,MDM4,0.13000000000000003,0.17432640000000002,0
21960,29,COL3A1,0.17,0.1484752,0
21961,29,CTNND1,0.1,0.129808,0
21962,29,SPOP,0.01999999999999999,0.03546749999999999,0
21963,29,TMEM127,0.020000000000000004,0.03672220000000001,0
21964,29,CREB3L2,0.10999999999999999,0.0692142,0
21965,29,MSH2,0.9000000000000004,0.6617067999999999,0
21966,29,FNBP1,0.019999999999999997,0.0233156,0
21967,29,ATF1,0.039999999999999994,0.026436600000000005,0
21968,29,EIF1AX,-0.4600000000000001,-0.19262859999999998,0
21969,29,PMS1,0.33000000000000007,0.2659545,0
21970,29,DEK,0.09,0.0912444,0
21971,29,ERBB2,1.0700000000000005,0.6964039999999999,0
21972,29,AKT1,1.1100000000000005,0.7029886999999999,0
21973,29,CHEK2,0.15,0.30906980000000006,0
21974,29,SDHB,0.41,0.2646416,0
21975,29,NCOA1,0.4299999999999999,0.30854,0
21976,29,CHIC2,0.049999999999999996,0.026050999999999998,0
21977,29,RUNX1,0.4800000000000001,0.6667559,0
21978,29,STAT6,0.30999999999999994,0.22245389999999995,0
21979,29,FH,-0.11,-0.027664199999999986,0
21980,29,AKT3,1.0000000000000002,0.6869780000000002,0
21981,29,GNAS,0.27,0.1853257,0
21982,29,CTNNB1,1.4500000000000008,0.9943997000000002,0
21983,29,NONO,0.13,0.0883211,0
21984,29,SMARCB1,1.0000000000000002,0.7459069000000003,0
21985,29,PRKAR1A,0.11,0.11248639999999999,0
21986,29,ITGAV,8.673617379884035e-18,0.035241400000000006,0
21987,29,SS18,0.41000000000000003,0.2670091,0
21988,29,MAP2K1,1.0300000000000005,0.6458146000000001,0
21989,29,SIRPA,-0.02,-0.009904300000000001,0
21990,29,PPFIBP1,0.39999999999999997,0.26574590000000003,0
21991,29,RPL22,-0.18000000000000002,0.09324640000000001,0
21992,29,CYLD,0.30000000000000004,0.2290984,0
21993,29,ARID1B,0.69,0.5114747000000001,0
21994,29,SETDB1,0.33,0.23510540000000002,0
21995,29,AFDN,-0.33999999999999997,-0.1066585,0
21996,29,ZRSR2,0.29,0.2113419,0
21997,29,PBRM1,0.9400000000000004,0.6856348999999999,0
21998,29,XPC,0.5700000000000001,0.3907163,0
21999,29,ASXL2,0.25,0.17252320000000002,0
22000,29,TRIM24,-0.17,-0.0680408,0
22001,29,SFPQ,-0.15000000000000002,-0.017075899999999998,0
22002,29,NCOA2,0.5900000000000001,0.4340633000000001,0
22003,29,FOXO4,0.3700000000000001,0.2419517,0
22004,29,LEF1,0.12000000000000001,0.12229269999999998,0
22005,29,B2M,-0.61,-0.23456950000000004,0
22006,29,DDIT3,-0.42,-0.1079394,0
22007,29,BCL6,0.6800000000000002,0.4889818,0
22008,29,KRAS,-1.6100000000000005,-0.4030585,0
22009,29,FAT1,0.08,0.0714836,0
22010,29,ABL2,0.09000000000000001,0.0652555,0
22011,29,NF1,0.9000000000000005,0.7353260000000001,0
22012,29,BTG1,-0.02,-0.010345400000000001,0
22013,29,EIF4A2,0.11,0.08496300000000001,0
22014,29,SET,0.16000000000000003,0.13821,0
22015,29,EPS15,0.05,0.0473606,0
22016,29,RNF213,0.04,0.0316277,0
22017,29,CTCF,0.9400000000000004,0.6638959000000001,0
22018,29,WDCP,0.09000000000000002,0.06007099999999998,0
22019,29,KAT7,0.09999999999999999,0.0814574,0
22020,29,KDM5C,0.11999999999999997,0.12776099999999999,0
22021,29,TGFBR2,0.31,0.2175704,0
22022,29,ATM,1.390000000000001,1.1211845999999996,0
22023,29,NUMA1,-0.020000000000000004,-0.004388599999999999,0
22024,29,STAT3,1.3000000000000007,1.085521,0
22025,29,SUB1,-0.23,-0.0826077,0
22026,29,NUP98,0.06999999999999997,0.09483470000000001,0
22027,29,ELL,-0.05000000000000002,-0.008049000000000006,0
22028,29,MAP3K1,0.30999999999999994,0.26486189999999993,0
22029,29,MALT1,0.09000000000000001,0.1170948,0
22030,29,XPO1,0.31000000000000005,0.2572364,0
22031,29,SETD1B,0.16,0.11586379999999999,0
22032,29,ETV6,-0.18999999999999997,-0.0635879,0
22033,29,TBL1XR1,0.19000000000000003,0.1263233,0
22034,29,NUP214,0.07,0.1307351,0
22035,29,TPR,0.08999999999999997,0.0972916,0
22036,29,ATIC,0.039999999999999994,0.0453929,0
22037,29,NACA,0.22000000000000003,0.1466001,0
22038,29,MYO5A,0.009999999999999998,0.008367,0
22039,29,SMC1A,0.6400000000000001,0.5311725,0
22040,29,LASP1,-0.23,-0.12415330000000002,0
22041,29,ERCC5,0.45999999999999996,0.3055807,0
22042,29,JUN,0.009999999999999993,0.21107869999999995,0
22043,29,THRAP3,0.1,0.0826673,0
22044,29,STAG2,0.48,0.3807647,0
22045,29,RAF1,1.0500000000000003,0.7594104999999999,0
22046,29,ERCC3,0.45,0.38285069999999993,0
22047,29,SMAD2,0.53,0.5085434000000001,0
22048,29,TAF15,0.16000000000000003,0.13418590000000002,0
22049,29,ARNT,0.31000000000000005,0.2646954,0
22050,29,CLTC,-0.48,-0.23356860000000007,0
22051,29,IKBKB,0.5200000000000001,0.45283169999999995,0
22052,29,IDH1,-0.5599999999999999,-0.14293019999999998,0
22053,29,SND1,0.0,0.0022720999999999983,0
22054,29,KNSTRN,0.03,0.0241017,0
22055,29,RHOA,-1.6600000000000006,-0.42324269999999986,0
22056,29,PALB2,0.51,0.4483418,0
22057,29,ARID2,0.7400000000000002,0.5521638000000001,0
22058,29,EZR,-0.08,-0.00013310000000000058,0
22059,29,TP53,-0.7399999999999998,0.0543626,0
22060,29,ARAF,0.40000000000000013,0.21618439999999997,0
22061,29,KIF5B,0.42000000000000004,0.2995738,0
22062,29,KAT6A,0.18999999999999995,0.19164669999999998,0
22063,29,KTN1,-0.11,-0.029860600000000005,0
22064,29,GOLGA5,-0.12000000000000001,-0.07931070000000001,0
22065,29,KDM5A,0.27,0.2320892,0
22066,29,RAD21,0.48000000000000004,0.387793,0
22067,29,GNAQ,0.21999999999999997,0.152037,0
22068,29,CAMTA1,-0.01,-0.004186700000000001,0
22069,29,ERCC2,0.61,0.4547065,0
22070,29,EZH2,1.8500000000000012,1.2039554,0
22071,29,TOP1,0.19999999999999998,0.15202880000000002,0
22072,29,SRSF3,-0.44999999999999996,-0.15130609999999997,0
22073,29,NPM1,0.04000000000000001,0.19152760000000002,0
22074,29,BAX,-0.51,-0.1476761,0
22075,29,NOTCH2,0.29,0.2335967,0
22076,29,TRAF7,0.03,0.022185299999999998,0
22077,29,KDM6A,0.8400000000000003,0.7318644999999999,0
22078,29,SPEN,0.09999999999999999,0.0773856,0
22079,29,TRIM27,-0.45,-0.1586082,0
22080,29,CRTC1,0.15000000000000002,0.1164771,0
22081,29,EML4,0.25,0.20663250000000002,0
22082,29,USP9X,-0.04,-0.026265200000000002,0
22083,29,PTPRK,0.01,0.0072407999999999995,0
22084,29,CD74,-0.13,-0.0025177999999999937,0
22085,29,CBL,0.5499999999999999,0.4296112000000001,0
22086,29,ZNF384,-0.07,-0.037433499999999995,0
22087,29,NOTCH1,0.9800000000000005,0.7543219,0
22088,29,COX6C,-0.15000000000000002,-0.0629268,0
22089,29,CHCHD7,0.02,0.012846200000000002,0
22090,29,HMGA1,-0.12,-0.0531914,0
22091,29,PTEN,1.340000000000001,1.1684189000000005,0
22092,29,FIP1L1,-0.04000000000000001,-0.023940200000000002,0
22093,29,JAK1,0.8100000000000003,0.6403831999999999,0
22094,29,ZMYM2,-0.07,-0.0481462,0
22095,29,SUZ12,0.6800000000000002,0.49216489999999996,0
22096,29,FUS,-0.32999999999999985,0.078027,0
22097,29,BAP1,1.214306433183765e-17,0.039868900000000006,0
22098,29,ZCCHC8,-0.09,-0.023462999999999998,0
22099,29,CRNKL1,-0.04,-0.024366,0
22100,29,RAD17,0.17,0.12078910000000001,0
22101,29,ATP1A1,-0.01,-0.0050344000000000005,0
22102,29,DNMT3A,0.9300000000000004,0.6909347,0
22103,29,FBXW7,0.9900000000000003,0.7802754,0
22104,29,WWTR1,-0.09000000000000001,-0.044196700000000005,0
22105,29,CDKN1B,0.62,0.39150160000000006,0
22106,29,KMT2A,0.4700000000000001,0.3968473,0
22107,29,PTPN11,0.9300000000000004,0.7296282999999999,0
22108,29,STAT5B,0.6400000000000001,0.49858860000000005,0
22109,29,CUX1,-0.060000000000000005,-0.040854299999999996,0
22110,29,ABI1,-0.43,-0.1336284,0
22111,29,BRCA1,1.5700000000000012,1.2736668000000009,0
22112,29,SH2B3,0.03,0.023685699999999997,0
22113,29,AFF4,0.049999999999999996,0.044330900000000006,0
22114,29,NF2,0.02999999999999999,0.07862049999999998,0
22115,29,LMNA,0.06000000000000002,0.05737920000000001,0
22116,29,TSC2,0.5000000000000001,0.428365,0
22117,29,GOLPH3,-0.09999999999999999,-0.061312000000000005,0
22118,29,PCM1,-0.05,-0.03355640000000001,0
22119,29,PPP2R1A,-0.6000000000000001,-0.2055237,0
22120,29,ARID1A,1.7900000000000011,1.3065268999999997,0
22121,29,ABL1,0.12999999999999998,0.14545280000000008,0
22122,29,AFF1,0.2,0.16500620000000002,0
22123,29,DAXX,-0.38999999999999996,-0.0996679,0
22124,29,CBFB,0.11999999999999998,0.0992919,0
22125,29,CBLB,0.15000000000000002,0.1190891,0
22126,29,POLR2A,-0.04000000000000001,0.17666990000000007,0
22127,29,PRKACA,0.38999999999999996,0.29557320000000004,0
22128,29,DNM2,-0.12,-0.0406728,0
22129,29,RAP1GDS1,-0.049999999999999996,-0.024169300000000005,0
22130,29,NCOR1,0.8900000000000002,0.8079953000000002,0
22131,29,NFKBIE,-0.32999999999999996,-0.1084106,0
22132,29,DDX3X,0.18,0.158711,0
22133,29,ELK4,0.02,0.015161800000000001,0
22134,29,MLLT6,0.11000000000000001,0.0962453,0
22135,29,SRSF2,-1.4000000000000001,-0.3990508999999999,0
22136,29,CTNNA1,0.14,0.10257920000000001,0
22137,29,RBM10,0.19,0.1315212,0
22138,29,PTPRC,0.14,0.1340542,0
22139,29,HSP90AA1,1.2300000000000004,0.8099444999999996,0
22140,30,NSD1,0.33,0.29320019999999997,1
22141,30,DICER1,0.21000000000000002,0.2713824000000001,1
22142,30,BIRC6,0.15,0.141621,1
22143,30,SDHC,0.4,0.30805020000000005,1
22144,30,TFG,0.19000000000000003,0.1210221,1
22145,30,MAP2K2,0.3,0.20900499999999997,1
22146,30,TFRC,-0.26,-0.0973404,1
22147,30,CREB1,0.8900000000000005,0.7872442,1
22148,30,POLG,-0.03,-0.0076485,1
22149,30,SETD2,0.6500000000000004,0.6115577000000001,1
22150,30,NAB2,-0.56,-0.1525852,1
22151,30,HIF1A,1.6200000000000008,1.2587720000000002,1
22152,30,FLCN,-0.07,0.01883370000000001,1
22153,30,MAP2K4,0.020000000000000004,0.09827149999999998,1
22154,30,CNOT3,0.04999999999999999,0.0518881,1
22155,30,CIITA,0.09000000000000001,0.056096400000000005,1
22156,30,LSM14A,0.17,0.1420731,1
22157,30,AKAP9,-0.05,0.015346999999999993,1
22158,30,MSN,-0.18000000000000008,-0.04536140000000001,1
22159,30,BCR,-0.08,0.0430204,1
22160,30,TRRAP,-0.010000000000000009,0.20831149999999998,1
22161,30,PPP6C,-0.13,-0.0561793,1
22162,30,NCOA4,-0.11000000000000001,-0.029254400000000007,1
22163,30,BCL9,0.21000000000000002,0.17771789999999998,1
22164,30,PRCC,0.11,0.0820968,1
22165,30,LARP4B,0.03,0.0225975,1
22166,30,CHD2,0.02,0.0181708,1
22167,30,ASXL1,0.28,0.3480052,1
22168,30,SMARCA4,1.9900000000000013,1.5568093,1
22169,30,ERC1,-0.019999999999999997,-0.014825299999999998,1
22170,30,DCTN1,-0.019999999999999997,0.022235699999999997,1
22171,30,PIK3R1,1.1400000000000006,0.9689380000000001,1
22172,30,EED,0.22,0.1547821,1
22173,30,CNBP,0.02,0.012454000000000002,1
22174,30,SGK1,0.53,0.3636923000000001,1
22175,30,MLLT10,-0.24,-0.1404166,1
22176,30,BRD4,0.9000000000000002,0.8374009999999998,1
22177,30,RANBP2,0.31999999999999995,0.30858739999999996,1
22178,30,FBXO11,0.06,0.0502976,1
22179,30,PML,0.36,0.2557612,1
22180,30,AKT2,1.1400000000000006,0.8493791000000003,1
22181,30,CEP89,0.06,0.038590400000000004,1
22182,30,LZTR1,0.1,0.1158194,1
22183,30,YWHAE,0.29,0.19064019999999998,1
22184,30,DNAJB1,-0.12000000000000001,-0.0312453,1
22185,30,PRDM2,0.07,0.0582549,1
22186,30,TPM4,0.51,0.3621905,1
22187,30,CREBBP,2.080000000000001,1.7135753000000005,1
22188,30,PMS2,0.75,0.6614674,1
22189,30,DDR2,0.02,0.0098192,1
22190,30,FANCA,0.37000000000000005,0.3218941,1
22191,30,PDE4DIP,0.09,0.0726516,1
22192,30,USP8,-0.060000000000000005,-0.027740900000000006,1
22193,30,MYH9,-0.42000000000000004,-0.1135392,1
22194,30,MYC,-1.5800000000000007,-0.3371711,1
22195,30,NBN,0.6300000000000001,0.5250413,1
22196,30,CCND3,-0.029999999999999995,0.0150067,1
22197,30,TRIP11,-0.08,-0.0605013,1
22198,30,CNTRL,-0.07,-0.0572233,1
22199,30,PIK3CA,1.1400000000000006,1.0280770000000001,1
22200,30,DDX5,0.29,0.29759430000000003,1
22201,30,PICALM,0.02,0.020378,1
22202,30,RARA,-0.17000000000000004,0.02187219999999998,1
22203,30,DDX6,0.030000000000000016,0.12266540000000004,1
22204,30,COL1A1,0.22,0.19033730000000001,1
22205,30,VHL,0.29000000000000004,0.2187969,1
22206,30,MAPK1,1.730000000000001,1.2603717999999993,1
22207,30,SRC,0.16,0.2947719999999998,1
22208,30,NFE2L2,0.31000000000000005,0.24264239999999998,1
22209,30,MITF,-0.24000000000000002,-0.057718999999999986,1
22210,30,SMAD3,1.2500000000000009,1.1838383000000001,1
22211,30,RBM15,0.11,0.09396840000000001,1
22212,30,ATR,0.7300000000000002,0.6202065000000001,1
22213,30,EPAS1,0.39999999999999997,0.3937933,1
22214,30,TPM3,0.16999999999999998,0.13326950000000004,1
22215,30,RPL10,0.1,0.11639660000000002,1
22216,30,STAG1,0.14,0.1562569,1
22217,30,SBDS,-0.02,-0.0081961,1
22218,30,KMT2D,1.0200000000000005,0.8488558999999999,1
22219,30,MED12,0.35000000000000003,0.30181839999999993,1
22220,30,BCLAF1,-0.010000000000000009,0.04434180000000001,1
22221,30,ASPSCR1,-0.020000000000000004,-0.003823800000000002,1
22222,30,CDK12,0.56,0.4614813,1
22223,30,EWSR1,0.23999999999999996,0.28739069999999994,1
22224,30,NDRG1,-0.049999999999999996,-0.009338800000000003,1
22225,30,PSIP1,0.12000000000000004,0.10466639999999999,1
22226,30,TRIM33,0.13000000000000003,0.11642499999999999,1
22227,30,MTOR,1.0600000000000005,0.8873447999999999,1
22228,30,ARHGAP35,0.15000000000000002,0.148455,1
22229,30,POT1,0.010000000000000002,0.0190324,1
22230,30,EXT1,0.11,0.0835164,1
22231,30,IL6ST,0.34,0.29289620000000005,1
22232,30,IDH2,0.02000000000000001,0.06383400000000002,1
22233,30,SMARCE1,0.39,0.2733483,1
22234,30,CRTC3,0.09,0.07393910000000001,1
22235,30,TSC1,0.32999999999999996,0.3205975,1
22236,30,BCOR,-0.09000000000000001,0.029385900000000006,1
22237,30,SDHA,0.24000000000000005,0.19280499999999998,1
22238,30,EP300,2.280000000000001,2.0494865,1
22239,30,HNRNPA2B1,0.5400000000000001,0.37640629999999997,1
22240,30,CLIP1,-0.12000000000000001,-0.06785540000000001,1
22241,30,PATZ1,-0.5700000000000001,-0.1440344,1
22242,30,FUBP1,-0.18999999999999997,-0.03102479999999999,1
22243,30,HLA-A,-0.11,0.010314599999999993,1
22244,30,CCNC,-0.21000000000000002,-0.08643060000000001,1
22245,30,RPN1,-0.17,-0.0698568,1
22246,30,TCF7L2,0.08000000000000003,0.1286217,1
22247,30,CANT1,-0.03,0.005241799999999998,1
22248,30,RPL5,-0.5199999999999999,-0.15072680000000002,1
22249,30,CCDC6,0.08000000000000002,0.10088430000000001,1
22250,30,NCKIPSD,-0.06,-0.0196338,1
22251,30,SMARCD1,0.46,0.3725039,1
22252,30,BCL10,-0.009999999999999995,0.059429899999999994,1
22253,30,MAX,0.06999999999999999,0.0993241,1
22254,30,HERPUD1,-0.07,-0.014932400000000002,1
22255,30,RAC1,0.019999999999999955,0.13261550000000003,1
22256,30,FLNA,0.15000000000000002,0.11736380000000002,1
22257,30,TFE3,-0.7600000000000001,-0.2846141,1
22258,30,NCOR2,0.5600000000000002,0.5066059,1
22259,30,PRPF40B,0.060000000000000005,0.04219610000000001,1
22260,30,BCL3,-0.15000000000000005,-0.03890519999999999,1
22261,30,TFPT,-0.39,-0.11273240000000001,1
22262,30,MLH1,0.7500000000000002,0.7114578999999998,1
22263,30,ARHGAP5,0.11,0.11229199999999999,1
22264,30,CIC,0.01,0.007037900000000001,1
22265,30,LYN,0.79,0.6087159000000001,1
22266,30,TCF12,0.35000000000000003,0.2908733,1
22267,30,KLF6,0.05,0.035721100000000006,1
22268,30,KMT2C,0.9400000000000004,0.8153549000000001,1
22269,30,PIM1,-0.09999999999999998,-0.0088038,1
22270,30,CCND1,1.0900000000000005,0.6887554,1
22271,30,MLLT1,-1.4600000000000006,-0.37395219999999996,1
22272,30,MEN1,-0.039999999999999994,0.011916199999999981,1
22273,30,CUL3,0.16,0.20084200000000002,1
22274,30,RB1,0.7,0.6074629,1
22275,30,LPP,-0.15000000000000002,-0.0301439,1
22276,30,BUB1B,-0.16999999999999998,-0.0459347,1
22277,30,SMAD4,1.650000000000001,1.3593076999999998,1
22278,30,FGFR1,0.27,0.263867,1
22279,30,TMSB4X,0.03,0.0222351,1
22280,30,CDK4,1.0100000000000005,0.6814110999999999,1
22281,30,MSI2,0.01,0.0078347,1
22282,30,MSH6,1.0200000000000005,0.8735128000000001,1
22283,30,BRAF,1.3000000000000005,1.1636654000000002,1
22284,30,TCEA1,-0.13,-0.01844479999999999,1
22285,30,TNFAIP3,0.15,0.1404052,1
22286,30,RABEP1,0.0,0.0006511999999999976,1
22287,30,GMPS,-0.10999999999999999,-0.0601169,1
22288,30,MDM2,1.1100000000000008,0.9007461000000001,1
22289,30,NSD2,0.25,0.20203159999999998,1
22290,30,CASP8,-0.17000000000000004,0.11352219999999996,1
22291,30,PER1,-0.19,-0.07026070000000001,1
22292,30,UBR5,0.049999999999999996,0.06116089999999999,1
22293,30,EIF3E,0.0,0.0555751,1
22294,30,RFWD3,0.03,0.029120999999999998,1
22295,30,BRD3,0.11,0.0843913,1
22296,30,PAFAH1B2,0.03,0.027187799999999998,1
22297,30,EXT2,0.020000000000000004,0.02011410000000001,1
22298,30,PLCG1,0.44,0.39762709999999996,1
22299,30,SF3B1,-0.56,-0.2607219,1
22300,30,ARHGEF10L,0.03,0.015968399999999997,1
22301,30,NFATC2,0.25,0.19059099999999998,1
22302,30,SDHD,0.31000000000000005,0.2392173,1
22303,30,PABPC1,-1.0000000000000002,-0.2658392,1
22304,30,POLD1,-0.44999999999999996,-0.09874050000000001,1
22305,30,CALR,0.050000000000000024,0.07356159999999999,1
22306,30,PIK3CB,0.6700000000000002,0.5886959,1
22307,30,PPM1D,0.31000000000000005,0.2447823,1
22308,30,ATRX,0.9900000000000004,0.8784257999999999,1
22309,30,DGCR8,0.21000000000000002,0.16639149999999997,1
22310,30,DDX10,0.18,0.1439065,1
22311,30,DROSHA,0.5500000000000002,0.4454568,1
22312,30,TNFRSF14,-0.19,-0.0634528,1
22313,30,BCL9L,0.15000000000000002,0.11823050000000003,1
22314,30,QKI,0.05,0.0387692,1
22315,30,BAZ1A,0.01,0.007824900000000001,1
22316,30,CHD4,0.41999999999999993,0.3795624,1
22317,30,NSD3,0.09,0.1052072,1
22318,30,NT5C2,0.16,0.0915807,1
22319,30,CCNB1IP1,0.14,0.0633773,1
22320,30,PCBP1,-1.04,-0.27092030000000006,1
22321,30,RALGDS,-0.09999999999999999,0.018707599999999994,1
22322,30,ARHGEF12,0.0,0.036613900000000005,1
22323,30,HSP90AB1,1.0400000000000003,0.7256534999999998,1
22324,30,FOXO3,1.4900000000000009,1.1556036,1
22325,30,HIP1,-0.01,-0.0051594,1
22326,30,CDC73,0.059999999999999984,0.0950264,1
22327,30,NIN,0.0,-0.0013361000000000033,1
22328,30,MDM4,0.07000000000000002,0.16946150000000001,1
22329,30,COL3A1,0.23,0.1888918,1
22330,30,CTNND1,0.16000000000000003,0.17698510000000006,1
22331,30,SPOP,0.06999999999999999,0.08692209999999999,1
22332,30,TMEM127,0.08,0.047997200000000004,1
22333,30,CREB3L2,0.15000000000000002,0.09663809999999999,1
22334,30,MSH2,1.0100000000000005,0.8735587999999999,1
22335,30,FNBP1,0.03,0.043262300000000004,1
22336,30,ATF1,0.15,0.1055859,1
22337,30,EIF1AX,-0.49,-0.1832275,1
22338,30,PMS1,0.49999999999999994,0.4002764000000001,1
22339,30,DEK,0.13,0.1218728,1
22340,30,ERBB2,0.9300000000000002,0.5960723000000001,1
22341,30,AKT1,0.7800000000000002,0.5351104,1
22342,30,CHEK2,0.63,0.6362437000000001,1
22343,30,SDHB,0.43000000000000005,0.319857,1
22344,30,NCOA1,0.43,0.35408140000000005,1
22345,30,CHIC2,0.08,0.05417810000000001,1
22346,30,RUNX1,0.0999999999999999,0.603142,1
22347,30,STAT6,0.38,0.35475670000000004,1
22348,30,FH,-0.07,-0.01059400000000002,1
22349,30,AKT3,1.1500000000000004,0.8556255,1
22350,30,GNAS,0.39,0.2701046,1
22351,30,CTNNB1,1.4300000000000008,0.9943692999999999,1
22352,30,NONO,0.32000000000000006,0.28287019999999996,1
22353,30,SMARCB1,0.9900000000000004,0.7841894,1
22354,30,PRKAR1A,0.22999999999999998,0.21138909999999997,1
22355,30,ITGAV,-0.03,0.03741070000000001,1
22356,30,SS18,0.41000000000000003,0.29837420000000003,1
22357,30,MAP2K1,1.0300000000000002,0.6475931999999999,1
22358,30,SIRPA,-0.06999999999999999,-0.0200725,1
22359,30,PPFIBP1,0.41,0.30643109999999996,1
22360,30,RPL22,-0.22000000000000008,0.09375940000000002,1
22361,30,CYLD,0.32,0.2593024,1
22362,30,ARID1B,0.8200000000000001,0.6456437,1
22363,30,SETDB1,0.34,0.25261100000000003,1
22364,30,AFDN,-0.32000000000000006,-0.0753633,1
22365,30,ZRSR2,-0.13,-0.08280810000000002,1
22366,30,PBRM1,1.0200000000000005,0.7922214000000001,1
22367,30,XPC,0.51,0.33396299999999995,1
22368,30,ASXL2,0.30000000000000004,0.22251370000000004,1
22369,30,TRIM24,-0.15,-0.0034756999999999948,1
22370,30,SFPQ,-0.38,-0.11634579999999996,1
22371,30,NCOA2,0.6100000000000001,0.5117018,1
22372,30,FOXO4,0.42000000000000004,0.2687879,1
22373,30,LEF1,0.22,0.199092,1
22374,30,B2M,-0.25,-0.1106991,1
22375,30,DDIT3,-0.42000000000000004,-0.1088206,1
22376,30,BCL6,0.29000000000000004,0.2651263,1
22377,30,KRAS,0.0800000000000001,0.1999362,1
22378,30,FAT1,0.11,0.0864383,1
22379,30,ABL2,0.08,0.0706261,1
22380,30,NF1,1.3300000000000007,1.1135758999999998,1
22381,30,BTG1,-0.07,-0.0293342,1
22382,30,EIF4A2,0.07,0.0408027,1
22383,30,SET,0.2,0.16270679999999998,1
22384,30,EPS15,0.09,0.0800671,1
22385,30,RNF213,0.06,0.0526488,1
22386,30,CTCF,1.0600000000000005,0.7458210000000001,1
22387,30,WDCP,0.23000000000000004,0.1482761,1
22388,30,KAT7,0.16999999999999998,0.14426,1
22389,30,KDM5C,0.18000000000000002,0.18280439999999998,1
22390,30,TGFBR2,0.22000000000000003,0.21979500000000005,1
22391,30,ATM,0.8900000000000003,0.9494872,1
22392,30,NUMA1,0.04000000000000001,0.04271559999999999,1
22393,30,STAT3,0.8800000000000004,0.8615304999999999,1
22394,30,SUB1,-0.09,-0.0407962,1
22395,30,NUP98,0.23999999999999996,0.2406854,1
22396,30,ELL,0.13,0.065043,1
22397,30,MAP3K1,0.36,0.3115619,1
22398,30,MALT1,0.12999999999999998,0.15433359999999996,1
22399,30,XPO1,0.5800000000000002,0.4812205,1
22400,30,SETD1B,0.29000000000000004,0.23323529999999998,1
22401,30,ETV6,-0.04000000000000001,0.018043000000000003,1
22402,30,TBL1XR1,0.24000000000000002,0.17442799999999997,1
22403,30,NUP214,-0.12999999999999995,0.12621469999999999,1
22404,30,TPR,0.13,0.1121123,1
22405,30,ATIC,0.12999999999999998,0.14304250000000002,1
22406,30,NACA,0.22000000000000003,0.1342945,1
22407,30,MYO5A,0.02,0.015601100000000003,1
22408,30,SMC1A,0.3400000000000001,0.4385381,1
22409,30,LASP1,-0.26,-0.128211,1
22410,30,ERCC5,0.43999999999999995,0.2830001,1
22411,30,JUN,-1.0999999999999999,-0.20480259999999997,1
22412,30,THRAP3,0.09,0.07092789999999999,1
22413,30,STAG2,0.19,0.25340119999999994,1
22414,30,RAF1,0.7700000000000002,0.6332293999999999,1
22415,30,ERCC3,0.55,0.48312120000000003,1
22416,30,SMAD2,0.4800000000000002,0.5529147000000001,1
22417,30,TAF15,0.23000000000000004,0.18954710000000002,1
22418,30,ARNT,0.23,0.2182839,1
22419,30,CLTC,-0.68,-0.29704050000000004,1
22420,30,IKBKB,0.42000000000000004,0.45345530000000006,1
22421,30,IDH1,-0.7700000000000001,-0.24102259999999995,1
22422,30,SND1,-0.010000000000000004,0.013640800000000002,1
22423,30,KNSTRN,0.02,0.0153586,1
22424,30,RHOA,-3.020000000000001,-0.7121512000000001,1
22425,30,PALB2,0.62,0.5593219000000001,1
22426,30,ARID2,0.8500000000000001,0.6831143,1
22427,30,EZR,-0.16,-0.0461468,1
22428,30,TP53,0.009999999999999953,0.4366045999999999,1
22429,30,ARAF,0.4000000000000001,0.22996439999999999,1
22430,30,KIF5B,0.5600000000000002,0.42966780000000004,1
22431,30,KAT6A,0.17,0.21308489999999997,1
22432,30,KTN1,-0.09000000000000001,-0.01167,1
22433,30,GOLGA5,-0.08,-0.058808,1
22434,30,KDM5A,0.31000000000000005,0.2979253,1
22435,30,RAD21,0.6300000000000001,0.5225926000000001,1
22436,30,GNAQ,0.29999999999999993,0.241379,1
22437,30,CAMTA1,0.05,0.0380518,1
22438,30,ERCC2,0.68,0.5296389,1
22439,30,EZH2,1.5300000000000011,1.2612286000000001,1
22440,30,TOP1,0.32000000000000006,0.253746,1
22441,30,SRSF3,-0.2499999999999999,-0.04510560000000001,1
22442,30,NPM1,0.19999999999999998,0.2263329,1
22443,30,BAX,-0.76,-0.1691534,1
22444,30,NOTCH2,0.3,0.26233510000000004,1
22445,30,TRAF7,0.02,0.0145544,1
22446,30,KDM6A,0.7500000000000002,0.8250310999999998,1
22447,30,SPEN,0.16,0.1286271,1
22448,30,TRIM27,-0.51,-0.16620100000000002,1
22449,30,CRTC1,0.14,0.11176250000000001,1
22450,30,EML4,0.31000000000000005,0.3275926,1
22451,30,USP9X,0.0,-0.0006332999999999929,1
22452,30,PTPRK,0.0,0.0,1
22453,30,CD74,-0.18,-0.015154399999999991,1
22454,30,CBL,0.56,0.5218330999999998,1
22455,30,ZNF384,0.05,0.0418939,1
22456,30,NOTCH1,1.1600000000000004,0.8597495999999999,1
22457,30,COX6C,-0.19,-0.0531231,1
22458,30,CHCHD7,0.03,0.0204792,1
22459,30,HMGA1,-0.05,-0.020381100000000006,1
22460,30,PTEN,1.2400000000000009,1.2126772000000001,1
22461,30,FIP1L1,-0.039999999999999994,-0.011741699999999994,1
22462,30,JAK1,0.8700000000000003,0.7488347,1
22463,30,ZMYM2,0.019999999999999997,0.0189608,1
22464,30,SUZ12,0.8600000000000003,0.6909272000000002,1
22465,30,FUS,-0.5399999999999999,-0.021978899999999982,1
22466,30,BAP1,-0.49,-0.19301269999999998,1
22467,30,ZCCHC8,-0.07,-0.021468300000000003,1
22468,30,CRNKL1,0.019999999999999997,0.015195199999999996,1
22469,30,RAD17,0.23,0.175803,1
22470,30,ATP1A1,0.01,0.006035800000000001,1
22471,30,DNMT3A,1.0000000000000004,0.8280246999999998,1
22472,30,FBXW7,0.9900000000000004,0.8678162,1
22473,30,WWTR1,-0.05000000000000001,-0.014296999999999997,1
22474,30,CDKN1B,0.42000000000000004,0.3293532,1
22475,30,KMT2A,0.35,0.4000989000000001,1
22476,30,PTPN11,1.1300000000000008,0.9569575000000001,1
22477,30,STAT5B,0.7100000000000002,0.598643,1
22478,30,CUX1,-0.07,-0.0472037,1
22479,30,ABI1,-0.28,-0.07594690000000001,1
22480,30,BRCA1,1.6000000000000012,1.3576213000000004,1
22481,30,SH2B3,0.11,0.07597640000000001,1
22482,30,AFF4,-0.16000000000000003,-0.08258100000000002,1
22483,30,NF2,0.11999999999999998,0.13692839999999998,1
22484,30,LMNA,0.049999999999999996,0.0384143,1
22485,30,TSC2,0.9200000000000004,0.7446573999999999,1
22486,30,GOLPH3,-0.06,-0.0442518,1
22487,30,PCM1,-0.030000000000000002,-0.024931099999999998,1
22488,30,PPP2R1A,-0.38,-0.11423060000000003,1
22489,30,ARID1A,1.7900000000000011,1.4743410000000003,1
22490,30,ABL1,-0.3,0.021818499999999984,1
22491,30,AFF1,0.06,0.08327979999999999,1
22492,30,DAXX,-0.51,-0.1418192,1
22493,30,CBFB,0.009999999999999981,0.10339380000000001,1
22494,30,CBLB,0.18,0.1606252,1
22495,30,POLR2A,-0.39,0.06112450000000004,1
22496,30,PRKACA,0.1500000000000001,0.27010330000000005,1
22497,30,DNM2,-0.13,-0.04894700000000001,1
22498,30,RAP1GDS1,0.03,0.06404270000000001,1
22499,30,NCOR1,0.8500000000000002,0.8944727000000001,1
22500,30,NFKBIE,-0.47000000000000003,-0.1341823,1
22501,30,DDX3X,0.26,0.23923860000000002,1
22502,30,ELK4,0.03,0.0258003,1
22503,30,MLLT6,0.05,0.0468138,1
22504,30,SRSF2,-3.1100000000000008,-0.7129114999999999,1
22505,30,CTNNA1,0.17,0.1373841,1
22506,30,RBM10,0.13,0.10180500000000002,1
22507,30,PTPRC,0.02,0.1109645,1
22508,30,HSP90AA1,0.9700000000000004,0.6646934999999998,1
22509,30,NSD1,0.22,0.1809972,0
22510,30,DICER1,0.22,0.21994100000000005,0
22511,30,BIRC6,0.04,0.0427177,0
22512,30,SDHC,0.25000000000000006,0.17540409999999998,0
22513,30,TFG,0.35000000000000003,0.1991707,0
22514,30,MAP2K2,0.31,0.23844549999999998,0
22515,30,TFRC,-0.26,-0.12427230000000003,0
22516,30,CREB1,0.8200000000000004,0.5771681999999997,0
22517,30,POLG,0.01,0.0040264,0
22518,30,SETD2,0.7100000000000002,0.5836897999999999,0
22519,30,NAB2,-0.28,-0.1041023,0
22520,30,HIF1A,1.5900000000000007,1.1184672999999996,0
22521,30,FLCN,0.05,0.0441947,0
22522,30,MAP2K4,-0.06000000000000001,0.0519368,0
22523,30,CNOT3,-0.03,-0.008088699999999997,0
22524,30,CIITA,0.11000000000000001,0.07432369999999998,0
22525,30,LSM14A,0.06,0.0646642,0
22526,30,AKAP9,-0.09,-0.0317625,0
22527,30,MSN,-0.31,-0.04957189999999999,0
22528,30,BCR,0.060000000000000005,0.0446594,0
22529,30,TRRAP,0.06000000000000004,0.1396412,0
22530,30,PPP6C,-0.14,-0.07183550000000001,0
22531,30,NCOA4,-0.21000000000000002,-0.11596029999999999,0
22532,30,BCL9,0.15000000000000002,0.11331250000000001,0
22533,30,PRCC,0.09000000000000001,0.06815940000000001,0
22534,30,LARP4B,-0.01,-0.0050544,0
22535,30,CHD2,0.01,0.0077356000000000005,0
22536,30,ASXL1,0.44,0.4344242999999999,0
22537,30,SMARCA4,1.2200000000000006,0.9598993,0
22538,30,ERC1,-0.02,-0.0141678,0
22539,30,DCTN1,-0.25,-0.09505569999999999,0
22540,30,PIK3R1,1.4500000000000008,0.9776450999999999,0
22541,30,EED,-0.010000000000000018,0.042970699999999994,0
22542,30,CNBP,0.01,0.0054686000000000005,0
22543,30,SGK1,0.31000000000000005,0.18225750000000002,0
22544,30,MLLT10,-0.05000000000000001,-0.002632999999999998,0
22545,30,BRD4,1.1000000000000005,0.8333356000000002,0
22546,30,RANBP2,0.19,0.22156479999999998,0
22547,30,FBXO11,0.060000000000000005,0.0467161,0
22548,30,PML,0.45000000000000007,0.3074567,0
22549,30,AKT2,0.8800000000000002,0.5759225,0
22550,30,CEP89,0.06,0.0355368,0
22551,30,LZTR1,0.010000000000000002,0.04791240000000001,0
22552,30,YWHAE,0.25,0.1633208,0
22553,30,DNAJB1,-0.020000000000000004,0.0111541,0
22554,30,PRDM2,0.03,0.020787899999999998,0
22555,30,TPM4,0.45000000000000007,0.29028590000000004,0
22556,30,CREBBP,1.850000000000001,1.4794881000000004,0
22557,30,PMS2,0.6400000000000001,0.5719183,0
22558,30,DDR2,0.04,0.025119599999999995,0
22559,30,FANCA,0.37,0.2951013,0
22560,30,PDE4DIP,0.05,0.0328417,0
22561,30,USP8,-0.06000000000000001,-0.02697200000000001,0
22562,30,MYH9,-0.10999999999999999,0.019477,0
22563,30,MYC,-0.98,-0.3302257,0
22564,30,NBN,0.51,0.3703954,0
22565,30,CCND3,-0.06999999999999998,0.017080599999999998,0
22566,30,TRIP11,-0.13,-0.0832723,0
22567,30,CNTRL,-0.07,-0.046801800000000005,0
22568,30,PIK3CA,1.4900000000000009,1.021437,0
22569,30,DDX5,0.2500000000000001,0.2482252,0
22570,30,PICALM,0.0,0.006652299999999996,0
22571,30,RARA,0.5400000000000001,0.3607295000000001,0
22572,30,DDX6,-0.020000000000000004,0.06573540000000001,0
22573,30,COL1A1,0.09,0.11810679999999998,0
22574,30,VHL,0.26,0.1874903,0
22575,30,MAPK1,1.4900000000000007,0.9031992000000002,0
22576,30,SRC,-0.13999999999999999,0.14509080000000002,0
22577,30,NFE2L2,0.19999999999999998,0.1398236,0
22578,30,MITF,-0.24000000000000002,-0.035756800000000005,0
22579,30,SMAD3,1.2500000000000009,0.9221841999999999,0
22580,30,RBM15,0.09,0.0724844,0
22581,30,ATR,0.7100000000000003,0.5766380999999999,0
22582,30,EPAS1,0.3999999999999999,0.36417600000000006,0
22583,30,TPM3,0.27,0.19202450000000001,0
22584,30,RPL10,0.13,0.12215519999999999,0
22585,30,STAG1,0.13,0.1313909,0
22586,30,SBDS,-0.06,-0.022716899999999998,0
22587,30,KMT2D,0.9600000000000004,0.6820925000000002,0
22588,30,MED12,0.31000000000000005,0.2465084,0
22589,30,BCLAF1,-0.07999999999999999,0.002196599999999993,0
22590,30,ASPSCR1,0.07,0.047773600000000006,0
22591,30,CDK12,0.27,0.1919103,0
22592,30,EWSR1,0.4699999999999999,0.37006559999999994,0
22593,30,NDRG1,-0.009999999999999998,0.0014070999999999997,0
22594,30,PSIP1,-0.16,-0.07128179999999998,0
22595,30,TRIM33,0.060000000000000005,0.054079199999999994,0
22596,30,MTOR,1.2600000000000007,0.8845656000000001,0
22597,30,ARHGAP35,0.11,0.12270790000000001,0
22598,30,POT1,-0.07,-0.0076545,0
22599,30,EXT1,0.11,0.0690063,0
22600,30,IL6ST,0.28,0.2061075,0
22601,30,IDH2,0.18000000000000002,0.14937319999999998,0
22602,30,SMARCE1,0.42,0.242484,0
22603,30,CRTC3,0.1,0.0754925,0
22604,30,TSC1,0.34,0.29153399999999996,0
22605,30,BCOR,-0.10999999999999999,-0.006995600000000005,0
22606,30,SDHA,0.25,0.14485330000000002,0
22607,30,EP300,1.570000000000001,1.2155992,0
22608,30,HNRNPA2B1,0.23,0.2186494,0
22609,30,CLIP1,-0.12000000000000001,-0.0713246,0
22610,30,PATZ1,-0.37,-0.1092402,0
22611,30,FUBP1,-0.15000000000000002,-0.009812599999999994,0
22612,30,HLA-A,-0.05,0.049037299999999985,0
22613,30,CCNC,-0.14000000000000004,-0.0536991,0
22614,30,RPN1,-0.22999999999999998,-0.05859249999999998,0
22615,30,TCF7L2,0.04999999999999999,0.08982889999999998,0
22616,30,CANT1,0.09000000000000002,0.0574799,0
22617,30,RPL5,-0.59,-0.14561549999999995,0
22618,30,CCDC6,-0.039999999999999994,0.0175299,0
22619,30,NCKIPSD,0.03,0.0176625,0
22620,30,SMARCD1,0.38,0.24252300000000002,0
22621,30,BCL10,0.009999999999999995,0.029279300000000008,0
22622,30,MAX,-0.020000000000000004,0.011993899999999993,0
22623,30,HERPUD1,0.01,0.004007,0
22624,30,RAC1,0.1,0.1297773,0
22625,30,FLNA,0.13,0.13630789999999998,0
22626,30,TFE3,-0.4,-0.1582673,0
22627,30,NCOR2,0.7500000000000002,0.5443751,0
22628,30,PRPF40B,-0.02,-0.0131205,0
22629,30,BCL3,-0.049999999999999996,-0.006954300000000004,0
22630,30,TFPT,-0.24,-0.0840684,0
22631,30,MLH1,0.9300000000000002,0.7422710000000001,0
22632,30,ARHGAP5,0.12000000000000001,0.0925256,0
22633,30,CIC,0.0,0.0,0
22634,30,LYN,0.8800000000000001,0.6002037,0
22635,30,TCF12,0.26999999999999996,0.1994148,0
22636,30,KLF6,0.03,0.0154891,0
22637,30,KMT2C,0.9500000000000002,0.7379299,0
22638,30,PIM1,-0.12,-0.030763799999999987,0
22639,30,CCND1,1.2900000000000007,0.7895866000000001,0
22640,30,MLLT1,-0.7300000000000002,-0.2265781000000001,0
22641,30,MEN1,-0.020000000000000014,0.028579899999999978,0
22642,30,CUL3,0.13999999999999999,0.13241550000000002,0
22643,30,RB1,0.6100000000000001,0.4548724,0
22644,30,LPP,-0.05000000000000001,-0.017454600000000004,0
22645,30,BUB1B,-0.14,-0.07062429999999999,0
22646,30,SMAD4,1.2900000000000007,0.9407783000000002,0
22647,30,FGFR1,0.18999999999999997,0.1257642,0
22648,30,TMSB4X,0.04,0.030698800000000002,0
22649,30,CDK4,0.6800000000000003,0.44309020000000005,0
22650,30,MSI2,0.0,0.0,0
22651,30,MSH6,0.8300000000000002,0.6310461,0
22652,30,BRAF,0.8600000000000004,0.7585667999999999,0
22653,30,TCEA1,-0.06000000000000001,0.0020793999999999986,0
22654,30,TNFAIP3,0.1,0.10187800000000002,0
22655,30,RABEP1,0.0,-0.002271299999999997,0
22656,30,GMPS,-0.06999999999999999,-0.043001999999999985,0
22657,30,MDM2,1.3100000000000007,0.8854348,0
22658,30,NSD2,0.16999999999999998,0.11560409999999999,0
22659,30,CASP8,0.14,0.21944129999999998,0
22660,30,PER1,-0.19,-0.042167,0
22661,30,UBR5,-0.039999999999999994,-0.007542999999999998,0
22662,30,EIF3E,-0.14,0.03955790000000002,0
22663,30,RFWD3,0.030000000000000002,0.0319765,0
22664,30,BRD3,0.12000000000000001,0.0970102,0
22665,30,PAFAH1B2,0.02,0.0152872,0
22666,30,EXT2,0.0,0.0077494999999999994,0
22667,30,PLCG1,0.5800000000000001,0.38843120000000003,0
22668,30,SF3B1,-0.43000000000000005,-0.1794571,0
22669,30,ARHGEF10L,0.03,0.018093599999999998,0
22670,30,NFATC2,0.19,0.1301926,0
22671,30,SDHD,0.26,0.1405598,0
22672,30,PABPC1,-0.8700000000000001,-0.2242875,0
22673,30,POLD1,-0.10000000000000003,0.0017395999999999974,0
22674,30,CALR,0.08999999999999998,0.06972190000000002,0
22675,30,PIK3CB,0.5800000000000001,0.4516774,0
22676,30,PPM1D,0.17,0.1260493,0
22677,30,ATRX,1.0200000000000005,0.7927282000000001,0
22678,30,DGCR8,0.17,0.10519549999999998,0
22679,30,DDX10,0.09,0.0588694,0
22680,30,DROSHA,0.3600000000000001,0.2527358,0
22681,30,TNFRSF14,-0.06,-0.020945000000000002,0
22682,30,BCL9L,0.16,0.1104356,0
22683,30,QKI,-0.07,-0.0419645,0
22684,30,BAZ1A,0.02,0.0144574,0
22685,30,CHD4,0.27,0.2285149,0
22686,30,NSD3,0.05,0.0552406,0
22687,30,NT5C2,0.17,0.0964079,0
22688,30,CCNB1IP1,0.12,0.052090199999999996,0
22689,30,PCBP1,-0.5700000000000001,-0.16992810000000003,0
22690,30,RALGDS,0.13,0.09669130000000001,0
22691,30,ARHGEF12,-0.01,0.0018615999999999971,0
22692,30,HSP90AB1,1.0100000000000005,0.66728,0
22693,30,FOXO3,1.2700000000000007,0.8353384,0
22694,30,HIP1,-0.02,-0.0125531,0
22695,30,CDC73,-0.07000000000000002,0.015450299999999997,0
22696,30,NIN,0.010000000000000002,0.0062212,0
22697,30,MDM4,0.15000000000000002,0.16063030000000003,0
22698,30,COL3A1,0.12,0.12033579999999998,0
22699,30,CTNND1,0.14,0.1332411,0
22700,30,SPOP,-0.06,-0.008488299999999999,0
22701,30,TMEM127,-0.009999999999999995,0.026778000000000003,0
22702,30,CREB3L2,0.06000000000000001,0.0478301,0
22703,30,MSH2,0.8600000000000003,0.6047828000000001,0
22704,30,FNBP1,-0.03,-0.0140868,0
22705,30,ATF1,-0.039999999999999994,-0.0144719,0
22706,30,EIF1AX,-0.5800000000000001,-0.23739070000000004,0
22707,30,PMS1,0.5599999999999999,0.41806360000000004,0
22708,30,DEK,0.04000000000000003,0.0677621,0
22709,30,ERBB2,0.9600000000000004,0.5981012,0
22710,30,AKT1,1.1300000000000006,0.7156736999999999,0
22711,30,CHEK2,0.33,0.3461432999999999,0
22712,30,SDHB,0.42,0.2625359,0
22713,30,NCOA1,0.39999999999999997,0.27288700000000005,0
22714,30,CHIC2,0.039999999999999994,0.018587799999999995,0
22715,30,RUNX1,0.5200000000000001,0.6352743000000002,0
22716,30,STAT6,0.25,0.1733702,0
22717,30,FH,-0.11,-0.025801299999999996,0
22718,30,AKT3,0.9600000000000002,0.6339306,0
22719,30,GNAS,0.22999999999999998,0.13974419999999999,0
22720,30,CTNNB1,1.3600000000000008,0.9240119999999998,0
22721,30,NONO,0.13999999999999999,0.09123609999999999,0
22722,30,SMARCB1,0.9300000000000004,0.6633452000000001,0
22723,30,PRKAR1A,0.1,0.09622530000000001,0
22724,30,ITGAV,0.04000000000000001,0.037786400000000005,0
22725,30,SS18,0.4,0.2479248,0
22726,30,MAP2K1,0.9300000000000004,0.5840046,0
22727,30,SIRPA,0.01,0.0057618999999999995,0
22728,30,PPFIBP1,0.37,0.23906490000000002,0
22729,30,RPL22,-0.21000000000000002,0.08141390000000001,0
22730,30,CYLD,0.29000000000000004,0.21579989999999996,0
22731,30,ARID1B,0.69,0.4789885,0
22732,30,SETDB1,0.32,0.22388740000000001,0
22733,30,AFDN,-0.34,-0.12818970000000002,0
22734,30,ZRSR2,0.31000000000000005,0.21500029999999998,0
22735,30,PBRM1,0.9600000000000004,0.6709651000000001,0
22736,30,XPC,0.6000000000000001,0.39058060000000006,0
22737,30,ASXL2,0.23000000000000004,0.1539272,0
22738,30,TRIM24,-0.2,-0.07776750000000002,0
22739,30,SFPQ,-0.09000000000000002,0.02307949999999999,0
22740,30,NCOA2,0.55,0.3742324,0
22741,30,FOXO4,0.43000000000000005,0.2752282,0
22742,30,LEF1,-0.019999999999999993,0.026728900000000014,0
22743,30,B2M,-0.54,-0.19369549999999996,0
22744,30,DDIT3,-0.35,-0.08396980000000001,0
22745,30,BCL6,0.5200000000000001,0.36296049999999996,0
22746,30,KRAS,-1.9500000000000004,-0.4673174,0
22747,30,FAT1,0.030000000000000006,0.0402242,0
22748,30,ABL2,0.09,0.07059480000000001,0
22749,30,NF1,0.7400000000000003,0.6179612,0
22750,30,BTG1,-0.01,-0.0054061000000000005,0
22751,30,EIF4A2,0.08000000000000002,0.07047060000000002,0
22752,30,SET,0.14,0.1251668,0
22753,30,EPS15,0.03,0.03411329999999999,0
22754,30,RNF213,0.019999999999999997,0.017859800000000002,0
22755,30,CTCF,0.8800000000000003,0.6104975,0
22756,30,WDCP,0.04000000000000001,0.04167889999999997,0
22757,30,KAT7,0.09999999999999999,0.07438959999999999,0
22758,30,KDM5C,0.13,0.1273208,0
22759,30,TGFBR2,0.16,0.1204909,0
22760,30,ATM,1.4200000000000008,1.0919845000000001,0
22761,30,NUMA1,-0.01,0.004568999999999994,0
22762,30,STAT3,1.4900000000000009,1.1211128,0
22763,30,SUB1,-0.29000000000000004,-0.0943831,0
22764,30,NUP98,0.049999999999999975,0.08527579999999998,0
22765,30,ELL,-0.010000000000000014,0.02644610000000002,0
22766,30,MAP3K1,0.43000000000000005,0.32299320000000004,0
22767,30,MALT1,0.18000000000000002,0.1468199,0
22768,30,XPO1,0.28,0.22781410000000002,0
22769,30,SETD1B,0.12,0.08305649999999999,0
22770,30,ETV6,-0.17999999999999997,-0.0634025,0
22771,30,TBL1XR1,0.19,0.11927370000000001,0
22772,30,NUP214,0.04000000000000003,0.10101710000000001,0
22773,30,TPR,0.07,0.09374770000000002,0
22774,30,ATIC,-0.009999999999999983,0.017136700000000005,0
22775,30,NACA,0.24,0.171597,0
22776,30,MYO5A,-0.009999999999999998,-0.004162799999999998,0
22777,30,SMC1A,0.6200000000000001,0.4812428,0
22778,30,LASP1,-0.22,-0.1223178,0
22779,30,ERCC5,0.48,0.331427,0
22780,30,JUN,0.5199999999999999,0.4595111999999999,0
22781,30,THRAP3,0.09,0.07228110000000001,0
22782,30,STAG2,0.55,0.4052691,0
22783,30,RAF1,1.1600000000000006,0.7904759000000002,0
22784,30,ERCC3,0.6,0.4804094,0
22785,30,SMAD2,0.5200000000000001,0.4569381999999999,0
22786,30,TAF15,0.16000000000000003,0.13736430000000002,0
22787,30,ARNT,0.36,0.2798396000000001,0
22788,30,CLTC,-0.52,-0.28625900000000004,0
22789,30,IKBKB,0.5800000000000003,0.43955319999999987,0
22790,30,IDH1,-0.43999999999999995,-0.10139540000000001,0
22791,30,SND1,0.01,0.0101909,0
22792,30,KNSTRN,0.03,0.023300099999999997,0
22793,30,RHOA,-0.7699999999999997,-0.15682140000000003,0
22794,30,PALB2,0.66,0.5438096,0
22795,30,ARID2,0.74,0.5244521,0
22796,30,EZR,-0.04999999999999998,0.02515419999999998,0
22797,30,TP53,-1.05,-0.12869350000000002,0
22798,30,ARAF,0.3600000000000001,0.19383060000000002,0
22799,30,KIF5B,0.4199999999999999,0.29978930000000004,0
22800,30,KAT6A,0.23000000000000004,0.19661220000000001,0
22801,30,KTN1,-0.08,-0.0240402,0
22802,30,GOLGA5,-0.16000000000000003,-0.10005920000000001,0
22803,30,KDM5A,0.26,0.2224183,0
22804,30,RAD21,0.4800000000000001,0.35049269999999993,0
22805,30,GNAQ,0.15999999999999998,0.10119189999999999,0
22806,30,CAMTA1,0.01,0.006642100000000001,0
22807,30,ERCC2,0.65,0.4629877,0
22808,30,EZH2,1.8100000000000012,1.1256448000000003,0
22809,30,TOP1,0.18000000000000002,0.1362009,0
22810,30,SRSF3,-0.49000000000000005,-0.12884929999999997,0
22811,30,NPM1,-0.19999999999999996,0.06373729999999998,0
22812,30,BAX,-0.3400000000000001,-0.1197088,0
22813,30,NOTCH2,0.28,0.2147425,0
22814,30,TRAF7,0.03,0.022023599999999997,0
22815,30,KDM6A,0.8600000000000003,0.6960690999999998,0
22816,30,SPEN,0.11,0.0793781,0
22817,30,TRIM27,-0.36,-0.134031,0
22818,30,CRTC1,0.15000000000000002,0.11624580000000001,0
22819,30,EML4,0.21,0.16734670000000001,0
22820,30,USP9X,-0.08999999999999998,-0.05602069999999999,0
22821,30,PTPRK,0.02,0.0142746,0
22822,30,CD74,-0.15999999999999998,-0.016731800000000005,0
22823,30,CBL,0.56,0.39761559999999996,0
22824,30,ZNF384,-0.08,-0.0384704,0
22825,30,NOTCH1,0.8900000000000005,0.6712900000000002,0
22826,30,COX6C,-0.09000000000000001,-0.0405516,0
22827,30,CHCHD7,0.02,0.011999,0
22828,30,HMGA1,-0.14,-0.061671100000000006,0
22829,30,PTEN,1.3600000000000008,1.0990814999999998,0
22830,30,FIP1L1,-0.030000000000000006,-0.020805500000000005,0
22831,30,JAK1,0.7800000000000002,0.5931078000000001,0
22832,30,ZMYM2,-0.09000000000000001,-0.059831100000000005,0
22833,30,SUZ12,0.67,0.4546358,0
22834,30,FUS,0.07999999999999999,0.22858379999999998,0
22835,30,BAP1,0.13,0.1152299,0
22836,30,ZCCHC8,-0.06,-0.019538399999999997,0
22837,30,CRNKL1,-0.039999999999999994,-0.0192142,0
22838,30,RAD17,0.11000000000000001,0.08312760000000001,0
22839,30,ATP1A1,0.0,0.000130400000000001,0
22840,30,DNMT3A,0.8000000000000003,0.5738773,0
22841,30,FBXW7,0.8900000000000002,0.6739237,0
22842,30,WWTR1,-0.12000000000000001,-0.057471799999999996,0
22843,30,CDKN1B,0.6700000000000002,0.41686819999999997,0
22844,30,KMT2A,0.52,0.4215207,0
22845,30,PTPN11,0.8900000000000003,0.6170864999999999,0
22846,30,STAT5B,0.7300000000000002,0.5327921000000001,0
22847,30,CUX1,-0.08,-0.0538157,0
22848,30,ABI1,-0.26,-0.09328750000000001,0
22849,30,BRCA1,1.9400000000000015,1.4648253999999998,0
22850,30,SH2B3,0.0,0.015085000000000001,0
22851,30,AFF4,0.17,0.1211345,0
22852,30,NF2,-0.10000000000000002,0.003795799999999995,0
22853,30,LMNA,0.15000000000000002,0.1061113,0
22854,30,TSC2,0.44000000000000006,0.3904009,0
22855,30,GOLPH3,-0.14,-0.0758607,0
22856,30,PCM1,-0.05,-0.0332191,0
22857,30,PPP2R1A,-0.24000000000000002,-0.0622914,0
22858,30,ARID1A,1.820000000000001,1.2917215000000004,0
22859,30,ABL1,0.19000000000000003,0.190583,0
22860,30,AFF1,0.24000000000000002,0.19992629999999997,0
22861,30,DAXX,-0.26,-0.041579099999999994,0
22862,30,CBFB,0.15000000000000002,0.1115251,0
22863,30,CBLB,0.14,0.1060177,0
22864,30,POLR2A,0.0,0.16124500000000005,0
22865,30,PRKACA,0.36,0.2729013999999999,0
22866,30,DNM2,-0.10999999999999999,-0.04527199999999999,0
22867,30,RAP1GDS1,-0.06999999999999999,-0.0385601,0
22868,30,NCOR1,0.9200000000000003,0.7511557,0
22869,30,NFKBIE,-0.2,-0.082424,0
22870,30,DDX3X,0.049999999999999996,0.09949050000000001,0
22871,30,ELK4,0.02,0.013663400000000001,0
22872,30,MLLT6,0.12,0.0946414,0
22873,30,SRSF2,-0.87,-0.21496209999999996,0
22874,30,CTNNA1,0.08,0.0603197,0
22875,30,RBM10,0.24000000000000002,0.17025089999999998,0
22876,30,PTPRC,0.13,0.1292474,0
22877,30,HSP90AA1,1.1700000000000006,0.7531884999999998,0
22878,31,NSD1,0.3,0.264026,1
22879,31,DICER1,0.30000000000000016,0.3099148,1
22880,31,BIRC6,0.12,0.11961570000000002,1
22881,31,SDHC,0.4,0.30524219999999996,1
22882,31,TFG,0.14,0.0963553,1
22883,31,MAP2K2,0.42000000000000004,0.2798165,1
22884,31,TFRC,-0.25999999999999995,-0.10847109999999999,1
22885,31,CREB1,0.7900000000000004,0.7189181,1
22886,31,POLG,-0.02,-0.0058972,1
22887,31,SETD2,0.6900000000000002,0.6324267000000001,1
22888,31,NAB2,-0.6,-0.15308709999999998,1
22889,31,HIF1A,1.650000000000001,1.3059426000000003,1
22890,31,FLCN,-0.06000000000000001,0.008485300000000001,1
22891,31,MAP2K4,0.020000000000000004,0.10335640000000001,1
22892,31,CNOT3,0.04999999999999999,0.0488449,1
22893,31,CIITA,0.060000000000000005,0.033691200000000004,1
22894,31,LSM14A,0.16,0.1335073,1
22895,31,AKAP9,-0.05,0.01921649999999999,1
22896,31,MSN,-0.24999999999999997,-0.06760260000000001,1
22897,31,BCR,-0.06000000000000002,0.038582500000000006,1
22898,31,TRRAP,-0.019999999999999962,0.20973730000000007,1
22899,31,PPP6C,-0.15000000000000002,-0.06819130000000001,1
22900,31,NCOA4,-0.09999999999999998,-0.0376601,1
22901,31,BCL9,0.19000000000000003,0.153877,1
22902,31,PRCC,0.10999999999999999,0.08452669999999998,1
22903,31,LARP4B,0.03,0.022689599999999997,1
22904,31,CHD2,0.02,0.0181344,1
22905,31,ASXL1,0.2599999999999999,0.3439181,1
22906,31,SMARCA4,1.750000000000001,1.4202641999999996,1
22907,31,ERC1,-0.019999999999999997,-0.0151154,1
22908,31,DCTN1,-0.01999999999999999,0.01801889999999999,1
22909,31,PIK3R1,1.1800000000000006,0.9902532000000001,1
22910,31,EED,0.12999999999999998,0.09626689999999999,1
22911,31,CNBP,0.01,0.0057174,1
22912,31,SGK1,0.48,0.3262932,1
22913,31,MLLT10,-0.24999999999999997,-0.1428866,1
22914,31,BRD4,0.9300000000000003,0.8658220999999999,1
22915,31,RANBP2,0.24000000000000002,0.2564477,1
22916,31,FBXO11,0.06,0.0504824,1
22917,31,PML,0.30000000000000004,0.21259260000000005,1
22918,31,AKT2,1.1500000000000004,0.8435089999999997,1
22919,31,CEP89,0.05,0.030593500000000003,1
22920,31,LZTR1,0.06999999999999999,0.10543939999999997,1
22921,31,YWHAE,0.21999999999999997,0.1443876,1
22922,31,DNAJB1,-0.1,-0.0338373,1
22923,31,PRDM2,0.07,0.0593683,1
22924,31,TPM4,0.51,0.3542119,1
22925,31,CREBBP,2.080000000000001,1.7180761,1
22926,31,PMS2,0.7900000000000003,0.6957054000000001,1
22927,31,DDR2,0.03,0.020054699999999995,1
22928,31,FANCA,0.41000000000000003,0.35644280000000006,1
22929,31,PDE4DIP,0.08,0.06381419999999999,1
22930,31,USP8,-0.06,-0.0253313,1
22931,31,MYH9,-0.44000000000000006,-0.1414839,1
22932,31,MYC,-0.9300000000000002,-0.12599459999999996,1
22933,31,NBN,0.5800000000000001,0.4781543999999999,1
22934,31,CCND3,-0.09,-0.009427600000000001,1
22935,31,TRIP11,-0.09,-0.06799530000000001,1
22936,31,CNTRL,-0.06,-0.0490572,1
22937,31,PIK3CA,1.1800000000000008,1.0711374999999996,1
22938,31,DDX5,0.36000000000000015,0.33686350000000015,1
22939,31,PICALM,3.469446951953614e-18,0.0054444000000000055,1
22940,31,RARA,0.06999999999999998,0.12114169999999996,1
22941,31,DDX6,-0.009999999999999988,0.10074439999999998,1
22942,31,COL1A1,0.19,0.16666009999999998,1
22943,31,VHL,0.30000000000000004,0.22951749999999996,1
22944,31,MAPK1,1.700000000000001,1.2354598000000006,1
22945,31,SRC,0.5700000000000003,0.4750581,1
22946,31,NFE2L2,0.31999999999999995,0.22898430000000003,1
22947,31,MITF,-0.26,-0.0714475,1
22948,31,SMAD3,1.240000000000001,1.1856318999999997,1
22949,31,RBM15,0.09,0.0806744,1
22950,31,ATR,0.7000000000000003,0.5993758,1
22951,31,EPAS1,0.38999999999999996,0.39094210000000007,1
22952,31,TPM3,0.21000000000000002,0.15329819999999997,1
22953,31,RPL10,0.11000000000000001,0.12079000000000001,1
22954,31,STAG1,0.16,0.16971430000000004,1
22955,31,SBDS,-0.03,-0.0118063,1
22956,31,KMT2D,1.0400000000000005,0.8511279000000002,1
22957,31,MED12,0.38,0.3360357,1
22958,31,BCLAF1,-0.039999999999999994,0.026966999999999998,1
22959,31,ASPSCR1,-0.020000000000000004,-0.0012943999999999976,1
22960,31,CDK12,0.52,0.4285015000000001,1
22961,31,EWSR1,0.26,0.3001069,1
22962,31,NDRG1,-0.039999999999999994,-0.0115312,1
22963,31,PSIP1,0.060000000000000005,0.0582862,1
22964,31,TRIM33,0.09000000000000002,0.08006990000000001,1
22965,31,MTOR,1.0800000000000003,0.8858589999999998,1
22966,31,ARHGAP35,0.15000000000000002,0.15236480000000002,1
22967,31,POT1,0.01,0.0126488,1
22968,31,EXT1,0.11,0.0853622,1
22969,31,IL6ST,0.34,0.2940324,1
22970,31,IDH2,-0.04,0.0256415,1
22971,31,SMARCE1,0.36,0.24491570000000001,1
22972,31,CRTC3,0.09,0.0780596,1
22973,31,TSC1,0.34,0.3279593,1
22974,31,BCOR,-0.1,0.017829900000000006,1
22975,31,SDHA,0.25000000000000006,0.19651869999999996,1
22976,31,EP300,2.2600000000000002,1.9270866,1
22977,31,HNRNPA2B1,0.47000000000000003,0.3343177,1
22978,31,CLIP1,-0.13,-0.07599020000000001,1
22979,31,PATZ1,-0.52,-0.1416988,1
22980,31,FUBP1,-0.1,0.007813099999999998,1
22981,31,HLA-A,-0.08000000000000002,0.0248355,1
22982,31,CCNC,-0.28,-0.12061669999999998,1
22983,31,RPN1,-0.19,-0.074218,1
22984,31,TCF7L2,0.02,0.08707340000000002,1
22985,31,CANT1,-0.010000000000000009,0.005206499999999996,1
22986,31,RPL5,-0.5700000000000001,-0.1791624,1
22987,31,CCDC6,0.07,0.0775168,1
22988,31,NCKIPSD,-0.060000000000000005,-0.0218279,1
22989,31,SMARCD1,0.43,0.3708138,1
22990,31,BCL10,0.04,0.069858,1
22991,31,MAX,0.1,0.11800469999999999,1
22992,31,HERPUD1,-0.05,-0.012846,1
22993,31,RAC1,0.13,0.1654985,1
22994,31,FLNA,0.17999999999999997,0.1314562,1
22995,31,TFE3,-0.7600000000000001,-0.27865680000000004,1
22996,31,NCOR2,0.6200000000000001,0.5369124,1
22997,31,PRPF40B,0.02,0.0185007,1
22998,31,BCL3,-0.11000000000000004,-0.008946200000000008,1
22999,31,TFPT,-0.37,-0.1123159,1
23000,31,MLH1,0.92,0.8122639,1
23001,31,ARHGAP5,0.09999999999999999,0.1094141,1
23002,31,CIC,0.0,0.0,1
23003,31,LYN,0.8500000000000001,0.6458502,1
23004,31,TCF12,0.35000000000000003,0.2914388,1
23005,31,KLF6,0.05,0.0325178,1
23006,31,KMT2C,0.9600000000000002,0.8464872000000001,1
23007,31,PIM1,-0.13999999999999999,-0.025502399999999995,1
23008,31,CCND1,1.4700000000000009,0.9259013,1
23009,31,MLLT1,-1.4800000000000002,-0.3808353,1
23010,31,MEN1,-0.010000000000000016,0.02938580000000001,1
23011,31,CUL3,0.07999999999999999,0.1132512,1
23012,31,RB1,0.7100000000000002,0.5711571000000001,1
23013,31,LPP,-0.09,-0.016981399999999997,1
23014,31,BUB1B,-0.13999999999999999,-0.036765900000000004,1
23015,31,SMAD4,1.5000000000000009,1.2403649000000005,1
23016,31,FGFR1,0.24,0.23486060000000003,1
23017,31,TMSB4X,0.03,0.022958399999999997,1
23018,31,CDK4,1.0300000000000005,0.7284012999999999,1
23019,31,MSI2,0.01,0.0083261,1
23020,31,MSH6,1.0100000000000007,0.9211046000000002,1
23021,31,BRAF,1.2700000000000005,1.1271009,1
23022,31,TCEA1,-0.12,-0.0105098,1
23023,31,TNFAIP3,0.14,0.12349850000000001,1
23024,31,RABEP1,0.010000000000000002,0.007620000000000002,1
23025,31,GMPS,-0.08000000000000003,-0.035100700000000026,1
23026,31,MDM2,1.0600000000000005,0.8724273,1
23027,31,NSD2,0.22999999999999998,0.18146770000000004,1
23028,31,CASP8,-0.13,0.105239,1
23029,31,PER1,-0.17,-0.063494,1
23030,31,UBR5,-3.469446951953614e-18,0.03232,1
23031,31,EIF3E,0.029999999999999992,0.0517523,1
23032,31,RFWD3,0.030000000000000002,0.033013299999999995,1
23033,31,BRD3,0.16,0.1180038,1
23034,31,PAFAH1B2,0.02,0.017714,1
23035,31,EXT2,0.03,0.026974999999999992,1
23036,31,PLCG1,0.42,0.3944376,1
23037,31,SF3B1,-0.6300000000000001,-0.2954164,1
23038,31,ARHGEF10L,0.03,0.0162273,1
23039,31,NFATC2,0.21,0.1599023,1
23040,31,SDHD,0.26,0.2098657,1
23041,31,PABPC1,-1.2,-0.30922839999999996,1
23042,31,POLD1,-0.22000000000000003,-0.05272589999999998,1
23043,31,CALR,0.04000000000000001,0.0631806,1
23044,31,PIK3CB,0.7000000000000002,0.5904082,1
23045,31,PPM1D,0.27,0.21337299999999998,1
23046,31,ATRX,0.9900000000000004,0.8635217999999998,1
23047,31,DGCR8,0.17,0.1359435,1
23048,31,DDX10,0.15999999999999998,0.1214131,1
23049,31,DROSHA,0.52,0.42716450000000006,1
23050,31,TNFRSF14,-0.15,-0.0509516,1
23051,31,BCL9L,0.13,0.09851539999999999,1
23052,31,QKI,0.04,0.0320711,1
23053,31,BAZ1A,0.01,0.0076746,1
23054,31,CHD4,0.4,0.3426563999999999,1
23055,31,NSD3,0.13,0.12439809999999998,1
23056,31,NT5C2,0.17,0.0941877,1
23057,31,CCNB1IP1,0.15000000000000002,0.06844750000000001,1
23058,31,PCBP1,-1.05,-0.2936167,1
23059,31,RALGDS,-0.04000000000000001,0.06476630000000001,1
23060,31,ARHGEF12,-0.05,0.0170403,1
23061,31,HSP90AB1,1.2400000000000004,0.8675211000000003,1
23062,31,FOXO3,1.4600000000000009,1.1203529,1
23063,31,HIP1,-0.02,-0.012915600000000001,1
23064,31,CDC73,0.05999999999999999,0.09155459999999999,1
23065,31,NIN,-0.009999999999999998,-0.007405299999999993,1
23066,31,MDM4,0.13999999999999996,0.2016788,1
23067,31,COL3A1,0.22,0.18040050000000002,1
23068,31,CTNND1,0.14,0.1578084,1
23069,31,SPOP,0.11000000000000001,0.10888540000000001,1
23070,31,TMEM127,0.07,0.04781750000000001,1
23071,31,CREB3L2,0.09,0.0597502,1
23072,31,MSH2,0.9400000000000004,0.8490973999999999,1
23073,31,FNBP1,0.009999999999999998,0.0215435,1
23074,31,ATF1,0.16,0.11639369999999999,1
23075,31,EIF1AX,-0.49,-0.19651550000000004,1
23076,31,PMS1,0.6,0.4804116,1
23077,31,DEK,0.18000000000000002,0.14673620000000004,1
23078,31,ERBB2,0.8900000000000003,0.5980257000000001,1
23079,31,AKT1,0.7200000000000002,0.5236036999999998,1
23080,31,CHEK2,0.6600000000000001,0.6572610999999999,1
23081,31,SDHB,0.4,0.29226779999999997,1
23082,31,NCOA1,0.39999999999999997,0.34195279999999995,1
23083,31,CHIC2,0.07,0.04720590000000001,1
23084,31,RUNX1,0.14999999999999994,0.6118458,1
23085,31,STAT6,0.42000000000000004,0.3735227,1
23086,31,FH,-0.030000000000000013,0.017801000000000018,1
23087,31,AKT3,1.1000000000000005,0.8242623000000002,1
23088,31,GNAS,0.36,0.2686818,1
23089,31,CTNNB1,1.2600000000000007,0.9390514999999997,1
23090,31,NONO,0.31000000000000005,0.2797355,1
23091,31,SMARCB1,1.0000000000000004,0.7993629999999999,1
23092,31,PRKAR1A,0.22000000000000003,0.20333369999999998,1
23093,31,ITGAV,-0.01,0.04089250000000002,1
23094,31,SS18,0.43000000000000005,0.32359270000000007,1
23095,31,MAP2K1,1.0600000000000005,0.6408523,1
23096,31,SIRPA,-0.06,-0.017886799999999998,1
23097,31,PPFIBP1,0.4,0.291609,1
23098,31,RPL22,-0.14,0.09439340000000002,1
23099,31,CYLD,0.31999999999999995,0.2625331,1
23100,31,ARID1B,0.8400000000000001,0.6696469,1
23101,31,SETDB1,0.36,0.2732692,1
23102,31,AFDN,-0.4,-0.12378920000000003,1
23103,31,ZRSR2,-0.020000000000000025,-0.007969600000000004,1
23104,31,PBRM1,1.0000000000000004,0.7948691,1
23105,31,XPC,0.47,0.2931013,1
23106,31,ASXL2,0.28,0.21014760000000002,1
23107,31,TRIM24,-0.15,-0.016368099999999997,1
23108,31,SFPQ,-0.29999999999999993,-0.054901900000000003,1
23109,31,NCOA2,0.6200000000000001,0.5234411999999999,1
23110,31,FOXO4,0.41999999999999993,0.2647837,1
23111,31,LEF1,0.17,0.1647624,1
23112,31,B2M,-0.43999999999999995,-0.1721605,1
23113,31,DDIT3,-0.25,-0.09079970000000001,1
23114,31,BCL6,0.25999999999999995,0.23717739999999998,1
23115,31,KRAS,-0.7999999999999998,-0.17125189999999998,1
23116,31,FAT1,0.11000000000000001,0.0873327,1
23117,31,ABL2,0.07,0.0604606,1
23118,31,NF1,1.2600000000000007,1.0492249,1
23119,31,BTG1,-0.05,-0.022566000000000003,1
23120,31,EIF4A2,0.05,0.028399600000000004,1
23121,31,SET,0.16999999999999998,0.13903520000000003,1
23122,31,EPS15,0.08,0.07202030000000001,1
23123,31,RNF213,0.05,0.0432031,1
23124,31,CTCF,1.1000000000000003,0.7823321000000001,1
23125,31,WDCP,0.21,0.1314526,1
23126,31,KAT7,0.16,0.14214000000000002,1
23127,31,KDM5C,0.2,0.1951661,1
23128,31,TGFBR2,0.16999999999999998,0.175078,1
23129,31,ATM,1.1200000000000006,1.0989945,1
23130,31,NUMA1,0.05,0.045552699999999995,1
23131,31,STAT3,0.9800000000000004,0.9022842999999999,1
23132,31,SUB1,-0.1,-0.0458812,1
23133,31,NUP98,0.22,0.23345919999999995,1
23134,31,ELL,0.060000000000000005,0.03385930000000001,1
23135,31,MAP3K1,0.27,0.2628116,1
23136,31,MALT1,0.14,0.15612260000000003,1
23137,31,XPO1,0.5300000000000001,0.44748979999999994,1
23138,31,SETD1B,0.26,0.2158762,1
23139,31,ETV6,-0.13999999999999999,-0.0394948,1
23140,31,TBL1XR1,0.22,0.16006140000000002,1
23141,31,NUP214,-0.03999999999999997,0.15892110000000004,1
23142,31,TPR,0.11,0.09756019999999997,1
23143,31,ATIC,0.15,0.16170859999999998,1
23144,31,NACA,0.21000000000000002,0.1271953,1
23145,31,MYO5A,0.03,0.022873499999999998,1
23146,31,SMC1A,0.36,0.4409556000000001,1
23147,31,LASP1,-0.23,-0.12522840000000002,1
23148,31,ERCC5,0.5,0.3176412,1
23149,31,JUN,-1.3700000000000006,-0.32330170000000014,1
23150,31,THRAP3,0.07,0.0581048,1
23151,31,STAG2,0.20000000000000004,0.26481400000000005,1
23152,31,RAF1,0.8700000000000003,0.6737722,1
23153,31,ERCC3,0.63,0.5415595,1
23154,31,SMAD2,0.48,0.5434935000000001,1
23155,31,TAF15,0.19,0.1527269,1
23156,31,ARNT,0.27999999999999997,0.2477425,1
23157,31,CLTC,-0.6499999999999999,-0.30545430000000007,1
23158,31,IKBKB,0.4500000000000001,0.45517260000000004,1
23159,31,IDH1,-0.8700000000000003,-0.2725791,1
23160,31,SND1,-0.009999999999999993,0.018466299999999998,1
23161,31,KNSTRN,0.01,0.0072418000000000005,1
23162,31,RHOA,-3.0800000000000005,-0.7342349000000001,1
23163,31,PALB2,0.7200000000000001,0.6210928000000001,1
23164,31,ARID2,0.8400000000000001,0.6790982,1
23165,31,EZR,-0.16000000000000003,-0.06978070000000001,1
23166,31,TP53,-0.11999999999999995,0.28254830000000003,1
23167,31,ARAF,0.47,0.2797643,1
23168,31,KIF5B,0.5000000000000001,0.37219569999999996,1
23169,31,KAT6A,0.15000000000000002,0.1985206,1
23170,31,KTN1,-0.12000000000000001,-0.0177266,1
23171,31,GOLGA5,-0.08,-0.0564001,1
23172,31,KDM5A,0.30000000000000004,0.28291099999999997,1
23173,31,RAD21,0.6000000000000001,0.5028607,1
23174,31,GNAQ,0.31999999999999995,0.24207769999999998,1
23175,31,CAMTA1,0.07,0.052735800000000006,1
23176,31,ERCC2,0.7000000000000001,0.5489851000000001,1
23177,31,EZH2,1.580000000000001,1.2457184000000001,1
23178,31,TOP1,0.27,0.22139129999999999,1
23179,31,SRSF3,-0.30999999999999994,-0.07791419999999999,1
23180,31,NPM1,0.22999999999999998,0.2281213,1
23181,31,BAX,-0.7000000000000001,-0.1713068,1
23182,31,NOTCH2,0.29000000000000004,0.24683819999999998,1
23183,31,TRAF7,0.02,0.014889399999999999,1
23184,31,KDM6A,0.8600000000000002,0.8815700999999998,1
23185,31,SPEN,0.13999999999999999,0.1135415,1
23186,31,TRIM27,-0.52,-0.1673136,1
23187,31,CRTC1,0.14,0.1171854,1
23188,31,EML4,0.26,0.2944801000000001,1
23189,31,USP9X,0.009999999999999998,0.008082299999999997,1
23190,31,PTPRK,0.0,0.0,1
23191,31,CD74,-0.13,0.00240079999999998,1
23192,31,CBL,0.6000000000000001,0.5247464999999999,1
23193,31,ZNF384,0.04,0.031749799999999995,1
23194,31,NOTCH1,1.2100000000000006,0.8969536999999999,1
23195,31,COX6C,-0.15,-0.0501959,1
23196,31,CHCHD7,0.02,0.012166,1
23197,31,HMGA1,-0.05,-0.021112999999999996,1
23198,31,PTEN,1.2100000000000009,1.1585409000000007,1
23199,31,FIP1L1,-0.039999999999999994,-0.016648299999999987,1
23200,31,JAK1,0.8800000000000003,0.7513623000000001,1
23201,31,ZMYM2,-0.009999999999999997,-0.006030799999999998,1
23202,31,SUZ12,0.8300000000000003,0.670369,1
23203,31,FUS,-0.45000000000000007,-0.0016284000000000125,1
23204,31,BAP1,-0.35000000000000003,-0.1503469,1
23205,31,ZCCHC8,-0.05,-0.0175825,1
23206,31,CRNKL1,0.009999999999999998,0.007714800000000001,1
23207,31,RAD17,0.19999999999999998,0.16153179999999998,1
23208,31,ATP1A1,0.04,0.025120000000000003,1
23209,31,DNMT3A,0.9500000000000004,0.8494799000000001,1
23210,31,FBXW7,0.9400000000000002,0.8183607,1
23211,31,WWTR1,-0.15,-0.062216699999999986,1
23212,31,CDKN1B,0.44000000000000006,0.3073436,1
23213,31,KMT2A,0.27,0.3375008,1
23214,31,PTPN11,1.0800000000000005,0.9201133000000002,1
23215,31,STAT5B,0.7800000000000001,0.6345073,1
23216,31,CUX1,-0.08,-0.054337800000000006,1
23217,31,ABI1,-0.23000000000000004,-0.07432960000000002,1
23218,31,BRCA1,1.9200000000000015,1.5777611999999996,1
23219,31,SH2B3,0.11,0.0716198,1
23220,31,AFF4,-0.14,-0.0768336,1
23221,31,NF2,0.14000000000000004,0.15051219999999998,1
23222,31,LMNA,0.06999999999999999,0.051302399999999984,1
23223,31,TSC2,0.8000000000000004,0.6655194000000002,1
23224,31,GOLPH3,-0.07,-0.047723499999999995,1
23225,31,PCM1,-0.05,-0.0402577,1
23226,31,PPP2R1A,-0.28,-0.0842649,1
23227,31,ARID1A,1.890000000000001,1.5423691000000004,1
23228,31,ABL1,0.15999999999999995,0.19886920000000002,1
23229,31,AFF1,0.020000000000000014,0.050158900000000006,1
23230,31,DAXX,-0.51,-0.1394282,1
23231,31,CBFB,0.08000000000000002,0.1332461,1
23232,31,CBLB,0.17,0.1487857,1
23233,31,POLR2A,-0.29,0.09709510000000002,1
23234,31,PRKACA,0.21000000000000013,0.28765809999999997,1
23235,31,DNM2,-0.09000000000000001,-0.0441728,1
23236,31,RAP1GDS1,-0.06,0.010488299999999999,1
23237,31,NCOR1,0.9600000000000003,0.9517844000000002,1
23238,31,NFKBIE,-0.4,-0.12306390000000002,1
23239,31,DDX3X,0.2799999999999999,0.2523719,1
23240,31,ELK4,0.02,0.0165468,1
23241,31,MLLT6,0.019999999999999997,0.0245345,1
23242,31,SRSF2,-3.0,-0.7223563000000001,1
23243,31,CTNNA1,0.16,0.1251751,1
23244,31,RBM10,0.13,0.10007980000000001,1
23245,31,PTPRC,0.030000000000000006,0.11033079999999998,1
23246,31,HSP90AA1,0.8500000000000002,0.614312,1
23247,31,NSD1,0.28,0.23645870000000002,0
23248,31,DICER1,0.25,0.24830890000000003,0
23249,31,BIRC6,0.11,0.0944208,0
23250,31,SDHC,0.33,0.23348459999999996,0
23251,31,TFG,0.33,0.1905335,0
23252,31,MAP2K2,0.21000000000000002,0.1792928,0
23253,31,TFRC,-0.23,-0.1175531,0
23254,31,CREB1,0.9600000000000004,0.7389794,0
23255,31,POLG,0.0,0.0,0
23256,31,SETD2,0.6900000000000003,0.592306,0
23257,31,NAB2,-0.35000000000000003,-0.1089051,0
23258,31,HIF1A,1.6300000000000008,1.1883522,0
23259,31,FLCN,0.019999999999999997,0.02875,0
23260,31,MAP2K4,0.03999999999999999,0.0940686,0
23261,31,CNOT3,0.0,0.0112454,0
23262,31,CIITA,0.08,0.0506224,0
23263,31,LSM14A,0.1,0.086415,0
23264,31,AKAP9,-0.05,-0.005330600000000005,0
23265,31,MSN,-0.3799999999999999,-0.10591800000000001,0
23266,31,BCR,0.01,0.04612880000000001,0
23267,31,TRRAP,-0.010000000000000033,0.11597450000000001,0
23268,31,PPP6C,-0.15,-0.07497380000000001,0
23269,31,NCOA4,-0.17,-0.0926734,0
23270,31,BCL9,0.15,0.12462710000000002,0
23271,31,PRCC,1.0408340855860843e-17,0.010820800000000002,0
23272,31,LARP4B,0.01,0.0059451,0
23273,31,CHD2,0.02,0.0166938,0
23274,31,ASXL1,0.32,0.36979800000000007,0
23275,31,SMARCA4,1.2100000000000006,0.9498482999999999,0
23276,31,ERC1,-0.01,-0.0080049,0
23277,31,DCTN1,-0.22,-0.10364009999999999,0
23278,31,PIK3R1,1.2100000000000006,0.9052275000000001,0
23279,31,EED,-0.09000000000000001,0.0056096000000000045,0
23280,31,CNBP,-0.01,-0.0044295,0
23281,31,SGK1,0.31,0.18164230000000003,0
23282,31,MLLT10,-0.11999999999999998,-0.05194879999999999,0
23283,31,BRD4,0.9100000000000004,0.7282466,0
23284,31,RANBP2,0.15999999999999998,0.2088901,0
23285,31,FBXO11,0.060000000000000005,0.048441000000000005,0
23286,31,PML,0.39999999999999997,0.2722319,0
23287,31,AKT2,0.8300000000000001,0.5838043999999999,0
23288,31,CEP89,0.06,0.0366582,0
23289,31,LZTR1,0.05,0.0745129,0
23290,31,YWHAE,0.30000000000000004,0.1933725,0
23291,31,DNAJB1,-0.08,-0.023695900000000006,0
23292,31,PRDM2,0.04,0.0299366,0
23293,31,TPM4,0.45000000000000007,0.2930247,0
23294,31,CREBBP,1.8000000000000012,1.4956542,0
23295,31,PMS2,0.5000000000000001,0.4928064,0
23296,31,DDR2,0.049999999999999996,0.031161600000000005,0
23297,31,FANCA,0.33999999999999997,0.28165119999999993,0
23298,31,PDE4DIP,0.060000000000000005,0.042294899999999996,0
23299,31,USP8,-0.1,-0.046834400000000005,0
23300,31,MYH9,-0.27,-0.05790169999999999,0
23301,31,MYC,-1.1900000000000004,-0.44270449999999995,0
23302,31,NBN,0.54,0.40920200000000007,0
23303,31,CCND3,-0.11,0.00604890000000001,0
23304,31,TRIP11,-0.11000000000000001,-0.07572380000000001,0
23305,31,CNTRL,-0.07,-0.048979600000000005,0
23306,31,PIK3CA,1.510000000000001,1.1275785999999999,0
23307,31,DDX5,0.41999999999999993,0.33509800000000006,0
23308,31,PICALM,3.469446951953614e-18,0.003342500000000005,0
23309,31,RARA,0.52,0.35807320000000004,0
23310,31,DDX6,-0.09000000000000001,0.04455629999999998,0
23311,31,COL1A1,0.09000000000000001,0.0978494,0
23312,31,VHL,0.16,0.12001749999999999,0
23313,31,MAPK1,1.6900000000000008,1.133708,0
23314,31,SRC,-0.22999999999999998,0.10540480000000008,0
23315,31,NFE2L2,0.27,0.20222860000000004,0
23316,31,MITF,-0.26,-0.038179399999999995,0
23317,31,SMAD3,1.2500000000000009,0.9801678000000001,0
23318,31,RBM15,0.08,0.0679257,0
23319,31,ATR,0.6800000000000003,0.5832456,0
23320,31,EPAS1,0.3399999999999999,0.3106868,0
23321,31,TPM3,0.15,0.12246629999999999,0
23322,31,RPL10,0.14,0.12361240000000003,0
23323,31,STAG1,0.16,0.16524119999999998,0
23324,31,SBDS,-0.05,-0.0179687,0
23325,31,KMT2D,0.9700000000000004,0.7314759,0
23326,31,MED12,0.31,0.24444720000000003,0
23327,31,BCLAF1,-0.01999999999999999,0.034379900000000005,0
23328,31,ASPSCR1,-0.009999999999999998,0.0002453000000000021,0
23329,31,CDK12,0.33,0.2488516,0
23330,31,EWSR1,0.4399999999999999,0.3618682,0
23331,31,NDRG1,-0.06,-0.017891699999999996,0
23332,31,PSIP1,-0.16999999999999998,-0.0866349,0
23333,31,TRIM33,0.010000000000000004,0.017879099999999995,0
23334,31,MTOR,1.1800000000000004,0.8728277000000001,0
23335,31,ARHGAP35,0.1,0.13172180000000003,0
23336,31,POT1,-0.08,-0.013217400000000004,0
23337,31,EXT1,0.11,0.0722755,0
23338,31,IL6ST,0.31,0.2454639,0
23339,31,IDH2,0.15,0.1149867,0
23340,31,SMARCE1,0.44,0.278822,0
23341,31,CRTC3,0.09,0.06962209999999999,0
23342,31,TSC1,0.29000000000000004,0.2839178,0
23343,31,BCOR,-0.16999999999999998,-0.005845899999999994,0
23344,31,SDHA,0.24,0.15076720000000002,0
23345,31,EP300,1.8300000000000012,1.4477983000000005,0
23346,31,HNRNPA2B1,0.22999999999999998,0.1962355,0
23347,31,CLIP1,-0.12000000000000001,-0.0684226,0
23348,31,PATZ1,-0.49,-0.1343269,0
23349,31,FUBP1,-0.18000000000000002,-0.029027000000000004,0
23350,31,HLA-A,-0.23000000000000004,-0.01189599999999999,0
23351,31,CCNC,-0.05,-0.0195954,0
23352,31,RPN1,-0.23,-0.06952829999999999,0
23353,31,TCF7L2,0.08000000000000003,0.11208399999999999,0
23354,31,CANT1,0.08000000000000002,0.0446911,0
23355,31,RPL5,-0.63,-0.19314699999999999,0
23356,31,CCDC6,0.030000000000000013,0.05369189999999998,0
23357,31,NCKIPSD,0.03,0.0167805,0
23358,31,SMARCD1,0.45,0.31569660000000005,0
23359,31,BCL10,0.020000000000000018,0.0478638,0
23360,31,MAX,-0.03,0.001213999999999998,0
23361,31,HERPUD1,0.01,0.0037307,0
23362,31,RAC1,0.08000000000000002,0.1270352,0
23363,31,FLNA,0.020000000000000004,0.046009199999999986,0
23364,31,TFE3,-0.48000000000000004,-0.20110730000000002,0
23365,31,NCOR2,0.7000000000000002,0.5230157999999999,0
23366,31,PRPF40B,0.009999999999999995,0.012170399999999998,0
23367,31,BCL3,-0.029999999999999992,-0.0035743999999999897,0
23368,31,TFPT,-0.28,-0.09436350000000002,0
23369,31,MLH1,0.75,0.6552576999999998,0
23370,31,ARHGAP5,0.12000000000000001,0.10874800000000001,0
23371,31,CIC,0.0,0.0,0
23372,31,LYN,0.8300000000000003,0.5894946999999999,0
23373,31,TCF12,0.29,0.22584769999999996,0
23374,31,KLF6,0.05,0.027844100000000004,0
23375,31,KMT2C,0.9200000000000002,0.7727280000000001,0
23376,31,PIM1,-0.23,-0.08638579999999998,0
23377,31,CCND1,1.3500000000000008,0.8263197999999999,0
23378,31,MLLT1,-1.1600000000000001,-0.33125740000000004,0
23379,31,MEN1,-0.02000000000000001,0.03144869999999999,0
23380,31,CUL3,0.15999999999999998,0.17525269999999998,0
23381,31,RB1,0.76,0.5852569,0
23382,31,LPP,-0.06999999999999999,-0.015433399999999996,0
23383,31,BUB1B,-0.15,-0.07886280000000001,0
23384,31,SMAD4,1.3000000000000007,0.9938916999999997,0
23385,31,FGFR1,0.22999999999999998,0.1541104,0
23386,31,TMSB4X,0.04,0.0330996,0
23387,31,CDK4,0.6300000000000002,0.4162104,0
23388,31,MSI2,0.01,0.0075195,0
23389,31,MSH6,0.8900000000000005,0.6994857000000002,0
23390,31,BRAF,0.9200000000000004,0.8570928000000002,0
23391,31,TCEA1,-0.06999999999999998,0.0006285000000000058,0
23392,31,TNFAIP3,0.10999999999999999,0.1143596,0
23393,31,RABEP1,0.010000000000000002,0.0074421,0
23394,31,GMPS,-0.06,-0.0354609,0
23395,31,MDM2,1.3200000000000007,0.9326709,0
23396,31,NSD2,0.19,0.1340576,0
23397,31,CASP8,-0.2,0.11834570000000001,0
23398,31,PER1,-0.19,-0.0499868,0
23399,31,UBR5,-0.039999999999999994,-0.011279499999999994,0
23400,31,EIF3E,0.020000000000000004,0.08198520000000001,0
23401,31,RFWD3,0.030000000000000002,0.031518700000000004,0
23402,31,BRD3,0.16,0.12764969999999998,0
23403,31,PAFAH1B2,0.02,0.0167086,0
23404,31,EXT2,0.009999999999999995,0.010569499999999996,0
23405,31,PLCG1,0.5199999999999999,0.3990526000000001,0
23406,31,SF3B1,-0.36000000000000004,-0.14063209999999998,0
23407,31,ARHGEF10L,0.02,0.010386,0
23408,31,NFATC2,0.23,0.1705053,0
23409,31,SDHD,0.29000000000000004,0.1686835,0
23410,31,PABPC1,-0.8500000000000001,-0.2025102,0
23411,31,POLD1,-0.2799999999999999,-0.0691017,0
23412,31,CALR,0.019999999999999997,0.0257495,0
23413,31,PIK3CB,0.46,0.42481620000000003,0
23414,31,PPM1D,0.2,0.15590529999999997,0
23415,31,ATRX,0.8700000000000004,0.7248392,0
23416,31,DGCR8,0.16,0.10456670000000001,0
23417,31,DDX10,0.12,0.0792738,0
23418,31,DROSHA,0.42000000000000004,0.30448830000000005,0
23419,31,TNFRSF14,-0.15,-0.0543105,0
23420,31,BCL9L,0.14,0.10274660000000001,0
23421,31,QKI,-0.03,-0.0195317,0
23422,31,BAZ1A,0.02,0.0147386,0
23423,31,CHD4,0.14,0.14381149999999998,0
23424,31,NSD3,0.06000000000000001,0.06265209999999999,0
23425,31,NT5C2,0.16,0.08885099999999999,0
23426,31,CCNB1IP1,0.11000000000000001,0.0490036,0
23427,31,PCBP1,-0.8500000000000001,-0.2610602,0
23428,31,RALGDS,0.10999999999999999,0.0867655,0
23429,31,ARHGEF12,-0.030000000000000006,0.0016198999999999988,0
23430,31,HSP90AB1,1.0800000000000003,0.7318753000000001,0
23431,31,FOXO3,1.3100000000000007,0.9265542999999998,0
23432,31,HIP1,-0.01,-0.0066803,0
23433,31,CDC73,-0.13,0.0026513000000000023,0
23434,31,NIN,0.019999999999999997,0.0165017,0
23435,31,MDM4,0.15,0.18757379999999998,0
23436,31,COL3A1,0.15,0.1321585,0
23437,31,CTNND1,0.09,0.1262735,0
23438,31,SPOP,0.0,0.031422900000000004,0
23439,31,TMEM127,0.02000000000000001,0.04062920000000001,0
23440,31,CREB3L2,0.11,0.0688428,0
23441,31,MSH2,0.9600000000000004,0.7142536,0
23442,31,FNBP1,-0.019999999999999997,-0.002183299999999999,0
23443,31,ATF1,0.039999999999999994,0.029053999999999996,0
23444,31,EIF1AX,-0.52,-0.2274028,0
23445,31,PMS1,0.46,0.3572312000000001,0
23446,31,DEK,0.16000000000000003,0.13283789999999998,0
23447,31,ERBB2,1.1100000000000003,0.7372027999999999,0
23448,31,AKT1,0.8700000000000002,0.5656952999999998,0
23449,31,CHEK2,0.41000000000000003,0.4040565,0
23450,31,SDHB,0.4,0.2578381,0
23451,31,NCOA1,0.39999999999999997,0.29077569999999997,0
23452,31,CHIC2,0.049999999999999996,0.027138600000000006,0
23453,31,RUNX1,0.5300000000000004,0.7040333000000001,0
23454,31,STAT6,0.28,0.20332579999999997,0
23455,31,FH,-0.21000000000000002,-0.05772150000000001,0
23456,31,AKT3,1.1100000000000005,0.7733743000000002,0
23457,31,GNAS,0.22000000000000003,0.16285529999999998,0
23458,31,CTNNB1,1.2900000000000007,0.8937708000000002,0
23459,31,NONO,0.14,0.099752,0
23460,31,SMARCB1,0.9300000000000004,0.7213721,0
23461,31,PRKAR1A,0.16,0.1326122,0
23462,31,ITGAV,-1.0408340855860843e-17,0.022328199999999996,0
23463,31,SS18,0.41,0.2772377,0
23464,31,MAP2K1,1.0300000000000005,0.6458541999999999,0
23465,31,SIRPA,-0.009999999999999998,-0.0036717999999999994,0
23466,31,PPFIBP1,0.38999999999999996,0.2642405,0
23467,31,RPL22,-0.21,0.08261850000000003,0
23468,31,CYLD,0.3,0.23937030000000004,0
23469,31,ARID1B,0.69,0.5072424,0
23470,31,SETDB1,0.34,0.246224,0
23471,31,AFDN,-0.42000000000000004,-0.15486690000000003,0
23472,31,ZRSR2,0.24999999999999997,0.1788489,0
23473,31,PBRM1,0.9600000000000004,0.7050103000000002,0
23474,31,XPC,0.5900000000000001,0.4013448,0
23475,31,ASXL2,0.22,0.1509014,0
23476,31,TRIM24,-0.17,-0.055193599999999995,0
23477,31,SFPQ,-0.10999999999999999,-0.005926999999999998,0
23478,31,NCOA2,0.5300000000000001,0.3764949,0
23479,31,FOXO4,0.38,0.2456312,0
23480,31,LEF1,0.14999999999999997,0.1262632,0
23481,31,B2M,-0.64,-0.23433439999999997,0
23482,31,DDIT3,-0.37,-0.1021074,0
23483,31,BCL6,0.59,0.41480570000000005,0
23484,31,KRAS,-1.7900000000000003,-0.4762580999999999,0
23485,31,FAT1,0.060000000000000005,0.0578616,0
23486,31,ABL2,0.10000000000000002,0.0728117,0
23487,31,NF1,0.8500000000000003,0.6959247000000001,0
23488,31,BTG1,-0.03,-0.0147228,0
23489,31,EIF4A2,0.14,0.1020999,0
23490,31,SET,0.16,0.1387791,0
23491,31,EPS15,0.03,0.031303300000000006,0
23492,31,RNF213,0.04,0.0343156,0
23493,31,CTCF,0.9300000000000004,0.6777509999999999,0
23494,31,WDCP,0.11000000000000001,0.0771156,0
23495,31,KAT7,0.11,0.08681230000000001,0
23496,31,KDM5C,0.17,0.1646441,0
23497,31,TGFBR2,0.21000000000000002,0.16085330000000003,0
23498,31,ATM,1.4100000000000008,1.1257383,0
23499,31,NUMA1,0.010000000000000002,0.016488,0
23500,31,STAT3,1.4800000000000009,1.1885678000000002,0
23501,31,SUB1,-0.22999999999999998,-0.08044979999999999,0
23502,31,NUP98,0.11,0.12144369999999999,0
23503,31,ELL,0.019999999999999997,0.023164000000000014,0
23504,31,MAP3K1,0.33999999999999997,0.2771474,0
23505,31,MALT1,0.16999999999999998,0.15800119999999998,0
23506,31,XPO1,0.3400000000000001,0.27088129999999994,0
23507,31,SETD1B,0.18,0.13328609999999996,0
23508,31,ETV6,-0.11,-0.028502,0
23509,31,TBL1XR1,0.22999999999999998,0.1560871,0
23510,31,NUP214,-0.02000000000000001,0.11809049999999999,0
23511,31,TPR,0.07,0.08882949999999998,0
23512,31,ATIC,-0.019999999999999997,0.0334366,0
23513,31,NACA,0.22000000000000003,0.1403085,0
23514,31,MYO5A,0.009999999999999998,0.008831699999999998,0
23515,31,SMC1A,0.5500000000000002,0.4842547,0
23516,31,LASP1,-0.24,-0.13031890000000002,0
23517,31,ERCC5,0.41000000000000003,0.2747284,0
23518,31,JUN,-0.14,0.08447959999999999,0
23519,31,THRAP3,0.09,0.07352330000000001,0
23520,31,STAG2,0.41999999999999993,0.36124540000000005,0
23521,31,RAF1,1.0400000000000003,0.7558729999999999,0
23522,31,ERCC3,0.5,0.4264707,0
23523,31,SMAD2,0.53,0.5209132000000001,0
23524,31,TAF15,0.17,0.1403918,0
23525,31,ARNT,0.27,0.23027850000000008,0
23526,31,CLTC,-0.6600000000000001,-0.34792799999999996,0
23527,31,IKBKB,0.5400000000000003,0.4760131999999999,0
23528,31,IDH1,-0.6800000000000002,-0.20986910000000003,0
23529,31,SND1,-0.009999999999999997,-0.003538800000000001,0
23530,31,KNSTRN,0.03,0.0254589,0
23531,31,RHOA,-1.7600000000000005,-0.4659440999999999,0
23532,31,PALB2,0.6100000000000001,0.5246977,0
23533,31,ARID2,0.7500000000000002,0.5612896,0
23534,31,EZR,-0.14,-0.028498500000000013,0
23535,31,TP53,-1.3699999999999997,-0.2509212000000001,0
23536,31,ARAF,0.39,0.2212218,0
23537,31,KIF5B,0.4499999999999999,0.325206,0
23538,31,KAT6A,0.15999999999999998,0.16945850000000004,0
23539,31,KTN1,-0.11,-0.037696,0
23540,31,GOLGA5,-0.12000000000000001,-0.0827613,0
23541,31,KDM5A,0.24,0.2191794,0
23542,31,RAD21,0.47000000000000003,0.3795628,0
23543,31,GNAQ,0.13000000000000003,0.10105220000000001,0
23544,31,CAMTA1,0.04,0.0262106,0
23545,31,ERCC2,0.62,0.4536242,0
23546,31,EZH2,1.960000000000001,1.3029328,0
23547,31,TOP1,0.21,0.15701869999999998,0
23548,31,SRSF3,-0.21000000000000005,-0.04511430000000001,0
23549,31,NPM1,0.06000000000000001,0.18581229999999999,0
23550,31,BAX,-0.61,-0.16488760000000002,0
23551,31,NOTCH2,0.26,0.2066829,0
23552,31,TRAF7,0.03,0.023317799999999996,0
23553,31,KDM6A,0.9700000000000003,0.8459584999999998,0
23554,31,SPEN,0.09999999999999999,0.07703529999999999,0
23555,31,TRIM27,-0.53,-0.16705979999999998,0
23556,31,CRTC1,0.14,0.1082065,0
23557,31,EML4,0.32,0.24994080000000007,0
23558,31,USP9X,-0.05,-0.0335003,0
23559,31,PTPRK,0.01,0.0068821,0
23560,31,CD74,-0.13,0.00925079999999999,0
23561,31,CBL,0.6500000000000001,0.4851586999999999,0
23562,31,ZNF384,-0.06,-0.033479999999999996,0
23563,31,NOTCH1,1.0500000000000005,0.7987806999999998,0
23564,31,COX6C,-0.14,-0.0552414,0
23565,31,CHCHD7,0.03,0.021007199999999997,0
23566,31,HMGA1,-0.11,-0.052086099999999996,0
23567,31,PTEN,1.230000000000001,1.1280532,0
23568,31,FIP1L1,-0.010000000000000009,-0.0100354,0
23569,31,JAK1,0.7800000000000002,0.6203246,0
23570,31,ZMYM2,-0.07,-0.048777299999999996,0
23571,31,SUZ12,0.8000000000000003,0.5671629,0
23572,31,FUS,-0.14,0.12066309999999998,0
23573,31,BAP1,0.03999999999999999,0.0528537,0
23574,31,ZCCHC8,-0.06,-0.0199698,0
23575,31,CRNKL1,-0.009999999999999998,-0.005278099999999999,0
23576,31,RAD17,0.15,0.1068281,0
23577,31,ATP1A1,0.010000000000000002,0.009423700000000002,0
23578,31,DNMT3A,0.9200000000000006,0.7235806,0
23579,31,FBXW7,0.9300000000000003,0.7509141999999998,0
23580,31,WWTR1,-0.09000000000000001,-0.047480699999999994,0
23581,31,CDKN1B,0.5399999999999999,0.3518394,0
23582,31,KMT2A,0.5000000000000001,0.43211189999999994,0
23583,31,PTPN11,0.8400000000000005,0.6736122,0
23584,31,STAT5B,0.7400000000000002,0.5545274,0
23585,31,CUX1,-0.060000000000000005,-0.042504400000000005,0
23586,31,ABI1,-0.31,-0.120138,0
23587,31,BRCA1,1.8500000000000012,1.4736078000000008,0
23588,31,SH2B3,0.05,0.0362829,0
23589,31,AFF4,0.07999999999999999,0.0629474,0
23590,31,NF2,-0.030000000000000006,0.0465868,0
23591,31,LMNA,8.673617379884035e-18,0.021730099999999995,0
23592,31,TSC2,0.48,0.4134746,0
23593,31,GOLPH3,-0.09,-0.0548298,0
23594,31,PCM1,-0.060000000000000005,-0.041858000000000006,0
23595,31,PPP2R1A,-0.41,-0.14697479999999996,0
23596,31,ARID1A,1.8000000000000012,1.3368491000000002,0
23597,31,ABL1,0.3500000000000001,0.2637324,0
23598,31,AFF1,0.14,0.1255734,0
23599,31,DAXX,-0.52,-0.13519460000000003,0
23600,31,CBFB,0.12999999999999998,0.1085204,0
23601,31,CBLB,0.14,0.1093766,0
23602,31,POLR2A,0.11000000000000001,0.2325055,0
23603,31,PRKACA,0.29000000000000004,0.24123640000000002,0
23604,31,DNM2,-0.14,-0.058578000000000005,0
23605,31,RAP1GDS1,-0.049999999999999996,-0.024339200000000002,0
23606,31,NCOR1,0.9100000000000003,0.8010548999999998,0
23607,31,NFKBIE,-0.28,-0.09995230000000002,0
23608,31,DDX3X,0.14,0.13051739999999998,0
23609,31,ELK4,0.02,0.0156302,0
23610,31,MLLT6,0.12000000000000001,0.09448500000000001,0
23611,31,SRSF2,-1.61,-0.45081370000000004,0
23612,31,CTNNA1,0.11,0.0846789,0
23613,31,RBM10,0.18,0.1281478,0
23614,31,PTPRC,0.12,0.1251476,0
23615,31,HSP90AA1,1.0900000000000005,0.7120972,0
23616,32,NSD1,0.26,0.22507309999999997,1
23617,32,DICER1,0.21000000000000005,0.24038169999999998,1
23618,32,BIRC6,0.09,0.0929875,1
23619,32,SDHC,0.39,0.2882163,1
23620,32,TFG,0.13999999999999999,0.0985875,1
23621,32,MAP2K2,0.27,0.1811438,1
23622,32,TFRC,-0.26000000000000006,-0.10501080000000002,1
23623,32,CREB1,0.9400000000000005,0.7409260999999998,1
23624,32,POLG,-0.02,-0.0056984,1
23625,32,SETD2,0.5600000000000003,0.5143965,1
23626,32,NAB2,-0.43,-0.1390664,1
23627,32,HIF1A,1.670000000000001,1.2529560000000004,1
23628,32,FLCN,-0.06,0.0009528999999999996,1
23629,32,MAP2K4,0.14,0.14985369999999998,1
23630,32,CNOT3,0.0,0.013794700000000002,1
23631,32,CIITA,0.060000000000000005,0.0326426,1
23632,32,LSM14A,0.11,0.09041189999999999,1
23633,32,AKAP9,-0.08,-0.0021527000000000004,1
23634,32,MSN,-0.12999999999999998,-0.0211374,1
23635,32,BCR,-0.07,0.0355154,1
23636,32,TRRAP,0.05999999999999997,0.15711570000000002,1
23637,32,PPP6C,-0.18,-0.0765502,1
23638,32,NCOA4,-0.15999999999999998,-0.082621,1
23639,32,BCL9,0.16,0.13184189999999998,1
23640,32,PRCC,0.09,0.0635681,1
23641,32,LARP4B,0.02,0.013956200000000002,1
23642,32,CHD2,0.02,0.017585,1
23643,32,ASXL1,0.48000000000000015,0.4347502000000001,1
23644,32,SMARCA4,1.710000000000001,1.291758,1
23645,32,ERC1,-0.03,-0.0207381,1
23646,32,DCTN1,-0.030000000000000002,0.01384239999999999,1
23647,32,PIK3R1,1.4700000000000009,1.1273348999999997,1
23648,32,EED,0.15,0.11957440000000004,1
23649,32,CNBP,0.01,0.0058353,1
23650,32,SGK1,0.41000000000000003,0.26622670000000004,1
23651,32,MLLT10,-0.15000000000000002,-0.0686151,1
23652,32,BRD4,0.9100000000000004,0.7675744000000002,1
23653,32,RANBP2,0.18000000000000002,0.198188,1
23654,32,FBXO11,0.06,0.046896099999999996,1
23655,32,PML,0.29000000000000004,0.2183724,1
23656,32,AKT2,0.9500000000000002,0.6729343,1
23657,32,CEP89,0.05,0.028380100000000002,1
23658,32,LZTR1,0.09999999999999999,0.0983336,1
23659,32,YWHAE,0.24000000000000005,0.1511437,1
23660,32,DNAJB1,-0.030000000000000002,-0.008226,1
23661,32,PRDM2,0.05,0.0396545,1
23662,32,TPM4,0.53,0.36476210000000003,1
23663,32,CREBBP,1.800000000000001,1.4644801999999997,1
23664,32,PMS2,0.79,0.6681823000000001,1
23665,32,DDR2,3.469446951953614e-18,-0.0011834000000000011,1
23666,32,FANCA,0.4,0.3339724,1
23667,32,PDE4DIP,0.08,0.061865199999999995,1
23668,32,USP8,-0.06,-0.03533410000000001,1
23669,32,MYH9,-0.46,-0.13042430000000002,1
23670,32,MYC,-1.4300000000000004,-0.3173735000000001,1
23671,32,NBN,0.6000000000000001,0.47808059999999997,1
23672,32,CCND3,-0.07,0.008982299999999992,1
23673,32,TRIP11,-0.12000000000000001,-0.0859461,1
23674,32,CNTRL,-0.1,-0.07203989999999999,1
23675,32,PIK3CA,1.290000000000001,1.0698607000000002,1
23676,32,DDX5,0.39,0.3340119000000001,1
23677,32,PICALM,-0.009999999999999998,-0.0033153000000000037,1
23678,32,RARA,0.01999999999999999,0.11007779999999999,1
23679,32,DDX6,0.019999999999999997,0.08304220000000001,1
23680,32,COL1A1,0.17999999999999997,0.1645389,1
23681,32,VHL,0.22000000000000003,0.1643712,1
23682,32,MAPK1,1.530000000000001,1.0582921,1
23683,32,SRC,0.16,0.30504190000000003,1
23684,32,NFE2L2,0.30000000000000004,0.22006079999999997,1
23685,32,MITF,-0.13,-0.017649299999999993,1
23686,32,SMAD3,1.300000000000001,1.1204723,1
23687,32,RBM15,0.08,0.0658962,1
23688,32,ATR,0.7000000000000002,0.570098,1
23689,32,EPAS1,0.35,0.3512403,1
23690,32,TPM3,0.2700000000000001,0.2149472,1
23691,32,RPL10,0.11000000000000001,0.11917540000000001,1
23692,32,STAG1,0.08000000000000002,0.11250530000000002,1
23693,32,SBDS,-0.03,-0.0115153,1
23694,32,KMT2D,0.9500000000000004,0.7477780000000002,1
23695,32,MED12,0.30000000000000004,0.2640882,1
23696,32,BCLAF1,-0.05,0.0124354,1
23697,32,ASPSCR1,-0.04,-0.012526599999999999,1
23698,32,CDK12,0.43999999999999995,0.33203130000000003,1
23699,32,EWSR1,0.29999999999999993,0.2812653,1
23700,32,NDRG1,-0.009999999999999998,0.005619400000000002,1
23701,32,PSIP1,-0.03,-0.005728000000000004,1
23702,32,TRIM33,0.07,0.0660206,1
23703,32,MTOR,1.0800000000000005,0.8613246000000001,1
23704,32,ARHGAP35,0.20000000000000004,0.1622025,1
23705,32,POT1,1.734723475976807e-18,0.008151300000000004,1
23706,32,EXT1,0.11,0.0853336,1
23707,32,IL6ST,0.3,0.24735020000000002,1
23708,32,IDH2,0.029999999999999992,0.076667,1
23709,32,SMARCE1,0.49,0.3449483,1
23710,32,CRTC3,0.08,0.0635209,1
23711,32,TSC1,0.3,0.289567,1
23712,32,BCOR,-0.11999999999999997,0.0014968000000000065,1
23713,32,SDHA,0.19999999999999998,0.15937569999999995,1
23714,32,EP300,2.080000000000001,1.7048122999999997,1
23715,32,HNRNPA2B1,0.54,0.3914930999999999,1
23716,32,CLIP1,-0.17,-0.09471679999999999,1
23717,32,PATZ1,-0.56,-0.1453514,1
23718,32,FUBP1,-0.08,0.018968699999999998,1
23719,32,HLA-A,-0.10000000000000002,-0.0015966999999999926,1
23720,32,CCNC,-0.26,-0.1072928,1
23721,32,RPN1,-0.18,-0.06808230000000001,1
23722,32,TCF7L2,0.010000000000000014,0.06158900000000002,1
23723,32,CANT1,0.03,0.026887800000000003,1
23724,32,RPL5,-0.6100000000000001,-0.1652706,1
23725,32,CCDC6,0.07,0.0854723,1
23726,32,NCKIPSD,-0.05,-0.0194982,1
23727,32,SMARCD1,0.4,0.3343075,1
23728,32,BCL10,0.06999999999999999,0.07751519999999999,1
23729,32,MAX,0.05000000000000001,0.0693378,1
23730,32,HERPUD1,-0.03,-0.0076227,1
23731,32,RAC1,-0.14000000000000007,0.05125339999999999,1
23732,32,FLNA,1.0408340855860843e-17,0.04095810000000001,1
23733,32,TFE3,-0.61,-0.2491302,1
23734,32,NCOR2,0.6100000000000001,0.5227801,1
23735,32,PRPF40B,0.04,0.0248892,1
23736,32,BCL3,-0.2,-0.0453976,1
23737,32,TFPT,-0.30000000000000004,-0.109455,1
23738,32,MLH1,0.91,0.7696497000000001,1
23739,32,ARHGAP5,0.16,0.1334112,1
23740,32,CIC,0.0,0.0,1
23741,32,LYN,0.8400000000000002,0.6131995000000001,1
23742,32,TCF12,0.26,0.20334370000000002,1
23743,32,KLF6,0.05,0.0345848,1
23744,32,KMT2C,0.9600000000000002,0.7762308,1
23745,32,PIM1,-0.08000000000000002,0.00018160000000000398,1
23746,32,CCND1,1.2500000000000007,0.7726466000000002,1
23747,32,MLLT1,-1.1400000000000003,-0.3318822,1
23748,32,MEN1,-0.18,-0.056410499999999995,1
23749,32,CUL3,0.07,0.11757109999999998,1
23750,32,RB1,0.69,0.5112474,1
23751,32,LPP,-0.09,-0.03211889999999999,1
23752,32,BUB1B,-0.13999999999999999,-0.0470863,1
23753,32,SMAD4,1.530000000000001,1.2298474000000001,1
23754,32,FGFR1,0.22999999999999995,0.2056559,1
23755,32,TMSB4X,0.03,0.0222387,1
23756,32,CDK4,0.9900000000000004,0.6904542,1
23757,32,MSI2,0.01,0.0073290000000000004,1
23758,32,MSH6,0.9900000000000004,0.8220489999999998,1
23759,32,BRAF,1.1700000000000004,1.0135782000000002,1
23760,32,TCEA1,-0.09000000000000002,-0.005691500000000004,1
23761,32,TNFAIP3,0.15000000000000002,0.13894410000000001,1
23762,32,RABEP1,-0.03,-0.0196284,1
23763,32,GMPS,-0.1,-0.0500847,1
23764,32,MDM2,1.2100000000000006,0.8885816999999998,1
23765,32,NSD2,0.19,0.1355492,1
23766,32,CASP8,-0.06000000000000003,0.12740659999999998,1
23767,32,PER1,-0.24,-0.0702922,1
23768,32,UBR5,0.019999999999999997,0.03726779999999999,1
23769,32,EIF3E,-0.07999999999999999,0.0331584,1
23770,32,RFWD3,0.020000000000000004,0.026985900000000004,1
23771,32,BRD3,0.13,0.09668100000000002,1
23772,32,PAFAH1B2,0.03,0.026088899999999998,1
23773,32,EXT2,0.020000000000000004,0.022458699999999998,1
23774,32,PLCG1,0.5599999999999999,0.41529320000000003,1
23775,32,SF3B1,-0.5,-0.22709930000000003,1
23776,32,ARHGEF10L,0.04,0.024996800000000003,1
23777,32,NFATC2,0.21,0.16092470000000003,1
23778,32,SDHD,0.28,0.2198389,1
23779,32,PABPC1,-0.74,-0.19681980000000002,1
23780,32,POLD1,-0.2,-0.03197890000000002,1
23781,32,CALR,0.039999999999999994,0.0733917,1
23782,32,PIK3CB,0.7000000000000002,0.5549473,1
23783,32,PPM1D,0.24,0.17718720000000002,1
23784,32,ATRX,0.9100000000000004,0.7575805000000002,1
23785,32,DGCR8,0.15,0.11461159999999998,1
23786,32,DDX10,0.13,0.1001083,1
23787,32,DROSHA,0.47000000000000003,0.3634578,1
23788,32,TNFRSF14,-0.23,-0.0677128,1
23789,32,BCL9L,0.13,0.09666269999999999,1
23790,32,QKI,-0.019999999999999997,-0.0117041,1
23791,32,BAZ1A,0.01,0.0071921,1
23792,32,CHD4,0.33999999999999997,0.2826069,1
23793,32,NSD3,0.1,0.10158539999999999,1
23794,32,NT5C2,0.13,0.0795369,1
23795,32,CCNB1IP1,0.11000000000000001,0.05071780000000001,1
23796,32,PCBP1,-0.7299999999999998,-0.21835390000000002,1
23797,32,RALGDS,-0.04000000000000002,0.0521924,1
23798,32,ARHGEF12,0.020000000000000004,0.028218000000000007,1
23799,32,HSP90AB1,0.9400000000000002,0.6841180999999998,1
23800,32,FOXO3,1.3700000000000006,0.9777264000000001,1
23801,32,HIP1,-0.019999999999999997,-0.011042200000000002,1
23802,32,CDC73,0.11,0.0997844,1
23803,32,NIN,-0.030000000000000002,-0.019676200000000005,1
23804,32,MDM4,0.1,0.1457668,1
23805,32,COL3A1,0.22,0.181057,1
23806,32,CTNND1,0.19,0.1656546,1
23807,32,SPOP,0.060000000000000005,0.0815464,1
23808,32,TMEM127,0.08000000000000002,0.0436167,1
23809,32,CREB3L2,0.09,0.0595498,1
23810,32,MSH2,0.9800000000000004,0.8205916,1
23811,32,FNBP1,-3.469446951953614e-18,0.0158648,1
23812,32,ATF1,0.09000000000000001,0.0629519,1
23813,32,EIF1AX,-0.4000000000000001,-0.1737186,1
23814,32,PMS1,0.6000000000000001,0.47048080000000003,1
23815,32,DEK,0.08000000000000002,0.10151770000000002,1
23816,32,ERBB2,0.9500000000000004,0.6340047000000001,1
23817,32,AKT1,0.79,0.5783995999999997,1
23818,32,CHEK2,0.4900000000000001,0.5757011999999999,1
23819,32,SDHB,0.37,0.2726749,1
23820,32,NCOA1,0.35000000000000003,0.2797727,1
23821,32,CHIC2,0.08,0.05286,1
23822,32,RUNX1,0.16000000000000011,0.5893475000000001,1
23823,32,STAT6,0.4,0.3420599000000001,1
23824,32,FH,-0.06999999999999999,-0.009494399999999993,1
23825,32,AKT3,1.1400000000000006,0.7933023,1
23826,32,GNAS,0.32000000000000006,0.21273169999999997,1
23827,32,CTNNB1,1.4200000000000008,1.0139195,1
23828,32,NONO,0.33000000000000007,0.2811552,1
23829,32,SMARCB1,0.9300000000000004,0.6919186999999999,1
23830,32,PRKAR1A,0.14,0.13976000000000002,1
23831,32,ITGAV,-0.029999999999999985,0.017120600000000003,1
23832,32,SS18,0.39,0.26428389999999996,1
23833,32,MAP2K1,0.9900000000000004,0.6660809,1
23834,32,SIRPA,-0.07,-0.014757399999999999,1
23835,32,PPFIBP1,0.39,0.2790173,1
23836,32,RPL22,-0.20000000000000004,0.0876932,1
23837,32,CYLD,0.3,0.24607980000000004,1
23838,32,ARID1B,0.76,0.5755075,1
23839,32,SETDB1,0.32,0.23733130000000002,1
23840,32,AFDN,-0.32999999999999996,-0.1268447,1
23841,32,ZRSR2,0.039999999999999994,0.04252470000000003,1
23842,32,PBRM1,0.8500000000000003,0.6189173,1
23843,32,XPC,0.5700000000000001,0.3878799,1
23844,32,ASXL2,0.26,0.1824502,1
23845,32,TRIM24,-0.15000000000000002,-0.0432835,1
23846,32,SFPQ,-0.19000000000000003,0.009323199999999997,1
23847,32,NCOA2,0.5700000000000001,0.4615413,1
23848,32,FOXO4,0.35,0.2329124,1
23849,32,LEF1,0.15,0.13745049999999998,1
23850,32,B2M,-0.41000000000000003,-0.17488360000000003,1
23851,32,DDIT3,-0.33999999999999997,-0.11635870000000001,1
23852,32,BCL6,0.41000000000000014,0.32575049999999994,1
23853,32,KRAS,-0.019999999999999987,0.1425944,1
23854,32,FAT1,0.11,0.0790923,1
23855,32,ABL2,0.009999999999999997,0.0287028,1
23856,32,NF1,1.2000000000000006,0.9465363999999999,1
23857,32,BTG1,-0.03,-0.0151359,1
23858,32,EIF4A2,0.030000000000000002,0.0218053,1
23859,32,SET,0.13,0.11207420000000001,1
23860,32,EPS15,0.05,0.046279600000000004,1
23861,32,RNF213,0.05,0.0432638,1
23862,32,CTCF,0.8700000000000002,0.6047524,1
23863,32,WDCP,0.16999999999999998,0.1051572,1
23864,32,KAT7,0.13000000000000003,0.1079526,1
23865,32,KDM5C,0.2,0.1847959,1
23866,32,TGFBR2,0.18000000000000002,0.1960569,1
23867,32,ATM,0.8500000000000005,0.8813410000000003,1
23868,32,NUMA1,-0.020000000000000004,-0.0016564999999999983,1
23869,32,STAT3,1.0500000000000005,0.9851186999999999,1
23870,32,SUB1,-0.12000000000000001,-0.053799700000000006,1
23871,32,NUP98,0.11000000000000004,0.14253950000000007,1
23872,32,ELL,0.18,0.0962309,1
23873,32,MAP3K1,0.52,0.3787315,1
23874,32,MALT1,0.19999999999999998,0.18834420000000002,1
23875,32,XPO1,0.47000000000000003,0.37631700000000007,1
23876,32,SETD1B,0.19,0.1511321,1
23877,32,ETV6,-0.04,0.021233200000000004,1
23878,32,TBL1XR1,0.19000000000000003,0.1292288,1
23879,32,NUP214,0.01999999999999999,0.1375404,1
23880,32,TPR,0.10999999999999999,0.0815043,1
23881,32,ATIC,0.12,0.11905299999999999,1
23882,32,NACA,0.22,0.1308046,1
23883,32,MYO5A,-0.01,-0.005893400000000002,1
23884,32,SMC1A,0.43,0.43861449999999996,1
23885,32,LASP1,-0.27,-0.1335915,1
23886,32,ERCC5,0.36000000000000004,0.22279929999999998,1
23887,32,JUN,-0.41999999999999993,0.013975399999999983,1
23888,32,THRAP3,3.469446951953614e-18,0.00781549999999999,1
23889,32,STAG2,0.44,0.3539152,1
23890,32,RAF1,0.8200000000000003,0.6467057,1
23891,32,ERCC3,0.58,0.4865032,1
23892,32,SMAD2,0.48000000000000026,0.49502140000000006,1
23893,32,TAF15,0.19000000000000003,0.15660339999999998,1
23894,32,ARNT,0.21,0.18413980000000002,1
23895,32,CLTC,-0.79,-0.404211,1
23896,32,IKBKB,0.47000000000000014,0.3879234000000001,1
23897,32,IDH1,-0.6100000000000001,-0.1905173,1
23898,32,SND1,-0.01,0.0037961999999999987,1
23899,32,KNSTRN,0.02,0.014499,1
23900,32,RHOA,-2.4800000000000004,-0.6657084000000001,1
23901,32,PALB2,0.68,0.5732828,1
23902,32,ARID2,0.7800000000000002,0.5959203000000001,1
23903,32,EZR,-0.08,-0.0058673000000000084,1
23904,32,TP53,-0.5899999999999996,0.09603289999999998,1
23905,32,ARAF,0.35000000000000003,0.20269729999999997,1
23906,32,KIF5B,0.39,0.2929480000000001,1
23907,32,KAT6A,0.22999999999999998,0.22227570000000002,1
23908,32,KTN1,-0.04000000000000001,-0.005685700000000005,1
23909,32,GOLGA5,-0.11,-0.06756420000000002,1
23910,32,KDM5A,0.25,0.2342779,1
23911,32,RAD21,0.52,0.42402470000000003,1
23912,32,GNAQ,0.26000000000000006,0.2058036,1
23913,32,CAMTA1,0.06,0.0453384,1
23914,32,ERCC2,0.67,0.5076874,1
23915,32,EZH2,1.7100000000000013,1.2550746000000002,1
23916,32,TOP1,0.27,0.222905,1
23917,32,SRSF3,-0.15000000000000002,0.006521000000000013,1
23918,32,NPM1,-0.22999999999999998,-0.029378900000000055,1
23919,32,BAX,-0.56,-0.15547170000000002,1
23920,32,NOTCH2,0.28,0.23002620000000004,1
23921,32,TRAF7,0.02,0.0141314,1
23922,32,KDM6A,0.8200000000000003,0.8102378999999998,1
23923,32,SPEN,0.11000000000000001,0.0841165,1
23924,32,TRIM27,-0.4,-0.14032290000000003,1
23925,32,CRTC1,0.15000000000000002,0.11566470000000001,1
23926,32,EML4,0.21,0.20460569999999997,1
23927,32,USP9X,-0.11,-0.0810408,1
23928,32,PTPRK,-0.01,-0.0059499999999999996,1
23929,32,CD74,-0.14,-0.010356799999999985,1
23930,32,CBL,0.6100000000000001,0.4955304,1
23931,32,ZNF384,0.01,0.009003400000000002,1
23932,32,NOTCH1,1.2400000000000007,0.9349886999999999,1
23933,32,COX6C,-0.12,-0.048979199999999994,1
23934,32,CHCHD7,0.03,0.0200073,1
23935,32,HMGA1,-0.09000000000000001,-0.03751460000000001,1
23936,32,PTEN,1.600000000000001,1.3178194000000008,1
23937,32,FIP1L1,-0.05,-0.02113240000000001,1
23938,32,JAK1,0.8300000000000003,0.6725926,1
23939,32,ZMYM2,-0.03,-0.019921700000000004,1
23940,32,SUZ12,0.7500000000000002,0.5684314,1
23941,32,FUS,-0.25000000000000006,0.10201609999999994,1
23942,32,BAP1,-0.36000000000000004,-0.14934480000000003,1
23943,32,ZCCHC8,-0.1,-0.026278000000000003,1
23944,32,CRNKL1,-0.019999999999999997,-0.014244700000000002,1
23945,32,RAD17,0.16,0.11464489999999998,1
23946,32,ATP1A1,0.019999999999999997,0.0115232,1
23947,32,DNMT3A,1.0400000000000005,0.8231458999999999,1
23948,32,FBXW7,0.9500000000000004,0.8087490999999999,1
23949,32,WWTR1,-0.24,-0.11250219999999997,1
23950,32,CDKN1B,0.39000000000000007,0.2732442,1
23951,32,KMT2A,0.39000000000000007,0.38026329999999997,1
23952,32,PTPN11,0.9200000000000004,0.7685564,1
23953,32,STAT5B,0.6200000000000001,0.5127348,1
23954,32,CUX1,-0.12,-0.0805926,1
23955,32,ABI1,-0.24000000000000002,-0.0738104,1
23956,32,BRCA1,1.750000000000001,1.3997242999999995,1
23957,32,SH2B3,0.07,0.044364400000000005,1
23958,32,AFF4,-0.09000000000000002,-0.018612900000000005,1
23959,32,NF2,0.16,0.1397306,1
23960,32,LMNA,0.020000000000000004,0.02654010000000001,1
23961,32,TSC2,0.8200000000000003,0.6423938000000001,1
23962,32,GOLPH3,-0.05,-0.032990000000000005,1
23963,32,PCM1,-0.07,-0.0521829,1
23964,32,PPP2R1A,-0.5399999999999999,-0.16256120000000004,1
23965,32,ARID1A,1.720000000000001,1.3258071000000005,1
23966,32,ABL1,-0.08999999999999991,0.07650799999999999,1
23967,32,AFF1,0.15000000000000002,0.13256,1
23968,32,DAXX,-0.43999999999999995,-0.11769669999999999,1
23969,32,CBFB,0.06999999999999999,0.0910628,1
23970,32,CBLB,0.15000000000000002,0.12677520000000003,1
23971,32,POLR2A,-0.22,0.06682649999999998,1
23972,32,PRKACA,0.19000000000000006,0.221847,1
23973,32,DNM2,-0.13,-0.06213099999999999,1
23974,32,RAP1GDS1,0.009999999999999995,0.026470999999999995,1
23975,32,NCOR1,0.8900000000000002,0.8524235,1
23976,32,NFKBIE,-0.32,-0.11462989999999999,1
23977,32,DDX3X,0.25,0.2306616,1
23978,32,ELK4,0.02,0.0158556,1
23979,32,MLLT6,0.08,0.0616062,1
23980,32,SRSF2,-2.1600000000000006,-0.5938302999999999,1
23981,32,CTNNA1,0.09999999999999999,0.0788906,1
23982,32,RBM10,0.19,0.137629,1
23983,32,PTPRC,0.02000000000000001,0.1033706,1
23984,32,HSP90AA1,0.8500000000000003,0.6513401,1
23985,32,NSD1,0.27,0.2179521,0
23986,32,DICER1,0.24000000000000002,0.23467860000000004,0
23987,32,BIRC6,0.07,0.0605122,0
23988,32,SDHC,0.28,0.18758809999999998,0
23989,32,TFG,0.33,0.18575550000000002,0
23990,32,MAP2K2,0.25,0.19271560000000001,0
23991,32,TFRC,-0.26,-0.1290358,0
23992,32,CREB1,0.8000000000000004,0.6251567,0
23993,32,POLG,0.01,0.0037681,0
23994,32,SETD2,0.6900000000000002,0.5787392,0
23995,32,NAB2,-0.3,-0.1048344,0
23996,32,HIF1A,1.5500000000000007,1.1135758999999998,0
23997,32,FLCN,0.05,0.0422129,0
23998,32,MAP2K4,-0.08999999999999998,0.0486698,0
23999,32,CNOT3,0.010000000000000009,0.015107000000000006,0
24000,32,CIITA,0.1,0.0642914,0
24001,32,LSM14A,0.1,0.08457590000000001,0
24002,32,AKAP9,-0.1,-0.0364486,0
24003,32,MSN,-0.25,-0.060139399999999996,0
24004,32,BCR,0.05000000000000001,0.04943779999999999,0
24005,32,TRRAP,0.020000000000000028,0.1424599,0
24006,32,PPP6C,-0.15000000000000002,-0.0781016,0
24007,32,NCOA4,-0.12,-0.0626444,0
24008,32,BCL9,0.15,0.11238229999999999,0
24009,32,PRCC,0.060000000000000005,0.04286820000000001,0
24010,32,LARP4B,-0.01,-0.0051711,0
24011,32,CHD2,0.01,0.007649700000000001,0
24012,32,ASXL1,0.55,0.486535,0
24013,32,SMARCA4,1.260000000000001,0.9367679000000001,0
24014,32,ERC1,-0.01,-0.0072013,0
24015,32,DCTN1,-0.21000000000000002,-0.10211330000000002,0
24016,32,PIK3R1,1.3900000000000008,0.9999391000000001,0
24017,32,EED,0.16,0.12241869999999999,0
24018,32,CNBP,0.01,0.0051695000000000005,0
24019,32,SGK1,0.36,0.2125782,0
24020,32,MLLT10,-0.16999999999999998,-0.06385640000000001,0
24021,32,BRD4,0.9600000000000005,0.7244629000000001,0
24022,32,RANBP2,0.18,0.1854724000000001,0
24023,32,FBXO11,0.05,0.0387124,0
24024,32,PML,0.4700000000000001,0.3105566,0
24025,32,AKT2,1.0000000000000004,0.670452,0
24026,32,CEP89,0.06,0.0348956,0
24027,32,LZTR1,0.06,0.0741839,0
24028,32,YWHAE,0.33,0.2167001,0
24029,32,DNAJB1,-0.04000000000000001,-0.003365299999999998,0
24030,32,PRDM2,0.02,0.015366400000000002,0
24031,32,TPM4,0.4600000000000001,0.2870839,0
24032,32,CREBBP,1.8700000000000012,1.4970769999999998,0
24033,32,PMS2,0.6900000000000002,0.5824010000000001,0
24034,32,DDR2,0.04,0.026465899999999997,0
24035,32,FANCA,0.36000000000000004,0.2817625000000001,0
24036,32,PDE4DIP,0.05,0.033540400000000005,0
24037,32,USP8,-0.08,-0.040451,0
24038,32,MYH9,-0.31999999999999995,-0.06654950000000001,0
24039,32,MYC,-1.1400000000000001,-0.42380809999999985,0
24040,32,NBN,0.52,0.3921489,0
24041,32,CCND3,1.0408340855860843e-17,0.0299638,0
24042,32,TRIP11,-0.13,-0.089369,0
24043,32,CNTRL,-0.07,-0.047815100000000006,0
24044,32,PIK3CA,1.4900000000000009,1.0924167,0
24045,32,DDX5,0.31,0.2645711000000001,0
24046,32,PICALM,0.010000000000000002,0.011120800000000007,0
24047,32,RARA,0.51,0.3421968,0
24048,32,DDX6,-0.020000000000000007,0.0660591,0
24049,32,COL1A1,0.09999999999999999,0.116585,0
24050,32,VHL,0.24,0.1781047,0
24051,32,MAPK1,1.4700000000000006,0.9219685,0
24052,32,SRC,-0.7999999999999998,-0.06971799999999999,0
24053,32,NFE2L2,0.24999999999999997,0.1734642,0
24054,32,MITF,-0.38,-0.0543264,0
24055,32,SMAD3,1.2400000000000009,0.9524557999999999,0
24056,32,RBM15,0.05,0.048316399999999995,0
24057,32,ATR,0.6400000000000002,0.5194814,0
24058,32,EPAS1,0.42999999999999994,0.3782848,0
24059,32,TPM3,0.20999999999999996,0.15358760000000005,0
24060,32,RPL10,0.09,0.0918854,0
24061,32,STAG1,0.15000000000000002,0.1448727,0
24062,32,SBDS,-0.06,-0.0219798,0
24063,32,KMT2D,0.9600000000000003,0.7099020000000001,0
24064,32,MED12,0.28,0.2301801,0
24065,32,BCLAF1,-1.3877787807814457e-17,0.05306110000000001,0
24066,32,ASPSCR1,1.734723475976807e-18,0.009117799999999995,0
24067,32,CDK12,0.37,0.2709184,0
24068,32,EWSR1,0.42,0.345006,0
24069,32,NDRG1,-0.09999999999999999,-0.0361281,0
24070,32,PSIP1,-0.20000000000000004,-0.09966400000000002,0
24071,32,TRIM33,0.03,0.031129999999999998,0
24072,32,MTOR,1.2300000000000006,0.8888370999999997,0
24073,32,ARHGAP35,0.10000000000000002,0.12939280000000003,0
24074,32,POT1,-0.039999999999999994,-0.007369800000000001,0
24075,32,EXT1,0.11,0.0708356,0
24076,32,IL6ST,0.29000000000000004,0.2202196,0
24077,32,IDH2,0.18000000000000002,0.13896440000000004,0
24078,32,SMARCE1,0.46,0.2824264,0
24079,32,CRTC3,0.09,0.0651989,0
24080,32,TSC1,0.36000000000000004,0.3016142,0
24081,32,BCOR,-0.13,-0.00720210000000001,0
24082,32,SDHA,0.23,0.1365505,0
24083,32,EP300,1.7100000000000013,1.3982864000000002,0
24084,32,HNRNPA2B1,0.13000000000000003,0.150033,0
24085,32,CLIP1,-0.1,-0.0479278,0
24086,32,PATZ1,-0.36,-0.1088261,0
24087,32,FUBP1,-0.15,-0.011943700000000002,0
24088,32,HLA-A,-0.09999999999999999,0.0168209,0
24089,32,CCNC,-0.039999999999999994,-0.0142124,0
24090,32,RPN1,-0.28,-0.069194,0
24091,32,TCF7L2,0.09,0.13552750000000002,0
24092,32,CANT1,0.07,0.04164819999999999,0
24093,32,RPL5,-0.62,-0.1750847,0
24094,32,CCDC6,0.020000000000000018,0.06749940000000001,0
24095,32,NCKIPSD,0.04,0.022988699999999997,0
24096,32,SMARCD1,0.44,0.29426009999999997,0
24097,32,BCL10,0.010000000000000009,0.035250799999999985,0
24098,32,MAX,-0.01,0.011595599999999996,0
24099,32,HERPUD1,-0.02,-0.0061842,0
24100,32,RAC1,-0.14,0.0421091,0
24101,32,FLNA,-0.04000000000000001,0.03460440000000001,0
24102,32,TFE3,-0.53,-0.18479760000000003,0
24103,32,NCOR2,0.7000000000000002,0.5199723999999999,0
24104,32,PRPF40B,-0.04,-0.024374700000000003,0
24105,32,BCL3,-0.04000000000000001,-0.004547800000000001,0
24106,32,TFPT,-0.26,-0.08804590000000001,0
24107,32,MLH1,0.8400000000000001,0.6757468,0
24108,32,ARHGAP5,0.13,0.11211089999999999,0
24109,32,CIC,-0.01,-0.00626,0
24110,32,LYN,0.8300000000000003,0.591675,0
24111,32,TCF12,0.3,0.23103829999999997,0
24112,32,KLF6,0.04,0.021931199999999998,0
24113,32,KMT2C,1.0100000000000002,0.794456,0
24114,32,PIM1,-0.14,-0.042502200000000004,0
24115,32,CCND1,1.3200000000000007,0.7867103,0
24116,32,MLLT1,-0.9200000000000002,-0.2778497,0
24117,32,MEN1,-0.05999999999999999,-0.0070679999999999875,0
24118,32,CUL3,0.16,0.1228855,0
24119,32,RB1,0.6000000000000001,0.4615867,0
24120,32,LPP,-0.08,-0.013956099999999999,0
24121,32,BUB1B,-0.16999999999999998,-0.0861503,0
24122,32,SMAD4,1.3600000000000008,1.0232278,0
24123,32,FGFR1,0.24999999999999997,0.16591240000000002,0
24124,32,TMSB4X,0.04,0.0310928,0
24125,32,CDK4,0.38,0.255763,0
24126,32,MSI2,0.0,0.0,0
24127,32,MSH6,0.8100000000000003,0.628065,0
24128,32,BRAF,0.9600000000000005,0.7949765,0
24129,32,TCEA1,-0.030000000000000002,0.0157966,0
24130,32,TNFAIP3,0.18,0.1494667,0
24131,32,RABEP1,-0.02,-0.0149674,0
24132,32,GMPS,-0.06,-0.037586499999999995,0
24133,32,MDM2,1.1800000000000006,0.8074259000000003,0
24134,32,NSD2,0.18000000000000002,0.1229506,0
24135,32,CASP8,0.029999999999999964,0.1942173,0
24136,32,PER1,-0.16999999999999998,-0.039106800000000004,0
24137,32,UBR5,-0.059999999999999984,-0.025080899999999996,0
24138,32,EIF3E,-0.06,0.05532550000000001,0
24139,32,RFWD3,0.03,0.027166700000000005,0
24140,32,BRD3,0.10999999999999999,0.0960737,0
24141,32,PAFAH1B2,0.02,0.015608,0
24142,32,EXT2,0.0,0.007136799999999999,0
24143,32,PLCG1,0.5499999999999999,0.38790700000000006,0
24144,32,SF3B1,-0.33,-0.1382132,0
24145,32,ARHGEF10L,0.02,0.010877600000000001,0
24146,32,NFATC2,0.18,0.12225969999999999,0
24147,32,SDHD,0.29000000000000004,0.15899169999999996,0
24148,32,PABPC1,-0.8900000000000001,-0.22198759999999998,0
24149,32,POLD1,-0.15999999999999998,-0.0193726,0
24150,32,CALR,0.030000000000000002,0.030882899999999998,0
24151,32,PIK3CB,0.49,0.4175321000000001,0
24152,32,PPM1D,0.18000000000000002,0.1371322,0
24153,32,ATRX,1.0200000000000005,0.7833792,0
24154,32,DGCR8,0.17,0.1090111,0
24155,32,DDX10,0.10999999999999999,0.0740739,0
24156,32,DROSHA,0.41000000000000003,0.3017309,0
24157,32,TNFRSF14,-0.13999999999999999,-0.0463134,0
24158,32,BCL9L,0.14,0.09791190000000001,0
24159,32,QKI,-0.04,-0.026975199999999998,0
24160,32,BAZ1A,0.01,0.006865400000000001,0
24161,32,CHD4,0.15,0.13368510000000003,0
24162,32,NSD3,0.06999999999999999,0.0633789,0
24163,32,NT5C2,0.17,0.0920042,0
24164,32,CCNB1IP1,0.13,0.0656172,0
24165,32,PCBP1,-0.6200000000000001,-0.19138770000000005,0
24166,32,RALGDS,0.13999999999999999,0.09759279999999998,0
24167,32,ARHGEF12,-0.05,-0.009003000000000004,0
24168,32,HSP90AB1,0.9700000000000004,0.6799033999999999,0
24169,32,FOXO3,1.3000000000000007,0.9042579999999998,0
24170,32,HIP1,-0.01,-0.0065138,0
24171,32,CDC73,-0.15999999999999998,-0.017710300000000005,0
24172,32,NIN,0.030000000000000002,0.0246872,0
24173,32,MDM4,0.12000000000000001,0.162491,0
24174,32,COL3A1,0.17,0.1476391,0
24175,32,CTNND1,0.1,0.1315286,0
24176,32,SPOP,0.039999999999999994,0.048592899999999994,0
24177,32,TMEM127,0.039999999999999994,0.043896,0
24178,32,CREB3L2,0.07999999999999999,0.0442158,0
24179,32,MSH2,0.8900000000000005,0.6438766,0
24180,32,FNBP1,0.03,0.025959199999999998,0
24181,32,ATF1,0.05,0.030757299999999998,0
24182,32,EIF1AX,-0.5399999999999999,-0.2349495,0
24183,32,PMS1,0.5099999999999999,0.3704276000000001,0
24184,32,DEK,0.09999999999999999,0.10423860000000001,0
24185,32,ERBB2,0.9300000000000004,0.6030467000000002,0
24186,32,AKT1,0.8700000000000003,0.5715236000000002,0
24187,32,CHEK2,0.29000000000000004,0.3102949,0
24188,32,SDHB,0.37000000000000005,0.24318759999999998,0
24189,32,NCOA1,0.45,0.32152529999999996,0
24190,32,CHIC2,0.049999999999999996,0.026071,0
24191,32,RUNX1,0.4800000000000002,0.6021752999999997,0
24192,32,STAT6,0.23000000000000004,0.16767320000000002,0
24193,32,FH,-0.14,-0.047867599999999996,0
24194,32,AKT3,1.0500000000000003,0.7122557999999999,0
24195,32,GNAS,0.22,0.1408579,0
24196,32,CTNNB1,1.4600000000000009,0.9766304,0
24197,32,NONO,0.13,0.09355219999999999,0
24198,32,SMARCB1,0.8600000000000003,0.6296564,0
24199,32,PRKAR1A,0.1,0.09769870000000001,0
24200,32,ITGAV,0.03000000000000001,0.04501850000000001,0
24201,32,SS18,0.39,0.255306,0
24202,32,MAP2K1,1.0300000000000005,0.6490811999999999,0
24203,32,SIRPA,0.0,0.0012770000000000004,0
24204,32,PPFIBP1,0.36,0.22698539999999998,0
24205,32,RPL22,-0.17000000000000004,0.0645283,0
24206,32,CYLD,0.30000000000000004,0.23335540000000002,0
24207,32,ARID1B,0.6599999999999999,0.4951502000000001,0
24208,32,SETDB1,0.32,0.2306744,0
24209,32,AFDN,-0.41999999999999993,-0.15286010000000005,0
24210,32,ZRSR2,0.22,0.1650503,0
24211,32,PBRM1,0.9600000000000004,0.7036382000000001,0
24212,32,XPC,0.54,0.3529366,0
24213,32,ASXL2,0.24000000000000002,0.1585972,0
24214,32,TRIM24,-0.28,-0.1213023,0
24215,32,SFPQ,-0.040000000000000015,0.031070099999999982,0
24216,32,NCOA2,0.5700000000000001,0.4136625,0
24217,32,FOXO4,0.4800000000000001,0.29502649999999997,0
24218,32,LEF1,0.06000000000000001,0.07409140000000002,0
24219,32,B2M,-0.43,-0.1868145,0
24220,32,DDIT3,-0.39,-0.10521130000000001,0
24221,32,BCL6,0.58,0.42077700000000007,0
24222,32,KRAS,-1.5400000000000007,-0.4036173,0
24223,32,FAT1,0.04999999999999999,0.038660099999999996,0
24224,32,ABL2,0.08,0.0556431,0
24225,32,NF1,0.7900000000000004,0.6455155999999999,0
24226,32,BTG1,-0.05,-0.022354,0
24227,32,EIF4A2,0.09,0.0810177,0
24228,32,SET,0.16,0.138719,0
24229,32,EPS15,0.04,0.03877130000000001,0
24230,32,RNF213,0.04,0.031230999999999995,0
24231,32,CTCF,0.9200000000000004,0.6585836,0
24232,32,WDCP,0.07999999999999997,0.0529669,0
24233,32,KAT7,0.11,0.0893476,0
24234,32,KDM5C,0.15,0.141374,0
24235,32,TGFBR2,0.21999999999999997,0.1740464,0
24236,32,ATM,1.4400000000000008,1.1157871999999995,0
24237,32,NUMA1,-0.009999999999999993,0.005023399999999994,0
24238,32,STAT3,1.4200000000000008,1.1008257999999997,0
24239,32,SUB1,-0.2,-0.0755354,0
24240,32,NUP98,0.05999999999999997,0.08904649999999999,0
24241,32,ELL,-0.09000000000000001,-0.0179954,0
24242,32,MAP3K1,0.41,0.31345559999999995,0
24243,32,MALT1,0.11,0.1312223,0
24244,32,XPO1,0.30999999999999994,0.24781289999999997,0
24245,32,SETD1B,0.18,0.1356887,0
24246,32,ETV6,-0.12000000000000001,-0.026982900000000004,0
24247,32,TBL1XR1,0.23,0.15697390000000003,0
24248,32,NUP214,0.07000000000000002,0.12111240000000001,0
24249,32,TPR,0.1,0.09389330000000001,0
24250,32,ATIC,0.010000000000000007,0.027003200000000005,0
24251,32,NACA,0.24,0.161377,0
24252,32,MYO5A,0.009999999999999998,0.0083099,0
24253,32,SMC1A,0.6000000000000001,0.48610840000000005,0
24254,32,LASP1,-0.22,-0.1199003,0
24255,32,ERCC5,0.42999999999999994,0.2735364,0
24256,32,JUN,0.020000000000000056,0.22585469999999996,0
24257,32,THRAP3,0.11000000000000001,0.0909045,0
24258,32,STAG2,0.5700000000000001,0.4333159,0
24259,32,RAF1,1.1600000000000004,0.8129217,0
24260,32,ERCC3,0.5399999999999999,0.41958110000000004,0
24261,32,SMAD2,0.5500000000000002,0.4910211,0
24262,32,TAF15,0.16000000000000003,0.13259370000000004,0
24263,32,ARNT,0.33999999999999997,0.2791999,0
24264,32,CLTC,-0.5,-0.257451,0
24265,32,IKBKB,0.5300000000000004,0.4542997000000001,0
24266,32,IDH1,-0.65,-0.17744390000000004,0
24267,32,SND1,-0.029999999999999992,-0.0152652,0
24268,32,KNSTRN,0.03,0.0254235,0
24269,32,RHOA,-1.2300000000000002,-0.31175670000000005,0
24270,32,PALB2,0.5700000000000001,0.46423129999999996,0
24271,32,ARID2,0.7700000000000002,0.5781124000000001,0
24272,32,EZR,-0.15000000000000002,-0.013035499999999997,0
24273,32,TP53,-0.57,-0.005283899999999989,0
24274,32,ARAF,0.44000000000000006,0.24387860000000003,0
24275,32,KIF5B,0.39999999999999997,0.27582039999999997,0
24276,32,KAT6A,0.22999999999999998,0.21697390000000005,0
24277,32,KTN1,-0.12,-0.0412795,0
24278,32,GOLGA5,-0.12,-0.0810161,0
24279,32,KDM5A,0.17,0.17086810000000002,0
24280,32,RAD21,0.47000000000000003,0.35397670000000003,0
24281,32,GNAQ,0.22000000000000003,0.1362639,0
24282,32,CAMTA1,0.0,0.002280400000000002,0
24283,32,ERCC2,0.62,0.42640510000000004,0
24284,32,EZH2,1.700000000000001,1.0681557000000002,0
24285,32,TOP1,0.11000000000000001,0.0951705,0
24286,32,SRSF3,-0.2,-0.0507846,0
24287,32,NPM1,0.06000000000000001,0.19834279999999999,0
24288,32,BAX,-0.3999999999999999,-0.12950530000000002,0
24289,32,NOTCH2,0.28,0.2215669,0
24290,32,TRAF7,0.03,0.021672599999999997,0
24291,32,KDM6A,0.7700000000000001,0.6625784000000001,0
24292,32,SPEN,0.11,0.08279150000000002,0
24293,32,TRIM27,-0.44,-0.15601569999999998,0
24294,32,CRTC1,0.14,0.106931,0
24295,32,EML4,0.25,0.21480180000000004,0
24296,32,USP9X,-0.05999999999999999,-0.037547699999999996,0
24297,32,PTPRK,0.01,0.0072255,0
24298,32,CD74,-0.21,-0.03942020000000001,0
24299,32,CBL,0.54,0.4077786000000001,0
24300,32,ZNF384,-0.09,-0.0456138,0
24301,32,NOTCH1,0.9300000000000004,0.6830235,0
24302,32,COX6C,-0.13,-0.051005499999999995,0
24303,32,CHCHD7,0.02,0.013360799999999999,0
24304,32,HMGA1,-0.12,-0.054998599999999995,0
24305,32,PTEN,1.5400000000000011,1.2155102999999994,0
24306,32,FIP1L1,-0.020000000000000004,-0.016270600000000003,0
24307,32,JAK1,0.7800000000000002,0.6187787000000001,0
24308,32,ZMYM2,-0.1,-0.0646396,0
24309,32,SUZ12,0.7500000000000002,0.5356515,0
24310,32,FUS,2.0816681711721685e-17,0.17150709999999997,0
24311,32,BAP1,-0.019999999999999997,0.010756500000000007,0
24312,32,ZCCHC8,-0.06,-0.019868999999999998,0
24313,32,CRNKL1,-0.049999999999999996,-0.0279488,0
24314,32,RAD17,0.15,0.1116707,0
24315,32,ATP1A1,0.0,0.0003169999999999996,0
24316,32,DNMT3A,0.8700000000000006,0.6416112999999999,0
24317,32,FBXW7,1.0100000000000002,0.7626400000000003,0
24318,32,WWTR1,-0.05,-0.018765699999999996,0
24319,32,CDKN1B,0.5800000000000001,0.36544620000000017,0
24320,32,KMT2A,0.44999999999999996,0.3797772000000001,0
24321,32,PTPN11,0.9000000000000004,0.6732143000000002,0
24322,32,STAT5B,0.6800000000000003,0.5235722,0
24323,32,CUX1,-0.09999999999999999,-0.0674469,0
24324,32,ABI1,-0.45999999999999996,-0.1410458,0
24325,32,BRCA1,1.710000000000001,1.3419101999999998,0
24326,32,SH2B3,0.019999999999999997,0.017369899999999997,0
24327,32,AFF4,0.12,0.0907393,0
24328,32,NF2,0.019999999999999993,0.0727695,0
24329,32,LMNA,-0.029999999999999985,0.012473100000000008,0
24330,32,TSC2,0.5599999999999999,0.4604421,0
24331,32,GOLPH3,-0.13,-0.07344239999999999,0
24332,32,PCM1,-0.049999999999999996,-0.0322903,0
24333,32,PPP2R1A,-0.28,-0.0760683,0
24334,32,ARID1A,1.7900000000000011,1.2892969999999997,0
24335,32,ABL1,0.13999999999999996,0.1527692,0
24336,32,AFF1,0.19,0.16516770000000003,0
24337,32,DAXX,-0.13999999999999999,-0.017147600000000006,0
24338,32,CBFB,0.12999999999999998,0.10080380000000001,0
24339,32,CBLB,0.14,0.10899339999999999,0
24340,32,POLR2A,-0.030000000000000054,0.16182179999999996,0
24341,32,PRKACA,0.32,0.25164639999999994,0
24342,32,DNM2,-0.13999999999999999,-0.0526431,0
24343,32,RAP1GDS1,-0.07,-0.02511130000000001,0
24344,32,NCOR1,0.9800000000000003,0.8080350999999997,0
24345,32,NFKBIE,-0.28,-0.09899340000000001,0
24346,32,DDX3X,0.09999999999999999,0.10919899999999998,0
24347,32,ELK4,0.02,0.014543,0
24348,32,MLLT6,0.14,0.1135012,0
24349,32,SRSF2,-1.1199999999999999,-0.33041580000000004,0
24350,32,CTNNA1,0.11,0.0814105,0
24351,32,RBM10,0.21000000000000002,0.1465843,0
24352,32,PTPRC,0.07,0.0937032,0
24353,32,HSP90AA1,0.9800000000000004,0.6504080999999999,0
24354,33,NSD1,0.35000000000000003,0.3091125,1
24355,33,DICER1,0.23,0.2875606999999999,1
24356,33,BIRC6,0.15,0.1398106,1
24357,33,SDHC,0.4,0.32021679999999997,1
24358,33,TFG,0.25,0.14993260000000003,1
24359,33,MAP2K2,0.31,0.21092260000000002,1
24360,33,TFRC,-0.26,-0.1021171,1
24361,33,CREB1,0.9400000000000005,0.8218447,1
24362,33,POLG,-0.02,-0.0053866,1
24363,33,SETD2,0.5900000000000003,0.5598277999999998,1
24364,33,NAB2,-0.61,-0.1571278,1
24365,33,HIF1A,1.690000000000001,1.3112533,1
24366,33,FLCN,-0.05000000000000001,0.021328399999999997,1
24367,33,MAP2K4,0.03,0.10730610000000002,1
24368,33,CNOT3,0.039999999999999994,0.043865999999999995,1
24369,33,CIITA,0.09000000000000001,0.055828199999999994,1
24370,33,LSM14A,0.15000000000000002,0.1260039,1
24371,33,AKAP9,-0.06,0.007041999999999993,1
24372,33,MSN,-0.25999999999999995,-0.0758349,1
24373,33,BCR,-0.16999999999999998,0.027356000000000005,1
24374,33,TRRAP,-0.04000000000000001,0.2019585,1
24375,33,PPP6C,-0.11000000000000001,-0.0493059,1
24376,33,NCOA4,-0.11,-0.01725070000000001,1
24377,33,BCL9,0.18,0.15554990000000002,1
24378,33,PRCC,0.09000000000000001,0.06058599999999999,1
24379,33,LARP4B,0.03,0.022343699999999998,1
24380,33,CHD2,0.02,0.018517,1
24381,33,ASXL1,0.4,0.4248940000000001,1
24382,33,SMARCA4,1.9300000000000013,1.4996964000000006,1
24383,33,ERC1,-0.019999999999999997,-0.014946999999999998,1
24384,33,DCTN1,6.938893903907228e-18,0.04465469999999998,1
24385,33,PIK3R1,1.0700000000000005,0.9307960999999998,1
24386,33,EED,0.16999999999999998,0.1205595,1
24387,33,CNBP,0.02,0.011874000000000001,1
24388,33,SGK1,0.52,0.3592685,1
24389,33,MLLT10,-0.32,-0.1875027,1
24390,33,BRD4,0.9100000000000003,0.8396181000000004,1
24391,33,RANBP2,0.36000000000000004,0.32797180000000004,1
24392,33,FBXO11,0.07,0.0568919,1
24393,33,PML,0.3899999999999999,0.2648385,1
24394,33,AKT2,1.1000000000000005,0.7905291999999999,1
24395,33,CEP89,0.060000000000000005,0.0411595,1
24396,33,LZTR1,0.1,0.1140757,1
24397,33,YWHAE,0.24,0.1561254,1
24398,33,DNAJB1,-0.05,-0.006520500000000002,1
24399,33,PRDM2,0.07,0.0595091,1
24400,33,TPM4,0.54,0.38174199999999997,1
24401,33,CREBBP,2.030000000000001,1.6891949000000004,1
24402,33,PMS2,0.7100000000000002,0.6291663999999999,1
24403,33,DDR2,3.469446951953614e-18,-0.0015615999999999998,1
24404,33,FANCA,0.38,0.32050599999999996,1
24405,33,PDE4DIP,0.09,0.0710991,1
24406,33,USP8,-0.09000000000000001,-0.0316061,1
24407,33,MYH9,-0.37,-0.1030336,1
24408,33,MYC,-1.5400000000000005,-0.3201127999999999,1
24409,33,NBN,0.6500000000000001,0.5398861,1
24410,33,CCND3,-0.020000000000000007,0.017156199999999996,1
24411,33,TRIP11,-0.08,-0.057773500000000005,1
24412,33,CNTRL,-0.060000000000000005,-0.0466417,1
24413,33,PIK3CA,1.1900000000000008,1.0681270000000003,1
24414,33,DDX5,0.36000000000000004,0.3589185,1
24415,33,PICALM,0.029999999999999995,0.0286886,1
24416,33,RARA,0.059999999999999984,0.11867539999999999,1
24417,33,DDX6,0.03000000000000001,0.12850090000000003,1
24418,33,COL1A1,0.23999999999999996,0.2079109,1
24419,33,VHL,0.21999999999999997,0.16743550000000001,1
24420,33,MAPK1,1.870000000000001,1.3508643,1
24421,33,SRC,0.04999999999999996,0.2528842999999999,1
24422,33,NFE2L2,0.36,0.2681259,1
24423,33,MITF,-0.13,0.0026270999999999933,1
24424,33,SMAD3,1.2200000000000009,1.1617513,1
24425,33,RBM15,0.11,0.0922488,1
24426,33,ATR,0.7300000000000002,0.6086528999999998,1
24427,33,EPAS1,0.43,0.42382359999999997,1
24428,33,TPM3,0.22,0.16231480000000004,1
24429,33,RPL10,0.08,0.0967069,1
24430,33,STAG1,0.11999999999999998,0.14956650000000002,1
24431,33,SBDS,-0.04,-0.014770600000000002,1
24432,33,KMT2D,1.0400000000000005,0.8520673,1
24433,33,MED12,0.36000000000000004,0.30311479999999996,1
24434,33,BCLAF1,-0.04000000000000001,0.0372689,1
24435,33,ASPSCR1,-0.030000000000000006,-0.008334500000000002,1
24436,33,CDK12,0.5800000000000001,0.47899740000000013,1
24437,33,EWSR1,0.31999999999999995,0.3501306,1
24438,33,NDRG1,-0.05999999999999999,-0.020262299999999997,1
24439,33,PSIP1,0.09000000000000001,0.08569230000000001,1
24440,33,TRIM33,0.12000000000000001,0.11353759999999999,1
24441,33,MTOR,1.0600000000000005,0.8844109000000001,1
24442,33,ARHGAP35,0.16000000000000003,0.15642889999999998,1
24443,33,POT1,0.010000000000000002,0.0182785,1
24444,33,EXT1,0.11,0.08544800000000001,1
24445,33,IL6ST,0.34,0.2915362,1
24446,33,IDH2,-0.030000000000000023,0.0370727,1
24447,33,SMARCE1,0.29,0.18470189999999997,1
24448,33,CRTC3,0.09,0.0753942,1
24449,33,TSC1,0.27999999999999997,0.3018439,1
24450,33,BCOR,-0.08000000000000002,0.0154829,1
24451,33,SDHA,0.25000000000000006,0.19006589999999998,1
24452,33,EP300,2.4200000000000004,2.0995708,1
24453,33,HNRNPA2B1,0.53,0.37342620000000004,1
24454,33,CLIP1,-0.09,-0.04468140000000001,1
24455,33,PATZ1,-0.6100000000000001,-0.1434978,1
24456,33,FUBP1,-0.13,0.0037486000000000116,1
24457,33,HLA-A,-0.06999999999999998,0.012914399999999996,1
24458,33,CCNC,-0.19999999999999998,-0.08254439999999999,1
24459,33,RPN1,-0.2,-0.0762046,1
24460,33,TCF7L2,0.09999999999999998,0.14163519999999996,1
24461,33,CANT1,0.0,0.011057699999999997,1
24462,33,RPL5,-0.51,-0.157887,1
24463,33,CCDC6,0.09000000000000002,0.11209990000000003,1
24464,33,NCKIPSD,-0.049999999999999996,-0.0125883,1
24465,33,SMARCD1,0.41000000000000003,0.3225298,1
24466,33,BCL10,0.0,0.05355660000000001,1
24467,33,MAX,0.13,0.1314603,1
24468,33,HERPUD1,-0.02,-0.005629800000000001,1
24469,33,RAC1,0.14999999999999997,0.20003220000000002,1
24470,33,FLNA,0.14,0.1080647,1
24471,33,TFE3,-0.7400000000000001,-0.26900560000000007,1
24472,33,NCOR2,0.6500000000000001,0.5620072999999999,1
24473,33,PRPF40B,0.039999999999999994,0.031238299999999997,1
24474,33,BCL3,-0.14000000000000004,-0.017014400000000006,1
24475,33,TFPT,-0.41000000000000003,-0.11319560000000001,1
24476,33,MLH1,0.7000000000000002,0.6813174000000001,1
24477,33,ARHGAP5,0.09999999999999999,0.105994,1
24478,33,CIC,0.01,0.007004700000000001,1
24479,33,LYN,0.7899999999999998,0.5966389999999999,1
24480,33,TCF12,0.35000000000000003,0.29784960000000005,1
24481,33,KLF6,0.05,0.0325437,1
24482,33,KMT2C,1.0600000000000003,0.9042276999999999,1
24483,33,PIM1,-0.11000000000000001,-0.009159499999999994,1
24484,33,CCND1,1.1000000000000005,0.7349971000000002,1
24485,33,MLLT1,-1.54,-0.36174680000000003,1
24486,33,MEN1,-0.24,-0.08728500000000003,1
24487,33,CUL3,0.11,0.15054249999999997,1
24488,33,RB1,0.74,0.5870642,1
24489,33,LPP,-0.13,-0.025051699999999996,1
24490,33,BUB1B,-0.17,-0.07252170000000001,1
24491,33,SMAD4,1.570000000000001,1.3106417999999997,1
24492,33,FGFR1,0.21000000000000002,0.22397740000000002,1
24493,33,TMSB4X,0.03,0.0223347,1
24494,33,CDK4,0.9800000000000003,0.6366805999999998,1
24495,33,MSI2,0.01,0.0079243,1
24496,33,MSH6,1.0100000000000005,0.8390813,1
24497,33,BRAF,1.3800000000000008,1.1960084999999996,1
24498,33,TCEA1,-0.2,-0.049819,1
24499,33,TNFAIP3,0.19,0.1522983,1
24500,33,RABEP1,0.0,0.0011871999999999994,1
24501,33,GMPS,-0.05,-0.0242615,1
24502,33,MDM2,1.0800000000000007,0.9136664999999999,1
24503,33,NSD2,0.24,0.1800899,1
24504,33,CASP8,-0.35000000000000003,0.035638399999999994,1
24505,33,PER1,-0.15000000000000002,-0.0672209,1
24506,33,UBR5,0.019999999999999997,0.04279270000000001,1
24507,33,EIF3E,0.049999999999999996,0.0745947,1
24508,33,RFWD3,0.020000000000000004,0.025285000000000005,1
24509,33,BRD3,0.13999999999999999,0.10009599999999999,1
24510,33,PAFAH1B2,0.03,0.026980499999999998,1
24511,33,EXT2,0.0,0.011959200000000003,1
24512,33,PLCG1,0.5099999999999999,0.42257710000000004,1
24513,33,SF3B1,-0.4800000000000001,-0.2205667,1
24514,33,ARHGEF10L,0.02,0.0090396,1
24515,33,NFATC2,0.23,0.17061549999999998,1
24516,33,SDHD,0.31,0.23782489999999998,1
24517,33,PABPC1,-1.03,-0.25862850000000004,1
24518,33,POLD1,-0.4599999999999999,-0.10651319999999999,1
24519,33,CALR,6.938893903907228e-18,0.0513778,1
24520,33,PIK3CB,0.79,0.6548968999999999,1
24521,33,PPM1D,0.30000000000000004,0.23555160000000003,1
24522,33,ATRX,1.0300000000000005,0.9051148000000001,1
24523,33,DGCR8,0.19,0.15509,1
24524,33,DDX10,0.18,0.1412532,1
24525,33,DROSHA,0.5600000000000002,0.45946030000000004,1
24526,33,TNFRSF14,-0.18,-0.05258670000000001,1
24527,33,BCL9L,0.15000000000000002,0.11697740000000001,1
24528,33,QKI,0.04,0.0312843,1
24529,33,BAZ1A,0.01,0.0078571,1
24530,33,CHD4,0.42000000000000004,0.3523719,1
24531,33,NSD3,0.1,0.11389679999999999,1
24532,33,NT5C2,0.16000000000000003,0.09150620000000001,1
24533,33,CCNB1IP1,0.15000000000000002,0.0685835,1
24534,33,PCBP1,-1.0000000000000002,-0.23197469999999998,1
24535,33,RALGDS,-0.14,0.01444649999999999,1
24536,33,ARHGEF12,0.009999999999999995,0.0422227,1
24537,33,HSP90AB1,0.8300000000000001,0.6138470000000001,1
24538,33,FOXO3,1.520000000000001,1.1583205000000003,1
24539,33,HIP1,-0.019999999999999997,-0.010227899999999998,1
24540,33,CDC73,0.039999999999999994,0.08539830000000001,1
24541,33,NIN,0.0,0.0008415999999999944,1
24542,33,MDM4,0.05000000000000002,0.15007330000000005,1
24543,33,COL3A1,0.24,0.1973041,1
24544,33,CTNND1,0.15,0.1787266,1
24545,33,SPOP,0.07,0.09115539999999998,1
24546,33,TMEM127,0.12000000000000001,0.0721069,1
24547,33,CREB3L2,0.14,0.0918905,1
24548,33,MSH2,0.9700000000000002,0.8246406000000004,1
24549,33,FNBP1,0.03,0.0430762,1
24550,33,ATF1,0.14,0.0988332,1
24551,33,EIF1AX,-0.52,-0.2151023,1
24552,33,PMS1,0.41000000000000003,0.3275582,1
24553,33,DEK,0.13,0.12133390000000001,1
24554,33,ERBB2,0.8500000000000003,0.5400064,1
24555,33,AKT1,0.5100000000000002,0.42130750000000006,1
24556,33,CHEK2,0.5800000000000001,0.5645808999999999,1
24557,33,SDHB,0.38000000000000006,0.3025341,1
24558,33,NCOA1,0.36,0.3093471,1
24559,33,CHIC2,0.07,0.045613400000000005,1
24560,33,RUNX1,0.16999999999999982,0.6478242,1
24561,33,STAT6,0.35,0.33710349999999994,1
24562,33,FH,-0.05999999999999999,0.001113800000000012,1
24563,33,AKT3,1.1600000000000006,0.8582635000000001,1
24564,33,GNAS,0.39,0.2763094,1
24565,33,CTNNB1,1.3500000000000008,0.9341956000000001,1
24566,33,NONO,0.31000000000000005,0.2604522,1
24567,33,SMARCB1,0.9800000000000004,0.7791679000000001,1
24568,33,PRKAR1A,0.21000000000000002,0.20368229999999998,1
24569,33,ITGAV,-0.04,0.03932840000000001,1
24570,33,SS18,0.41000000000000003,0.29982960000000003,1
24571,33,MAP2K1,1.0000000000000004,0.6132492999999999,1
24572,33,SIRPA,-0.08,-0.0212004,1
24573,33,PPFIBP1,0.44,0.3262648000000001,1
24574,33,RPL22,-0.22000000000000003,0.08638720000000001,1
24575,33,CYLD,0.33999999999999997,0.27662129999999996,1
24576,33,ARID1B,0.8400000000000001,0.66081,1
24577,33,SETDB1,0.3,0.2166342,1
24578,33,AFDN,-0.39,-0.11746180000000002,1
24579,33,ZRSR2,-0.09,-0.05509330000000001,1
24580,33,PBRM1,0.9300000000000004,0.7347843000000001,1
24581,33,XPC,0.5,0.3219328,1
24582,33,ASXL2,0.28,0.2090196,1
24583,33,TRIM24,-0.10000000000000003,0.05491470000000001,1
24584,33,SFPQ,-0.42000000000000004,-0.1133275,1
24585,33,NCOA2,0.5900000000000001,0.5079713,1
24586,33,FOXO4,0.43000000000000005,0.27000270000000004,1
24587,33,LEF1,0.18999999999999995,0.1807671,1
24588,33,B2M,-0.22,-0.1039379,1
24589,33,DDIT3,-0.36,-0.11562960000000001,1
24590,33,BCL6,0.35,0.3140381,1
24591,33,KRAS,0.13000000000000006,0.25045929999999994,1
24592,33,FAT1,0.12,0.0905417,1
24593,33,ABL2,0.08,0.0694611,1
24594,33,NF1,1.2700000000000007,1.0558972000000002,1
24595,33,BTG1,-0.06,-0.0260406,1
24596,33,EIF4A2,0.060000000000000005,0.0332745,1
24597,33,SET,0.18,0.14715540000000002,1
24598,33,EPS15,0.10999999999999999,0.0969855,1
24599,33,RNF213,0.05,0.044310600000000006,1
24600,33,CTCF,1.0700000000000005,0.7423571000000001,1
24601,33,WDCP,0.2,0.12731239999999996,1
24602,33,KAT7,0.16,0.13886779999999999,1
24603,33,KDM5C,0.2,0.1908867,1
24604,33,TGFBR2,0.20000000000000004,0.20642799999999997,1
24605,33,ATM,0.8700000000000007,0.9371622999999996,1
24606,33,NUMA1,0.030000000000000002,0.0373525,1
24607,33,STAT3,1.0500000000000005,0.9400526999999997,1
24608,33,SUB1,-0.12,-0.0519158,1
24609,33,NUP98,0.21000000000000002,0.21798190000000006,1
24610,33,ELL,0.1,0.054405300000000004,1
24611,33,MAP3K1,0.4,0.3163171,1
24612,33,MALT1,0.16999999999999998,0.1689309,1
24613,33,XPO1,0.5400000000000001,0.4484428000000001,1
24614,33,SETD1B,0.27,0.22191059999999999,1
24615,33,ETV6,-0.010000000000000007,0.03092510000000001,1
24616,33,TBL1XR1,0.23,0.16752740000000002,1
24617,33,NUP214,-0.039999999999999994,0.1447447,1
24618,33,TPR,0.12000000000000002,0.10710730000000002,1
24619,33,ATIC,0.11,0.13659949999999998,1
24620,33,NACA,0.22999999999999998,0.1526056,1
24621,33,MYO5A,0.01,0.008131200000000002,1
24622,33,SMC1A,0.31000000000000005,0.41654440000000004,1
24623,33,LASP1,-0.26,-0.1263699,1
24624,33,ERCC5,0.45999999999999996,0.29285350000000004,1
24625,33,JUN,-0.2599999999999999,0.12915650000000006,1
24626,33,THRAP3,0.08,0.06245839999999998,1
24627,33,STAG2,0.12000000000000004,0.21902719999999998,1
24628,33,RAF1,0.8100000000000004,0.6402956000000001,1
24629,33,ERCC3,0.53,0.44513850000000005,1
24630,33,SMAD2,0.4400000000000003,0.5287999,1
24631,33,TAF15,0.23000000000000004,0.19239470000000003,1
24632,33,ARNT,0.23,0.22621980000000003,1
24633,33,CLTC,-0.66,-0.2851452,1
24634,33,IKBKB,0.4300000000000001,0.45130190000000003,1
24635,33,IDH1,-0.5700000000000001,-0.174094,1
24636,33,SND1,-0.009999999999999993,0.023488899999999997,1
24637,33,KNSTRN,0.02,0.0149244,1
24638,33,RHOA,-3.0500000000000007,-0.6819809999999998,1
24639,33,PALB2,0.5800000000000001,0.5230143,1
24640,33,ARID2,0.8500000000000001,0.6813119,1
24641,33,EZR,-0.14,-0.0426805,1
24642,33,TP53,-0.2899999999999999,0.17198589999999986,1
24643,33,ARAF,0.44,0.2439966,1
24644,33,KIF5B,0.6100000000000002,0.46818429999999994,1
24645,33,KAT6A,0.19000000000000003,0.2298628,1
24646,33,KTN1,-0.13,-0.018081700000000006,1
24647,33,GOLGA5,-0.08,-0.0551081,1
24648,33,KDM5A,0.29000000000000004,0.2783074,1
24649,33,RAD21,0.6000000000000001,0.49906819999999985,1
24650,33,GNAQ,0.30999999999999994,0.26105130000000004,1
24651,33,CAMTA1,0.060000000000000005,0.0448288,1
24652,33,ERCC2,0.66,0.5061855000000001,1
24653,33,EZH2,1.6200000000000012,1.2577709,1
24654,33,TOP1,0.20000000000000007,0.1618791,1
24655,33,SRSF3,-0.3599999999999999,-0.08976710000000004,1
24656,33,NPM1,0.24999999999999997,0.25600720000000005,1
24657,33,BAX,-0.77,-0.1663255,1
24658,33,NOTCH2,0.29000000000000004,0.245109,1
24659,33,TRAF7,0.02,0.0148868,1
24660,33,KDM6A,0.8800000000000002,0.8969857999999997,1
24661,33,SPEN,0.14,0.1126084,1
24662,33,TRIM27,-0.6200000000000001,-0.1766158,1
24663,33,CRTC1,0.14,0.1118799,1
24664,33,EML4,0.26,0.30139910000000003,1
24665,33,USP9X,0.0,7.609999999999909e-05,1
24666,33,PTPRK,0.0,0.0,1
24667,33,CD74,-0.23000000000000004,-0.05622870000000001,1
24668,33,CBL,0.54,0.5037787,1
24669,33,ZNF384,0.06,0.0484602,1
24670,33,NOTCH1,1.1600000000000006,0.8469010000000002,1
24671,33,COX6C,-0.15999999999999998,-0.044667399999999996,1
24672,33,CHCHD7,0.03,0.0202347,1
24673,33,HMGA1,-0.05,-0.0138244,1
24674,33,PTEN,1.210000000000001,1.1975628000000003,1
24675,33,FIP1L1,-0.06,-0.023581799999999993,1
24676,33,JAK1,0.8900000000000003,0.7575304,1
24677,33,ZMYM2,0.009999999999999998,0.011873400000000003,1
24678,33,SUZ12,0.9000000000000004,0.7018827000000001,1
24679,33,FUS,-0.45,0.0462408,1
24680,33,BAP1,-0.63,-0.23420870000000002,1
24681,33,ZCCHC8,-0.07,-0.0205443,1
24682,33,CRNKL1,0.01,0.007003900000000001,1
24683,33,RAD17,0.22000000000000003,0.1707703,1
24684,33,ATP1A1,0.0,0.0010585999999999998,1
24685,33,DNMT3A,1.0200000000000005,0.8499302,1
24686,33,FBXW7,1.0600000000000003,0.8949607,1
24687,33,WWTR1,-0.17000000000000004,-0.06867829999999998,1
24688,33,CDKN1B,0.44999999999999996,0.34979030000000005,1
24689,33,KMT2A,0.27,0.35029360000000004,1
24690,33,PTPN11,0.9900000000000004,0.8715472000000002,1
24691,33,STAT5B,0.6400000000000002,0.5562103,1
24692,33,CUX1,-0.09,-0.06019770000000001,1
24693,33,ABI1,-0.31000000000000005,-0.072849,1
24694,33,BRCA1,1.7600000000000013,1.4538679,1
24695,33,SH2B3,0.09999999999999999,0.0599514,1
24696,33,AFF4,-0.2,-0.10776540000000001,1
24697,33,NF2,0.15999999999999995,0.1608984,1
24698,33,LMNA,0.09,0.07106619999999998,1
24699,33,TSC2,0.8300000000000003,0.6875208,1
24700,33,GOLPH3,-0.049999999999999996,-0.035664699999999994,1
24701,33,PCM1,-0.04,-0.030643399999999998,1
24702,33,PPP2R1A,-0.47999999999999987,-0.1626199,1
24703,33,ARID1A,1.8600000000000012,1.5156338000000003,1
24704,33,ABL1,-0.16999999999999996,0.08746909999999998,1
24705,33,AFF1,-0.009999999999999995,0.046161900000000006,1
24706,33,DAXX,-0.5700000000000001,-0.14898879999999998,1
24707,33,CBFB,0.06,0.1273414,1
24708,33,CBLB,0.17,0.1508639,1
24709,33,POLR2A,-0.48,0.05544749999999999,1
24710,33,PRKACA,0.1600000000000001,0.2541931,1
24711,33,DNM2,-0.13,-0.04325099999999999,1
24712,33,RAP1GDS1,0.02000000000000003,0.059738299999999994,1
24713,33,NCOR1,0.7800000000000001,0.8728249,1
24714,33,NFKBIE,-0.41000000000000003,-0.12537979999999999,1
24715,33,DDX3X,0.31,0.27980400000000005,1
24716,33,ELK4,0.02,0.0169994,1
24717,33,MLLT6,0.019999999999999997,0.025589,1
24718,33,SRSF2,-2.95,-0.6683942000000002,1
24719,33,CTNNA1,0.17,0.1340458,1
24720,33,RBM10,0.14,0.1041327,1
24721,33,PTPRC,0.060000000000000005,0.1286425,1
24722,33,HSP90AA1,0.8700000000000003,0.6001999000000001,1
24723,33,NSD1,0.24,0.1966414,0
24724,33,DICER1,0.25,0.24284920000000004,0
24725,33,BIRC6,0.07,0.05676610000000001,0
24726,33,SDHC,0.28,0.1943727,0
24727,33,TFG,0.35000000000000003,0.1945092,0
24728,33,MAP2K2,0.29,0.2137658,0
24729,33,TFRC,-0.29,-0.13164450000000003,0
24730,33,CREB1,0.8100000000000004,0.6178475000000001,0
24731,33,POLG,0.02,0.0080162,0
24732,33,SETD2,0.7200000000000002,0.5966549999999998,0
24733,33,NAB2,-0.31,-0.10440150000000001,0
24734,33,HIF1A,1.5800000000000007,1.1359653,0
24735,33,FLCN,0.04,0.0368912,0
24736,33,MAP2K4,-0.01999999999999999,0.07054640000000001,0
24737,33,CNOT3,-0.020000000000000004,0.0057915000000000015,0
24738,33,CIITA,0.1,0.0650252,0
24739,33,LSM14A,0.11,0.09229580000000001,0
24740,33,AKAP9,-0.07,-0.013607899999999997,0
24741,33,MSN,-0.3799999999999999,-0.09442030000000003,0
24742,33,BCR,0.05999999999999999,0.057982000000000006,0
24743,33,TRRAP,2.0816681711721685e-17,0.14992769999999997,0
24744,33,PPP6C,-0.17,-0.0836651,0
24745,33,NCOA4,-0.19,-0.10191930000000002,0
24746,33,BCL9,0.15,0.11834479999999999,0
24747,33,PRCC,0.07,0.050979800000000006,0
24748,33,LARP4B,0.01,0.005793,0
24749,33,CHD2,0.01,0.0077094,0
24750,33,ASXL1,0.4999999999999999,0.4643447,0
24751,33,SMARCA4,1.3300000000000007,0.9968777999999998,0
24752,33,ERC1,-0.02,-0.015224200000000002,0
24753,33,DCTN1,-0.24999999999999997,-0.11767960000000002,0
24754,33,PIK3R1,1.3200000000000007,0.9588275,0
24755,33,EED,0.029999999999999995,0.05529310000000001,0
24756,33,CNBP,0.01,0.0056941,0
24757,33,SGK1,0.28,0.1614296,0
24758,33,MLLT10,-0.13,-0.0435228,0
24759,33,BRD4,0.9700000000000004,0.7485683000000002,0
24760,33,RANBP2,0.19,0.22145039999999994,0
24761,33,FBXO11,0.05,0.041021,0
24762,33,PML,0.39,0.28613249999999996,0
24763,33,AKT2,1.0200000000000002,0.6930394999999999,0
24764,33,CEP89,0.05,0.0280754,0
24765,33,LZTR1,0.07999999999999999,0.08728789999999999,0
24766,33,YWHAE,0.25,0.15905639999999996,0
24767,33,DNAJB1,-0.07,-0.012808000000000003,0
24768,33,PRDM2,0.02,0.0153495,0
24769,33,TPM4,0.48000000000000004,0.3060613,0
24770,33,CREBBP,1.8700000000000012,1.4721858999999997,0
24771,33,PMS2,0.6300000000000001,0.5674112,0
24772,33,DDR2,0.07,0.048038700000000004,0
24773,33,FANCA,0.36,0.28734380000000004,0
24774,33,PDE4DIP,0.04,0.026369600000000003,0
24775,33,USP8,-0.08,-0.04071570000000001,0
24776,33,MYH9,-0.23,-0.030252799999999996,0
24777,33,MYC,-1.02,-0.3740663000000001,0
24778,33,NBN,0.53,0.40069840000000007,0
24779,33,CCND3,-0.019999999999999997,0.030907100000000007,0
24780,33,TRIP11,-0.1,-0.06817720000000001,0
24781,33,CNTRL,-0.07,-0.046476800000000006,0
24782,33,PIK3CA,1.4400000000000008,1.0505905999999998,0
24783,33,DDX5,0.39000000000000007,0.29802590000000007,0
24784,33,PICALM,0.010000000000000002,0.011914200000000003,0
24785,33,RARA,0.42000000000000004,0.3057786,0
24786,33,DDX6,-0.06999999999999999,0.052469499999999995,0
24787,33,COL1A1,0.06999999999999999,0.1001396,0
24788,33,VHL,0.17,0.1251468,0
24789,33,MAPK1,1.6600000000000008,1.0770767999999995,0
24790,33,SRC,-0.44999999999999984,0.03433640000000004,0
24791,33,NFE2L2,0.28,0.18868979999999996,0
24792,33,MITF,-0.23999999999999996,-0.026616,0
24793,33,SMAD3,1.2000000000000008,0.9132502000000001,0
24794,33,RBM15,0.09,0.0752703,0
24795,33,ATR,0.6900000000000003,0.581938,0
24796,33,EPAS1,0.43,0.36555600000000005,0
24797,33,TPM3,0.22,0.15120820000000004,0
24798,33,RPL10,0.1,0.1019376,0
24799,33,STAG1,0.14,0.13242369999999998,0
24800,33,SBDS,-0.05,-0.019353299999999997,0
24801,33,KMT2D,0.9600000000000004,0.7053333000000002,0
24802,33,MED12,0.29000000000000004,0.23401699999999998,0
24803,33,BCLAF1,-0.039999999999999994,0.028876,0
24804,33,ASPSCR1,0.019999999999999997,0.020116099999999998,0
24805,33,CDK12,0.35,0.25933330000000004,0
24806,33,EWSR1,0.4099999999999999,0.33275999999999994,0
24807,33,NDRG1,-0.039999999999999994,-0.016507599999999997,0
24808,33,PSIP1,-0.20000000000000004,-0.1025825,0
24809,33,TRIM33,0.060000000000000005,0.053160200000000005,0
24810,33,MTOR,1.1900000000000004,0.8764140999999999,0
24811,33,ARHGAP35,0.14,0.1472583,0
24812,33,POT1,-0.04,-0.002388900000000001,0
24813,33,EXT1,0.1,0.066179,0
24814,33,IL6ST,0.29000000000000004,0.22385629999999998,0
24815,33,IDH2,0.08,0.10219600000000001,0
24816,33,SMARCE1,0.4,0.23863430000000002,0
24817,33,CRTC3,0.09,0.0650358,0
24818,33,TSC1,0.36999999999999994,0.309295,0
24819,33,BCOR,-0.18,-0.020233200000000007,0
24820,33,SDHA,0.26,0.16376150000000003,0
24821,33,EP300,1.7900000000000014,1.3919740000000003,0
24822,33,HNRNPA2B1,0.21999999999999997,0.1884242,0
24823,33,CLIP1,-0.09999999999999999,-0.053457599999999994,0
24824,33,PATZ1,-0.48,-0.1268285,0
24825,33,FUBP1,-0.15,-0.013637600000000008,0
24826,33,HLA-A,-0.18,-0.006313000000000006,0
24827,33,CCNC,-0.04000000000000001,-0.010690799999999999,0
24828,33,RPN1,-0.3,-0.0752928,0
24829,33,TCF7L2,0.039999999999999994,0.08556789999999999,0
24830,33,CANT1,0.11,0.06066300000000001,0
24831,33,RPL5,-0.6699999999999999,-0.1891759,0
24832,33,CCDC6,-0.01999999999999999,0.03364969999999999,0
24833,33,NCKIPSD,0.04,0.0236144,0
24834,33,SMARCD1,0.44,0.29444640000000005,0
24835,33,BCL10,-0.02000000000000001,0.026753300000000004,0
24836,33,MAX,-0.009999999999999993,0.014337100000000002,0
24837,33,HERPUD1,0.01,0.0038116,0
24838,33,RAC1,-0.010000000000000012,0.08252790000000002,0
24839,33,FLNA,0.02999999999999999,0.059065599999999996,0
24840,33,TFE3,-0.45000000000000007,-0.18034780000000003,0
24841,33,NCOR2,0.7200000000000002,0.5246450000000001,0
24842,33,PRPF40B,-0.010000000000000002,-0.0016477999999999996,0
24843,33,BCL3,-0.019999999999999997,0.010828899999999992,0
24844,33,TFPT,-0.29000000000000004,-0.08715260000000001,0
24845,33,MLH1,0.8300000000000002,0.6936545000000001,0
24846,33,ARHGAP5,0.11,0.1007817,0
24847,33,CIC,0.0,0.0,0
24848,33,LYN,0.9200000000000003,0.6522694,0
24849,33,TCF12,0.27999999999999997,0.20700190000000002,0
24850,33,KLF6,0.03,0.0170264,0
24851,33,KMT2C,1.0000000000000002,0.7865890999999998,0
24852,33,PIM1,-0.16000000000000003,-0.046030699999999994,0
24853,33,CCND1,1.3200000000000007,0.7788801999999999,0
24854,33,MLLT1,-1.12,-0.3122028000000001,0
24855,33,MEN1,0.03999999999999998,0.059358399999999985,0
24856,33,CUL3,0.13,0.1403812,0
24857,33,RB1,0.5900000000000001,0.47806200000000004,0
24858,33,LPP,-0.06999999999999999,-0.020687099999999996,0
24859,33,BUB1B,-0.15000000000000002,-0.06763290000000001,0
24860,33,SMAD4,1.4600000000000009,1.0979023999999995,0
24861,33,FGFR1,0.16999999999999998,0.125,0
24862,33,TMSB4X,0.04,0.031089600000000002,0
24863,33,CDK4,0.4900000000000001,0.34859879999999993,0
24864,33,MSI2,0.01,0.0073707,0
24865,33,MSH6,0.9200000000000004,0.7096625,0
24866,33,BRAF,1.1300000000000006,0.9464712000000001,0
24867,33,TCEA1,-0.07999999999999999,-0.014669,0
24868,33,TNFAIP3,0.12,0.1223677,0
24869,33,RABEP1,0.02,0.013530800000000003,0
24870,33,GMPS,-0.06,-0.03394280000000001,0
24871,33,MDM2,1.1800000000000006,0.8289361,0
24872,33,NSD2,0.19999999999999998,0.1369243,0
24873,33,CASP8,-0.01999999999999999,0.1667889,0
24874,33,PER1,-0.24,-0.05668889999999999,0
24875,33,UBR5,-0.039999999999999994,-0.008605799999999986,0
24876,33,EIF3E,-0.010000000000000005,0.06814799999999999,0
24877,33,RFWD3,0.030000000000000002,0.030245300000000003,0
24878,33,BRD3,0.11000000000000001,0.09081900000000001,0
24879,33,PAFAH1B2,0.02,0.01634,0
24880,33,EXT2,0.010000000000000009,0.008593400000000008,0
24881,33,PLCG1,0.53,0.3752249999999999,0
24882,33,SF3B1,-0.25,-0.09730580000000001,0
24883,33,ARHGEF10L,0.02,0.0101934,0
24884,33,NFATC2,0.22000000000000003,0.15602500000000002,0
24885,33,SDHD,0.27,0.14398580000000002,0
24886,33,PABPC1,-0.94,-0.2232502,0
24887,33,POLD1,-0.33,-0.06972049999999999,0
24888,33,CALR,0.039999999999999994,0.0374274,0
24889,33,PIK3CB,0.5700000000000001,0.4613283,0
24890,33,PPM1D,0.18000000000000002,0.13476739999999998,0
24891,33,ATRX,1.0400000000000007,0.8199819,0
24892,33,DGCR8,0.14,0.09062139999999999,0
24893,33,DDX10,0.14,0.0920524,0
24894,33,DROSHA,0.4,0.29352670000000003,0
24895,33,TNFRSF14,-0.12,-0.0436788,0
24896,33,BCL9L,0.13999999999999999,0.09636490000000002,0
24897,33,QKI,-0.09,-0.055446,0
24898,33,BAZ1A,0.01,0.0068444000000000005,0
24899,33,CHD4,0.12999999999999998,0.1332026,0
24900,33,NSD3,0.05999999999999999,0.0681188,0
24901,33,NT5C2,0.17,0.0978932,0
24902,33,CCNB1IP1,0.12,0.0531716,0
24903,33,PCBP1,-0.8300000000000001,-0.2470676,0
24904,33,RALGDS,0.15000000000000002,0.10485420000000001,0
24905,33,ARHGEF12,-0.03,-0.0019635999999999994,0
24906,33,HSP90AB1,1.2000000000000004,0.7724988000000002,0
24907,33,FOXO3,1.3500000000000005,0.9505677,0
24908,33,HIP1,0.0,0.0,0
24909,33,CDC73,-0.17,-0.0260274,0
24910,33,NIN,0.049999999999999996,0.0371858,0
24911,33,MDM4,0.14,0.16923749999999999,0
24912,33,COL3A1,0.17,0.15078200000000003,0
24913,33,CTNND1,0.12000000000000002,0.14606159999999999,0
24914,33,SPOP,-0.030000000000000006,0.006722500000000004,0
24915,33,TMEM127,0.020000000000000004,0.0332787,0
24916,33,CREB3L2,0.049999999999999996,0.035825,0
24917,33,MSH2,0.8800000000000003,0.6701314,0
24918,33,FNBP1,0.0,0.004523000000000001,0
24919,33,ATF1,0.05,0.0344068,0
24920,33,EIF1AX,-0.46,-0.2145322,0
24921,33,PMS1,0.45,0.3409844000000001,0
24922,33,DEK,0.13,0.11433750000000001,0
24923,33,ERBB2,1.0600000000000005,0.6839759000000001,0
24924,33,AKT1,1.1800000000000006,0.7157289,0
24925,33,CHEK2,0.35000000000000003,0.3826033999999999,0
24926,33,SDHB,0.4,0.25185680000000005,0
24927,33,NCOA1,0.41,0.29580039999999996,0
24928,33,CHIC2,0.039999999999999994,0.021231800000000002,0
24929,33,RUNX1,0.6400000000000003,0.6845459,0
24930,33,STAT6,0.31999999999999995,0.21755170000000004,0
24931,33,FH,-0.19,-0.05269509999999999,0
24932,33,AKT3,0.9800000000000004,0.670686,0
24933,33,GNAS,0.22999999999999998,0.15282349999999997,0
24934,33,CTNNB1,1.4300000000000006,0.9996409000000003,0
24935,33,NONO,0.13,0.0933026,0
24936,33,SMARCB1,0.9000000000000004,0.662668,0
24937,33,PRKAR1A,0.11000000000000001,0.1043805,0
24938,33,ITGAV,0.019999999999999983,0.0308919,0
24939,33,SS18,0.39,0.25202040000000003,0
24940,33,MAP2K1,1.0800000000000005,0.6635223,0
24941,33,SIRPA,0.0,0.0009088999999999972,0
24942,33,PPFIBP1,0.38,0.2497163,0
24943,33,RPL22,-0.15000000000000002,0.0771606,0
24944,33,CYLD,0.29000000000000004,0.2306205,0
24945,33,ARID1B,0.7,0.5176969,0
24946,33,SETDB1,0.34,0.2447528,0
24947,33,AFDN,-0.39,-0.13608469999999998,0
24948,33,ZRSR2,0.31000000000000005,0.22697680000000003,0
24949,33,PBRM1,0.9500000000000004,0.6944344000000001,0
24950,33,XPC,0.6000000000000001,0.4005171,0
24951,33,ASXL2,0.26,0.1772113,0
24952,33,TRIM24,-0.24,-0.1014923,0
24953,33,SFPQ,-0.049999999999999996,0.034199099999999975,0
24954,33,NCOA2,0.55,0.39172729999999994,0
24955,33,FOXO4,0.38,0.24183979999999997,0
24956,33,LEF1,0.09000000000000001,0.0953803,0
24957,33,B2M,-0.53,-0.20430519999999996,0
24958,33,DDIT3,-0.37,-0.092948,0
24959,33,BCL6,0.5500000000000002,0.3859580999999999,0
24960,33,KRAS,-1.3000000000000003,-0.3131574,0
24961,33,FAT1,0.05,0.043404399999999996,0
24962,33,ABL2,0.1,0.0718576,0
24963,33,NF1,0.8900000000000005,0.7301136000000001,0
24964,33,BTG1,-0.03,-0.015641099999999998,0
24965,33,EIF4A2,0.10999999999999999,0.08161180000000001,0
24966,33,SET,0.15000000000000002,0.13245030000000002,0
24967,33,EPS15,0.04,0.037185800000000005,0
24968,33,RNF213,0.04,0.030573599999999996,0
24969,33,CTCF,0.9400000000000004,0.6689493,0
24970,33,WDCP,0.09999999999999998,0.06252059999999998,0
24971,33,KAT7,0.10999999999999999,0.08911350000000001,0
24972,33,KDM5C,0.13,0.12081339999999999,0
24973,33,TGFBR2,0.25999999999999995,0.17228159999999998,0
24974,33,ATM,1.4900000000000009,1.1832753,0
24975,33,NUMA1,-0.010000000000000002,0.0044738000000000035,0
24976,33,STAT3,1.580000000000001,1.2125901,0
24977,33,SUB1,-0.18,-0.0735108,0
24978,33,NUP98,0.12000000000000001,0.12877749999999996,0
24979,33,ELL,-0.08000000000000003,-0.019282600000000018,0
24980,33,MAP3K1,0.35,0.2894522,0
24981,33,MALT1,0.17000000000000004,0.15979399999999996,0
24982,33,XPO1,0.37,0.30600079999999996,0
24983,33,SETD1B,0.19,0.1369001,0
24984,33,ETV6,-0.08,0.004424900000000004,0
24985,33,TBL1XR1,0.21000000000000002,0.14100720000000003,0
24986,33,NUP214,-0.03000000000000002,0.10998880000000001,0
24987,33,TPR,0.09,0.10050649999999997,0
24988,33,ATIC,0.040000000000000015,0.05137120000000001,0
24989,33,NACA,0.24,0.16917159999999998,0
24990,33,MYO5A,0.019999999999999997,0.014792000000000001,0
24991,33,SMC1A,0.5600000000000002,0.45848,0
24992,33,LASP1,-0.2,-0.11405959999999998,0
24993,33,ERCC5,0.48,0.31050140000000004,0
24994,33,JUN,-0.3,0.08889829999999999,0
24995,33,THRAP3,0.11000000000000001,0.09103629999999999,0
24996,33,STAG2,0.49,0.39396999999999993,0
24997,33,RAF1,1.1500000000000006,0.8073892,0
24998,33,ERCC3,0.5599999999999999,0.4460489,0
24999,33,SMAD2,0.5200000000000002,0.4796119999999999,0
25000,33,TAF15,0.17,0.13569559999999997,0
25001,33,ARNT,0.2899999999999999,0.24197710000000003,0
25002,33,CLTC,-0.51,-0.2692965,0
25003,33,IKBKB,0.5500000000000003,0.45182609999999995,0
25004,33,IDH1,-0.54,-0.14559309999999998,0
25005,33,SND1,0.02,0.0161901,0
25006,33,KNSTRN,0.03,0.023722499999999997,0
25007,33,RHOA,-1.5500000000000003,-0.3985527000000001,0
25008,33,PALB2,0.6100000000000001,0.5119956999999999,0
25009,33,ARID2,0.7200000000000002,0.5454176000000001,0
25010,33,EZR,-0.060000000000000005,0.005621899999999994,0
25011,33,TP53,-1.18,-0.2250947,0
25012,33,ARAF,0.42000000000000004,0.23326009999999997,0
25013,33,KIF5B,0.43,0.30562319999999993,0
25014,33,KAT6A,0.19999999999999996,0.19277580000000005,0
25015,33,KTN1,-0.12,-0.038312799999999994,0
25016,33,GOLGA5,-0.11,-0.0749606,0
25017,33,KDM5A,0.24,0.20833759999999998,0
25018,33,RAD21,0.47000000000000014,0.35598969999999996,0
25019,33,GNAQ,0.13,0.08755289999999999,0
25020,33,CAMTA1,0.01,0.0057438,0
25021,33,ERCC2,0.62,0.44914709999999997,0
25022,33,EZH2,1.710000000000001,1.1085756999999998,0
25023,33,TOP1,0.13999999999999996,0.1064056,0
25024,33,SRSF3,-0.28,-0.08608269999999998,0
25025,33,NPM1,0.03,0.18227709999999997,0
25026,33,BAX,-0.45999999999999996,-0.1439262,0
25027,33,NOTCH2,0.29000000000000004,0.22941839999999997,0
25028,33,TRAF7,0.03,0.023018999999999998,0
25029,33,KDM6A,0.9100000000000003,0.7639830000000003,0
25030,33,SPEN,0.09,0.069134,0
25031,33,TRIM27,-0.47000000000000003,-0.1630467,0
25032,33,CRTC1,0.14,0.10248280000000001,0
25033,33,EML4,0.25,0.21882779999999993,0
25034,33,USP9X,-0.010000000000000002,-0.003347700000000002,0
25035,33,PTPRK,0.01,0.007005,0
25036,33,CD74,-0.19000000000000003,-0.03236469999999999,0
25037,33,CBL,0.6000000000000001,0.45227459999999997,0
25038,33,ZNF384,-0.07,-0.036068699999999995,0
25039,33,NOTCH1,1.0300000000000005,0.7342557000000002,0
25040,33,COX6C,-0.12,-0.0503088,0
25041,33,CHCHD7,0.03,0.0204723,0
25042,33,HMGA1,-0.13,-0.0596542,0
25043,33,PTEN,1.3200000000000007,1.1249283,0
25044,33,FIP1L1,-0.04000000000000001,-0.0221099,0
25045,33,JAK1,0.7800000000000002,0.6243842000000001,0
25046,33,ZMYM2,-0.07,-0.047253800000000006,0
25047,33,SUZ12,0.7000000000000002,0.5070644,0
25048,33,FUS,-0.07000000000000006,0.1464357,0
25049,33,BAP1,0.05,0.05685900000000001,0
25050,33,ZCCHC8,-0.06,-0.018691799999999998,0
25051,33,CRNKL1,-0.049999999999999996,-0.0269258,0
25052,33,RAD17,0.11000000000000001,0.08396659999999999,0
25053,33,ATP1A1,0.0,0.0007191999999999997,0
25054,33,DNMT3A,0.8700000000000004,0.6484533000000001,0
25055,33,FBXW7,1.0000000000000002,0.7706729,0
25056,33,WWTR1,-0.08,-0.0422926,0
25057,33,CDKN1B,0.6000000000000001,0.38922219999999996,0
25058,33,KMT2A,0.44000000000000006,0.3819672000000001,0
25059,33,PTPN11,0.9400000000000004,0.6959789000000001,0
25060,33,STAT5B,0.7300000000000002,0.5465508,0
25061,33,CUX1,-0.1,-0.0660251,0
25062,33,ABI1,-0.30000000000000004,-0.10085700000000002,0
25063,33,BRCA1,1.660000000000001,1.3303715,0
25064,33,SH2B3,0.05,0.0398474,0
25065,33,AFF4,0.03,0.0312636,0
25066,33,NF2,0.04000000000000001,0.0900488,0
25067,33,LMNA,-0.009999999999999995,0.026844599999999996,0
25068,33,TSC2,0.52,0.4377357999999999,0
25069,33,GOLPH3,-0.11,-0.0667812,0
25070,33,PCM1,-0.060000000000000005,-0.0399698,0
25071,33,PPP2R1A,-0.4800000000000001,-0.17516410000000007,0
25072,33,ARID1A,1.8200000000000012,1.3431644999999999,0
25073,33,ABL1,0.18000000000000002,0.1836502000000001,0
25074,33,AFF1,0.2,0.16029520000000003,0
25075,33,DAXX,-0.25,-0.05581330000000001,0
25076,33,CBFB,0.12999999999999998,0.10384830000000002,0
25077,33,CBLB,0.15000000000000002,0.1168711,0
25078,33,POLR2A,-0.040000000000000036,0.17133629999999989,0
25079,33,PRKACA,0.29,0.2238244,0
25080,33,DNM2,-0.12000000000000001,-0.05017690000000001,0
25081,33,RAP1GDS1,-0.060000000000000005,-0.026784600000000002,0
25082,33,NCOR1,0.8500000000000002,0.7679026999999999,0
25083,33,NFKBIE,-0.26000000000000006,-0.09134120000000001,0
25084,33,DDX3X,0.16999999999999998,0.1398975,0
25085,33,ELK4,0.02,0.0148258,0
25086,33,MLLT6,0.12000000000000001,0.097159,0
25087,33,SRSF2,-1.4000000000000001,-0.3738911,0
25088,33,CTNNA1,0.1,0.0750505,0
25089,33,RBM10,0.2,0.1416927,0
25090,33,PTPRC,0.14,0.13366070000000002,0
25091,33,HSP90AA1,1.2100000000000006,0.7925852000000001,0
25092,34,NSD1,0.34,0.2921611,1
25093,34,DICER1,0.14999999999999997,0.23061580000000004,1
25094,34,BIRC6,0.13999999999999999,0.1278482,1
25095,34,SDHC,0.42999999999999994,0.3272293,1
25096,34,TFG,0.21000000000000002,0.132363,1
25097,34,MAP2K2,0.25,0.1827519,1
25098,34,TFRC,-0.27,-0.0983477,1
25099,34,CREB1,1.0000000000000004,0.8756262,1
25100,34,POLG,-0.01,-0.0028076,1
25101,34,SETD2,0.6000000000000003,0.5615511000000002,1
25102,34,NAB2,-0.5,-0.14817940000000002,1
25103,34,HIF1A,1.6800000000000008,1.2940233000000003,1
25104,34,FLCN,-0.030000000000000006,0.014842299999999996,1
25105,34,MAP2K4,0.09,0.1400509,1
25106,34,CNOT3,0.07,0.06704140000000001,1
25107,34,CIITA,0.06999999999999999,0.0433044,1
25108,34,LSM14A,0.14,0.117715,1
25109,34,AKAP9,-0.03,0.023034000000000006,1
25110,34,MSN,-0.32,-0.095251,1
25111,34,BCR,-0.02999999999999999,0.06284469999999999,1
25112,34,TRRAP,-0.029999999999999975,0.20278179999999998,1
25113,34,PPP6C,-0.13,-0.0510929,1
25114,34,NCOA4,-0.10000000000000003,-0.01843170000000001,1
25115,34,BCL9,0.19000000000000003,0.1490902,1
25116,34,PRCC,0.09999999999999999,0.0757612,1
25117,34,LARP4B,0.02,0.0146034,1
25118,34,CHD2,0.02,0.0181106,1
25119,34,ASXL1,0.41,0.42373920000000004,1
25120,34,SMARCA4,2.030000000000001,1.5950988000000001,1
25121,34,ERC1,-0.03,-0.0222036,1
25122,34,DCTN1,-0.030000000000000002,0.02350030000000001,1
25123,34,PIK3R1,1.2100000000000006,1.0011647,1
25124,34,EED,0.13,0.10134120000000002,1
25125,34,CNBP,0.02,0.0123808,1
25126,34,SGK1,0.51,0.3482062,1
25127,34,MLLT10,-0.14,-0.0698107,1
25128,34,BRD4,1.0000000000000004,0.8875204000000001,1
25129,34,RANBP2,0.28,0.2733272,1
25130,34,FBXO11,0.06,0.048483,1
25131,34,PML,0.35,0.2271189,1
25132,34,AKT2,1.06,0.7838868,1
25133,34,CEP89,0.04,0.0264636,1
25134,34,LZTR1,0.1,0.11549419999999999,1
25135,34,YWHAE,0.21000000000000002,0.14220270000000002,1
25136,34,DNAJB1,-0.030000000000000002,-0.002759399999999995,1
25137,34,PRDM2,0.07,0.057648000000000005,1
25138,34,TPM4,0.55,0.3998939,1
25139,34,CREBBP,1.9200000000000013,1.5930882000000004,1
25140,34,PMS2,0.65,0.5764141,1
25141,34,DDR2,0.03,0.0195252,1
25142,34,FANCA,0.39999999999999997,0.33055460000000003,1
25143,34,PDE4DIP,0.08,0.061702400000000004,1
25144,34,USP8,-0.07,-0.027303000000000004,1
25145,34,MYH9,-0.43999999999999995,-0.1123469,1
25146,34,MYC,-1.4900000000000002,-0.29153880000000004,1
25147,34,NBN,0.6000000000000001,0.47398189999999996,1
25148,34,CCND3,-0.04000000000000001,0.0196417,1
25149,34,TRIP11,-0.08,-0.05854680000000001,1
25150,34,CNTRL,-0.05,-0.0418749,1
25151,34,PIK3CA,1.310000000000001,1.1434253,1
25152,34,DDX5,0.3,0.3044716999999999,1
25153,34,PICALM,3.469446951953614e-18,0.003240500000000004,1
25154,34,RARA,-0.20999999999999996,0.025598799999999998,1
25155,34,DDX6,0.05000000000000002,0.1234519,1
25156,34,COL1A1,0.2,0.1771028,1
25157,34,VHL,0.24,0.17901640000000002,1
25158,34,MAPK1,1.8900000000000012,1.3654876000000002,1
25159,34,SRC,0.24999999999999994,0.3487383,1
25160,34,NFE2L2,0.4,0.2910357,1
25161,34,MITF,-0.14000000000000004,-0.0034075000000000077,1
25162,34,SMAD3,1.1900000000000008,1.1242361,1
25163,34,RBM15,0.11000000000000001,0.09780170000000002,1
25164,34,ATR,0.73,0.6003288000000001,1
25165,34,EPAS1,0.43,0.4165385000000001,1
25166,34,TPM3,0.22000000000000003,0.17653830000000004,1
25167,34,RPL10,0.13,0.1284134,1
25168,34,STAG1,0.11,0.1505332,1
25169,34,SBDS,-0.04,-0.014109199999999999,1
25170,34,KMT2D,0.9700000000000003,0.7973612000000001,1
25171,34,MED12,0.37,0.3186185999999999,1
25172,34,BCLAF1,-0.04000000000000001,0.0293425,1
25173,34,ASPSCR1,-0.04,-0.009988899999999995,1
25174,34,CDK12,0.54,0.44000560000000005,1
25175,34,EWSR1,0.26000000000000006,0.30267780000000005,1
25176,34,NDRG1,-0.009999999999999997,0.0057582,1
25177,34,PSIP1,0.019999999999999987,0.0366827,1
25178,34,TRIM33,0.12000000000000001,0.1081938,1
25179,34,MTOR,1.1400000000000003,0.9125197,1
25180,34,ARHGAP35,0.16000000000000003,0.15390020000000001,1
25181,34,POT1,-0.009999999999999998,0.006185199999999998,1
25182,34,EXT1,0.11,0.08008660000000001,1
25183,34,IL6ST,0.34,0.2898661,1
25184,34,IDH2,0.11999999999999998,0.13902549999999997,1
25185,34,SMARCE1,0.31,0.2228958,1
25186,34,CRTC3,0.09,0.0763257,1
25187,34,TSC1,0.26,0.2837961,1
25188,34,BCOR,-0.11000000000000001,0.018853299999999996,1
25189,34,SDHA,0.25000000000000006,0.19519010000000003,1
25190,34,EP300,2.3200000000000007,1.9824219999999995,1
25191,34,HNRNPA2B1,0.45,0.321059,1
25192,34,CLIP1,-0.12000000000000001,-0.0650032,1
25193,34,PATZ1,-0.65,-0.1466915,1
25194,34,FUBP1,-0.1,0.011956199999999993,1
25195,34,HLA-A,-0.06,0.02086739999999999,1
25196,34,CCNC,-0.26,-0.10598570000000002,1
25197,34,RPN1,-0.18,-0.0638399,1
25198,34,TCF7L2,0.09000000000000001,0.12917309999999999,1
25199,34,CANT1,0.0,0.015417799999999995,1
25200,34,RPL5,-0.48000000000000004,-0.1294646,1
25201,34,CCDC6,0.09,0.1077044,1
25202,34,NCKIPSD,-0.03,-0.0087338,1
25203,34,SMARCD1,0.44,0.35357720000000004,1
25204,34,BCL10,-0.030000000000000006,0.0521523,1
25205,34,MAX,0.03,0.0764801,1
25206,34,HERPUD1,-0.07,-0.015563100000000002,1
25207,34,RAC1,-0.030000000000000034,0.11519169999999998,1
25208,34,FLNA,0.07999999999999999,0.07351260000000001,1
25209,34,TFE3,-0.7300000000000001,-0.26351100000000005,1
25210,34,NCOR2,0.5600000000000002,0.4919142999999999,1
25211,34,PRPF40B,0.03,0.0177674,1
25212,34,BCL3,-0.07999999999999996,-0.01128619999999999,1
25213,34,TFPT,-0.41000000000000003,-0.1138085,1
25214,34,MLH1,0.6900000000000002,0.653244,1
25215,34,ARHGAP5,0.11,0.10747029999999999,1
25216,34,CIC,0.0,0.0,1
25217,34,LYN,0.77,0.5923352999999999,1
25218,34,TCF12,0.35000000000000003,0.285263,1
25219,34,KLF6,0.05,0.0326402,1
25220,34,KMT2C,0.9700000000000004,0.8239748000000001,1
25221,34,PIM1,-0.1,-0.005209399999999996,1
25222,34,CCND1,1.1100000000000005,0.7306947000000003,1
25223,34,MLLT1,-1.3800000000000003,-0.3548363,1
25224,34,MEN1,-0.16,-0.0564385,1
25225,34,CUL3,0.16,0.1692025,1
25226,34,RB1,0.7000000000000002,0.5706274000000001,1
25227,34,LPP,-0.09999999999999999,-0.023805999999999997,1
25228,34,BUB1B,-0.12999999999999998,-0.0413255,1
25229,34,SMAD4,1.630000000000001,1.3184315,1
25230,34,FGFR1,0.19000000000000003,0.2145168,1
25231,34,TMSB4X,0.04,0.030732400000000003,1
25232,34,CDK4,0.9600000000000004,0.6388193999999998,1
25233,34,MSI2,0.01,0.0078682,1
25234,34,MSH6,0.9900000000000004,0.8125946,1
25235,34,BRAF,1.2100000000000006,1.0651178,1
25236,34,TCEA1,-0.17,-0.0350761,1
25237,34,TNFAIP3,0.16999999999999998,0.1424835,1
25238,34,RABEP1,0.010000000000000002,0.007542199999999999,1
25239,34,GMPS,-0.08000000000000002,-0.0447707,1
25240,34,MDM2,1.260000000000001,0.9934387,1
25241,34,NSD2,0.22999999999999998,0.17347210000000002,1
25242,34,CASP8,-0.32,0.06780330000000001,1
25243,34,PER1,-0.19,-0.07354830000000001,1
25244,34,UBR5,0.009999999999999998,0.0360341,1
25245,34,EIF3E,0.0,0.0558958,1
25246,34,RFWD3,0.030000000000000002,0.03226,1
25247,34,BRD3,0.09999999999999999,0.07576870000000001,1
25248,34,PAFAH1B2,0.03,0.027146099999999996,1
25249,34,EXT2,0.009999999999999995,0.01278760000000001,1
25250,34,PLCG1,0.5,0.4209557,1
25251,34,SF3B1,-0.55,-0.2447983,1
25252,34,ARHGEF10L,0.03,0.0144942,1
25253,34,NFATC2,0.25,0.1837836,1
25254,34,SDHD,0.33999999999999997,0.23846019999999996,1
25255,34,PABPC1,-0.7000000000000002,-0.1648472,1
25256,34,POLD1,-0.42000000000000004,-0.08704139999999998,1
25257,34,CALR,0.05000000000000003,0.08027390000000001,1
25258,34,PIK3CB,0.7600000000000002,0.6254017000000001,1
25259,34,PPM1D,0.29000000000000004,0.22788110000000003,1
25260,34,ATRX,0.9400000000000004,0.8248756000000002,1
25261,34,DGCR8,0.17,0.13501269999999999,1
25262,34,DDX10,0.15000000000000002,0.1191538,1
25263,34,DROSHA,0.51,0.40703690000000003,1
25264,34,TNFRSF14,-0.19,-0.0602167,1
25265,34,BCL9L,0.12,0.0903467,1
25266,34,QKI,0.06,0.046521099999999996,1
25267,34,BAZ1A,0.01,0.0080415,1
25268,34,CHD4,0.36000000000000004,0.3159791,1
25269,34,NSD3,0.1,0.1102008,1
25270,34,NT5C2,0.14,0.0808219,1
25271,34,CCNB1IP1,0.14,0.06288940000000001,1
25272,34,PCBP1,-0.83,-0.2100855,1
25273,34,RALGDS,-0.12000000000000002,0.016517100000000007,1
25274,34,ARHGEF12,-0.010000000000000009,0.030143499999999997,1
25275,34,HSP90AB1,0.9100000000000004,0.6625616,1
25276,34,FOXO3,1.530000000000001,1.1604911999999998,1
25277,34,HIP1,-0.02,-0.0122082,1
25278,34,CDC73,-0.06999999999999999,0.03125159999999998,1
25279,34,NIN,-0.020000000000000004,-0.011430199999999998,1
25280,34,MDM4,0.07000000000000002,0.1423741,1
25281,34,COL3A1,0.23,0.1892287,1
25282,34,CTNND1,0.13,0.1617534,1
25283,34,SPOP,0.06999999999999999,0.08922400000000003,1
25284,34,TMEM127,0.04000000000000001,0.029458,1
25285,34,CREB3L2,0.12000000000000001,0.0756055,1
25286,34,MSH2,1.0100000000000005,0.8296544000000001,1
25287,34,FNBP1,0.010000000000000004,0.033217,1
25288,34,ATF1,0.14,0.0955474,1
25289,34,EIF1AX,-0.4899999999999999,-0.19364489999999995,1
25290,34,PMS1,0.43000000000000005,0.3349469,1
25291,34,DEK,0.11,0.1118789,1
25292,34,ERBB2,1.0000000000000004,0.6690830999999999,1
25293,34,AKT1,0.6000000000000001,0.46910949999999996,1
25294,34,CHEK2,0.6100000000000001,0.5802515,1
25295,34,SDHB,0.44000000000000006,0.32016,1
25296,34,NCOA1,0.43999999999999995,0.3520124,1
25297,34,CHIC2,0.09999999999999999,0.0709321,1
25298,34,RUNX1,-0.08999999999999997,0.5163264999999999,1
25299,34,STAT6,0.36,0.33621589999999996,1
25300,34,FH,-0.009999999999999981,0.03379120000000001,1
25301,34,AKT3,1.1900000000000006,0.8953470000000001,1
25302,34,GNAS,0.38,0.26886180000000004,1
25303,34,CTNNB1,1.5300000000000007,1.0507047999999999,1
25304,34,NONO,0.31000000000000005,0.26998079999999997,1
25305,34,SMARCB1,0.9900000000000004,0.7816175000000001,1
25306,34,PRKAR1A,0.17,0.18399379999999999,1
25307,34,ITGAV,-0.03,0.0351266,1
25308,34,SS18,0.42,0.3035802,1
25309,34,MAP2K1,0.9900000000000004,0.6097826000000001,1
25310,34,SIRPA,-0.08000000000000002,-0.0183399,1
25311,34,PPFIBP1,0.41,0.3052198,1
25312,34,RPL22,-0.22000000000000008,0.0962513,1
25313,34,CYLD,0.31000000000000005,0.25147020000000003,1
25314,34,ARID1B,0.8400000000000001,0.6617933,1
25315,34,SETDB1,0.32,0.2332152,1
25316,34,AFDN,-0.32999999999999996,-0.0946994,1
25317,34,ZRSR2,-0.020000000000000004,-0.005842899999999991,1
25318,34,PBRM1,1.0200000000000005,0.7756443,1
25319,34,XPC,0.45,0.2690424,1
25320,34,ASXL2,0.27,0.20256350000000004,1
25321,34,TRIM24,-0.18,0.0030834000000000052,1
25322,34,SFPQ,-0.31999999999999995,-0.0631233,1
25323,34,NCOA2,0.5700000000000001,0.4741724999999999,1
25324,34,FOXO4,0.36,0.23105830000000005,1
25325,34,LEF1,0.21,0.17609450000000001,1
25326,34,B2M,-0.30000000000000004,-0.13099709999999998,1
25327,34,DDIT3,-0.37000000000000005,-0.11265149999999999,1
25328,34,BCL6,0.38,0.32331360000000003,1
25329,34,KRAS,-0.23999999999999988,0.0973154,1
25330,34,FAT1,0.13,0.10153960000000001,1
25331,34,ABL2,0.09,0.0808928,1
25332,34,NF1,1.2200000000000006,0.9892540000000001,1
25333,34,BTG1,-0.06,-0.0263676,1
25334,34,EIF4A2,0.030000000000000002,0.015115900000000005,1
25335,34,SET,0.18,0.147844,1
25336,34,EPS15,0.1,0.0874818,1
25337,34,RNF213,0.05,0.0438042,1
25338,34,CTCF,1.0400000000000005,0.7295254999999999,1
25339,34,WDCP,0.24000000000000002,0.15004449999999997,1
25340,34,KAT7,0.17,0.1502437,1
25341,34,KDM5C,0.20000000000000004,0.19009359999999997,1
25342,34,TGFBR2,0.16999999999999996,0.1836417,1
25343,34,ATM,0.9300000000000006,0.9421340999999998,1
25344,34,NUMA1,0.04000000000000001,0.042174800000000005,1
25345,34,STAT3,0.8000000000000003,0.8317635000000002,1
25346,34,SUB1,-0.07,-0.030065400000000003,1
25347,34,NUP98,0.16999999999999996,0.1880073,1
25348,34,ELL,0.020000000000000004,0.012071799999999997,1
25349,34,MAP3K1,0.47000000000000014,0.3685819,1
25350,34,MALT1,0.08999999999999998,0.129113,1
25351,34,XPO1,0.5300000000000001,0.42967020000000017,1
25352,34,SETD1B,0.28,0.223532,1
25353,34,ETV6,-0.06999999999999999,-0.007473800000000001,1
25354,34,TBL1XR1,0.24000000000000002,0.1736859,1
25355,34,NUP214,0.02,0.1847943,1
25356,34,TPR,0.14,0.12145929999999999,1
25357,34,ATIC,0.12,0.13811659999999998,1
25358,34,NACA,0.22999999999999998,0.1451762,1
25359,34,MYO5A,0.02,0.0148821,1
25360,34,SMC1A,0.37,0.42607909999999993,1
25361,34,LASP1,-0.26,-0.1292992,1
25362,34,ERCC5,0.41000000000000003,0.258121,1
25363,34,JUN,-0.23,0.13953559999999998,1
25364,34,THRAP3,0.09,0.0698893,1
25365,34,STAG2,0.22999999999999995,0.2870663,1
25366,34,RAF1,0.8400000000000003,0.6540161999999999,1
25367,34,ERCC3,0.45,0.39777450000000003,1
25368,34,SMAD2,0.5400000000000003,0.5631276000000002,1
25369,34,TAF15,0.22000000000000003,0.180263,1
25370,34,ARNT,0.23999999999999996,0.22681540000000003,1
25371,34,CLTC,-0.8,-0.31184060000000013,1
25372,34,IKBKB,0.41000000000000014,0.44618339999999995,1
25373,34,IDH1,-0.6500000000000001,-0.19792419999999997,1
25374,34,SND1,0.0,0.021729599999999998,1
25375,34,KNSTRN,0.02,0.0147444,1
25376,34,RHOA,-2.8500000000000005,-0.6824522000000002,1
25377,34,PALB2,0.58,0.4966416,1
25378,34,ARID2,0.8500000000000001,0.6750386,1
25379,34,EZR,-0.17,-0.0541728,1
25380,34,TP53,0.15999999999999995,0.3459522999999997,1
25381,34,ARAF,0.42,0.24291319999999997,1
25382,34,KIF5B,0.5600000000000002,0.43384280000000003,1
25383,34,KAT6A,0.16,0.20800539999999998,1
25384,34,KTN1,-0.09000000000000001,-0.011368600000000003,1
25385,34,GOLGA5,-0.07,-0.046692399999999995,1
25386,34,KDM5A,0.23,0.23635789999999998,1
25387,34,RAD21,0.56,0.4649992999999999,1
25388,34,GNAQ,0.32999999999999996,0.2500548,1
25389,34,CAMTA1,0.06,0.043204000000000006,1
25390,34,ERCC2,0.63,0.4781295000000001,1
25391,34,EZH2,1.680000000000001,1.2656420999999993,1
25392,34,TOP1,0.27,0.21749019999999997,1
25393,34,SRSF3,-0.26,-0.0495443,1
25394,34,NPM1,0.31000000000000016,0.27424519999999997,1
25395,34,BAX,-0.7000000000000001,-0.1589706,1
25396,34,NOTCH2,0.28,0.2429517,1
25397,34,TRAF7,0.02,0.014001399999999999,1
25398,34,KDM6A,0.7900000000000003,0.8171929,1
25399,34,SPEN,0.15,0.1185145,1
25400,34,TRIM27,-0.64,-0.18278470000000002,1
25401,34,CRTC1,0.15,0.12024270000000001,1
25402,34,EML4,0.27,0.28870710000000005,1
25403,34,USP9X,0.009999999999999998,0.0056784999999999995,1
25404,34,PTPRK,0.0,0.0,1
25405,34,CD74,-0.31000000000000005,-0.04889660000000002,1
25406,34,CBL,0.52,0.49514459999999993,1
25407,34,ZNF384,0.04,0.0321442,1
25408,34,NOTCH1,1.1400000000000006,0.8350312999999999,1
25409,34,COX6C,-0.14,-0.0466492,1
25410,34,CHCHD7,0.03,0.0191286,1
25411,34,HMGA1,-0.06,-0.019554899999999997,1
25412,34,PTEN,1.340000000000001,1.2647132999999997,1
25413,34,FIP1L1,-0.04000000000000001,-0.0053331,1
25414,34,JAK1,0.8900000000000003,0.7442703,1
25415,34,ZMYM2,-1.734723475976807e-18,0.0020065999999999955,1
25416,34,SUZ12,0.9000000000000004,0.6868338,1
25417,34,FUS,-0.44000000000000006,0.044313199999999976,1
25418,34,BAP1,-0.39999999999999997,-0.16328630000000002,1
25419,34,ZCCHC8,-0.11,-0.0267102,1
25420,34,CRNKL1,0.01,0.007636399999999999,1
25421,34,RAD17,0.19999999999999998,0.1478963,1
25422,34,ATP1A1,0.01,0.0059928,1
25423,34,DNMT3A,1.0500000000000003,0.8601416999999999,1
25424,34,FBXW7,0.9300000000000004,0.8227321,1
25425,34,WWTR1,-0.16,-0.06591369999999999,1
25426,34,CDKN1B,0.26,0.25264509999999996,1
25427,34,KMT2A,0.32000000000000006,0.3685453999999999,1
25428,34,PTPN11,1.0700000000000007,0.8997205,1
25429,34,STAT5B,0.6300000000000001,0.5515731000000001,1
25430,34,CUX1,-0.060000000000000005,-0.03722640000000001,1
25431,34,ABI1,-0.24,-0.06135669999999999,1
25432,34,BRCA1,1.9100000000000015,1.5110841999999995,1
25433,34,SH2B3,0.08,0.046319599999999995,1
25434,34,AFF4,-0.06999999999999998,-0.024431099999999997,1
25435,34,NF2,0.13,0.14268559999999997,1
25436,34,LMNA,0.08999999999999998,0.0657206,1
25437,34,TSC2,0.8600000000000003,0.691048,1
25438,34,GOLPH3,-0.07,-0.0458653,1
25439,34,PCM1,-0.04,-0.031197400000000004,1
25440,34,PPP2R1A,-0.49,-0.1280663,1
25441,34,ARID1A,1.8700000000000012,1.5208838999999996,1
25442,34,ABL1,-0.33,0.03505769999999996,1
25443,34,AFF1,0.07,0.09617529999999999,1
25444,34,DAXX,-0.4,-0.0926991,1
25445,34,CBFB,0.060000000000000005,0.1083705,1
25446,34,CBLB,0.17,0.1486972,1
25447,34,POLR2A,-0.15000000000000002,0.17426609999999995,1
25448,34,PRKACA,0.15000000000000005,0.2228162,1
25449,34,DNM2,-0.11000000000000001,-0.0395453,1
25450,34,RAP1GDS1,0.050000000000000044,0.0660018,1
25451,34,NCOR1,0.8200000000000001,0.8853876999999999,1
25452,34,NFKBIE,-0.49000000000000005,-0.13659900000000003,1
25453,34,DDX3X,0.27999999999999997,0.2551075,1
25454,34,ELK4,0.03,0.025668,1
25455,34,MLLT6,0.06,0.0572758,1
25456,34,SRSF2,-2.54,-0.6281224999999999,1
25457,34,CTNNA1,0.17,0.13562580000000002,1
25458,34,RBM10,0.16,0.11689410000000001,1
25459,34,PTPRC,-0.010000000000000002,0.09462010000000001,1
25460,34,HSP90AA1,0.9700000000000004,0.6478454999999996,1
25461,34,NSD1,0.24,0.20089780000000002,0
25462,34,DICER1,0.19000000000000003,0.20937770000000006,0
25463,34,BIRC6,0.07,0.058820300000000006,0
25464,34,SDHC,0.26,0.19253629999999997,0
25465,34,TFG,0.34,0.19632290000000002,0
25466,34,MAP2K2,0.26,0.20258299999999999,0
25467,34,TFRC,-0.29,-0.1357432,0
25468,34,CREB1,0.8300000000000005,0.6241230000000002,0
25469,34,POLG,0.02,0.0076102,0
25470,34,SETD2,0.7200000000000002,0.6018400000000002,0
25471,34,NAB2,-0.37,-0.12352040000000002,0
25472,34,HIF1A,1.6700000000000008,1.1976285999999998,0
25473,34,FLCN,0.05,0.04261709999999999,0
25474,34,MAP2K4,-0.04999999999999999,0.057276799999999996,0
25475,34,CNOT3,0.0,0.013691800000000002,0
25476,34,CIITA,0.09000000000000001,0.0558001,0
25477,34,LSM14A,0.1,0.0856866,0
25478,34,AKAP9,-0.09,-0.0307386,0
25479,34,MSN,-0.2899999999999999,-0.055625600000000025,0
25480,34,BCR,0.07,0.0592482,0
25481,34,TRRAP,0.020000000000000018,0.15293869999999998,0
25482,34,PPP6C,-0.15000000000000002,-0.07739460000000001,0
25483,34,NCOA4,-0.16,-0.08989069999999999,0
25484,34,BCL9,0.16,0.12608370000000002,0
25485,34,PRCC,0.07,0.05651330000000001,0
25486,34,LARP4B,0.0,0.0,0
25487,34,CHD2,0.01,0.007558200000000001,0
25488,34,ASXL1,0.5900000000000001,0.5108575000000001,0
25489,34,SMARCA4,1.3100000000000007,0.9781712999999999,0
25490,34,ERC1,-0.02,-0.0154438,0
25491,34,DCTN1,-0.32999999999999996,-0.15294670000000002,0
25492,34,PIK3R1,1.3100000000000007,0.9509384999999998,0
25493,34,EED,-0.05000000000000001,0.02330869999999999,0
25494,34,CNBP,0.01,0.0055028,0
25495,34,SGK1,0.26999999999999996,0.15901980000000002,0
25496,34,MLLT10,-0.12,-0.039230100000000004,0
25497,34,BRD4,0.9600000000000005,0.7276517999999998,0
25498,34,RANBP2,0.16,0.18747670000000002,0
25499,34,FBXO11,0.060000000000000005,0.04717600000000001,0
25500,34,PML,0.36,0.255111,0
25501,34,AKT2,0.9900000000000003,0.6651546,0
25502,34,CEP89,0.08,0.05304010000000001,0
25503,34,LZTR1,0.08,0.07911929999999999,0
25504,34,YWHAE,0.25,0.1571124,0
25505,34,DNAJB1,-0.05,-0.008406300000000002,0
25506,34,PRDM2,0.02,0.015102899999999999,0
25507,34,TPM4,0.46,0.29310030000000004,0
25508,34,CREBBP,1.8300000000000014,1.4773891000000001,0
25509,34,PMS2,0.6200000000000001,0.5492520000000001,0
25510,34,DDR2,0.07,0.0484464,0
25511,34,FANCA,0.36,0.2851794,0
25512,34,PDE4DIP,0.05,0.0322257,0
25513,34,USP8,-0.1,-0.04605730000000001,0
25514,34,MYH9,-0.23,-0.027337200000000013,0
25515,34,MYC,-1.1400000000000003,-0.43164119999999995,0
25516,34,NBN,0.53,0.3999393,0
25517,34,CCND3,-0.12999999999999998,-0.0017365999999999987,0
25518,34,TRIP11,-0.12000000000000001,-0.08395520000000001,0
25519,34,CNTRL,-0.08,-0.0509748,0
25520,34,PIK3CA,1.4900000000000007,1.0880913,0
25521,34,DDX5,0.43999999999999995,0.363754,0
25522,34,PICALM,3.469446951953614e-18,0.0048153000000000015,0
25523,34,RARA,0.4000000000000001,0.2846213000000001,0
25524,34,DDX6,-0.05000000000000002,0.07398049999999999,0
25525,34,COL1A1,0.08,0.1066218,0
25526,34,VHL,0.15999999999999998,0.11600990000000001,0
25527,34,MAPK1,1.600000000000001,1.0412888,0
25528,34,SRC,-0.47000000000000003,0.0400026,0
25529,34,NFE2L2,0.26000000000000006,0.19696550000000002,0
25530,34,MITF,-0.32,-0.074579,0
25531,34,SMAD3,1.2100000000000009,0.9185477999999998,0
25532,34,RBM15,0.07,0.0616749,0
25533,34,ATR,0.6600000000000001,0.5465892000000001,0
25534,34,EPAS1,0.41000000000000003,0.35524379999999994,0
25535,34,TPM3,0.18000000000000002,0.11961650000000001,0
25536,34,RPL10,0.1,0.0971685,0
25537,34,STAG1,0.10999999999999999,0.11609030000000001,0
25538,34,SBDS,-0.04,-0.0159536,0
25539,34,KMT2D,0.9400000000000004,0.6958856999999999,0
25540,34,MED12,0.3,0.23951130000000004,0
25541,34,BCLAF1,-0.02000000000000001,0.0357324,0
25542,34,ASPSCR1,3.469446951953614e-18,0.013556100000000003,0
25543,34,CDK12,0.35,0.2601378,0
25544,34,EWSR1,0.43999999999999995,0.35089830000000005,0
25545,34,NDRG1,-0.030000000000000002,-0.009198699999999999,0
25546,34,PSIP1,-0.12000000000000001,-0.05989119999999999,0
25547,34,TRIM33,0.03,0.0365183,0
25548,34,MTOR,1.2500000000000007,0.8941507,0
25549,34,ARHGAP35,0.12000000000000001,0.136772,0
25550,34,POT1,-0.039999999999999994,-0.006173500000000001,0
25551,34,EXT1,0.1,0.063552,0
25552,34,IL6ST,0.29000000000000004,0.2270656,0
25553,34,IDH2,-0.030000000000000006,0.032917600000000005,0
25554,34,SMARCE1,0.47000000000000003,0.3012575,0
25555,34,CRTC3,0.09,0.0692305,0
25556,34,TSC1,0.33,0.2855279,0
25557,34,BCOR,-0.16999999999999998,-0.01384320000000001,0
25558,34,SDHA,0.27,0.1627342,0
25559,34,EP300,1.680000000000001,1.3252628,0
25560,34,HNRNPA2B1,0.25,0.2182703,0
25561,34,CLIP1,-0.09999999999999999,-0.048774399999999996,0
25562,34,PATZ1,-0.45,-0.1216467,0
25563,34,FUBP1,-0.17,0.0002744000000000045,0
25564,34,HLA-A,-0.18,-0.0006143999999999941,0
25565,34,CCNC,-0.06,-0.0229776,0
25566,34,RPN1,-0.27,-0.07366420000000001,0
25567,34,TCF7L2,0.09999999999999999,0.11527150000000001,0
25568,34,CANT1,0.1,0.0599905,0
25569,34,RPL5,-0.6,-0.16433240000000002,0
25570,34,CCDC6,-0.020000000000000004,0.043259599999999995,0
25571,34,NCKIPSD,0.03,0.015950999999999996,0
25572,34,SMARCD1,0.45999999999999996,0.324034,0
25573,34,BCL10,6.938893903907228e-18,0.024723700000000005,0
25574,34,MAX,0.020000000000000004,0.027198600000000003,0
25575,34,HERPUD1,0.0,0.0,0
25576,34,RAC1,0.010000000000000002,0.10523560000000001,0
25577,34,FLNA,0.04000000000000001,0.0630831,0
25578,34,TFE3,-0.41000000000000003,-0.16677389999999997,0
25579,34,NCOR2,0.7600000000000002,0.5580400999999999,0
25580,34,PRPF40B,-0.04,-0.0197118,0
25581,34,BCL3,-0.07,-0.023799999999999995,0
25582,34,TFPT,-0.28,-0.08619320000000001,0
25583,34,MLH1,0.8000000000000002,0.6713012,0
25584,34,ARHGAP5,0.11000000000000001,0.1018557,0
25585,34,CIC,0.01,0.0070519,0
25586,34,LYN,0.9000000000000004,0.6356149,0
25587,34,TCF12,0.27999999999999997,0.2102005,0
25588,34,KLF6,0.03,0.0182137,0
25589,34,KMT2C,1.0100000000000002,0.7849301,0
25590,34,PIM1,-0.16,-0.046875200000000006,0
25591,34,CCND1,1.5000000000000009,0.9320252,0
25592,34,MLLT1,-0.9800000000000002,-0.2853992,0
25593,34,MEN1,0.03,0.041200400000000005,0
25594,34,CUL3,0.1,0.1415784,0
25595,34,RB1,0.55,0.43250030000000006,0
25596,34,LPP,-0.06999999999999999,-0.021459499999999996,0
25597,34,BUB1B,-0.15000000000000002,-0.0707564,0
25598,34,SMAD4,1.4700000000000009,1.1022929,0
25599,34,FGFR1,0.25,0.1788513,0
25600,34,TMSB4X,0.04,0.030780400000000003,0
25601,34,CDK4,0.6600000000000003,0.4338179999999999,0
25602,34,MSI2,0.01,0.00717,0
25603,34,MSH6,0.8900000000000003,0.6707324000000002,0
25604,34,BRAF,1.0400000000000005,0.8922006000000001,0
25605,34,TCEA1,-0.09999999999999998,-0.0212139,0
25606,34,TNFAIP3,0.13,0.1161932,0
25607,34,RABEP1,0.0,-0.002525999999999997,0
25608,34,GMPS,-0.07999999999999999,-0.045040199999999996,0
25609,34,MDM2,1.2000000000000006,0.8650896999999999,0
25610,34,NSD2,0.16,0.1097444,0
25611,34,CASP8,-0.019999999999999997,0.17772840000000004,0
25612,34,PER1,-0.21000000000000002,-0.050779500000000005,0
25613,34,UBR5,-0.04999999999999999,-0.014659899999999983,0
25614,34,EIF3E,-0.06999999999999999,0.05047860000000001,0
25615,34,RFWD3,0.020000000000000004,0.025115400000000003,0
25616,34,BRD3,0.13,0.10376669999999999,0
25617,34,PAFAH1B2,0.02,0.015975800000000002,0
25618,34,EXT2,0.010000000000000009,0.003963900000000006,0
25619,34,PLCG1,0.5599999999999999,0.39647119999999997,0
25620,34,SF3B1,-0.24000000000000005,-0.0890482,0
25621,34,ARHGEF10L,0.02,0.0098318,0
25622,34,NFATC2,0.18000000000000002,0.126858,0
25623,34,SDHD,0.28,0.15893680000000002,0
25624,34,PABPC1,-0.9299999999999999,-0.2199287,0
25625,34,POLD1,-0.45,-0.0887053,0
25626,34,CALR,0.04000000000000001,0.036851,0
25627,34,PIK3CB,0.43,0.39877660000000004,0
25628,34,PPM1D,0.16,0.12584820000000002,0
25629,34,ATRX,0.9600000000000005,0.7699574,0
25630,34,DGCR8,0.15,0.09703500000000001,0
25631,34,DDX10,0.10999999999999999,0.07435749999999999,0
25632,34,DROSHA,0.41000000000000003,0.30159690000000006,0
25633,34,TNFRSF14,-0.09,-0.0301482,0
25634,34,BCL9L,0.15,0.1072212,0
25635,34,QKI,-0.08,-0.048958,0
25636,34,BAZ1A,0.01,0.0071048000000000005,0
25637,34,CHD4,0.14,0.1424399,0
25638,34,NSD3,0.039999999999999994,0.053348999999999994,0
25639,34,NT5C2,0.18000000000000002,0.1022536,0
25640,34,CCNB1IP1,0.1,0.04512930000000001,0
25641,34,PCBP1,-0.78,-0.22342910000000005,0
25642,34,RALGDS,0.14,0.10856669999999999,0
25643,34,ARHGEF12,-0.05,-0.002261600000000006,0
25644,34,HSP90AB1,1.0400000000000005,0.7077296,0
25645,34,FOXO3,1.3900000000000006,0.9797447,0
25646,34,HIP1,-0.02,-0.012237800000000002,0
25647,34,CDC73,-0.16,-0.0225537,0
25648,34,NIN,0.04,0.030855200000000003,0
25649,34,MDM4,0.17,0.18005419999999997,0
25650,34,COL3A1,0.17,0.15191599999999997,0
25651,34,CTNND1,0.12000000000000002,0.1367741,0
25652,34,SPOP,-3.469446951953614e-18,0.025195099999999998,0
25653,34,TMEM127,0.09000000000000001,0.07061590000000001,0
25654,34,CREB3L2,0.06999999999999999,0.0443489,0
25655,34,MSH2,0.9200000000000004,0.6761304000000001,0
25656,34,FNBP1,-0.009999999999999998,0.0017944000000000015,0
25657,34,ATF1,0.04000000000000001,0.025462500000000006,0
25658,34,EIF1AX,-0.47000000000000003,-0.2194423,0
25659,34,PMS1,0.43000000000000005,0.32444550000000005,0
25660,34,DEK,0.07000000000000002,0.08544570000000001,0
25661,34,ERBB2,0.9900000000000004,0.6575266000000002,0
25662,34,AKT1,0.9600000000000004,0.6103106000000001,0
25663,34,CHEK2,0.24000000000000005,0.2939050999999999,0
25664,34,SDHB,0.38999999999999996,0.24999300000000002,0
25665,34,NCOA1,0.43999999999999995,0.30732719999999997,0
25666,34,CHIC2,0.05,0.029154000000000006,0
25667,34,RUNX1,0.4500000000000002,0.6227550999999998,0
25668,34,STAT6,0.32000000000000006,0.2373816,0
25669,34,FH,-0.24,-0.0873079,0
25670,34,AKT3,0.9900000000000002,0.6966256999999998,0
25671,34,GNAS,0.24000000000000002,0.1467486,0
25672,34,CTNNB1,1.5000000000000009,1.0459971000000003,0
25673,34,NONO,0.17999999999999997,0.12854410000000002,0
25674,34,SMARCB1,0.8600000000000003,0.6242883,0
25675,34,PRKAR1A,0.09,0.08952940000000001,0
25676,34,ITGAV,0.039999999999999994,0.03878490000000001,0
25677,34,SS18,0.39,0.2511954,0
25678,34,MAP2K1,1.0800000000000005,0.6738680999999999,0
25679,34,SIRPA,-0.01,-0.0023213,0
25680,34,PPFIBP1,0.36,0.23461260000000003,0
25681,34,RPL22,-0.2300000000000001,0.07665029999999998,0
25682,34,CYLD,0.30000000000000004,0.23360720000000001,0
25683,34,ARID1B,0.72,0.5339544,0
25684,34,SETDB1,0.31,0.2216744,0
25685,34,AFDN,-0.3399999999999999,-0.11863130000000004,0
25686,34,ZRSR2,0.29000000000000004,0.2120202,0
25687,34,PBRM1,0.9100000000000004,0.6610122999999999,0
25688,34,XPC,0.56,0.3646225,0
25689,34,ASXL2,0.22000000000000003,0.149722,0
25690,34,TRIM24,-0.19,-0.07945750000000001,0
25691,34,SFPQ,-0.05000000000000001,0.03851349999999998,0
25692,34,NCOA2,0.55,0.3864056999999999,0
25693,34,FOXO4,0.41000000000000003,0.2638225,0
25694,34,LEF1,0.09000000000000001,0.10031549999999999,0
25695,34,B2M,-0.5000000000000001,-0.19676549999999998,0
25696,34,DDIT3,-0.38,-0.10028809999999999,0
25697,34,BCL6,0.6200000000000001,0.43637120000000007,0
25698,34,KRAS,-1.2600000000000005,-0.321161,0
25699,34,FAT1,0.04999999999999999,0.05464909999999999,0
25700,34,ABL2,0.09000000000000001,0.0683977,0
25701,34,NF1,0.8400000000000003,0.7071674000000001,0
25702,34,BTG1,-0.03,-0.0152091,0
25703,34,EIF4A2,0.12,0.09185730000000002,0
25704,34,SET,0.16,0.13942909999999997,0
25705,34,EPS15,0.019999999999999997,0.026663499999999993,0
25706,34,RNF213,0.04,0.030955999999999997,0
25707,34,CTCF,0.9000000000000004,0.6496045,0
25708,34,WDCP,0.10999999999999995,0.07269899999999997,0
25709,34,KAT7,0.1,0.08469299999999999,0
25710,34,KDM5C,0.14,0.1327802,0
25711,34,TGFBR2,0.25,0.17652199999999996,0
25712,34,ATM,1.3600000000000008,1.0945751999999997,0
25713,34,NUMA1,-0.04999999999999999,-0.019429399999999993,0
25714,34,STAT3,1.4800000000000009,1.1590122,0
25715,34,SUB1,-0.29000000000000004,-0.10239130000000002,0
25716,34,NUP98,0.09000000000000001,0.10416430000000002,0
25717,34,ELL,-0.02,0.0016811999999999973,0
25718,34,MAP3K1,0.35999999999999993,0.2932163,0
25719,34,MALT1,0.13,0.1471087,0
25720,34,XPO1,0.33999999999999997,0.28268570000000004,0
25721,34,SETD1B,0.15,0.11065459999999998,0
25722,34,ETV6,-0.15000000000000002,-0.0336954,0
25723,34,TBL1XR1,0.20000000000000004,0.13240099999999996,0
25724,34,NUP214,-0.019999999999999997,0.08520939999999996,0
25725,34,TPR,0.10000000000000002,0.0967738,0
25726,34,ATIC,0.02999999999999997,0.04508219999999999,0
25727,34,NACA,0.24,0.164649,0
25728,34,MYO5A,0.0,0.003570799999999999,0
25729,34,SMC1A,0.5700000000000001,0.4531175,0
25730,34,LASP1,-0.22,-0.12309890000000001,0
25731,34,ERCC5,0.45000000000000007,0.2954503,0
25732,34,JUN,-0.08000000000000007,0.15611440000000001,0
25733,34,THRAP3,0.06999999999999999,0.06043310000000001,0
25734,34,STAG2,0.5,0.3897512999999999,0
25735,34,RAF1,1.0500000000000003,0.7293010999999998,0
25736,34,ERCC3,0.5399999999999999,0.43156189999999994,0
25737,34,SMAD2,0.3700000000000001,0.40845660000000006,0
25738,34,TAF15,0.17000000000000004,0.14444870000000004,0
25739,34,ARNT,0.30000000000000004,0.25185939999999996,0
25740,34,CLTC,-0.53,-0.2766089,0
25741,34,IKBKB,0.5400000000000003,0.4424262,0
25742,34,IDH1,-0.51,-0.1420788,0
25743,34,SND1,-0.03,-0.017342299999999998,0
25744,34,KNSTRN,0.03,0.0244824,0
25745,34,RHOA,-1.5900000000000005,-0.4115976,0
25746,34,PALB2,0.45999999999999996,0.4260898000000001,0
25747,34,ARID2,0.76,0.5713474,0
25748,34,EZR,-0.1,-0.007741199999999992,0
25749,34,TP53,-1.1199999999999999,-0.2184725000000001,0
25750,34,ARAF,0.4,0.2240146,0
25751,34,KIF5B,0.43,0.2988473,0
25752,34,KAT6A,0.19999999999999998,0.1905656,0
25753,34,KTN1,-0.09,-0.022191900000000004,0
25754,34,GOLGA5,-0.13,-0.0864289,0
25755,34,KDM5A,0.23,0.20666,0
25756,34,RAD21,0.44000000000000006,0.3342848,0
25757,34,GNAQ,0.15,0.10797579999999998,0
25758,34,CAMTA1,-0.01,-0.0042932000000000005,0
25759,34,ERCC2,0.6100000000000001,0.4206027,0
25760,34,EZH2,1.680000000000001,1.0568321999999999,0
25761,34,TOP1,0.16,0.1226771,0
25762,34,SRSF3,-0.24000000000000007,-0.07013710000000001,0
25763,34,NPM1,0.03000000000000001,0.17940229999999996,0
25764,34,BAX,-0.48,-0.14648250000000002,0
25765,34,NOTCH2,0.28,0.2204255,0
25766,34,TRAF7,0.03,0.021975,0
25767,34,KDM6A,0.8500000000000002,0.7260618999999998,0
25768,34,SPEN,0.09,0.0670394,0
25769,34,TRIM27,-0.47000000000000003,-0.1620637,0
25770,34,CRTC1,0.15000000000000002,0.1172251,0
25771,34,EML4,0.28,0.2305585,0
25772,34,USP9X,-0.08999999999999998,-0.05785119999999999,0
25773,34,PTPRK,0.01,0.007409,0
25774,34,CD74,-0.22,-0.040864,0
25775,34,CBL,0.6100000000000001,0.4426658,0
25776,34,ZNF384,-0.09,-0.045169299999999996,0
25777,34,NOTCH1,0.9600000000000004,0.6989757999999997,0
25778,34,COX6C,-0.12,-0.05123939999999999,0
25779,34,CHCHD7,0.03,0.0196368,0
25780,34,HMGA1,-0.1,-0.0458466,0
25781,34,PTEN,1.350000000000001,1.1141873,0
25782,34,FIP1L1,-0.03,-0.0152389,0
25783,34,JAK1,0.8100000000000003,0.6453903999999999,0
25784,34,ZMYM2,-0.08,-0.054055000000000006,0
25785,34,SUZ12,0.7200000000000002,0.5099867,0
25786,34,FUS,-0.05000000000000003,0.1769326,0
25787,34,BAP1,0.06999999999999999,0.0771871,0
25788,34,ZCCHC8,-0.08,-0.0232008,0
25789,34,CRNKL1,-0.04,-0.022412400000000002,0
25790,34,RAD17,0.15,0.11030300000000001,0
25791,34,ATP1A1,-0.019999999999999997,-0.0103729,0
25792,34,DNMT3A,0.9300000000000004,0.6842205999999998,0
25793,34,FBXW7,1.0600000000000005,0.8164244000000002,0
25794,34,WWTR1,-0.060000000000000005,-0.029082200000000002,0
25795,34,CDKN1B,0.6300000000000001,0.4055030999999999,0
25796,34,KMT2A,0.45999999999999996,0.38541890000000006,0
25797,34,PTPN11,0.9300000000000004,0.6844407999999996,0
25798,34,STAT5B,0.6800000000000003,0.5145178,0
25799,34,CUX1,-0.07999999999999999,-0.053449300000000005,0
25800,34,ABI1,-0.42000000000000004,-0.1344765,0
25801,34,BRCA1,1.6600000000000013,1.3102514,0
25802,34,SH2B3,0.03,0.0252403,0
25803,34,AFF4,0.039999999999999994,0.049028100000000005,0
25804,34,NF2,0.029999999999999995,0.0787921,0
25805,34,LMNA,1.734723475976807e-18,0.030100500000000006,0
25806,34,TSC2,0.5700000000000002,0.4690298,0
25807,34,GOLPH3,-0.1,-0.06178140000000001,0
25808,34,PCM1,-0.06,-0.03795900000000001,0
25809,34,PPP2R1A,-0.42000000000000004,-0.1305236,0
25810,34,ARID1A,1.8300000000000012,1.3245915,0
25811,34,ABL1,0.12000000000000002,0.1654468,0
25812,34,AFF1,0.2,0.18148650000000002,0
25813,34,DAXX,-0.22000000000000006,-0.0434983,0
25814,34,CBFB,0.10999999999999997,0.0930125,0
25815,34,CBLB,0.14,0.1092355,0
25816,34,POLR2A,0.14000000000000004,0.23755720000000008,0
25817,34,PRKACA,0.25999999999999995,0.20885249999999997,0
25818,34,DNM2,-0.1,-0.0426586,0
25819,34,RAP1GDS1,-0.06,-0.020365599999999994,0
25820,34,NCOR1,0.8300000000000001,0.7464248,0
25821,34,NFKBIE,-0.24000000000000002,-0.0832003,0
25822,34,DDX3X,0.11000000000000003,0.1175817,0
25823,34,ELK4,0.02,0.014480999999999999,0
25824,34,MLLT6,0.13,0.1035992,0
25825,34,SRSF2,-1.27,-0.3571608,0
25826,34,CTNNA1,0.1,0.0752898,0
25827,34,RBM10,0.22,0.1545625,0
25828,34,PTPRC,0.18000000000000002,0.155406,0
25829,34,HSP90AA1,1.2400000000000007,0.8247425000000003,0
25830,35,NSD1,0.3,0.2518155,1
25831,35,DICER1,0.16,0.22394980000000003,1
25832,35,BIRC6,0.12,0.11151730000000001,1
25833,35,SDHC,0.39,0.2850440999999999,1
25834,35,TFG,0.17,0.10749860000000001,1
25835,35,MAP2K2,0.44000000000000006,0.2914762,1
25836,35,TFRC,-0.24000000000000002,-0.0895315,1
25837,35,CREB1,1.0100000000000005,0.8164680999999998,1
25838,35,POLG,-0.01,-0.0034725,1
25839,35,SETD2,0.6100000000000004,0.5569637999999999,1
25840,35,NAB2,-0.48,-0.1478124,1
25841,35,HIF1A,1.660000000000001,1.2746818000000002,1
25842,35,FLCN,-0.04000000000000001,0.007364300000000001,1
25843,35,MAP2K4,0.1,0.132491,1
25844,35,CNOT3,0.039999999999999994,0.0428256,1
25845,35,CIITA,0.060000000000000005,0.034941200000000006,1
25846,35,LSM14A,0.14,0.11003940000000001,1
25847,35,AKAP9,-0.06,-0.0014168000000000028,1
25848,35,MSN,-0.23,-0.055826100000000003,1
25849,35,BCR,-6.938893903907228e-18,0.06319960000000002,1
25850,35,TRRAP,0.050000000000000044,0.17958670000000002,1
25851,35,PPP6C,-0.16,-0.07032160000000001,1
25852,35,NCOA4,-0.06999999999999999,-0.027336600000000003,1
25853,35,BCL9,0.17,0.13552609999999998,1
25854,35,PRCC,0.16,0.1248853,1
25855,35,LARP4B,0.02,0.0135714,1
25856,35,CHD2,0.02,0.0178526,1
25857,35,ASXL1,0.43000000000000016,0.41345079999999995,1
25858,35,SMARCA4,1.900000000000001,1.4822921999999996,1
25859,35,ERC1,-0.03,-0.0214059,1
25860,35,DCTN1,-0.010000000000000002,0.03665840000000002,1
25861,35,PIK3R1,1.2700000000000007,1.0287374999999999,1
25862,35,EED,0.21,0.1324272,1
25863,35,CNBP,0.0,0.0,1
25864,35,SGK1,0.4799999999999999,0.32031230000000005,1
25865,35,MLLT10,-0.07,-0.014198800000000001,1
25866,35,BRD4,1.1100000000000005,0.932435,1
25867,35,RANBP2,0.28,0.27007020000000004,1
25868,35,FBXO11,0.07,0.054208700000000005,1
25869,35,PML,0.51,0.3472683,1
25870,35,AKT2,1.1500000000000006,0.7916367999999998,1
25871,35,CEP89,0.04,0.0221875,1
25872,35,LZTR1,0.07999999999999999,0.1017196,1
25873,35,YWHAE,0.13999999999999999,0.0918185,1
25874,35,DNAJB1,-0.09,-0.0304796,1
25875,35,PRDM2,0.07,0.0580594,1
25876,35,TPM4,0.5000000000000001,0.34256700000000007,1
25877,35,CREBBP,2.0600000000000014,1.6211290000000005,1
25878,35,PMS2,0.9000000000000004,0.7548127,1
25879,35,DDR2,-0.009999999999999998,-0.006253699999999994,1
25880,35,FANCA,0.4100000000000001,0.34938290000000005,1
25881,35,PDE4DIP,0.060000000000000005,0.04365,1
25882,35,USP8,-0.06999999999999999,-0.034772599999999994,1
25883,35,MYH9,-0.41000000000000003,-0.11815999999999999,1
25884,35,MYC,-1.5500000000000005,-0.31376529999999986,1
25885,35,NBN,0.5900000000000001,0.4673879,1
25886,35,CCND3,0.02999999999999999,0.0476269,1
25887,35,TRIP11,-0.11,-0.0792912,1
25888,35,CNTRL,-0.07,-0.054864500000000004,1
25889,35,PIK3CA,1.2900000000000011,1.1067757,1
25890,35,DDX5,0.26,0.2608072000000001,1
25891,35,PICALM,-0.009999999999999998,-0.002074099999999999,1
25892,35,RARA,0.23000000000000004,0.1930142,1
25893,35,DDX6,0.040000000000000015,0.10289929999999999,1
25894,35,COL1A1,0.21000000000000002,0.1876616,1
25895,35,VHL,0.28,0.20082060000000002,1
25896,35,MAPK1,1.6800000000000008,1.1717443,1
25897,35,SRC,0.8100000000000003,0.6233860000000001,1
25898,35,NFE2L2,0.30999999999999994,0.23687280000000002,1
25899,35,MITF,-0.11000000000000001,0.0005416000000000032,1
25900,35,SMAD3,1.340000000000001,1.1512309999999997,1
25901,35,RBM15,0.060000000000000005,0.0579902,1
25902,35,ATR,0.7100000000000003,0.5813908000000001,1
25903,35,EPAS1,0.32000000000000006,0.3400458,1
25904,35,TPM3,0.08000000000000002,0.07978359999999998,1
25905,35,RPL10,0.13,0.1265905,1
25906,35,STAG1,0.10000000000000002,0.12749490000000002,1
25907,35,SBDS,-0.05,-0.0177333,1
25908,35,KMT2D,1.0500000000000005,0.8552758999999999,1
25909,35,MED12,0.33,0.26702030000000004,1
25910,35,BCLAF1,-0.06999999999999999,0.02102460000000001,1
25911,35,ASPSCR1,0.05,0.038613600000000005,1
25912,35,CDK12,0.48,0.3804783,1
25913,35,EWSR1,0.28,0.29605889999999996,1
25914,35,NDRG1,-0.08,-0.02299960000000001,1
25915,35,PSIP1,0.06,0.061224899999999985,1
25916,35,TRIM33,0.1,0.0958654,1
25917,35,MTOR,1.0800000000000005,0.8841140999999999,1
25918,35,ARHGAP35,0.22,0.1794815,1
25919,35,POT1,1.734723475976807e-18,0.009739500000000002,1
25920,35,EXT1,0.12,0.0852252,1
25921,35,IL6ST,0.32,0.26623060000000004,1
25922,35,IDH2,0.21000000000000005,0.19348989999999996,1
25923,35,SMARCE1,0.4,0.2710054,1
25924,35,CRTC3,0.09,0.078348,1
25925,35,TSC1,0.27999999999999997,0.29500309999999996,1
25926,35,BCOR,-0.10999999999999999,0.015503399999999994,1
25927,35,SDHA,0.26,0.21113449999999995,1
25928,35,EP300,2.2500000000000004,1.8794739000000007,1
25929,35,HNRNPA2B1,0.47000000000000003,0.3318719,1
25930,35,CLIP1,-0.17,-0.08518850000000001,1
25931,35,PATZ1,-0.5,-0.1347151,1
25932,35,FUBP1,-0.2,-0.0453039,1
25933,35,HLA-A,-0.06999999999999999,0.016688300000000003,1
25934,35,CCNC,-0.28,-0.11581839999999999,1
25935,35,RPN1,-0.24,-0.07191700000000001,1
25936,35,TCF7L2,0.04,0.09848169999999998,1
25937,35,CANT1,0.020000000000000004,0.023713699999999997,1
25938,35,RPL5,-0.78,-0.2170205,1
25939,35,CCDC6,0.08000000000000002,0.10049090000000002,1
25940,35,NCKIPSD,-0.030000000000000002,-0.004337800000000003,1
25941,35,SMARCD1,0.42000000000000004,0.36121139999999996,1
25942,35,BCL10,0.05,0.0756005,1
25943,35,MAX,0.08000000000000002,0.09142800000000001,1
25944,35,HERPUD1,-0.04,-0.0097764,1
25945,35,RAC1,0.13,0.17160679999999995,1
25946,35,FLNA,0.29000000000000004,0.19670889999999996,1
25947,35,TFE3,-0.5399999999999999,-0.22473479999999996,1
25948,35,NCOR2,0.6200000000000001,0.5278993,1
25949,35,PRPF40B,0.049999999999999996,0.03597920000000001,1
25950,35,BCL3,-0.12000000000000004,-0.010465400000000005,1
25951,35,TFPT,-0.29,-0.09557650000000001,1
25952,35,MLH1,1.0400000000000003,0.8609380999999999,1
25953,35,ARHGAP5,0.12,0.1098789,1
25954,35,CIC,0.0,0.0,1
25955,35,LYN,0.8700000000000002,0.6489295999999999,1
25956,35,TCF12,0.27999999999999997,0.21958489999999997,1
25957,35,KLF6,0.06,0.0380337,1
25958,35,KMT2C,1.0200000000000002,0.8210513999999999,1
25959,35,PIM1,-0.08,-0.008218000000000003,1
25960,35,CCND1,1.4000000000000008,0.8709455000000002,1
25961,35,MLLT1,-1.0200000000000002,-0.3024316000000001,1
25962,35,MEN1,0.09999999999999998,0.0890422,1
25963,35,CUL3,0.020000000000000004,0.1363291,1
25964,35,RB1,0.6900000000000002,0.5466540999999999,1
25965,35,LPP,-0.16,-0.042822400000000004,1
25966,35,BUB1B,-0.24000000000000002,-0.08181280000000002,1
25967,35,SMAD4,1.600000000000001,1.2710559,1
25968,35,FGFR1,0.25999999999999995,0.2223377,1
25969,35,TMSB4X,0.04,0.029477600000000003,1
25970,35,CDK4,0.9100000000000004,0.6261698,1
25971,35,MSI2,0.01,0.0077415999999999995,1
25972,35,MSH6,1.0100000000000005,0.8770161000000001,1
25973,35,BRAF,1.1800000000000004,1.0331011,1
25974,35,TCEA1,-0.039999999999999994,0.020218000000000007,1
25975,35,TNFAIP3,0.10000000000000002,0.10631710000000001,1
25976,35,RABEP1,0.0,-0.0012642000000000035,1
25977,35,GMPS,-0.09000000000000001,-0.0394371,1
25978,35,MDM2,1.0400000000000007,0.8572892999999999,1
25979,35,NSD2,0.21000000000000002,0.15358799999999997,1
25980,35,CASP8,0.029999999999999978,0.17527620000000005,1
25981,35,PER1,-0.22999999999999998,-0.07261300000000001,1
25982,35,UBR5,-1.0408340855860843e-17,0.023035600000000003,1
25983,35,EIF3E,-0.010000000000000002,0.0486688,1
25984,35,RFWD3,0.030000000000000002,0.0327959,1
25985,35,BRD3,0.12,0.08964049999999998,1
25986,35,PAFAH1B2,0.02,0.017225999999999998,1
25987,35,EXT2,0.0,0.015068399999999996,1
25988,35,PLCG1,0.6200000000000001,0.47259119999999993,1
25989,35,SF3B1,-0.64,-0.2759347,1
25990,35,ARHGEF10L,0.04,0.0242104,1
25991,35,NFATC2,0.2,0.1441091,1
25992,35,SDHD,0.33999999999999997,0.23668800000000007,1
25993,35,PABPC1,-0.8300000000000001,-0.23083720000000002,1
25994,35,POLD1,0.07,0.053518399999999994,1
25995,35,CALR,0.08000000000000002,0.07728810000000001,1
25996,35,PIK3CB,0.6600000000000001,0.5484279999999999,1
25997,35,PPM1D,0.27,0.2006581,1
25998,35,ATRX,1.0100000000000005,0.8462970999999998,1
25999,35,DGCR8,0.16,0.12139739999999999,1
26000,35,DDX10,0.18,0.1370855,1
26001,35,DROSHA,0.52,0.3975773999999999,1
26002,35,TNFRSF14,-0.13,-0.04159619999999999,1
26003,35,BCL9L,0.13,0.0950081,1
26004,35,QKI,0.02,0.016202,1
26005,35,BAZ1A,0.02,0.016332,1
26006,35,CHD4,0.35,0.3052427999999999,1
26007,35,NSD3,0.09,0.1013887,1
26008,35,NT5C2,0.17,0.1002587,1
26009,35,CCNB1IP1,0.09,0.047145400000000004,1
26010,35,PCBP1,-0.73,-0.2003971,1
26011,35,RALGDS,0.08000000000000002,0.10093279999999999,1
26012,35,ARHGEF12,-0.03,0.007952600000000011,1
26013,35,HSP90AB1,0.8200000000000003,0.6134289,1
26014,35,FOXO3,1.4100000000000006,1.0273687999999999,1
26015,35,HIP1,-0.03,-0.0196535,1
26016,35,CDC73,0.15000000000000002,0.1359972,1
26017,35,NIN,-0.019999999999999997,-0.011156099999999995,1
26018,35,MDM4,0.15000000000000002,0.1855323,1
26019,35,COL3A1,0.22,0.1785937,1
26020,35,CTNND1,0.13,0.1411628,1
26021,35,SPOP,0.03,0.06601530000000001,1
26022,35,TMEM127,0.09000000000000001,0.0485944,1
26023,35,CREB3L2,0.030000000000000013,0.02280670000000001,1
26024,35,MSH2,1.0200000000000005,0.8728885000000001,1
26025,35,FNBP1,-0.009999999999999997,0.0131251,1
26026,35,ATF1,0.14,0.09299010000000002,1
26027,35,EIF1AX,-0.52,-0.20269499999999996,1
26028,35,PMS1,0.7000000000000002,0.5454017999999999,1
26029,35,DEK,0.22,0.17604619999999999,1
26030,35,ERBB2,1.0100000000000002,0.6663491,1
26031,35,AKT1,0.35,0.3605993000000001,1
26032,35,CHEK2,0.6900000000000003,0.6669714999999999,1
26033,35,SDHB,0.42000000000000004,0.30241819999999997,1
26034,35,NCOA1,0.42,0.33075960000000004,1
26035,35,CHIC2,0.08,0.050572900000000004,1
26036,35,RUNX1,0.29000000000000004,0.5942476999999999,1
26037,35,STAT6,0.38,0.3481428,1
26038,35,FH,-0.07,-0.011027499999999989,1
26039,35,AKT3,1.1300000000000003,0.8010039000000001,1
26040,35,GNAS,0.30999999999999994,0.2130097,1
26041,35,CTNNB1,1.1400000000000006,0.8175710999999997,1
26042,35,NONO,0.37,0.30775210000000003,1
26043,35,SMARCB1,1.0900000000000003,0.8248195,1
26044,35,PRKAR1A,0.18999999999999997,0.1739982,1
26045,35,ITGAV,0.04000000000000001,0.049954099999999994,1
26046,35,SS18,0.4,0.2739235,1
26047,35,MAP2K1,1.0300000000000005,0.6268381000000001,1
26048,35,SIRPA,-0.04000000000000001,-0.004285600000000004,1
26049,35,PPFIBP1,0.43,0.3092259,1
26050,35,RPL22,-0.10999999999999996,0.09703250000000001,1
26051,35,CYLD,0.31,0.2449026,1
26052,35,ARID1B,0.8400000000000001,0.6398538999999999,1
26053,35,SETDB1,0.33,0.2414348,1
26054,35,AFDN,-0.29000000000000004,-0.0914606,1
26055,35,ZRSR2,-0.05,-0.0209828,1
26056,35,PBRM1,0.9200000000000002,0.6688818000000001,1
26057,35,XPC,0.47,0.27681320000000004,1
26058,35,ASXL2,0.28,0.1982247,1
26059,35,TRIM24,-0.22,-0.05543859999999999,1
26060,35,SFPQ,-0.23,-0.018217799999999992,1
26061,35,NCOA2,0.6300000000000001,0.49422279999999996,1
26062,35,FOXO4,0.35,0.2362856,1
26063,35,LEF1,0.22999999999999998,0.198111,1
26064,35,B2M,-0.51,-0.20344779999999996,1
26065,35,DDIT3,-0.32,-0.1037797,1
26066,35,BCL6,0.30000000000000004,0.2547764,1
26067,35,KRAS,-0.8,-0.16913170000000008,1
26068,35,FAT1,0.09999999999999999,0.07190679999999999,1
26069,35,ABL2,0.020000000000000004,0.0311976,1
26070,35,NF1,1.2900000000000007,1.0223996999999998,1
26071,35,BTG1,-0.03,-0.015217499999999998,1
26072,35,EIF4A2,0.02000000000000001,0.012179600000000007,1
26073,35,SET,0.18,0.1454645,1
26074,35,EPS15,0.07,0.0607225,1
26075,35,RNF213,0.05,0.043455,1
26076,35,CTCF,1.0000000000000002,0.6995675,1
26077,35,WDCP,0.26000000000000006,0.16406679999999998,1
26078,35,KAT7,0.14,0.1229532,1
26079,35,KDM5C,0.21000000000000002,0.1908651,1
26080,35,TGFBR2,0.08999999999999998,0.1301856,1
26081,35,ATM,1.0100000000000005,1.0013906999999997,1
26082,35,NUMA1,-0.019999999999999997,0.0007380999999999959,1
26083,35,STAT3,1.2600000000000005,1.0852463000000003,1
26084,35,SUB1,-0.11,-0.0483485,1
26085,35,NUP98,0.13,0.1612114,1
26086,35,ELL,0.05,0.027852499999999995,1
26087,35,MAP3K1,0.4299999999999999,0.3392069000000001,1
26088,35,MALT1,0.18,0.1727882,1
26089,35,XPO1,0.5000000000000002,0.4162197,1
26090,35,SETD1B,0.22999999999999998,0.1762428,1
26091,35,ETV6,-0.16,-0.044478200000000016,1
26092,35,TBL1XR1,0.21000000000000002,0.15703360000000002,1
26093,35,NUP214,-0.020000000000000056,0.15655789999999997,1
26094,35,TPR,0.09000000000000001,0.07797929999999999,1
26095,35,ATIC,0.18,0.1680297,1
26096,35,NACA,0.21000000000000002,0.12492149999999999,1
26097,35,MYO5A,0.0,0.0005360999999999994,1
26098,35,SMC1A,0.3700000000000001,0.4248194,1
26099,35,LASP1,-0.26,-0.1257383,1
26100,35,ERCC5,0.41000000000000003,0.24006490000000003,1
26101,35,JUN,-0.94,-0.16208240000000007,1
26102,35,THRAP3,0.08,0.0642053,1
26103,35,STAG2,0.38000000000000006,0.3486428,1
26104,35,RAF1,0.8900000000000003,0.6826339,1
26105,35,ERCC3,0.7200000000000001,0.5816968000000001,1
26106,35,SMAD2,0.48000000000000026,0.5175730000000002,1
26107,35,TAF15,0.19,0.1570608,1
26108,35,ARNT,0.15999999999999998,0.1734901000000001,1
26109,35,CLTC,-0.65,-0.306168,1
26110,35,IKBKB,0.4900000000000002,0.4384567,1
26111,35,IDH1,-0.7300000000000002,-0.22027159999999998,1
26112,35,SND1,-0.009999999999999997,0.019034000000000002,1
26113,35,KNSTRN,0.02,0.0148702,1
26114,35,RHOA,-2.4600000000000004,-0.6063700999999999,1
26115,35,PALB2,0.8400000000000003,0.687515,1
26116,35,ARID2,0.8200000000000001,0.6302674,1
26117,35,EZR,-0.11,-0.026065299999999993,1
26118,35,TP53,-0.33999999999999986,0.17568470000000003,1
26119,35,ARAF,0.44,0.26185509999999995,1
26120,35,KIF5B,0.5000000000000001,0.3694776,1
26121,35,KAT6A,0.24,0.238142,1
26122,35,KTN1,-0.07,-0.008244899999999996,1
26123,35,GOLGA5,-0.11,-0.0700907,1
26124,35,KDM5A,0.30000000000000004,0.2726073,1
26125,35,RAD21,0.6000000000000001,0.47690080000000007,1
26126,35,GNAQ,0.27,0.18775830000000002,1
26127,35,CAMTA1,0.06,0.0433556,1
26128,35,ERCC2,0.7500000000000001,0.5807631000000001,1
26129,35,EZH2,1.460000000000001,1.1577162,1
26130,35,TOP1,0.31,0.26001579999999996,1
26131,35,SRSF3,-0.3999999999999999,-0.0779206,1
26132,35,NPM1,0.04000000000000001,0.12660339999999995,1
26133,35,BAX,-0.5,-0.1403663,1
26134,35,NOTCH2,0.29000000000000004,0.24453560000000002,1
26135,35,TRAF7,0.02,0.014186,1
26136,35,KDM6A,0.8700000000000003,0.8848633,1
26137,35,SPEN,0.15000000000000002,0.1171518,1
26138,35,TRIM27,-0.6,-0.1753858,1
26139,35,CRTC1,0.16,0.128417,1
26140,35,EML4,0.2599999999999999,0.28062259999999994,1
26141,35,USP9X,-0.07,-0.04915599999999999,1
26142,35,PTPRK,-0.01,-0.0056373,1
26143,35,CD74,-0.19,-0.019632000000000007,1
26144,35,CBL,0.45,0.41813389999999995,1
26145,35,ZNF384,0.03,0.0229258,1
26146,35,NOTCH1,1.1700000000000006,0.8679739000000001,1
26147,35,COX6C,-0.16999999999999998,-0.050824699999999993,1
26148,35,CHCHD7,0.01,0.0057936,1
26149,35,HMGA1,-0.060000000000000005,-0.027635900000000005,1
26150,35,PTEN,1.2400000000000009,1.1772522999999993,1
26151,35,FIP1L1,-0.049999999999999996,-0.025203600000000003,1
26152,35,JAK1,0.8600000000000001,0.7125372,1
26153,35,ZMYM2,-0.009999999999999997,-0.006550699999999996,1
26154,35,SUZ12,0.8500000000000003,0.6704045000000001,1
26155,35,FUS,-0.32000000000000006,0.05704979999999997,1
26156,35,BAP1,-0.2,-0.08843630000000001,1
26157,35,ZCCHC8,-0.06,-0.02016,1
26158,35,CRNKL1,0.0,0.002213099999999999,1
26159,35,RAD17,0.17,0.12237400000000001,1
26160,35,ATP1A1,0.02,0.0103232,1
26161,35,DNMT3A,1.0400000000000003,0.8718201,1
26162,35,FBXW7,0.9200000000000002,0.7872596000000001,1
26163,35,WWTR1,-0.21999999999999997,-0.0920795,1
26164,35,CDKN1B,0.42,0.2977107,1
26165,35,KMT2A,0.40000000000000013,0.4017475999999999,1
26166,35,PTPN11,1.0000000000000004,0.8066118000000001,1
26167,35,STAT5B,0.6900000000000002,0.5568925,1
26168,35,CUX1,-0.1,-0.0646928,1
26169,35,ABI1,-0.28,-0.0848219,1
26170,35,BRCA1,1.9600000000000013,1.5893432,1
26171,35,SH2B3,0.07,0.0386697,1
26172,35,AFF4,0.03000000000000002,0.0433728,1
26173,35,NF2,0.08999999999999998,0.12764340000000002,1
26174,35,LMNA,0.07000000000000002,0.0504189,1
26175,35,TSC2,0.9100000000000004,0.6974477,1
26176,35,GOLPH3,-0.08,-0.05132,1
26177,35,PCM1,-0.04,-0.030712299999999994,1
26178,35,PPP2R1A,-0.19,-0.01882829999999998,1
26179,35,ARID1A,1.810000000000001,1.4310553999999998,1
26180,35,ABL1,-0.51,-0.031941100000000014,1
26181,35,AFF1,0.14,0.1402195,1
26182,35,DAXX,-0.49,-0.11399590000000001,1
26183,35,CBFB,0.11000000000000003,0.11982280000000002,1
26184,35,CBLB,0.18,0.1593491,1
26185,35,POLR2A,-0.18,0.13561639999999997,1
26186,35,PRKACA,0.23000000000000004,0.22831769999999996,1
26187,35,DNM2,-0.07,-0.037334900000000004,1
26188,35,RAP1GDS1,-0.010000000000000002,0.02276890000000001,1
26189,35,NCOR1,0.8900000000000002,0.8609430000000001,1
26190,35,NFKBIE,-0.39,-0.12375130000000001,1
26191,35,DDX3X,0.29,0.2521924,1
26192,35,ELK4,0.02,0.0163078,1
26193,35,MLLT6,0.1,0.0762003,1
26194,35,SRSF2,-2.5800000000000005,-0.6418561,1
26195,35,CTNNA1,0.14,0.10641070000000001,1
26196,35,RBM10,0.15,0.1116636,1
26197,35,PTPRC,0.05999999999999999,0.1222101,1
26198,35,HSP90AA1,0.6400000000000001,0.4785721999999999,1
26199,35,NSD1,0.23,0.1924009,0
26200,35,DICER1,0.23,0.22920269999999998,0
26201,35,BIRC6,0.05,0.046253999999999997,0
26202,35,SDHC,0.30000000000000004,0.1962582,0
26203,35,TFG,0.33,0.18645200000000003,0
26204,35,MAP2K2,0.25,0.1815366,0
26205,35,TFRC,-0.29,-0.1394659,0
26206,35,CREB1,0.8100000000000005,0.5900445000000001,0
26207,35,POLG,0.02,0.007646,0
26208,35,SETD2,0.7500000000000002,0.6245428,0
26209,35,NAB2,-0.27,-0.1001965,0
26210,35,HIF1A,1.5500000000000007,1.0897176,0
26211,35,FLCN,0.05,0.0432642,0
26212,35,MAP2K4,0.03,0.086902,0
26213,35,CNOT3,-0.010000000000000002,0.009360400000000005,0
26214,35,CIITA,0.09,0.060635800000000004,0
26215,35,LSM14A,0.09,0.0792814,0
26216,35,AKAP9,-0.039999999999999994,-0.0038020999999999992,0
26217,35,MSN,-0.2899999999999999,-0.0593188,0
26218,35,BCR,0.029999999999999992,0.0373102,0
26219,35,TRRAP,2.42861286636753e-17,0.12068939999999996,0
26220,35,PPP6C,-0.16,-0.0790437,0
26221,35,NCOA4,-0.2,-0.10582150000000001,0
26222,35,BCL9,0.15,0.1121565,0
26223,35,PRCC,0.05,0.0369615,0
26224,35,LARP4B,0.0,0.0,0
26225,35,CHD2,0.01,0.0076246000000000005,0
26226,35,ASXL1,0.51,0.46157630000000005,0
26227,35,SMARCA4,1.4700000000000009,1.0834727,0
26228,35,ERC1,-0.02,-0.015116400000000002,0
26229,35,DCTN1,-0.29999999999999993,-0.14679890000000004,0
26230,35,PIK3R1,1.3500000000000008,0.9522293999999999,0
26231,35,EED,-0.03000000000000002,0.025759099999999997,0
26232,35,CNBP,0.01,0.0054296,0
26233,35,SGK1,0.27,0.1594273,0
26234,35,MLLT10,-0.09,-0.03198270000000002,0
26235,35,BRD4,0.9500000000000004,0.7138344999999998,0
26236,35,RANBP2,0.15000000000000002,0.18751420000000002,0
26237,35,FBXO11,0.04,0.0323213,0
26238,35,PML,0.38,0.27385289999999995,0
26239,35,AKT2,0.9300000000000002,0.6356086,0
26240,35,CEP89,0.06,0.0344252,0
26241,35,LZTR1,0.06,0.07625080000000001,0
26242,35,YWHAE,0.2899999999999999,0.1839625,0
26243,35,DNAJB1,-0.08,-0.016814400000000004,0
26244,35,PRDM2,0.02,0.0150334,0
26245,35,TPM4,0.5,0.3159339,0
26246,35,CREBBP,1.8500000000000012,1.4946533000000002,0
26247,35,PMS2,0.6000000000000001,0.5269292,0
26248,35,DDR2,0.06,0.0411244,0
26249,35,FANCA,0.33999999999999997,0.2719707,0
26250,35,PDE4DIP,0.04,0.026581999999999998,0
26251,35,USP8,-0.09,-0.0453665,0
26252,35,MYH9,-0.33,-0.07742510000000001,0
26253,35,MYC,-0.8400000000000001,-0.2930712000000001,0
26254,35,NBN,0.51,0.3768032,0
26255,35,CCND3,-0.05000000000000002,0.021519700000000003,0
26256,35,TRIP11,-0.14,-0.09233850000000002,0
26257,35,CNTRL,-0.06,-0.0415426,0
26258,35,PIK3CA,1.5300000000000007,1.0734176,0
26259,35,DDX5,0.33999999999999997,0.2751417000000001,0
26260,35,PICALM,3.469446951953614e-18,0.0035669000000000013,0
26261,35,RARA,0.5400000000000001,0.3727615000000001,0
26262,35,DDX6,-0.009999999999999998,0.06741669999999998,0
26263,35,COL1A1,0.1,0.1077815,0
26264,35,VHL,0.18999999999999997,0.13455160000000002,0
26265,35,MAPK1,1.540000000000001,0.9725921000000001,0
26266,35,SRC,-0.5,0.04754379999999999,0
26267,35,NFE2L2,0.25,0.15749330000000003,0
26268,35,MITF,-0.26,-0.052835800000000016,0
26269,35,SMAD3,1.1500000000000008,0.8689431999999998,0
26270,35,RBM15,0.08,0.07006420000000001,0
26271,35,ATR,0.6400000000000001,0.5301191999999999,0
26272,35,EPAS1,0.4,0.34444550000000007,0
26273,35,TPM3,0.24000000000000002,0.15414070000000002,0
26274,35,RPL10,0.13,0.11580300000000002,0
26275,35,STAG1,0.11,0.11513469999999999,0
26276,35,SBDS,-0.04,-0.014532799999999998,0
26277,35,KMT2D,0.8800000000000003,0.6397182,0
26278,35,MED12,0.28,0.2264347,0
26279,35,BCLAF1,-0.049999999999999996,0.020336900000000005,0
26280,35,ASPSCR1,-3.469446951953614e-18,0.008868500000000005,0
26281,35,CDK12,0.3,0.2141852,0
26282,35,EWSR1,0.44999999999999996,0.35305889999999995,0
26283,35,NDRG1,-0.05,-0.0228572,0
26284,35,PSIP1,-0.22,-0.10862590000000001,0
26285,35,TRIM33,0.009999999999999993,0.018468100000000008,0
26286,35,MTOR,1.2100000000000006,0.87071,0
26287,35,ARHGAP35,0.11,0.14205350000000003,0
26288,35,POT1,-0.04,-0.011445500000000004,0
26289,35,EXT1,0.1,0.063693,0
26290,35,IL6ST,0.28,0.2154591,0
26291,35,IDH2,0.21000000000000005,0.15066970000000002,0
26292,35,SMARCE1,0.43,0.26806440000000004,0
26293,35,CRTC3,0.09,0.0675405,0
26294,35,TSC1,0.33,0.2810128,0
26295,35,BCOR,-0.13999999999999999,-0.012502000000000003,0
26296,35,SDHA,0.26,0.1463258,0
26297,35,EP300,1.6200000000000012,1.2824292999999998,0
26298,35,HNRNPA2B1,0.23,0.1926873,0
26299,35,CLIP1,-0.14,-0.07550760000000001,0
26300,35,PATZ1,-0.39,-0.116003,0
26301,35,FUBP1,-0.11,-0.003919700000000008,0
26302,35,HLA-A,-0.11,0.0195983,0
26303,35,CCNC,-0.07,-0.0304692,0
26304,35,RPN1,-0.3,-0.06968070000000001,0
26305,35,TCF7L2,0.08,0.09416339999999998,0
26306,35,CANT1,0.08,0.04996239999999999,0
26307,35,RPL5,-0.63,-0.17107309999999998,0
26308,35,CCDC6,-0.009999999999999995,0.03446199999999999,0
26309,35,NCKIPSD,0.03,0.0179375,0
26310,35,SMARCD1,0.43,0.29418500000000003,0
26311,35,BCL10,6.938893903907228e-18,0.020449100000000005,0
26312,35,MAX,0.010000000000000002,0.022160499999999996,0
26313,35,HERPUD1,0.02,0.007851,0
26314,35,RAC1,-0.1,0.03729199999999999,0
26315,35,FLNA,0.060000000000000005,0.06829480000000002,0
26316,35,TFE3,-0.38,-0.16976599999999997,0
26317,35,NCOR2,0.7100000000000002,0.5160113,0
26318,35,PRPF40B,-0.03,-0.016121399999999998,0
26319,35,BCL3,0.01,0.015377499999999999,0
26320,35,TFPT,-0.25,-0.08208040000000001,0
26321,35,MLH1,0.7900000000000003,0.6455526999999999,0
26322,35,ARHGAP5,0.13,0.1044755,0
26323,35,CIC,0.0,0.0,0
26324,35,LYN,0.9100000000000001,0.6418146,0
26325,35,TCF12,0.27999999999999997,0.20839820000000003,0
26326,35,KLF6,0.05,0.0272074,0
26327,35,KMT2C,1.0100000000000002,0.7764492999999999,0
26328,35,PIM1,-0.10999999999999999,-0.030971100000000012,0
26329,35,CCND1,1.2300000000000006,0.7594468999999999,0
26330,35,MLLT1,-0.8800000000000001,-0.2697395,0
26331,35,MEN1,-0.029999999999999992,0.014211799999999997,0
26332,35,CUL3,0.08000000000000003,0.0933009,0
26333,35,RB1,0.6799999999999999,0.49430150000000006,0
26334,35,LPP,-0.06999999999999999,-0.024698399999999995,0
26335,35,BUB1B,-0.16,-0.0803075,0
26336,35,SMAD4,1.4800000000000009,1.1009916,0
26337,35,FGFR1,0.2,0.13628569999999998,0
26338,35,TMSB4X,0.04,0.030644,0
26339,35,CDK4,0.38,0.2803105000000001,0
26340,35,MSI2,0.0,0.0,0
26341,35,MSH6,0.8600000000000003,0.6333949999999999,0
26342,35,BRAF,1.0600000000000005,0.9102065000000003,0
26343,35,TCEA1,-0.060000000000000005,-0.008801499999999997,0
26344,35,TNFAIP3,0.1,0.10022150000000002,0
26345,35,RABEP1,0.0,-0.0017163000000000005,0
26346,35,GMPS,-0.07,-0.0380205,0
26347,35,MDM2,1.1600000000000006,0.7906434000000001,0
26348,35,NSD2,0.15999999999999998,0.10874819999999999,0
26349,35,CASP8,0.049999999999999996,0.20993610000000004,0
26350,35,PER1,-0.32999999999999996,-0.04931399999999999,0
26351,35,UBR5,-0.06,-0.023439499999999995,0
26352,35,EIF3E,-0.049999999999999975,0.0544931,0
26353,35,RFWD3,0.020000000000000004,0.025050100000000002,0
26354,35,BRD3,0.14,0.10589760000000001,0
26355,35,PAFAH1B2,0.02,0.0163574,0
26356,35,EXT2,0.010000000000000009,0.006984899999999995,0
26357,35,PLCG1,0.5700000000000001,0.39712040000000004,0
26358,35,SF3B1,-0.28,-0.11431480000000002,0
26359,35,ARHGEF10L,0.02,0.010082800000000001,0
26360,35,NFATC2,0.19,0.132837,0
26361,35,SDHD,0.27,0.14848690000000003,0
26362,35,PABPC1,-0.78,-0.19620510000000002,0
26363,35,POLD1,-0.33,-0.062317999999999985,0
26364,35,CALR,0.019999999999999997,0.022621099999999998,0
26365,35,PIK3CB,0.6000000000000001,0.450604,0
26366,35,PPM1D,0.17,0.1337381,0
26367,35,ATRX,1.0300000000000005,0.7981879000000002,0
26368,35,DGCR8,0.14,0.0884212,0
26369,35,DDX10,0.09,0.059870599999999996,0
26370,35,DROSHA,0.4,0.28720979999999996,0
26371,35,TNFRSF14,-0.11,-0.0414414,0
26372,35,BCL9L,0.13,0.0888019,0
26373,35,QKI,-0.08,-0.048409,0
26374,35,BAZ1A,0.02,0.015132600000000001,0
26375,35,CHD4,0.11000000000000001,0.1189308,0
26376,35,NSD3,0.029999999999999992,0.0440444,0
26377,35,NT5C2,0.17,0.09960369999999999,0
26378,35,CCNB1IP1,0.08,0.036660700000000004,0
26379,35,PCBP1,-0.72,-0.2278274,0
26380,35,RALGDS,0.14,0.0936014,0
26381,35,ARHGEF12,-0.04,-0.009408000000000001,0
26382,35,HSP90AB1,1.0600000000000005,0.6996315000000003,0
26383,35,FOXO3,1.2800000000000005,0.9059596999999999,0
26384,35,HIP1,-0.01,-0.0064382,0
26385,35,CDC73,-0.2,-0.0398742,0
26386,35,NIN,0.03,0.0220922,0
26387,35,MDM4,0.13,0.1573484,0
26388,35,COL3A1,0.15,0.1332578,0
26389,35,CTNND1,0.1,0.12941460000000002,0
26390,35,SPOP,-0.019999999999999993,0.005066100000000004,0
26391,35,TMEM127,0.03,0.04588130000000001,0
26392,35,CREB3L2,0.06999999999999999,0.04614519999999998,0
26393,35,MSH2,0.8800000000000004,0.6348177,0
26394,35,FNBP1,0.02,0.016455,0
26395,35,ATF1,0.05,0.030535699999999992,0
26396,35,EIF1AX,-0.48000000000000004,-0.2151801,0
26397,35,PMS1,0.47000000000000003,0.3490894,0
26398,35,DEK,0.09999999999999999,0.10185990000000002,0
26399,35,ERBB2,1.0800000000000005,0.6942141000000001,0
26400,35,AKT1,1.1200000000000006,0.6951822999999998,0
26401,35,CHEK2,0.07999999999999999,0.2750416000000001,0
26402,35,SDHB,0.39999999999999997,0.2496223,0
26403,35,NCOA1,0.43000000000000005,0.2999427,0
26404,35,CHIC2,0.039999999999999994,0.019306200000000003,0
26405,35,RUNX1,0.4800000000000002,0.6301777000000002,0
26406,35,STAT6,0.24000000000000002,0.1639777,0
26407,35,FH,-0.27,-0.10084000000000001,0
26408,35,AKT3,1.0400000000000003,0.6818463,0
26409,35,GNAS,0.24,0.14901530000000002,0
26410,35,CTNNB1,1.3300000000000007,0.8989153999999999,0
26411,35,NONO,0.1,0.0700112,0
26412,35,SMARCB1,0.8900000000000003,0.6567193000000001,0
26413,35,PRKAR1A,0.1,0.0935196,0
26414,35,ITGAV,0.010000000000000005,0.0244809,0
26415,35,SS18,0.39,0.24320019999999998,0
26416,35,MAP2K1,1.0600000000000005,0.6465753000000001,0
26417,35,SIRPA,-0.01,-0.004874899999999998,0
26418,35,PPFIBP1,0.39999999999999997,0.26022989999999996,0
26419,35,RPL22,-0.23,0.06859800000000002,0
26420,35,CYLD,0.27,0.20989240000000003,0
26421,35,ARID1B,0.69,0.5174044999999999,0
26422,35,SETDB1,0.32,0.2257089,0
26423,35,AFDN,-0.35000000000000003,-0.1326164,0
26424,35,ZRSR2,0.30000000000000004,0.21409069999999997,0
26425,35,PBRM1,0.9500000000000004,0.6973828000000001,0
26426,35,XPC,0.6000000000000001,0.39590000000000003,0
26427,35,ASXL2,0.22999999999999998,0.153941,0
26428,35,TRIM24,-0.22999999999999998,-0.0906135,0
26429,35,SFPQ,-0.11999999999999997,-0.006455799999999977,0
26430,35,NCOA2,0.56,0.39363419999999993,0
26431,35,FOXO4,0.4600000000000001,0.297585,0
26432,35,LEF1,0.030000000000000006,0.0536696,0
26433,35,B2M,-0.51,-0.19312209999999994,0
26434,35,DDIT3,-0.42000000000000004,-0.0972607,0
26435,35,BCL6,0.53,0.3738323,0
26436,35,KRAS,-1.2400000000000002,-0.32148849999999995,0
26437,35,FAT1,0.04999999999999999,0.0402386,0
26438,35,ABL2,0.09000000000000001,0.06324210000000001,0
26439,35,NF1,0.8200000000000004,0.6726598999999999,0
26440,35,BTG1,-0.02,-0.0108052,0
26441,35,EIF4A2,0.07,0.06555289999999998,0
26442,35,SET,0.16,0.1394477,0
26443,35,EPS15,0.010000000000000002,0.018979100000000006,0
26444,35,RNF213,0.04,0.0309058,0
26445,35,CTCF,0.9100000000000004,0.6536775000000001,0
26446,35,WDCP,0.08,0.05646940000000001,0
26447,35,KAT7,0.07999999999999999,0.0689931,0
26448,35,KDM5C,0.15999999999999998,0.1451376,0
26449,35,TGFBR2,0.2,0.1506531,0
26450,35,ATM,1.4200000000000008,1.0924632999999997,0
26451,35,NUMA1,-0.049999999999999996,-0.013812100000000015,0
26452,35,STAT3,1.5400000000000007,1.1669517999999999,0
26453,35,SUB1,-0.22999999999999998,-0.08380009999999999,0
26454,35,NUP98,0.08000000000000002,0.0851913,0
26455,35,ELL,-0.03000000000000001,0.0021685000000000038,0
26456,35,MAP3K1,0.32999999999999996,0.27716620000000003,0
26457,35,MALT1,0.15000000000000002,0.14562360000000002,0
26458,35,XPO1,0.30000000000000004,0.2510661,0
26459,35,SETD1B,0.17,0.12167099999999999,0
26460,35,ETV6,-0.18999999999999997,-0.06655040000000001,0
26461,35,TBL1XR1,0.19,0.12658989999999998,0
26462,35,NUP214,-0.009999999999999998,0.08688489999999999,0
26463,35,TPR,0.1,0.0926244,0
26464,35,ATIC,0.049999999999999996,0.0462685,0
26465,35,NACA,0.23,0.15379310000000002,0
26466,35,MYO5A,0.010000000000000002,0.011676200000000001,0
26467,35,SMC1A,0.56,0.44738740000000005,0
26468,35,LASP1,-0.18,-0.10847200000000001,0
26469,35,ERCC5,0.47000000000000003,0.30095570000000005,0
26470,35,JUN,0.19000000000000006,0.2604945,0
26471,35,THRAP3,0.09,0.07330610000000001,0
26472,35,STAG2,0.48999999999999994,0.3954457,0
26473,35,RAF1,1.1000000000000003,0.7527671,0
26474,35,ERCC3,0.5,0.39733540000000006,0
26475,35,SMAD2,0.5400000000000003,0.48471919999999996,0
26476,35,TAF15,0.16000000000000003,0.1354573,0
26477,35,ARNT,0.31000000000000005,0.2535944,0
26478,35,CLTC,-0.56,-0.30793000000000004,0
26479,35,IKBKB,0.5300000000000002,0.4358473999999999,0
26480,35,IDH1,-0.6100000000000001,-0.1773648,0
26481,35,SND1,-0.03,-0.018652000000000002,0
26482,35,KNSTRN,0.03,0.023985,0
26483,35,RHOA,-1.2500000000000002,-0.32145619999999997,0
26484,35,PALB2,0.5199999999999999,0.44684880000000005,0
26485,35,ARID2,0.7300000000000002,0.5459493000000001,0
26486,35,EZR,-0.18000000000000002,-0.045854600000000016,0
26487,35,TP53,-1.2499999999999998,-0.23651170000000005,0
26488,35,ARAF,0.41000000000000003,0.2291763,0
26489,35,KIF5B,0.32999999999999996,0.23137580000000002,0
26490,35,KAT6A,0.22,0.1972219,0
26491,35,KTN1,-0.1,-0.033970600000000004,0
26492,35,GOLGA5,-0.11,-0.0730819,0
26493,35,KDM5A,0.22999999999999998,0.20842449999999998,0
26494,35,RAD21,0.42000000000000004,0.31420689999999996,0
26495,35,GNAQ,0.08,0.06155749999999999,0
26496,35,CAMTA1,0.0,0.0004566000000000006,0
26497,35,ERCC2,0.64,0.4423907,0
26498,35,EZH2,1.730000000000001,1.1072753999999998,0
26499,35,TOP1,0.17,0.1313935,0
26500,35,SRSF3,-0.17999999999999997,-0.0513261,0
26501,35,NPM1,0.03,0.17711920000000003,0
26502,35,BAX,-0.45999999999999996,-0.1467988,0
26503,35,NOTCH2,0.26,0.20185399999999998,0
26504,35,TRAF7,0.03,0.0233406,0
26505,35,KDM6A,0.8700000000000002,0.7210158000000002,0
26506,35,SPEN,0.08,0.062086199999999994,0
26507,35,TRIM27,-0.46,-0.1586847,0
26508,35,CRTC1,0.15000000000000002,0.1151123,0
26509,35,EML4,0.25000000000000006,0.2185246,0
26510,35,USP9X,-0.06999999999999999,-0.04444580000000001,0
26511,35,PTPRK,0.01,0.0065424,0
26512,35,CD74,-0.16,-0.019037900000000003,0
26513,35,CBL,0.6000000000000001,0.43574820000000003,0
26514,35,ZNF384,-0.07,-0.0319093,0
26515,35,NOTCH1,1.1100000000000005,0.7943766000000001,0
26516,35,COX6C,-0.14,-0.060085599999999996,0
26517,35,CHCHD7,0.02,0.0126858,0
26518,35,HMGA1,-0.1,-0.0471303,0
26519,35,PTEN,1.5900000000000012,1.2431497,0
26520,35,FIP1L1,-0.03,-0.020195699999999997,0
26521,35,JAK1,0.7900000000000003,0.6200273000000001,0
26522,35,ZMYM2,-0.08000000000000002,-0.054877300000000004,0
26523,35,SUZ12,0.6800000000000002,0.4689511,0
26524,35,FUS,-0.04000000000000006,0.15900790000000004,0
26525,35,BAP1,0.029999999999999992,0.043151300000000004,0
26526,35,ZCCHC8,-0.07,-0.020994400000000003,0
26527,35,CRNKL1,-0.05,-0.029193000000000004,0
26528,35,RAD17,0.14,0.1010188,0
26529,35,ATP1A1,-0.009999999999999998,-0.0042269000000000004,0
26530,35,DNMT3A,0.8800000000000004,0.6703820999999999,0
26531,35,FBXW7,1.1000000000000005,0.8224293,0
26532,35,WWTR1,-0.09000000000000001,-0.04860679999999999,0
26533,35,CDKN1B,0.6700000000000002,0.4247986,0
26534,35,KMT2A,0.45000000000000007,0.36806810000000006,0
26535,35,PTPN11,0.9100000000000004,0.6637304999999999,0
26536,35,STAT5B,0.7400000000000002,0.5410256,0
26537,35,CUX1,-0.12000000000000001,-0.07674539999999999,0
26538,35,ABI1,-0.35000000000000003,-0.12115099999999998,0
26539,35,BRCA1,1.5600000000000012,1.231789,0
26540,35,SH2B3,0.039999999999999994,0.0325355,0
26541,35,AFF4,0.08000000000000002,0.06695390000000001,0
26542,35,NF2,0.04,0.08585730000000001,0
26543,35,LMNA,0.020000000000000004,0.028582000000000003,0
26544,35,TSC2,0.62,0.48181389999999996,0
26545,35,GOLPH3,-0.09999999999999999,-0.060883299999999994,0
26546,35,PCM1,-0.08,-0.051120700000000005,0
26547,35,PPP2R1A,-0.45000000000000007,-0.1595937,0
26548,35,ARID1A,1.7600000000000011,1.2885118,0
26549,35,ABL1,0.28000000000000014,0.2303085,0
26550,35,AFF1,0.22000000000000003,0.1770725,0
26551,35,DAXX,-0.11999999999999998,-0.003855400000000007,0
26552,35,CBFB,0.11999999999999997,0.09352629999999999,0
26553,35,CBLB,0.13,0.098108,0
26554,35,POLR2A,0.08000000000000004,0.18523670000000003,0
26555,35,PRKACA,0.21999999999999995,0.18590419999999994,0
26556,35,DNM2,-0.11,-0.0452885,0
26557,35,RAP1GDS1,-0.1,-0.0489374,0
26558,35,NCOR1,0.9000000000000002,0.7587322999999999,0
26559,35,NFKBIE,-0.23,-0.0817035,0
26560,35,DDX3X,0.08,0.0880644,0
26561,35,ELK4,0.02,0.0143862,0
26562,35,MLLT6,0.13,0.09601939999999999,0
26563,35,SRSF2,-1.23,-0.35488439999999993,0
26564,35,CTNNA1,0.09000000000000001,0.06658739999999999,0
26565,35,RBM10,0.21,0.14568530000000002,0
26566,35,PTPRC,0.19000000000000003,0.15918289999999996,0
26567,35,HSP90AA1,1.0500000000000005,0.6899713000000001,0
26568,36,NSD1,0.36000000000000004,0.3172091000000001,1
26569,36,DICER1,0.31000000000000005,0.32114429999999994,1
26570,36,BIRC6,0.13,0.12422419999999998,1
26571,36,SDHC,0.41,0.31320149999999997,1
26572,36,TFG,0.19000000000000003,0.11472670000000001,1
26573,36,MAP2K2,0.30999999999999994,0.2157558,1
26574,36,TFRC,-0.32,-0.10619189999999998,1
26575,36,CREB1,0.8500000000000004,0.7944449000000001,1
26576,36,POLG,-0.02,-0.0056264,1
26577,36,SETD2,0.6800000000000002,0.6411484,1
26578,36,NAB2,-0.55,-0.1568613,1
26579,36,HIF1A,1.660000000000001,1.3163140000000004,1
26580,36,FLCN,-0.01999999999999999,0.03282540000000001,1
26581,36,MAP2K4,0.04000000000000001,0.11619120000000001,1
26582,36,CNOT3,0.08,0.07332520000000001,1
26583,36,CIITA,0.09,0.0556645,1
26584,36,LSM14A,0.15,0.1265261,1
26585,36,AKAP9,-0.14,-0.017894700000000006,1
26586,36,MSN,-0.23,-0.07771040000000001,1
26587,36,BCR,-0.07,0.0472081,1
26588,36,TRRAP,-1.0408340855860843e-17,0.21511440000000007,1
26589,36,PPP6C,-0.15,-0.0633602,1
26590,36,NCOA4,-0.11999999999999997,-0.032223199999999994,1
26591,36,BCL9,0.18000000000000002,0.15256750000000002,1
26592,36,PRCC,0.09999999999999999,0.07975519999999997,1
26593,36,LARP4B,0.03,0.0217632,1
26594,36,CHD2,0.02,0.0181734,1
26595,36,ASXL1,0.4,0.41603480000000004,1
26596,36,SMARCA4,2.080000000000001,1.6571287,1
26597,36,ERC1,-0.03,-0.0235179,1
26598,36,DCTN1,0.009999999999999995,0.03258389999999997,1
26599,36,PIK3R1,1.0000000000000004,0.8692324,1
26600,36,EED,0.11999999999999997,0.0919698,1
26601,36,CNBP,0.02,0.012185999999999999,1
26602,36,SGK1,0.51,0.3578355,1
26603,36,MLLT10,-0.29,-0.18000090000000002,1
26604,36,BRD4,0.9600000000000004,0.8882888999999999,1
26605,36,RANBP2,0.35999999999999993,0.3380376,1
26606,36,FBXO11,0.06,0.050415600000000005,1
26607,36,PML,0.33000000000000007,0.23015340000000004,1
26608,36,AKT2,1.1800000000000006,0.8913982999999996,1
26609,36,CEP89,0.04,0.024401600000000002,1
26610,36,LZTR1,0.12,0.1296657,1
26611,36,YWHAE,0.32999999999999996,0.2170239,1
26612,36,DNAJB1,-0.13,-0.0411871,1
26613,36,PRDM2,0.06,0.050306,1
26614,36,TPM4,0.4800000000000001,0.3426946,1
26615,36,CREBBP,2.050000000000001,1.7228623999999995,1
26616,36,PMS2,0.7,0.6341983999999999,1
26617,36,DDR2,0.03,0.0225962,1
26618,36,FANCA,0.4000000000000001,0.342317,1
26619,36,PDE4DIP,0.09,0.07235939999999999,1
26620,36,USP8,-0.020000000000000004,-0.0033628000000000026,1
26621,36,MYH9,-0.3600000000000001,-0.0876987,1
26622,36,MYC,-1.2200000000000004,-0.24643389999999993,1
26623,36,NBN,0.6300000000000001,0.5181089000000001,1
26624,36,CCND3,-0.09999999999999999,-0.0036492000000000104,1
26625,36,TRIP11,-0.09,-0.0696462,1
26626,36,CNTRL,-0.07,-0.0602109,1
26627,36,PIK3CA,1.0700000000000007,1.0059234000000001,1
26628,36,DDX5,0.41999999999999993,0.38380079999999994,1
26629,36,PICALM,0.019999999999999997,0.022503499999999992,1
26630,36,RARA,-0.17000000000000004,0.018918200000000003,1
26631,36,DDX6,-0.009999999999999995,0.1015419,1
26632,36,COL1A1,0.23,0.2008599,1
26633,36,VHL,0.31000000000000005,0.23084469999999999,1
26634,36,MAPK1,1.8300000000000012,1.3530183,1
26635,36,SRC,-1.3877787807814457e-17,0.2421326,1
26636,36,NFE2L2,0.35,0.2664213,1
26637,36,MITF,-0.22,-0.040368699999999993,1
26638,36,SMAD3,1.2700000000000011,1.2048555,1
26639,36,RBM15,0.1,0.0899764,1
26640,36,ATR,0.7800000000000002,0.6561497000000001,1
26641,36,EPAS1,0.37,0.3804225,1
26642,36,TPM3,0.17000000000000004,0.14850600000000005,1
26643,36,RPL10,0.12000000000000001,0.11316290000000001,1
26644,36,STAG1,0.14,0.1596726,1
26645,36,SBDS,-0.03,-0.011599700000000001,1
26646,36,KMT2D,1.0400000000000003,0.8585065999999999,1
26647,36,MED12,0.4,0.34845550000000003,1
26648,36,BCLAF1,-0.03,0.0335079,1
26649,36,ASPSCR1,-0.010000000000000009,0.0058066999999999945,1
26650,36,CDK12,0.54,0.4487594,1
26651,36,EWSR1,0.35,0.35787050000000004,1
26652,36,NDRG1,-0.05,-0.007386500000000002,1
26653,36,PSIP1,0.08,0.0793758,1
26654,36,TRIM33,0.16,0.13724620000000004,1
26655,36,MTOR,0.8900000000000003,0.7814376000000001,1
26656,36,ARHGAP35,0.15000000000000002,0.15173920000000005,1
26657,36,POT1,0.0,0.016332600000000003,1
26658,36,EXT1,0.1,0.075335,1
26659,36,IL6ST,0.34,0.2933578,1
26660,36,IDH2,-0.04999999999999994,0.04822250000000001,1
26661,36,SMARCE1,0.45,0.3222151000000001,1
26662,36,CRTC3,0.09999999999999999,0.0859682,1
26663,36,TSC1,0.37,0.34592409999999996,1
26664,36,BCOR,-0.10999999999999997,0.02857240000000001,1
26665,36,SDHA,0.26,0.21581219999999998,1
26666,36,EP300,2.290000000000001,2.039313400000001,1
26667,36,HNRNPA2B1,0.5000000000000001,0.35499320000000006,1
26668,36,CLIP1,-0.13,-0.07334070000000001,1
26669,36,PATZ1,-0.64,-0.15573510000000002,1
26670,36,FUBP1,-0.06999999999999999,0.0180673,1
26671,36,HLA-A,-0.11999999999999998,0.004143800000000003,1
26672,36,CCNC,-0.26,-0.1099497,1
26673,36,RPN1,-0.16999999999999998,-0.062057600000000004,1
26674,36,TCF7L2,0.029999999999999995,0.10357379999999995,1
26675,36,CANT1,0.04000000000000001,0.02729850000000001,1
26676,36,RPL5,-0.65,-0.21077040000000002,1
26677,36,CCDC6,0.060000000000000026,0.08840260000000003,1
26678,36,NCKIPSD,-0.03,-0.011031599999999999,1
26679,36,SMARCD1,0.44000000000000006,0.3685491,1
26680,36,BCL10,-0.14,0.0069204,1
26681,36,MAX,0.09,0.1046748,1
26682,36,HERPUD1,-0.01,-0.0027505000000000003,1
26683,36,RAC1,-0.08000000000000002,0.07347050000000001,1
26684,36,FLNA,0.14,0.11449619999999998,1
26685,36,TFE3,-0.8,-0.28764750000000006,1
26686,36,NCOR2,0.7300000000000002,0.6132886999999999,1
26687,36,PRPF40B,0.030000000000000002,0.0231091,1
26688,36,BCL3,-0.18000000000000002,-0.053721200000000004,1
26689,36,TFPT,-0.41,-0.11827879999999999,1
26690,36,MLH1,0.7300000000000002,0.7019821,1
26691,36,ARHGAP5,0.09000000000000001,0.1039516,1
26692,36,CIC,0.0,0.0,1
26693,36,LYN,0.67,0.5424888,1
26694,36,TCF12,0.35000000000000003,0.2896155,1
26695,36,KLF6,0.05,0.033446199999999995,1
26696,36,KMT2C,0.9600000000000004,0.832092,1
26697,36,PIM1,-0.12999999999999998,-0.02089599999999999,1
26698,36,CCND1,1.3200000000000007,0.8525111999999998,1
26699,36,MLLT1,-1.6400000000000001,-0.3869425999999999,1
26700,36,MEN1,-0.09,-0.012099099999999998,1
26701,36,CUL3,0.060000000000000005,0.1432476,1
26702,36,RB1,0.6500000000000001,0.5722904000000001,1
26703,36,LPP,-0.15000000000000002,-0.025758100000000003,1
26704,36,BUB1B,-0.19,-0.054388800000000015,1
26705,36,SMAD4,1.630000000000001,1.3557722000000008,1
26706,36,FGFR1,0.31,0.2767797,1
26707,36,TMSB4X,0.03,0.0220824,1
26708,36,CDK4,1.0300000000000005,0.7378075000000001,1
26709,36,MSI2,0.01,0.008026100000000001,1
26710,36,MSH6,0.9600000000000004,0.857459,1
26711,36,BRAF,1.3500000000000008,1.1942376000000003,1
26712,36,TCEA1,-0.15000000000000002,-0.027610500000000003,1
26713,36,TNFAIP3,0.1,0.1167103,1
26714,36,RABEP1,-0.010000000000000002,-0.006973199999999999,1
26715,36,GMPS,-0.06999999999999999,-0.024331700000000005,1
26716,36,MDM2,1.0900000000000007,0.9006276000000002,1
26717,36,NSD2,0.24,0.19401080000000004,1
26718,36,CASP8,-0.2,0.09839819999999996,1
26719,36,PER1,-0.22000000000000003,-0.079683,1
26720,36,UBR5,0.049999999999999996,0.05756080000000001,1
26721,36,EIF3E,0.010000000000000002,0.05618239999999999,1
26722,36,RFWD3,0.030000000000000002,0.0319846,1
26723,36,BRD3,0.11000000000000001,0.08736859999999999,1
26724,36,PAFAH1B2,0.03,0.0277146,1
26725,36,EXT2,0.010000000000000009,0.01085090000000001,1
26726,36,PLCG1,0.4699999999999999,0.42519890000000005,1
26727,36,SF3B1,-0.55,-0.2531791,1
26728,36,ARHGEF10L,0.04,0.0207528,1
26729,36,NFATC2,0.24000000000000002,0.1794113,1
26730,36,SDHD,0.24000000000000005,0.1886228,1
26731,36,PABPC1,-0.9000000000000001,-0.22957949999999994,1
26732,36,POLD1,-0.44000000000000006,-0.1009411,1
26733,36,CALR,0.030000000000000027,0.06903139999999999,1
26734,36,PIK3CB,0.6599999999999999,0.5742196,1
26735,36,PPM1D,0.29000000000000004,0.2312581,1
26736,36,ATRX,1.0600000000000005,0.9400320000000001,1
26737,36,DGCR8,0.19000000000000003,0.1497276,1
26738,36,DDX10,0.18,0.14363610000000002,1
26739,36,DROSHA,0.55,0.44355410000000006,1
26740,36,TNFRSF14,-0.19,-0.061297800000000006,1
26741,36,BCL9L,0.15,0.11701399999999999,1
26742,36,QKI,0.05,0.039449099999999994,1
26743,36,BAZ1A,0.01,0.007869600000000001,1
26744,36,CHD4,0.42999999999999994,0.3756271000000001,1
26745,36,NSD3,0.12,0.1296984,1
26746,36,NT5C2,0.17,0.1012432,1
26747,36,CCNB1IP1,0.15000000000000002,0.069594,1
26748,36,PCBP1,-0.9999999999999999,-0.25801399999999997,1
26749,36,RALGDS,-0.08,0.0290618,1
26750,36,ARHGEF12,-0.020000000000000004,0.0290124,1
26751,36,HSP90AB1,1.0200000000000002,0.7176281,1
26752,36,FOXO3,1.4200000000000008,1.1121584999999998,1
26753,36,HIP1,-0.02,-0.0127992,1
26754,36,CDC73,0.009999999999999995,0.0567329,1
26755,36,NIN,-0.009999999999999995,-0.006734199999999999,1
26756,36,MDM4,0.15000000000000002,0.20006359999999995,1
26757,36,COL3A1,0.24000000000000002,0.20126439999999998,1
26758,36,CTNND1,0.09999999999999999,0.1493403,1
26759,36,SPOP,0.11000000000000003,0.11000080000000001,1
26760,36,TMEM127,0.07,0.0363892,1
26761,36,CREB3L2,0.14,0.09049010000000002,1
26762,36,MSH2,0.9900000000000004,0.8667075000000001,1
26763,36,FNBP1,0.04,0.0472304,1
26764,36,ATF1,0.15000000000000002,0.10725420000000001,1
26765,36,EIF1AX,-0.4799999999999999,-0.19347070000000002,1
26766,36,PMS1,0.44,0.35507200000000005,1
26767,36,DEK,0.19999999999999998,0.15852200000000002,1
26768,36,ERBB2,0.8800000000000003,0.5627251999999998,1
26769,36,AKT1,1.0500000000000005,0.6679501000000001,1
26770,36,CHEK2,0.6800000000000002,0.6605818999999999,1
26771,36,SDHB,0.43000000000000005,0.3103717,1
26772,36,NCOA1,0.41,0.3410341,1
26773,36,CHIC2,0.07,0.0466571,1
26774,36,RUNX1,0.21000000000000005,0.6031083000000002,1
26775,36,STAT6,0.39,0.3632360999999999,1
26776,36,FH,-0.05000000000000002,0.001818399999999977,1
26777,36,AKT3,1.1200000000000006,0.8598228999999997,1
26778,36,GNAS,0.37,0.2671525,1
26779,36,CTNNB1,1.580000000000001,1.1740473,1
26780,36,NONO,0.31000000000000005,0.2860625,1
26781,36,SMARCB1,1.0200000000000005,0.8227916999999999,1
26782,36,PRKAR1A,0.21,0.2008874,1
26783,36,ITGAV,-0.05,0.04859739999999999,1
26784,36,SS18,0.41000000000000003,0.29978760000000004,1
26785,36,MAP2K1,1.0300000000000005,0.6553834000000002,1
26786,36,SIRPA,-0.09000000000000001,-0.024400000000000005,1
26787,36,PPFIBP1,0.38999999999999996,0.29327159999999997,1
26788,36,RPL22,-0.10999999999999996,0.0897513,1
26789,36,CYLD,0.32,0.2634162,1
26790,36,ARID1B,0.8200000000000001,0.6559587,1
26791,36,SETDB1,0.33,0.24522850000000002,1
26792,36,AFDN,-0.5,-0.13629460000000002,1
26793,36,ZRSR2,-0.17,-0.1193085,1
26794,36,PBRM1,1.0000000000000004,0.791333,1
26795,36,XPC,0.49000000000000005,0.3218929,1
26796,36,ASXL2,0.29000000000000004,0.22296290000000002,1
26797,36,TRIM24,-0.11,0.012315199999999991,1
26798,36,SFPQ,-0.42000000000000004,-0.11996429999999998,1
26799,36,NCOA2,0.6600000000000001,0.5507271,1
26800,36,FOXO4,0.38,0.24615810000000005,1
26801,36,LEF1,0.18999999999999997,0.1827968,1
26802,36,B2M,-0.38999999999999996,-0.173751,1
26803,36,DDIT3,-0.36,-0.1141113,1
26804,36,BCL6,0.22999999999999998,0.24242979999999997,1
26805,36,KRAS,-0.10000000000000013,0.10710139999999997,1
26806,36,FAT1,0.12,0.0993081,1
26807,36,ABL2,0.1,0.08218620000000001,1
26808,36,NF1,1.3500000000000005,1.1299806000000001,1
26809,36,BTG1,-0.08,-0.031430400000000004,1
26810,36,EIF4A2,0.06999999999999999,0.039575700000000005,1
26811,36,SET,0.19,0.1544255,1
26812,36,EPS15,0.12,0.1082756,1
26813,36,RNF213,0.06,0.052183400000000005,1
26814,36,CTCF,1.0400000000000005,0.746194,1
26815,36,WDCP,0.25,0.1579598,1
26816,36,KAT7,0.16,0.1405587,1
26817,36,KDM5C,0.20000000000000004,0.19406859999999998,1
26818,36,TGFBR2,0.08999999999999998,0.14183130000000002,1
26819,36,ATM,1.0500000000000005,1.041366,1
26820,36,NUMA1,0.02,0.0268094,1
26821,36,STAT3,0.6200000000000001,0.712183,1
26822,36,SUB1,-0.15,-0.0661919,1
26823,36,NUP98,0.25999999999999995,0.25034950000000006,1
26824,36,ELL,0.10000000000000002,0.0495895,1
26825,36,MAP3K1,0.21999999999999997,0.22457130000000003,1
26826,36,MALT1,-0.02000000000000001,0.09876089999999998,1
26827,36,XPO1,0.6200000000000002,0.5140719,1
26828,36,SETD1B,0.27,0.22047669999999997,1
26829,36,ETV6,-0.12999999999999998,-0.03874849999999999,1
26830,36,TBL1XR1,0.23,0.1713832,1
26831,36,NUP214,-0.18,0.11920209999999999,1
26832,36,TPR,0.12999999999999998,0.1211958,1
26833,36,ATIC,0.16,0.1584846,1
26834,36,NACA,0.2,0.11496400000000001,1
26835,36,MYO5A,0.03,0.0221868,1
26836,36,SMC1A,0.31000000000000005,0.41896989999999995,1
26837,36,LASP1,-0.24,-0.12272430000000001,1
26838,36,ERCC5,0.39000000000000007,0.2401439,1
26839,36,JUN,-1.0299999999999998,-0.16870250000000003,1
26840,36,THRAP3,0.1,0.0787757,1
26841,36,STAG2,0.16,0.24846159999999998,1
26842,36,RAF1,0.7400000000000002,0.6031439999999999,1
26843,36,ERCC3,0.52,0.4432560000000001,1
26844,36,SMAD2,0.24000000000000019,0.4481948000000001,1
26845,36,TAF15,0.21000000000000002,0.17702400000000001,1
26846,36,ARNT,0.31000000000000005,0.27446449999999994,1
26847,36,CLTC,-0.6699999999999999,-0.277879,1
26848,36,IKBKB,0.41000000000000003,0.44442250000000005,1
26849,36,IDH1,-0.56,-0.18614719999999996,1
26850,36,SND1,0.010000000000000009,0.026175900000000002,1
26851,36,KNSTRN,0.02,0.015759000000000002,1
26852,36,RHOA,-3.6300000000000003,-0.7870848999999999,1
26853,36,PALB2,0.5800000000000001,0.5274878,1
26854,36,ARID2,0.8400000000000001,0.6791081,1
26855,36,EZR,-0.12,-0.026925900000000003,1
26856,36,TP53,-0.45999999999999996,0.2147632000000002,1
26857,36,ARAF,0.4000000000000001,0.22909529999999997,1
26858,36,KIF5B,0.5300000000000001,0.40990790000000005,1
26859,36,KAT6A,0.12,0.18368400000000001,1
26860,36,KTN1,-0.13,-0.018062200000000007,1
26861,36,GOLGA5,-0.07,-0.053043599999999996,1
26862,36,KDM5A,0.31,0.2934423,1
26863,36,RAD21,0.6000000000000001,0.5122316,1
26864,36,GNAQ,0.32999999999999996,0.24906419999999996,1
26865,36,CAMTA1,0.05,0.0367682,1
26866,36,ERCC2,0.68,0.5232145,1
26867,36,EZH2,1.400000000000001,1.1752058999999997,1
26868,36,TOP1,0.30000000000000004,0.238759,1
26869,36,SRSF3,-0.28,-0.06830800000000001,1
26870,36,NPM1,0.18,0.20302779999999998,1
26871,36,BAX,-0.87,-0.1892211,1
26872,36,NOTCH2,0.3,0.2626408,1
26873,36,TRAF7,0.02,0.0147682,1
26874,36,KDM6A,0.8800000000000002,0.8992733999999999,1
26875,36,SPEN,0.13999999999999999,0.11528,1
26876,36,TRIM27,-0.48,-0.1604588,1
26877,36,CRTC1,0.13999999999999999,0.11392879999999998,1
26878,36,EML4,0.32000000000000006,0.324835,1
26879,36,USP9X,0.009999999999999998,0.005778099999999998,1
26880,36,PTPRK,0.0,0.0,1
26881,36,CD74,-0.23,-0.0297013,1
26882,36,CBL,0.6300000000000001,0.5681901999999999,1
26883,36,ZNF384,0.05,0.04197529999999999,1
26884,36,NOTCH1,1.1200000000000006,0.8417468000000004,1
26885,36,COX6C,-0.2,-0.05088790000000001,1
26886,36,CHCHD7,0.03,0.020596200000000002,1
26887,36,HMGA1,-0.07,-0.0281803,1
26888,36,PTEN,1.0000000000000007,1.0567531,1
26889,36,FIP1L1,-0.039999999999999994,-0.011820400000000002,1
26890,36,JAK1,0.8900000000000001,0.7628110999999999,1
26891,36,ZMYM2,0.010000000000000004,0.009434300000000005,1
26892,36,SUZ12,0.8400000000000003,0.6987246000000001,1
26893,36,FUS,-0.58,-0.0394701,1
26894,36,BAP1,-0.45999999999999996,-0.1893717,1
26895,36,ZCCHC8,-0.08,-0.022647200000000003,1
26896,36,CRNKL1,0.03,0.0238857,1
26897,36,RAD17,0.22,0.16746840000000002,1
26898,36,ATP1A1,0.01,0.0068605,1
26899,36,DNMT3A,1.0700000000000003,0.8891408,1
26900,36,FBXW7,1.0500000000000003,0.9070454999999998,1
26901,36,WWTR1,-0.11000000000000001,-0.04361480000000001,1
26902,36,CDKN1B,0.4099999999999999,0.3183195,1
26903,36,KMT2A,0.29000000000000004,0.35701619999999995,1
26904,36,PTPN11,1.1000000000000005,0.9441488999999998,1
26905,36,STAT5B,0.7500000000000003,0.6269225,1
26906,36,CUX1,-0.07,-0.048758300000000004,1
26907,36,ABI1,-0.25,-0.06831299999999998,1
26908,36,BRCA1,1.650000000000001,1.4284007999999997,1
26909,36,SH2B3,0.1,0.0640072,1
26910,36,AFF4,-0.23,-0.1314224,1
26911,36,NF2,0.09000000000000002,0.12950869999999998,1
26912,36,LMNA,0.029999999999999992,0.034103800000000004,1
26913,36,TSC2,0.9200000000000004,0.7494020000000001,1
26914,36,GOLPH3,-0.08,-0.0557912,1
26915,36,PCM1,-0.04,-0.032297900000000004,1
26916,36,PPP2R1A,-0.47,-0.15223240000000002,1
26917,36,ARID1A,1.930000000000001,1.5978979999999996,1
26918,36,ABL1,-0.29999999999999993,0.007893500000000015,1
26919,36,AFF1,3.469446951953614e-18,0.043558700000000006,1
26920,36,DAXX,-0.5,-0.1382295,1
26921,36,CBFB,0.009999999999999998,0.10525509999999999,1
26922,36,CBLB,0.18,0.160426,1
26923,36,POLR2A,-0.35,0.07918380000000005,1
26924,36,PRKACA,0.16000000000000011,0.2605003,1
26925,36,DNM2,-0.12000000000000002,-0.041888400000000006,1
26926,36,RAP1GDS1,0.010000000000000009,0.04505959999999999,1
26927,36,NCOR1,0.9500000000000004,0.9656531,1
26928,36,NFKBIE,-0.6699999999999999,-0.1609889,1
26929,36,DDX3X,0.30000000000000004,0.26770289999999997,1
26930,36,ELK4,0.03,0.0263487,1
26931,36,MLLT6,0.0,0.0146833,1
26932,36,SRSF2,-3.0999999999999996,-0.7048721999999998,1
26933,36,CTNNA1,0.18,0.1426598,1
26934,36,RBM10,0.12000000000000001,0.09323360000000001,1
26935,36,PTPRC,0.020000000000000004,0.11027400000000001,1
26936,36,HSP90AA1,0.9500000000000004,0.6843733000000001,1
26937,36,NSD1,0.24,0.202074,0
26938,36,DICER1,0.24999999999999997,0.24209129999999998,0
26939,36,BIRC6,0.11,0.0918837,0
26940,36,SDHC,0.27999999999999997,0.205067,0
26941,36,TFG,0.29000000000000004,0.1598841,0
26942,36,MAP2K2,0.31,0.23936799999999997,0
26943,36,TFRC,-0.27999999999999997,-0.13937210000000003,0
26944,36,CREB1,0.8300000000000004,0.6611168999999999,0
26945,36,POLG,0.02,0.007339,0
26946,36,SETD2,0.7200000000000003,0.6132675999999998,0
26947,36,NAB2,-0.38,-0.1223622,0
26948,36,HIF1A,1.5800000000000007,1.1489609,0
26949,36,FLCN,0.03,0.0320004,0
26950,36,MAP2K4,-0.05,0.0589612,0
26951,36,CNOT3,0.010000000000000009,0.020103100000000002,0
26952,36,CIITA,0.08,0.0467966,0
26953,36,LSM14A,0.12000000000000001,0.10346070000000002,0
26954,36,AKAP9,-0.12,-0.0424845,0
26955,36,MSN,-0.41000000000000003,-0.10654329999999998,0
26956,36,BCR,0.09,0.08599139999999998,0
26957,36,TRRAP,0.020000000000000025,0.17986770000000005,0
26958,36,PPP6C,-0.14,-0.0741258,0
26959,36,NCOA4,-0.17,-0.09978789999999998,0
26960,36,BCL9,0.15000000000000002,0.12201010000000001,0
26961,36,PRCC,0.030000000000000002,0.025715700000000005,0
26962,36,LARP4B,0.0,0.0,0
26963,36,CHD2,0.01,0.0079614,0
26964,36,ASXL1,0.56,0.49562520000000004,0
26965,36,SMARCA4,1.3300000000000007,1.0290432999999999,0
26966,36,ERC1,-0.03,-0.0226081,0
26967,36,DCTN1,-0.26,-0.1097145,0
26968,36,PIK3R1,1.3400000000000007,0.9899845,0
26969,36,EED,-0.020000000000000018,0.040380399999999976,0
26970,36,CNBP,0.02,0.0118522,0
26971,36,SGK1,0.3,0.1703279,0
26972,36,MLLT10,-0.17,-0.0671625,0
26973,36,BRD4,1.0300000000000005,0.8076576000000002,0
26974,36,RANBP2,0.15999999999999998,0.2045314,0
26975,36,FBXO11,0.06,0.0478229,0
26976,36,PML,0.37,0.26055399999999995,0
26977,36,AKT2,0.9600000000000003,0.6680694999999999,0
26978,36,CEP89,0.07,0.04342360000000001,0
26979,36,LZTR1,0.09000000000000001,0.0897538,0
26980,36,YWHAE,0.24000000000000005,0.1495938,0
26981,36,DNAJB1,-0.09000000000000001,-0.0200706,0
26982,36,PRDM2,0.03,0.022760799999999998,0
26983,36,TPM4,0.4600000000000001,0.2945416,0
26984,36,CREBBP,1.8700000000000012,1.5290626999999997,0
26985,36,PMS2,0.5900000000000001,0.5534463,0
26986,36,DDR2,0.08,0.0558188,0
26987,36,FANCA,0.36,0.2928925,0
26988,36,PDE4DIP,0.06,0.041838,0
26989,36,USP8,-0.1,-0.045739800000000004,0
26990,36,MYH9,-0.3,-0.05613100000000001,0
26991,36,MYC,-1.3900000000000003,-0.5375665000000001,0
26992,36,NBN,0.53,0.4085804,0
26993,36,CCND3,-0.05,0.021336100000000004,0
26994,36,TRIP11,-0.09,-0.06851840000000001,0
26995,36,CNTRL,-0.08,-0.054430200000000005,0
26996,36,PIK3CA,1.560000000000001,1.1607457,0
26997,36,DDX5,0.42000000000000004,0.3467155000000001,0
26998,36,PICALM,0.010000000000000002,0.011873300000000007,0
26999,36,RARA,0.48,0.3371951,0
27000,36,DDX6,-0.08,0.06796540000000001,0
27001,36,COL1A1,0.11,0.1193271,0
27002,36,VHL,0.18,0.1328467,0
27003,36,MAPK1,1.5200000000000007,0.9562067000000001,0
27004,36,SRC,-0.8999999999999999,-0.0896074,0
27005,36,NFE2L2,0.25,0.18087280000000003,0
27006,36,MITF,-0.37,-0.08749649999999999,0
27007,36,SMAD3,1.280000000000001,1.0034587000000001,0
27008,36,RBM15,0.07,0.0671693,0
27009,36,ATR,0.7100000000000003,0.5968431,0
27010,36,EPAS1,0.45,0.38672,0
27011,36,TPM3,0.16000000000000003,0.12434550000000003,0
27012,36,RPL10,0.11,0.11739240000000002,0
27013,36,STAG1,0.13,0.1341635,0
27014,36,SBDS,-0.07,-0.025477399999999997,0
27015,36,KMT2D,0.9600000000000004,0.7168647,0
27016,36,MED12,0.32000000000000006,0.2610945,0
27017,36,BCLAF1,0.0,0.0468496,0
27018,36,ASPSCR1,-0.009999999999999995,0.0037977000000000045,0
27019,36,CDK12,0.36,0.2679434,0
27020,36,EWSR1,0.3799999999999999,0.31307530000000006,0
27021,36,NDRG1,-0.020000000000000004,-0.0039986000000000015,0
27022,36,PSIP1,-0.13,-0.06685730000000001,0
27023,36,TRIM33,0.03,0.035308799999999994,0
27024,36,MTOR,1.2500000000000007,0.9078121000000001,0
27025,36,ARHGAP35,0.09999999999999999,0.12711930000000002,0
27026,36,POT1,-0.05,-0.009183400000000008,0
27027,36,EXT1,0.11,0.0780835,0
27028,36,IL6ST,0.29,0.22501310000000002,0
27029,36,IDH2,0.02000000000000001,0.0612022,0
27030,36,SMARCE1,0.45,0.283444,0
27031,36,CRTC3,0.09,0.07058460000000001,0
27032,36,TSC1,0.32,0.2897594,0
27033,36,BCOR,-0.12,-0.001513000000000004,0
27034,36,SDHA,0.24000000000000002,0.15032160000000003,0
27035,36,EP300,1.7500000000000016,1.3926017,0
27036,36,HNRNPA2B1,0.12000000000000002,0.15500029999999998,0
27037,36,CLIP1,-0.11999999999999998,-0.0567936,0
27038,36,PATZ1,-0.5800000000000001,-0.1400456,0
27039,36,FUBP1,-0.16999999999999998,-0.0226607,0
27040,36,HLA-A,-0.16999999999999998,-0.005549400000000003,0
27041,36,CCNC,-0.05,-0.018777200000000004,0
27042,36,RPN1,-0.27,-0.07490469999999999,0
27043,36,TCF7L2,0.09,0.113431,0
27044,36,CANT1,0.08,0.053716599999999996,0
27045,36,RPL5,-0.62,-0.17636829999999998,0
27046,36,CCDC6,0.0,0.04765300000000001,0
27047,36,NCKIPSD,0.05,0.028503599999999997,0
27048,36,SMARCD1,0.44999999999999996,0.31568969999999996,0
27049,36,BCL10,-0.009999999999999995,0.01811310000000001,0
27050,36,MAX,-0.020000000000000004,0.004053199999999996,0
27051,36,HERPUD1,0.02,0.008277600000000001,0
27052,36,RAC1,-0.04999999999999999,0.09276199999999998,0
27053,36,FLNA,0.11,0.0996956,0
27054,36,TFE3,-0.43000000000000005,-0.1771127,0
27055,36,NCOR2,0.7800000000000001,0.5987167000000001,0
27056,36,PRPF40B,0.0,0.004742600000000001,0
27057,36,BCL3,-0.049999999999999996,-0.014937199999999994,0
27058,36,TFPT,-0.31,-0.08822989999999999,0
27059,36,MLH1,0.8300000000000001,0.7022574000000001,0
27060,36,ARHGAP5,0.13,0.1123763,0
27061,36,CIC,0.01,0.0074614,0
27062,36,LYN,0.8000000000000003,0.5728528,0
27063,36,TCF12,0.3,0.23590919999999999,0
27064,36,KLF6,0.03,0.0194404,0
27065,36,KMT2C,1.0500000000000003,0.8376494999999999,0
27066,36,PIM1,-0.18999999999999997,-0.057752,0
27067,36,CCND1,1.4300000000000008,0.8918319,0
27068,36,MLLT1,-1.0900000000000003,-0.3118156,0
27069,36,MEN1,0.09,0.08798670000000001,0
27070,36,CUL3,0.16,0.17502800000000002,0
27071,36,RB1,0.6599999999999999,0.5038846000000001,0
27072,36,LPP,-0.07,-0.0164286,0
27073,36,BUB1B,-0.16000000000000003,-0.08243779999999999,0
27074,36,SMAD4,1.3200000000000007,1.023668,0
27075,36,FGFR1,0.29,0.20687550000000002,0
27076,36,TMSB4X,0.04,0.031300800000000004,0
27077,36,CDK4,0.51,0.3545177000000001,0
27078,36,MSI2,0.0,0.0,0
27079,36,MSH6,0.9300000000000004,0.7594787999999999,0
27080,36,BRAF,1.0000000000000004,0.8791941999999998,0
27081,36,TCEA1,-0.07999999999999997,-0.012910599999999996,0
27082,36,TNFAIP3,0.15999999999999998,0.1240069,0
27083,36,RABEP1,0.0,-0.0021539999999999997,0
27084,36,GMPS,-0.059999999999999984,-0.040863699999999996,0
27085,36,MDM2,1.2200000000000006,0.8372493000000002,0
27086,36,NSD2,0.17,0.12334510000000001,0
27087,36,CASP8,-0.17000000000000004,0.1074602,0
27088,36,PER1,-0.24,-0.0602083,0
27089,36,UBR5,-0.05000000000000001,-0.020035500000000005,0
27090,36,EIF3E,-0.05000000000000002,0.0652094,0
27091,36,RFWD3,0.020000000000000004,0.026106,0
27092,36,BRD3,0.14,0.11660090000000001,0
27093,36,PAFAH1B2,0.02,0.016287,0
27094,36,EXT2,0.0,0.009897799999999998,0
27095,36,PLCG1,0.6099999999999999,0.4379181999999999,0
27096,36,SF3B1,-0.25,-0.08978820000000001,0
27097,36,ARHGEF10L,0.02,0.0101952,0
27098,36,NFATC2,0.21,0.1491291,0
27099,36,SDHD,0.27,0.15296920000000003,0
27100,36,PABPC1,-1.0,-0.2405344,0
27101,36,POLD1,-0.34,-0.0746183,0
27102,36,CALR,0.04000000000000001,0.0386121,0
27103,36,PIK3CB,0.47,0.4116349000000001,0
27104,36,PPM1D,0.20000000000000004,0.1532637,0
27105,36,ATRX,0.9600000000000004,0.8034440000000003,0
27106,36,DGCR8,0.16,0.10368530000000001,0
27107,36,DDX10,0.14,0.09757840000000001,0
27108,36,DROSHA,0.4,0.29704889999999995,0
27109,36,TNFRSF14,-0.18,-0.0557046,0
27110,36,BCL9L,0.14,0.100361,0
27111,36,QKI,-0.05,-0.031849800000000004,0
27112,36,BAZ1A,0.01,0.007228200000000001,0
27113,36,CHD4,0.18999999999999997,0.17937269999999997,0
27114,36,NSD3,0.05999999999999999,0.0690844,0
27115,36,NT5C2,0.15,0.0889781,0
27116,36,CCNB1IP1,0.11,0.0513293,0
27117,36,PCBP1,-0.77,-0.23126050000000004,0
27118,36,RALGDS,0.15999999999999998,0.1173783,0
27119,36,ARHGEF12,-0.05,-0.0013384,0
27120,36,HSP90AB1,1.1400000000000003,0.7644232,0
27121,36,FOXO3,1.3600000000000005,0.9552478999999998,0
27122,36,HIP1,-0.01,-0.0065896999999999996,0
27123,36,CDC73,-0.24,-0.04444429999999999,0
27124,36,NIN,0.03,0.0232662,0
27125,36,MDM4,0.15000000000000002,0.1747117,0
27126,36,COL3A1,0.15,0.13673449999999998,0
27127,36,CTNND1,0.07999999999999999,0.12240330000000002,0
27128,36,SPOP,0.019999999999999993,0.04498959999999999,0
27129,36,TMEM127,0.06000000000000001,0.06152470000000001,0
27130,36,CREB3L2,0.09,0.0545766,0
27131,36,MSH2,0.9700000000000004,0.7211926000000001,0
27132,36,FNBP1,0.01,0.0146117,0
27133,36,ATF1,0.010000000000000002,0.004883299999999997,0
27134,36,EIF1AX,-0.4900000000000001,-0.22388170000000002,0
27135,36,PMS1,0.45,0.3530995,0
27136,36,DEK,0.09999999999999999,0.10129529999999999,0
27137,36,ERBB2,1.0500000000000005,0.6940253000000001,0
27138,36,AKT1,1.1100000000000005,0.7007376,0
27139,36,CHEK2,0.29,0.3654638000000001,0
27140,36,SDHB,0.41,0.2640635,0
27141,36,NCOA1,0.4799999999999999,0.3517743,0
27142,36,CHIC2,0.05,0.029950300000000003,0
27143,36,RUNX1,0.44000000000000017,0.6264484999999997,0
27144,36,STAT6,0.3,0.2237103,0
27145,36,FH,-0.20000000000000004,-0.0673359,0
27146,36,AKT3,1.0700000000000003,0.7312384,0
27147,36,GNAS,0.25,0.17045060000000004,0
27148,36,CTNNB1,1.4200000000000008,0.9611340999999995,0
27149,36,NONO,0.15,0.11124790000000001,0
27150,36,SMARCB1,0.8800000000000003,0.6575512,0
27151,36,PRKAR1A,0.14,0.11766420000000001,0
27152,36,ITGAV,0.020000000000000004,0.032019599999999995,0
27153,36,SS18,0.4,0.2638853,0
27154,36,MAP2K1,1.1000000000000005,0.697913,0
27155,36,SIRPA,0.010000000000000002,0.009067199999999997,0
27156,36,PPFIBP1,0.39,0.2575272,0
27157,36,RPL22,-0.22999999999999998,0.08082729999999999,0
27158,36,CYLD,0.30000000000000004,0.2337133,0
27159,36,ARID1B,0.69,0.527437,0
27160,36,SETDB1,0.34,0.24772909999999998,0
27161,36,AFDN,-0.33999999999999997,-0.10617390000000002,0
27162,36,ZRSR2,0.24,0.18882010000000005,0
27163,36,PBRM1,0.9500000000000004,0.6949998999999999,0
27164,36,XPC,0.6000000000000001,0.40807640000000006,0
27165,36,ASXL2,0.22,0.15296659999999998,0
27166,36,TRIM24,-0.18,-0.07297150000000001,0
27167,36,SFPQ,-0.06,0.031138800000000005,0
27168,36,NCOA2,0.53,0.3812904,0
27169,36,FOXO4,0.3600000000000001,0.23452569999999998,0
27170,36,LEF1,0.09000000000000002,0.0845216,0
27171,36,B2M,-0.65,-0.24714110000000006,0
27172,36,DDIT3,-0.42000000000000004,-0.10132209999999998,0
27173,36,BCL6,0.6300000000000001,0.4465659000000001,0
27174,36,KRAS,-1.4300000000000006,-0.370956,0
27175,36,FAT1,0.07,0.06328819999999999,0
27176,36,ABL2,0.07,0.053167000000000006,0
27177,36,NF1,0.9000000000000004,0.7510236999999995,0
27178,36,BTG1,-0.03,-0.015418199999999998,0
27179,36,EIF4A2,0.11999999999999998,0.09646199999999999,0
27180,36,SET,0.17,0.1466871,0
27181,36,EPS15,0.03,0.0319289,0
27182,36,RNF213,0.04,0.0310523,0
27183,36,CTCF,0.9400000000000004,0.6807924,0
27184,36,WDCP,0.15000000000000002,0.10303489999999998,0
27185,36,KAT7,0.13,0.1062406,0
27186,36,KDM5C,0.17,0.160884,0
27187,36,TGFBR2,0.17,0.14619790000000002,0
27188,36,ATM,1.4200000000000008,1.1203712000000003,0
27189,36,NUMA1,0.020000000000000004,0.025129900000000004,0
27190,36,STAT3,1.4500000000000008,1.1617130000000002,0
27191,36,SUB1,-0.25,-0.0921677,0
27192,36,NUP98,0.16,0.1581036,0
27193,36,ELL,-5.204170427930421e-18,0.01714829999999999,0
27194,36,MAP3K1,0.31999999999999995,0.27569520000000003,0
27195,36,MALT1,0.13,0.13794879999999998,0
27196,36,XPO1,0.31000000000000005,0.25785060000000004,0
27197,36,SETD1B,0.18,0.1324272,0
27198,36,ETV6,-0.14,-0.031357,0
27199,36,TBL1XR1,0.20000000000000004,0.13442300000000001,0
27200,36,NUP214,0.04000000000000001,0.12376369999999993,0
27201,36,TPR,0.09999999999999999,0.10010720000000001,0
27202,36,ATIC,-5.204170427930421e-18,0.0325001,0
27203,36,NACA,0.24,0.1689455,0
27204,36,MYO5A,0.009999999999999998,0.008816200000000001,0
27205,36,SMC1A,0.5900000000000001,0.48258580000000006,0
27206,36,LASP1,-0.22,-0.12087419999999999,0
27207,36,ERCC5,0.49,0.3326605,0
27208,36,JUN,-0.07999999999999999,0.15263940000000004,0
27209,36,THRAP3,0.11,0.09360009999999999,0
27210,36,STAG2,0.43999999999999995,0.3591716,0
27211,36,RAF1,1.0600000000000003,0.7578559999999998,0
27212,36,ERCC3,0.53,0.4399724000000001,0
27213,36,SMAD2,0.49,0.48271359999999996,0
27214,36,TAF15,0.18000000000000002,0.1497745,0
27215,36,ARNT,0.29000000000000004,0.25277930000000004,0
27216,36,CLTC,-0.5400000000000001,-0.282695,0
27217,36,IKBKB,0.5400000000000003,0.47724999999999995,0
27218,36,IDH1,-0.75,-0.19903590000000002,0
27219,36,SND1,-0.009999999999999997,-0.0033067999999999978,0
27220,36,KNSTRN,0.03,0.0250599,0
27221,36,RHOA,-1.6000000000000003,-0.4015633000000001,0
27222,36,PALB2,0.5499999999999999,0.4826197,0
27223,36,ARID2,0.7700000000000002,0.5922426,0
27224,36,EZR,-0.08,-0.00030500000000000405,0
27225,36,TP53,-0.8899999999999998,-0.022883999999999977,0
27226,36,ARAF,0.42000000000000004,0.23593799999999995,0
27227,36,KIF5B,0.4799999999999999,0.3390254,0
27228,36,KAT6A,0.22999999999999998,0.2134527,0
27229,36,KTN1,-0.14,-0.030932599999999998,0
27230,36,GOLGA5,-0.14,-0.0961653,0
27231,36,KDM5A,0.2,0.1857655,0
27232,36,RAD21,0.48000000000000015,0.3829563,0
27233,36,GNAQ,0.17999999999999997,0.1316674,0
27234,36,CAMTA1,0.01,0.006585900000000001,0
27235,36,ERCC2,0.6200000000000001,0.44002080000000005,0
27236,36,EZH2,1.740000000000001,1.1060519000000002,0
27237,36,TOP1,0.13,0.1036417,0
27238,36,SRSF3,-0.2600000000000001,-0.0805301,0
27239,36,NPM1,-0.1700000000000001,0.084131,0
27240,36,BAX,-0.53,-0.16256440000000003,0
27241,36,NOTCH2,0.27,0.21586540000000004,0
27242,36,TRAF7,0.03,0.023166299999999997,0
27243,36,KDM6A,0.8500000000000002,0.7432273,0
27244,36,SPEN,0.12,0.09154790000000002,0
27245,36,TRIM27,-0.44,-0.16078730000000002,0
27246,36,CRTC1,0.14,0.1083046,0
27247,36,EML4,0.2900000000000001,0.2438928,0
27248,36,USP9X,-0.030000000000000002,-0.0196278,0
27249,36,PTPRK,0.02,0.0151964,0
27250,36,CD74,-0.28,-0.0545465,0
27251,36,CBL,0.6800000000000002,0.5157356000000001,0
27252,36,ZNF384,-0.05,-0.028190800000000002,0
27253,36,NOTCH1,0.9800000000000004,0.7324949,0
27254,36,COX6C,-0.14,-0.058251300000000006,0
27255,36,CHCHD7,0.03,0.0210684,0
27256,36,HMGA1,-0.12,-0.0542292,0
27257,36,PTEN,1.320000000000001,1.1317917000000002,0
27258,36,FIP1L1,-0.01999999999999999,-0.011352899999999999,0
27259,36,JAK1,0.7900000000000003,0.6294169999999999,0
27260,36,ZMYM2,-0.049999999999999996,-0.03615209999999999,0
27261,36,SUZ12,0.8100000000000003,0.5825523000000001,0
27262,36,FUS,-0.16999999999999998,0.1037496,0
27263,36,BAP1,-8.673617379884035e-18,0.03203609999999999,0
27264,36,ZCCHC8,-0.09,-0.0252639,0
27265,36,CRNKL1,-0.04,-0.025403699999999998,0
27266,36,RAD17,0.15000000000000002,0.1104227,0
27267,36,ATP1A1,-3.469446951953614e-18,0.00012629999999999933,0
27268,36,DNMT3A,0.8900000000000003,0.7226984000000002,0
27269,36,FBXW7,0.9900000000000003,0.7799640999999999,0
27270,36,WWTR1,-0.029999999999999992,-0.012529399999999996,0
27271,36,CDKN1B,0.55,0.34685720000000003,0
27272,36,KMT2A,0.4700000000000001,0.4112135999999999,0
27273,36,PTPN11,0.9400000000000004,0.733254,0
27274,36,STAT5B,0.6700000000000003,0.5307389000000001,0
27275,36,CUX1,-0.09999999999999999,-0.0691733,0
27276,36,ABI1,-0.49,-0.1462339,0
27277,36,BRCA1,1.6700000000000013,1.3121440999999998,0
27278,36,SH2B3,0.06999999999999999,0.045906300000000004,0
27279,36,AFF4,0.049999999999999996,0.0476573,0
27280,36,NF2,0.039999999999999994,0.08646100000000001,0
27281,36,LMNA,6.938893903907228e-18,0.027803600000000005,0
27282,36,TSC2,0.5700000000000001,0.4685716,0
27283,36,GOLPH3,-0.1,-0.063354,0
27284,36,PCM1,-0.05,-0.0340828,0
27285,36,PPP2R1A,-0.38,-0.11519650000000001,0
27286,36,ARID1A,1.8000000000000012,1.2998638000000005,0
27287,36,ABL1,0.24000000000000013,0.21605449999999995,0
27288,36,AFF1,0.15999999999999998,0.1524235,0
27289,36,DAXX,-0.3499999999999999,-0.08630680000000002,0
27290,36,CBFB,0.12999999999999998,0.10450960000000001,0
27291,36,CBLB,0.14,0.111627,0
27292,36,POLR2A,-0.020000000000000018,0.1741707,0
27293,36,PRKACA,0.4100000000000001,0.3230042,0
27294,36,DNM2,-0.13999999999999999,-0.05249079999999999,0
27295,36,RAP1GDS1,-0.06,-0.019330199999999985,0
27296,36,NCOR1,0.8600000000000002,0.8228414,0
27297,36,NFKBIE,-0.27,-0.0914817,0
27298,36,DDX3X,0.14,0.1296788,0
27299,36,ELK4,0.02,0.0143606,0
27300,36,MLLT6,0.1,0.08773990000000001,0
27301,36,SRSF2,-1.3900000000000001,-0.39377390000000007,0
27302,36,CTNNA1,0.1,0.07487079999999999,0
27303,36,RBM10,0.24000000000000002,0.1641416,0
27304,36,PTPRC,0.13,0.12799750000000001,0
27305,36,HSP90AA1,1.2100000000000006,0.7914298,0
27306,37,NSD1,0.38999999999999996,0.3457192,1
27307,37,DICER1,0.23000000000000004,0.29373520000000003,1
27308,37,BIRC6,0.15,0.15289890000000003,1
27309,37,SDHC,0.42999999999999994,0.3239371,1
27310,37,TFG,0.07,0.059419799999999995,1
27311,37,MAP2K2,0.27999999999999997,0.21924719999999998,1
27312,37,TFRC,-0.23,-0.0708862,1
27313,37,CREB1,1.0000000000000002,0.9010874,1
27314,37,POLG,-0.04,-0.0088312,1
27315,37,SETD2,0.6000000000000003,0.5917459999999999,1
27316,37,NAB2,-0.63,-0.159011,1
27317,37,HIF1A,1.700000000000001,1.3603411999999995,1
27318,37,FLCN,-0.040000000000000015,0.028285699999999997,1
27319,37,MAP2K4,0.11000000000000001,0.1500888,1
27320,37,CNOT3,0.060000000000000005,0.0647942,1
27321,37,CIITA,0.1,0.064304,1
27322,37,LSM14A,0.15,0.12327549999999998,1
27323,37,AKAP9,-0.020000000000000004,0.0324208,1
27324,37,MSN,-0.23,-0.07017659999999999,1
27325,37,BCR,-0.11000000000000003,0.04980679999999999,1
27326,37,TRRAP,3.469446951953614e-17,0.23773219999999998,1
27327,37,PPP6C,-0.13,-0.0555669,1
27328,37,NCOA4,-0.09,-0.006438499999999993,1
27329,37,BCL9,0.18,0.1519712,1
27330,37,PRCC,0.09999999999999999,0.0741738,1
27331,37,LARP4B,0.04,0.031903600000000004,1
27332,37,CHD2,0.03,0.0282906,1
27333,37,ASXL1,0.14000000000000007,0.28291020000000017,1
27334,37,SMARCA4,1.8800000000000012,1.5285185,1
27335,37,ERC1,-0.01,-0.007694199999999998,1
27336,37,DCTN1,0.03999999999999999,0.05821459999999999,1
27337,37,PIK3R1,1.1900000000000006,1.0133324999999997,1
27338,37,EED,0.19,0.1339845,1
27339,37,CNBP,0.02,0.012275000000000001,1
27340,37,SGK1,0.48999999999999994,0.33299140000000005,1
27341,37,MLLT10,-0.46,-0.27847109999999997,1
27342,37,BRD4,0.8500000000000003,0.8358693999999998,1
27343,37,RANBP2,0.32999999999999996,0.32310410000000006,1
27344,37,FBXO11,0.08,0.0657365,1
27345,37,PML,0.43,0.3050234,1
27346,37,AKT2,1.08,0.8440905,1
27347,37,CEP89,0.04,0.0257732,1
27348,37,LZTR1,0.09999999999999999,0.1264325,1
27349,37,YWHAE,0.27,0.1722951,1
27350,37,DNAJB1,-0.08,-0.019389400000000008,1
27351,37,PRDM2,0.08,0.0687963,1
27352,37,TPM4,0.52,0.3736148,1
27353,37,CREBBP,1.9500000000000013,1.6758685000000004,1
27354,37,PMS2,0.6700000000000002,0.6153079,1
27355,37,DDR2,0.030000000000000002,0.0176916,1
27356,37,FANCA,0.39999999999999997,0.353677,1
27357,37,PDE4DIP,0.08,0.0655218,1
27358,37,USP8,-0.09,-0.03668429999999999,1
27359,37,MYH9,-0.57,-0.14942780000000003,1
27360,37,MYC,-2.0000000000000013,-0.5118749999999999,1
27361,37,NBN,0.6500000000000001,0.5480302,1
27362,37,CCND3,-0.06999999999999999,0.005165800000000001,1
27363,37,TRIP11,-0.08,-0.05953270000000001,1
27364,37,CNTRL,-0.05,-0.043611800000000006,1
27365,37,PIK3CA,1.310000000000001,1.1718256000000005,1
27366,37,DDX5,0.18,0.2561724,1
27367,37,PICALM,0.029999999999999995,0.030195699999999995,1
27368,37,RARA,-0.2400000000000001,0.0019770000000000074,1
27369,37,DDX6,0.04999999999999999,0.14431770000000002,1
27370,37,COL1A1,0.24000000000000002,0.2102048,1
27371,37,VHL,0.32000000000000006,0.24962710000000002,1
27372,37,MAPK1,2.000000000000001,1.4595907000000001,1
27373,37,SRC,-0.07,0.19032639999999998,1
27374,37,NFE2L2,0.44999999999999996,0.32375329999999997,1
27375,37,MITF,-0.1,0.0179843,1
27376,37,SMAD3,1.2500000000000009,1.2180589000000004,1
27377,37,RBM15,0.14,0.1216924,1
27378,37,ATR,0.8000000000000003,0.6770205,1
27379,37,EPAS1,0.44,0.4348123,1
27380,37,TPM3,0.21000000000000002,0.18055340000000003,1
27381,37,RPL10,0.11,0.1303198,1
27382,37,STAG1,0.13,0.17324750000000003,1
27383,37,SBDS,-0.08,-0.025574100000000002,1
27384,37,KMT2D,1.0900000000000005,0.9125871999999999,1
27385,37,MED12,0.42000000000000004,0.3627122,1
27386,37,BCLAF1,-0.009999999999999995,0.05773180000000001,1
27387,37,ASPSCR1,-0.07,-0.01761510000000001,1
27388,37,CDK12,0.5900000000000001,0.4799297,1
27389,37,EWSR1,0.2699999999999999,0.3365802,1
27390,37,NDRG1,-0.04,-0.0007960999999999984,1
27391,37,PSIP1,0.13,0.10763080000000003,1
27392,37,TRIM33,0.16,0.1404416,1
27393,37,MTOR,0.9500000000000004,0.8298937000000003,1
27394,37,ARHGAP35,0.16,0.1470498,1
27395,37,POT1,0.0,0.0150274,1
27396,37,EXT1,0.11,0.08485179999999999,1
27397,37,IL6ST,0.34,0.2985388,1
27398,37,IDH2,0.16999999999999998,0.13112980000000002,1
27399,37,SMARCE1,0.39,0.2623997,1
27400,37,CRTC3,0.09999999999999999,0.08573399999999999,1
27401,37,TSC1,0.32,0.327067,1
27402,37,BCOR,-0.15000000000000002,0.0333947,1
27403,37,SDHA,0.26,0.21141110000000002,1
27404,37,EP300,2.37,2.1863240999999993,1
27405,37,HNRNPA2B1,0.54,0.3833565,1
27406,37,CLIP1,-0.12000000000000001,-0.0638103,1
27407,37,PATZ1,-0.61,-0.15202269999999998,1
27408,37,FUBP1,-0.27,-0.06611449999999999,1
27409,37,HLA-A,-0.04999999999999999,0.022454599999999988,1
27410,37,CCNC,-0.17,-0.0752116,1
27411,37,RPN1,-0.18,-0.0686256,1
27412,37,TCF7L2,0.13999999999999999,0.15908039999999998,1
27413,37,CANT1,0.0,0.012082199999999994,1
27414,37,RPL5,-0.6,-0.1555502,1
27415,37,CCDC6,0.08000000000000002,0.10516760000000001,1
27416,37,NCKIPSD,-0.019999999999999997,0.006474199999999999,1
27417,37,SMARCD1,0.48,0.36893780000000004,1
27418,37,BCL10,-0.049999999999999996,0.0455451,1
27419,37,MAX,0.07,0.0988343,1
27420,37,HERPUD1,-0.06,-0.013354199999999998,1
27421,37,RAC1,-0.10000000000000003,0.05521689999999999,1
27422,37,FLNA,0.19999999999999996,0.1406424,1
27423,37,TFE3,-0.7600000000000001,-0.2736,1
27424,37,NCOR2,0.5600000000000002,0.5169954,1
27425,37,PRPF40B,0.049999999999999996,0.0352709,1
27426,37,BCL3,-0.06999999999999998,-0.015727500000000005,1
27427,37,TFPT,-0.43000000000000005,-0.1205919,1
27428,37,MLH1,0.7400000000000002,0.7079302000000001,1
27429,37,ARHGAP5,0.11,0.1107325,1
27430,37,CIC,0.01,0.0069023,1
27431,37,LYN,0.75,0.5923501999999999,1
27432,37,TCF12,0.36000000000000004,0.3060189,1
27433,37,KLF6,0.05,0.0338746,1
27434,37,KMT2C,0.9900000000000004,0.8813286,1
27435,37,PIM1,-0.049999999999999996,0.01006940000000001,1
27436,37,CCND1,1.0500000000000005,0.6839636000000002,1
27437,37,MLLT1,-1.7900000000000003,-0.4036026,1
27438,37,MEN1,-0.01999999999999999,0.025646200000000008,1
27439,37,CUL3,0.13,0.1631022,1
27440,37,RB1,0.7100000000000002,0.6155985,1
27441,37,LPP,-0.15999999999999998,-0.025437400000000002,1
27442,37,BUB1B,-0.12999999999999998,-0.022834300000000016,1
27443,37,SMAD4,1.520000000000001,1.3019679000000006,1
27444,37,FGFR1,0.2,0.22365899999999994,1
27445,37,TMSB4X,0.03,0.0226734,1
27446,37,CDK4,1.1400000000000006,0.7920297000000002,1
27447,37,MSI2,0.01,0.0081893,1
27448,37,MSH6,1.1000000000000005,0.9462037000000001,1
27449,37,BRAF,1.2800000000000007,1.1559049,1
27450,37,TCEA1,-0.05999999999999999,0.009590300000000003,1
27451,37,TNFAIP3,0.14,0.13365080000000001,1
27452,37,RABEP1,0.010000000000000002,0.0081158,1
27453,37,GMPS,-0.09000000000000002,-0.0436923,1
27454,37,MDM2,1.2700000000000007,1.0406764000000002,1
27455,37,NSD2,0.25,0.1994744,1
27456,37,CASP8,-0.5299999999999999,-0.028957399999999987,1
27457,37,PER1,-0.24,-0.07895640000000001,1
27458,37,UBR5,0.019999999999999993,0.048993199999999994,1
27459,37,EIF3E,0.020000000000000004,0.0693571,1
27460,37,RFWD3,0.02,0.022902200000000004,1
27461,37,BRD3,0.11,0.08967190000000001,1
27462,37,PAFAH1B2,0.02,0.0174862,1
27463,37,EXT2,0.009999999999999995,0.014293799999999995,1
27464,37,PLCG1,0.43,0.4068260000000001,1
27465,37,SF3B1,-0.68,-0.33160449999999997,1
27466,37,ARHGEF10L,0.03,0.0153228,1
27467,37,NFATC2,0.26,0.195532,1
27468,37,SDHD,0.29999999999999993,0.2324966,1
27469,37,PABPC1,-0.91,-0.22962089999999996,1
27470,37,POLD1,-0.46,-0.1022266,1
27471,37,CALR,-0.07,0.04708849999999999,1
27472,37,PIK3CB,0.51,0.4976049999999999,1
27473,37,PPM1D,0.33000000000000007,0.2685766,1
27474,37,ATRX,0.9000000000000005,0.8303915,1
27475,37,DGCR8,0.2,0.15993479999999996,1
27476,37,DDX10,0.19,0.14870440000000001,1
27477,37,DROSHA,0.5700000000000002,0.4660652999999999,1
27478,37,TNFRSF14,-0.16999999999999998,-0.0645257,1
27479,37,BCL9L,0.13999999999999999,0.10642370000000001,1
27480,37,QKI,0.06999999999999999,0.0556262,1
27481,37,BAZ1A,0.01,0.0079833,1
27482,37,CHD4,0.39,0.3684447,1
27483,37,NSD3,0.13,0.1357081,1
27484,37,NT5C2,0.16,0.089172,1
27485,37,CCNB1IP1,0.15000000000000002,0.069855,1
27486,37,PCBP1,-1.15,-0.2911855,1
27487,37,RALGDS,-0.13,0.0294588,1
27488,37,ARHGEF12,-0.04000000000000001,0.0220993,1
27489,37,HSP90AB1,1.0200000000000002,0.7132029,1
27490,37,FOXO3,1.560000000000001,1.2161689,1
27491,37,HIP1,-0.01,-0.0052840000000000005,1
27492,37,CDC73,-0.039999999999999994,0.0329339,1
27493,37,NIN,-0.009999999999999995,-0.006820400000000004,1
27494,37,MDM4,0.08000000000000002,0.1720815,1
27495,37,COL3A1,0.22,0.1851046,1
27496,37,CTNND1,0.09,0.1456988,1
27497,37,SPOP,0.12000000000000001,0.12012310000000001,1
27498,37,TMEM127,0.049999999999999996,0.024077899999999996,1
27499,37,CREB3L2,0.13,0.0819417,1
27500,37,MSH2,1.0600000000000005,0.9233322,1
27501,37,FNBP1,0.03,0.04349109999999999,1
27502,37,ATF1,0.18000000000000002,0.1287858,1
27503,37,EIF1AX,-0.48999999999999994,-0.1858498,1
27504,37,PMS1,0.44999999999999996,0.3656811,1
27505,37,DEK,0.18,0.15192239999999999,1
27506,37,ERBB2,0.8600000000000003,0.5573667999999999,1
27507,37,AKT1,0.7600000000000002,0.5532788,1
27508,37,CHEK2,0.55,0.6519197999999999,1
27509,37,SDHB,0.44000000000000006,0.3238650000000001,1
27510,37,NCOA1,0.42,0.35695379999999993,1
27511,37,CHIC2,0.08,0.0530182,1
27512,37,RUNX1,-0.3800000000000001,0.4726813,1
27513,37,STAT6,0.39,0.39359449999999996,1
27514,37,FH,-0.029999999999999985,0.02247340000000002,1
27515,37,AKT3,1.2300000000000006,0.9224519999999999,1
27516,37,GNAS,0.37,0.2669469,1
27517,37,CTNNB1,1.520000000000001,1.0796006999999999,1
27518,37,NONO,0.32000000000000006,0.2764723,1
27519,37,SMARCB1,0.9200000000000004,0.7807537000000001,1
27520,37,PRKAR1A,0.19,0.19623880000000002,1
27521,37,ITGAV,-0.03,0.05180720000000001,1
27522,37,SS18,0.41000000000000003,0.29832780000000003,1
27523,37,MAP2K1,1.0200000000000005,0.664576,1
27524,37,SIRPA,-0.04,-0.00861,1
27525,37,PPFIBP1,0.38,0.28622770000000003,1
27526,37,RPL22,-0.37,0.10395180000000001,1
27527,37,CYLD,0.34,0.2829391,1
27528,37,ARID1B,0.8700000000000001,0.698315,1
27529,37,SETDB1,0.35000000000000003,0.2598433,1
27530,37,AFDN,-0.3600000000000001,-0.09738550000000003,1
27531,37,ZRSR2,-0.28,-0.1920705,1
27532,37,PBRM1,1.0300000000000005,0.8104174,1
27533,37,XPC,0.51,0.3299098,1
27534,37,ASXL2,0.30000000000000004,0.2298872,1
27535,37,TRIM24,-0.03000000000000003,0.07660680000000002,1
27536,37,SFPQ,-0.5,-0.16955489999999998,1
27537,37,NCOA2,0.6000000000000001,0.5262291000000001,1
27538,37,FOXO4,0.24000000000000002,0.16457560000000002,1
27539,37,LEF1,0.29000000000000004,0.22429660000000004,1
27540,37,B2M,-0.25,-0.10667100000000002,1
27541,37,DDIT3,-0.43000000000000005,-0.11179769999999999,1
27542,37,BCL6,0.43000000000000005,0.35850269999999995,1
27543,37,KRAS,-0.43999999999999984,-0.01828870000000001,1
27544,37,FAT1,0.11,0.0881564,1
27545,37,ABL2,0.09,0.079352,1
27546,37,NF1,1.2900000000000007,1.0937215000000002,1
27547,37,BTG1,-0.08,-0.0323848,1
27548,37,EIF4A2,0.09,0.053458,1
27549,37,SET,0.19,0.15480570000000002,1
27550,37,EPS15,0.10999999999999999,0.09903609999999999,1
27551,37,RNF213,0.07,0.0626408,1
27552,37,CTCF,1.1000000000000005,0.7597368999999999,1
27553,37,WDCP,0.24000000000000002,0.1534,1
27554,37,KAT7,0.19,0.1655033,1
27555,37,KDM5C,0.24000000000000002,0.23257209999999998,1
27556,37,TGFBR2,0.25000000000000006,0.2522323000000001,1
27557,37,ATM,0.6500000000000001,0.8410739000000002,1
27558,37,NUMA1,0.08,0.07146549999999999,1
27559,37,STAT3,0.6200000000000001,0.7627904999999999,1
27560,37,SUB1,-0.16,-0.0652523,1
27561,37,NUP98,0.2899999999999999,0.2864033,1
27562,37,ELL,0.22999999999999998,0.12686170000000002,1
27563,37,MAP3K1,0.41,0.33380250000000006,1
27564,37,MALT1,0.11000000000000003,0.1498841,1
27565,37,XPO1,0.6500000000000002,0.5440472,1
27566,37,SETD1B,0.30000000000000004,0.2455985,1
27567,37,ETV6,-0.060000000000000005,0.009834599999999999,1
27568,37,TBL1XR1,0.26999999999999996,0.1992117,1
27569,37,NUP214,-0.04999999999999996,0.1528063,1
27570,37,TPR,0.14999999999999997,0.1322935,1
27571,37,ATIC,0.15999999999999998,0.16015069999999998,1
27572,37,NACA,0.22999999999999998,0.1451915,1
27573,37,MYO5A,0.04,0.030792399999999998,1
27574,37,SMC1A,0.21000000000000002,0.3981571,1
27575,37,LASP1,-0.25,-0.1256449,1
27576,37,ERCC5,0.47,0.30480419999999997,1
27577,37,JUN,-0.2699999999999999,0.04229129999999999,1
27578,37,THRAP3,0.1,0.07996700000000001,1
27579,37,STAG2,0.25000000000000006,0.28469799999999995,1
27580,37,RAF1,0.7900000000000003,0.6490846999999998,1
27581,37,ERCC3,0.55,0.5062689,1
27582,37,SMAD2,0.42000000000000026,0.5417133999999997,1
27583,37,TAF15,0.23000000000000004,0.1958993,1
27584,37,ARNT,0.29000000000000004,0.270268,1
27585,37,CLTC,-0.6299999999999999,-0.26291999999999993,1
27586,37,IKBKB,0.44000000000000006,0.469148,1
27587,37,IDH1,-0.7100000000000003,-0.21908040000000004,1
27588,37,SND1,0.02000000000000001,0.03311,1
27589,37,KNSTRN,0.02,0.015200800000000002,1
27590,37,RHOA,-3.5500000000000003,-0.7856960999999998,1
27591,37,PALB2,0.59,0.5408142,1
27592,37,ARID2,0.8600000000000001,0.6943324,1
27593,37,EZR,-0.07,-0.017806499999999992,1
27594,37,TP53,0.24000000000000007,0.5611317000000001,1
27595,37,ARAF,0.39000000000000007,0.21371089999999998,1
27596,37,KIF5B,0.5500000000000002,0.42747,1
27597,37,KAT6A,0.19000000000000003,0.23725700000000002,1
27598,37,KTN1,-0.13,-0.0251324,1
27599,37,GOLGA5,-0.09,-0.0650485,1
27600,37,KDM5A,0.21,0.22957160000000001,1
27601,37,RAD21,0.6100000000000001,0.5317793,1
27602,37,GNAQ,0.31,0.24674310000000002,1
27603,37,CAMTA1,0.06,0.04410359999999999,1
27604,37,ERCC2,0.66,0.5235474999999999,1
27605,37,EZH2,1.6600000000000013,1.3371728999999994,1
27606,37,TOP1,0.31000000000000005,0.23585289999999998,1
27607,37,SRSF3,-0.3699999999999999,-0.0962827,1
27608,37,NPM1,0.12000000000000002,0.1831156,1
27609,37,BAX,-0.86,-0.1736532,1
27610,37,NOTCH2,0.32,0.27733220000000003,1
27611,37,TRAF7,0.02,0.014633400000000001,1
27612,37,KDM6A,0.8300000000000002,0.8917478,1
27613,37,SPEN,0.15,0.1232273,1
27614,37,TRIM27,-0.49,-0.16331060000000003,1
27615,37,CRTC1,0.15999999999999998,0.12782,1
27616,37,EML4,0.31000000000000005,0.3291835,1
27617,37,USP9X,0.06999999999999999,0.055947,1
27618,37,PTPRK,0.0,0.0,1
27619,37,CD74,-0.16999999999999998,-0.01796030000000001,1
27620,37,CBL,0.5800000000000001,0.5670656999999999,1
27621,37,ZNF384,0.06,0.049483200000000005,1
27622,37,NOTCH1,1.2900000000000005,0.9671489000000004,1
27623,37,COX6C,-0.21,-0.055899,1
27624,37,CHCHD7,0.02,0.0119136,1
27625,37,HMGA1,-0.05,-0.0203488,1
27626,37,PTEN,1.0900000000000007,1.1069659,1
27627,37,FIP1L1,-0.05,-0.016382499999999994,1
27628,37,JAK1,0.9000000000000004,0.7885203999999998,1
27629,37,ZMYM2,0.039999999999999994,0.0332389,1
27630,37,SUZ12,1.0100000000000005,0.7650566999999998,1
27631,37,FUS,-0.5299999999999999,0.002732100000000001,1
27632,37,BAP1,-0.36,-0.14599,1
27633,37,ZCCHC8,-0.08,-0.0210224,1
27634,37,CRNKL1,0.04,0.0308091,1
27635,37,RAD17,0.23,0.17809049999999998,1
27636,37,ATP1A1,0.01,0.0049744,1
27637,37,DNMT3A,0.9500000000000004,0.8442483000000002,1
27638,37,FBXW7,0.8500000000000003,0.8021128,1
27639,37,WWTR1,-0.08999999999999998,-0.03121880000000001,1
27640,37,CDKN1B,0.3600000000000001,0.3073465,1
27641,37,KMT2A,0.21,0.29453209999999996,1
27642,37,PTPN11,1.1200000000000006,0.9496317999999999,1
27643,37,STAT5B,0.7300000000000002,0.6364885999999998,1
27644,37,CUX1,-0.07,-0.0497055,1
27645,37,ABI1,-0.29000000000000004,-0.07502600000000001,1
27646,37,BRCA1,2.0000000000000013,1.6591442,1
27647,37,SH2B3,0.09999999999999999,0.06438249999999998,1
27648,37,AFF4,-0.29000000000000004,-0.16890200000000002,1
27649,37,NF2,0.10999999999999997,0.14609879999999997,1
27650,37,LMNA,0.12999999999999998,0.0869154,1
27651,37,TSC2,0.7900000000000003,0.6666974000000001,1
27652,37,GOLPH3,-0.09999999999999999,-0.0664019,1
27653,37,PCM1,-0.04,-0.0318593,1
27654,37,PPP2R1A,-0.6800000000000002,-0.21506830000000002,1
27655,37,ARID1A,1.8500000000000012,1.5600764000000005,1
27656,37,ABL1,-0.3200000000000001,0.01880040000000003,1
27657,37,AFF1,-0.03,0.032382900000000006,1
27658,37,DAXX,-0.78,-0.20134150000000003,1
27659,37,CBFB,0.039999999999999994,0.1431074,1
27660,37,CBLB,0.18,0.16148089999999998,1
27661,37,POLR2A,-0.39,0.08435759999999998,1
27662,37,PRKACA,0.24000000000000007,0.3330285999999999,1
27663,37,DNM2,-0.1,-0.032973,1
27664,37,RAP1GDS1,0.010000000000000023,0.04588389999999999,1
27665,37,NCOR1,0.9600000000000002,0.9700325000000001,1
27666,37,NFKBIE,-0.47,-0.1318508,1
27667,37,DDX3X,0.35000000000000003,0.3164362,1
27668,37,ELK4,0.02,0.0167956,1
27669,37,MLLT6,0.04,0.037205100000000005,1
27670,37,SRSF2,-3.3800000000000003,-0.7330750000000001,1
27671,37,CTNNA1,0.14,0.1102202,1
27672,37,RBM10,0.14,0.1054112,1
27673,37,PTPRC,0.020000000000000004,0.10880469999999999,1
27674,37,HSP90AA1,1.1100000000000005,0.7691562999999999,1
27675,37,NSD1,0.27,0.22735709999999998,0
27676,37,DICER1,0.23,0.2345926,0
27677,37,BIRC6,0.12,0.10381080000000001,0
27678,37,SDHC,0.31,0.2245098,0
27679,37,TFG,0.29,0.1623861,0
27680,37,MAP2K2,0.24999999999999997,0.1876244,0
27681,37,TFRC,-0.22000000000000003,-0.10973690000000001,0
27682,37,CREB1,0.9400000000000004,0.6940044,0
27683,37,POLG,0.0,0.0,0
27684,37,SETD2,0.6900000000000002,0.5852935,0
27685,37,NAB2,-0.28,-0.10287170000000001,0
27686,37,HIF1A,1.570000000000001,1.111189,0
27687,37,FLCN,0.03,0.032084299999999996,0
27688,37,MAP2K4,-0.060000000000000005,0.05620170000000001,0
27689,37,CNOT3,0.0,0.013609799999999997,0
27690,37,CIITA,0.11,0.07115669999999999,0
27691,37,LSM14A,0.08,0.0752313,0
27692,37,AKAP9,-0.060000000000000005,-0.013380200000000002,0
27693,37,MSN,-0.37,-0.08702950000000002,0
27694,37,BCR,0.009999999999999983,0.023308499999999996,0
27695,37,TRRAP,0.01999999999999999,0.11974699999999998,0
27696,37,PPP6C,-0.15,-0.07283629999999999,0
27697,37,NCOA4,-0.22,-0.1151785,0
27698,37,BCL9,0.17,0.1302414,0
27699,37,PRCC,0.020000000000000004,0.024408000000000006,0
27700,37,LARP4B,0.0,0.0,0
27701,37,CHD2,0.01,0.0076254,0
27702,37,ASXL1,0.55,0.49150460000000024,0
27703,37,SMARCA4,1.4900000000000009,1.0662358999999997,0
27704,37,ERC1,-0.01,-0.008247299999999999,0
27705,37,DCTN1,-0.22,-0.08888460000000002,0
27706,37,PIK3R1,1.3800000000000008,0.9596685999999998,0
27707,37,EED,-0.010000000000000014,0.0555295,0
27708,37,CNBP,0.01,0.0048772,0
27709,37,SGK1,0.23,0.126445,0
27710,37,MLLT10,-0.11,-0.04078189999999998,0
27711,37,BRD4,1.0100000000000005,0.7511023000000001,0
27712,37,RANBP2,0.18999999999999997,0.23508409999999993,0
27713,37,FBXO11,0.060000000000000005,0.0490263,0
27714,37,PML,0.33000000000000007,0.23070880000000002,0
27715,37,AKT2,0.9800000000000002,0.6602127999999999,0
27716,37,CEP89,0.08,0.0490677,0
27717,37,LZTR1,0.08,0.08007829999999999,0
27718,37,YWHAE,0.2,0.1273676,0
27719,37,DNAJB1,-0.049999999999999996,-0.011481899999999998,0
27720,37,PRDM2,0.03,0.020336,0
27721,37,TPM4,0.4600000000000001,0.2930644,0
27722,37,CREBBP,1.760000000000001,1.4333652999999997,0
27723,37,PMS2,0.5900000000000001,0.5564961,0
27724,37,DDR2,0.04,0.022988,0
27725,37,FANCA,0.33,0.27483640000000004,0
27726,37,PDE4DIP,0.05,0.0341057,0
27727,37,USP8,-0.12,-0.0502851,0
27728,37,MYH9,-0.32,-0.06067250000000002,0
27729,37,MYC,-1.3900000000000003,-0.5139861000000001,0
27730,37,NBN,0.56,0.418688,0
27731,37,CCND3,-0.09000000000000002,0.03662549999999999,0
27732,37,TRIP11,-0.12,-0.0759668,0
27733,37,CNTRL,-0.06000000000000001,-0.037702900000000004,0
27734,37,PIK3CA,1.560000000000001,1.0839404,0
27735,37,DDX5,0.24000000000000002,0.23707309999999995,0
27736,37,PICALM,0.02,0.018919799999999997,0
27737,37,RARA,0.3,0.25650219999999996,0
27738,37,DDX6,-0.03000000000000001,0.06664799999999999,0
27739,37,COL1A1,0.1,0.1126756,0
27740,37,VHL,0.16999999999999998,0.1199966,0
27741,37,MAPK1,1.4300000000000008,0.8813717999999999,0
27742,37,SRC,-0.4099999999999999,0.048887899999999984,0
27743,37,NFE2L2,0.28,0.17265080000000002,0
27744,37,MITF,-0.35,-0.05497069999999998,0
27745,37,SMAD3,1.2000000000000008,0.9034020999999997,0
27746,37,RBM15,0.060000000000000005,0.054985000000000006,0
27747,37,ATR,0.7600000000000003,0.6315177000000002,0
27748,37,EPAS1,0.32000000000000006,0.3060808,0
27749,37,TPM3,0.24000000000000005,0.18313150000000003,0
27750,37,RPL10,0.13,0.12141240000000002,0
27751,37,STAG1,0.16,0.1604302,0
27752,37,SBDS,-0.04,-0.0160326,0
27753,37,KMT2D,0.9800000000000004,0.7244931000000001,0
27754,37,MED12,0.32000000000000006,0.2504935,0
27755,37,BCLAF1,-0.11,-0.008205200000000003,0
27756,37,ASPSCR1,0.029999999999999995,0.025932999999999994,0
27757,37,CDK12,0.26999999999999996,0.1998579,0
27758,37,EWSR1,0.3999999999999999,0.32962179999999996,0
27759,37,NDRG1,-0.020000000000000007,-0.005605199999999999,0
27760,37,PSIP1,-0.06,-0.019326600000000003,0
27761,37,TRIM33,0.04000000000000001,0.043141799999999994,0
27762,37,MTOR,1.3100000000000005,0.9322611000000001,0
27763,37,ARHGAP35,0.11,0.12002609999999998,0
27764,37,POT1,-0.04000000000000001,-0.001645300000000004,0
27765,37,EXT1,0.11,0.069399,0
27766,37,IL6ST,0.3,0.2275858,0
27767,37,IDH2,0.18000000000000002,0.1381448,0
27768,37,SMARCE1,0.33999999999999997,0.19869330000000002,0
27769,37,CRTC3,0.08,0.0628047,0
27770,37,TSC1,0.26,0.2570182,0
27771,37,BCOR,-0.16999999999999998,-0.004181199999999996,0
27772,37,SDHA,0.27,0.17108669999999998,0
27773,37,EP300,1.7900000000000011,1.4093408000000005,0
27774,37,HNRNPA2B1,0.19000000000000003,0.18217750000000002,0
27775,37,CLIP1,-0.13,-0.06682020000000001,0
27776,37,PATZ1,-0.42000000000000004,-0.11896020000000002,0
27777,37,FUBP1,-0.08000000000000002,0.016265,0
27778,37,HLA-A,-0.15,0.017338799999999994,0
27779,37,CCNC,-0.010000000000000004,-0.0008821000000000011,0
27780,37,RPN1,-0.25,-0.0651164,0
27781,37,TCF7L2,0.05000000000000002,0.09382329999999997,0
27782,37,CANT1,0.05000000000000002,0.0431778,0
27783,37,RPL5,-0.63,-0.16936259999999997,0
27784,37,CCDC6,-0.009999999999999981,0.03590000000000001,0
27785,37,NCKIPSD,0.05,0.0292797,0
27786,37,SMARCD1,0.31999999999999995,0.21171310000000002,0
27787,37,BCL10,0.04000000000000001,0.05058170000000001,0
27788,37,MAX,-0.020000000000000004,0.011718799999999998,0
27789,37,HERPUD1,0.02,0.0084574,0
27790,37,RAC1,-0.09999999999999998,0.04841329999999998,0
27791,37,FLNA,0.049999999999999996,0.0802587,0
27792,37,TFE3,-0.46,-0.17108630000000002,0
27793,37,NCOR2,0.7300000000000001,0.5338546000000001,0
27794,37,PRPF40B,-0.01,-0.007412699999999999,0
27795,37,BCL3,-0.029999999999999992,0.004876099999999999,0
27796,37,TFPT,-0.24000000000000002,-0.08481240000000001,0
27797,37,MLH1,0.89,0.7507065999999998,0
27798,37,ARHGAP5,0.13,0.1056194,0
27799,37,CIC,0.0,0.0,0
27800,37,LYN,0.8100000000000002,0.5682096999999999,0
27801,37,TCF12,0.26,0.20411240000000003,0
27802,37,KLF6,0.03,0.015386200000000001,0
27803,37,KMT2C,1.0100000000000002,0.8064209000000001,0
27804,37,PIM1,-0.13,-0.04366080000000001,0
27805,37,CCND1,1.0900000000000007,0.6871868000000002,0
27806,37,MLLT1,-1.0199999999999998,-0.2719918,0
27807,37,MEN1,0.01000000000000001,0.04618259999999999,0
27808,37,CUL3,0.18000000000000002,0.17091040000000002,0
27809,37,RB1,0.7000000000000002,0.5188267999999999,0
27810,37,LPP,-0.04,-0.0157938,0
27811,37,BUB1B,-0.15000000000000002,-0.07420049999999999,0
27812,37,SMAD4,1.4500000000000008,1.0755152,0
27813,37,FGFR1,0.28,0.1811111,0
27814,37,TMSB4X,0.04,0.031090399999999997,0
27815,37,CDK4,0.7000000000000002,0.5016337000000001,0
27816,37,MSI2,0.01,0.0070097,0
27817,37,MSH6,1.0000000000000004,0.7481823000000001,0
27818,37,BRAF,1.0100000000000005,0.8886255000000002,0
27819,37,TCEA1,-0.060000000000000005,-0.003014899999999995,0
27820,37,TNFAIP3,0.15000000000000002,0.13210840000000001,0
27821,37,RABEP1,0.010000000000000002,0.008368200000000003,0
27822,37,GMPS,-0.07,-0.040179999999999993,0
27823,37,MDM2,1.3300000000000007,0.9405103000000001,0
27824,37,NSD2,0.19999999999999998,0.13410670000000002,0
27825,37,CASP8,-0.009999999999999983,0.1917195,0
27826,37,PER1,-0.18,-0.036921800000000005,0
27827,37,UBR5,-0.03,0.006822399999999999,0
27828,37,EIF3E,-0.06,0.0464425,0
27829,37,RFWD3,0.04,0.03853020000000001,0
27830,37,BRD3,0.09,0.07942169999999998,0
27831,37,PAFAH1B2,0.02,0.0152794,0
27832,37,EXT2,0.0,0.0072621999999999964,0
27833,37,PLCG1,0.48,0.3529231,0
27834,37,SF3B1,-0.28,-0.1043788,0
27835,37,ARHGEF10L,0.02,0.0106922,0
27836,37,NFATC2,0.22,0.1581318,0
27837,37,SDHD,0.26,0.13725730000000003,0
27838,37,PABPC1,-0.81,-0.1955763,0
27839,37,POLD1,-0.43,-0.09423160000000003,0
27840,37,CALR,0.02000000000000001,0.024277999999999994,0
27841,37,PIK3CB,0.47000000000000003,0.41468279999999996,0
27842,37,PPM1D,0.20000000000000004,0.1540729,0
27843,37,ATRX,0.9000000000000005,0.7329616,0
27844,37,DGCR8,0.16,0.10069299999999999,0
27845,37,DDX10,0.12,0.0812388,0
27846,37,DROSHA,0.41000000000000003,0.29619299999999993,0
27847,37,TNFRSF14,-0.11,-0.0420772,0
27848,37,BCL9L,0.13,0.0854102,0
27849,37,QKI,-0.06999999999999999,-0.043400299999999996,0
27850,37,BAZ1A,0.01,0.007073500000000001,0
27851,37,CHD4,0.17,0.1655481,0
27852,37,NSD3,0.05,0.0529651,0
27853,37,NT5C2,0.17,0.1002272,0
27854,37,CCNB1IP1,0.11,0.0451274,0
27855,37,PCBP1,-0.76,-0.23199670000000003,0
27856,37,RALGDS,0.13,0.08618889999999998,0
27857,37,ARHGEF12,-0.009999999999999998,6.710000000000223e-05,0
27858,37,HSP90AB1,0.9700000000000002,0.6408624,0
27859,37,FOXO3,1.2100000000000006,0.8207188000000001,0
27860,37,HIP1,-0.02,-0.0124728,0
27861,37,CDC73,-0.07999999999999999,0.0227175,0
27862,37,NIN,0.039999999999999994,0.029299199999999997,0
27863,37,MDM4,0.12000000000000001,0.1705568,0
27864,37,COL3A1,0.13999999999999999,0.13139309999999998,0
27865,37,CTNND1,0.11000000000000001,0.114549,0
27866,37,SPOP,-0.09000000000000001,-0.016384499999999996,0
27867,37,TMEM127,6.938893903907228e-18,0.030794100000000012,0
27868,37,CREB3L2,0.09,0.0526401,0
27869,37,MSH2,0.9100000000000004,0.6720846999999999,0
27870,37,FNBP1,-0.019999999999999997,-0.004436999999999998,0
27871,37,ATF1,-0.019999999999999993,-0.006973400000000001,0
27872,37,EIF1AX,-0.39999999999999997,-0.19544060000000002,0
27873,37,PMS1,0.44000000000000006,0.34351429999999994,0
27874,37,DEK,0.1,0.09868270000000001,0
27875,37,ERBB2,1.0700000000000005,0.6554564,0
27876,37,AKT1,0.5800000000000002,0.42263490000000004,0
27877,37,CHEK2,0.28,0.3606068,0
27878,37,SDHB,0.43,0.2795088,0
27879,37,NCOA1,0.39,0.27585319999999997,0
27880,37,CHIC2,0.049999999999999996,0.027205999999999994,0
27881,37,RUNX1,0.5700000000000005,0.6636582000000001,0
27882,37,STAT6,0.32999999999999996,0.238719,0
27883,37,FH,-0.18,-0.04728170000000001,0
27884,37,AKT3,0.9300000000000004,0.6244137,0
27885,37,GNAS,0.22,0.1353915,0
27886,37,CTNNB1,1.550000000000001,1.0700095,0
27887,37,NONO,0.13999999999999999,0.10011669999999999,0
27888,37,SMARCB1,0.8800000000000003,0.6427067000000001,0
27889,37,PRKAR1A,0.08000000000000002,0.0968678,0
27890,37,ITGAV,0.01999999999999999,0.026069600000000005,0
27891,37,SS18,0.39,0.24564080000000002,0
27892,37,MAP2K1,1.0500000000000005,0.6509305000000001,0
27893,37,SIRPA,-0.019999999999999997,-0.008850199999999999,0
27894,37,PPFIBP1,0.39,0.2583168,0
27895,37,RPL22,-0.16999999999999996,0.08095540000000001,0
27896,37,CYLD,0.31,0.2490893,0
27897,37,ARID1B,0.6199999999999999,0.44341630000000004,0
27898,37,SETDB1,0.31,0.21990550000000003,0
27899,37,AFDN,-0.47,-0.18990429999999997,0
27900,37,ZRSR2,0.28,0.19904579999999997,0
27901,37,PBRM1,0.9300000000000004,0.6567965,0
27902,37,XPC,0.6100000000000001,0.4150325,0
27903,37,ASXL2,0.22000000000000003,0.1464962,0
27904,37,TRIM24,-0.18,-0.07132170000000002,0
27905,37,SFPQ,-0.10999999999999999,0.003377600000000005,0
27906,37,NCOA2,0.5100000000000001,0.3502958,0
27907,37,FOXO4,0.3400000000000001,0.22537549999999998,0
27908,37,LEF1,0.19,0.13343869999999994,0
27909,37,B2M,-0.5000000000000001,-0.17878040000000003,0
27910,37,DDIT3,-0.35000000000000003,-0.08636970000000001,0
27911,37,BCL6,0.5300000000000001,0.3676145,0
27912,37,KRAS,-0.6099999999999999,-0.11332669999999999,0
27913,37,FAT1,0.06000000000000001,0.055462700000000004,0
27914,37,ABL2,0.05,0.0483959,0
27915,37,NF1,0.9100000000000004,0.7637114999999999,0
27916,37,BTG1,-0.01,-0.0055989,0
27917,37,EIF4A2,0.13999999999999999,0.100265,0
27918,37,SET,0.17,0.13770580000000002,0
27919,37,EPS15,0.030000000000000006,0.0298577,0
27920,37,RNF213,0.04,0.0316768,0
27921,37,CTCF,0.8300000000000003,0.5873587,0
27922,37,WDCP,0.18,0.1086631,0
27923,37,KAT7,0.11,0.08445549999999999,0
27924,37,KDM5C,0.16999999999999998,0.1462438,0
27925,37,TGFBR2,0.18999999999999997,0.14610579999999998,0
27926,37,ATM,1.300000000000001,1.0742161,0
27927,37,NUMA1,-0.029999999999999992,-0.006183299999999997,0
27928,37,STAT3,1.4900000000000007,1.2078442,0
27929,37,SUB1,-0.17,-0.06324260000000001,0
27930,37,NUP98,0.07999999999999999,0.11955909999999997,0
27931,37,ELL,-0.06999999999999999,-0.004247399999999991,0
27932,37,MAP3K1,0.46,0.3306591,0
27933,37,MALT1,0.2,0.1712589,0
27934,37,XPO1,0.33000000000000007,0.27230210000000005,0
27935,37,SETD1B,0.12,0.090507,0
27936,37,ETV6,-0.09999999999999999,-0.0212827,0
27937,37,TBL1XR1,0.23,0.1546168,0
27938,37,NUP214,0.09000000000000001,0.1492424,0
27939,37,TPR,0.09000000000000001,0.1070248,0
27940,37,ATIC,-0.010000000000000005,0.0194478,0
27941,37,NACA,0.23,0.1522258,0
27942,37,MYO5A,0.0,0.0025191999999999992,0
27943,37,SMC1A,0.5900000000000001,0.4999874,0
27944,37,LASP1,-0.22,-0.1210626,0
27945,37,ERCC5,0.46,0.2942758,0
27946,37,JUN,0.09999999999999999,0.2659051,0
27947,37,THRAP3,0.08,0.0649988,0
27948,37,STAG2,0.47000000000000003,0.35699880000000006,0
27949,37,RAF1,1.0900000000000003,0.7562713000000001,0
27950,37,ERCC3,0.4200000000000001,0.3682664,0
27951,37,SMAD2,0.56,0.5246576999999999,0
27952,37,TAF15,0.18000000000000002,0.14465020000000003,0
27953,37,ARNT,0.28,0.242938,0
27954,37,CLTC,-0.51,-0.2764402,0
27955,37,IKBKB,0.5800000000000003,0.4713162000000001,0
27956,37,IDH1,-0.23,-0.024032699999999987,0
27957,37,SND1,-0.029999999999999992,-0.015557499999999997,0
27958,37,KNSTRN,0.03,0.0240363,0
27959,37,RHOA,-1.2500000000000002,-0.3127182,0
27960,37,PALB2,0.6,0.514587,0
27961,37,ARID2,0.7200000000000002,0.5216048,0
27962,37,EZR,-0.09000000000000001,0.0001238000000000029,0
27963,37,TP53,-0.8099999999999997,0.03525430000000005,0
27964,37,ARAF,0.3500000000000001,0.1983103,0
27965,37,KIF5B,0.38,0.2887148,0
27966,37,KAT6A,0.15999999999999998,0.1634175,0
27967,37,KTN1,-0.06000000000000001,-0.0186422,0
27968,37,GOLGA5,-0.14,-0.0900827,0
27969,37,KDM5A,0.24000000000000002,0.2257307,0
27970,37,RAD21,0.36000000000000004,0.32132879999999997,0
27971,37,GNAQ,0.08999999999999998,0.07134410000000001,0
27972,37,CAMTA1,0.05,0.031001400000000002,0
27973,37,ERCC2,0.55,0.3966273,0
27974,37,EZH2,2.0400000000000014,1.342087599999999,0
27975,37,TOP1,0.13999999999999996,0.108148,0
27976,37,SRSF3,-0.39000000000000007,-0.10257399999999997,0
27977,37,NPM1,0.04000000000000002,0.15385690000000005,0
27978,37,BAX,-0.44999999999999996,-0.12953800000000001,0
27979,37,NOTCH2,0.29,0.233943,0
27980,37,TRAF7,0.02,0.014594800000000002,0
27981,37,KDM6A,0.8800000000000003,0.7598657999999999,0
27982,37,SPEN,0.09999999999999999,0.07527779999999999,0
27983,37,TRIM27,-0.37,-0.1308697,0
27984,37,CRTC1,0.14,0.11315059999999999,0
27985,37,EML4,0.15,0.151291,0
27986,37,USP9X,-0.059999999999999984,-0.0356436,0
27987,37,PTPRK,0.01,0.006597100000000001,0
27988,37,CD74,-0.11000000000000001,0.0021235999999999824,0
27989,37,CBL,0.6,0.4226038,0
27990,37,ZNF384,-0.049999999999999996,-0.0211598,0
27991,37,NOTCH1,1.1200000000000006,0.7996942000000001,0
27992,37,COX6C,-0.09999999999999999,-0.047792799999999996,0
27993,37,CHCHD7,0.03,0.0199683,0
27994,37,HMGA1,-0.1,-0.0464764,0
27995,37,PTEN,1.5000000000000009,1.2017681999999994,0
27996,37,FIP1L1,-0.04000000000000001,-0.018919200000000004,0
27997,37,JAK1,0.8100000000000003,0.6133079,0
27998,37,ZMYM2,-0.07,-0.0466422,0
27999,37,SUZ12,0.67,0.46586749999999993,0
28000,37,FUS,-0.09000000000000004,0.17452739999999994,0
28001,37,BAP1,0.14999999999999997,0.11978069999999999,0
28002,37,ZCCHC8,-0.08,-0.021200800000000002,0
28003,37,CRNKL1,-0.009999999999999998,-0.004724299999999999,0
28004,37,RAD17,0.09999999999999999,0.06969810000000001,0
28005,37,ATP1A1,0.009999999999999998,0.007661999999999999,0
28006,37,DNMT3A,0.9400000000000004,0.7039117999999999,0
28007,37,FBXW7,1.0300000000000005,0.8122957999999998,0
28008,37,WWTR1,-0.06999999999999999,-0.030872499999999994,0
28009,37,CDKN1B,0.6400000000000001,0.40481960000000006,0
28010,37,KMT2A,0.4700000000000001,0.39689840000000004,0
28011,37,PTPN11,0.9200000000000004,0.7044017000000002,0
28012,37,STAT5B,0.6400000000000001,0.4854001,0
28013,37,CUX1,-0.08999999999999998,-0.060674299999999994,0
28014,37,ABI1,-0.32999999999999996,-0.10365670000000002,0
28015,37,BRCA1,1.7400000000000013,1.3664497,0
28016,37,SH2B3,0.020000000000000004,0.0215553,0
28017,37,AFF4,0.03999999999999999,0.0409781,0
28018,37,NF2,0.11999999999999998,0.1321244,0
28019,37,LMNA,0.07,0.06245969999999999,0
28020,37,TSC2,0.6500000000000001,0.5054934,0
28021,37,GOLPH3,-0.09,-0.0544473,0
28022,37,PCM1,-0.060000000000000005,-0.038899100000000006,0
28023,37,PPP2R1A,-0.66,-0.21336210000000003,0
28024,37,ARID1A,1.8100000000000012,1.2868698000000003,0
28025,37,ABL1,0.040000000000000036,0.14602309999999993,0
28026,37,AFF1,0.21000000000000002,0.15785480000000002,0
28027,37,DAXX,-0.33999999999999997,-0.07642689999999999,0
28028,37,CBFB,0.14,0.10791129999999999,0
28029,37,CBLB,0.14,0.1045064,0
28030,37,POLR2A,0.12999999999999995,0.23334490000000008,0
28031,37,PRKACA,0.28,0.2170617,0
28032,37,DNM2,-0.12,-0.05318210000000001,0
28033,37,RAP1GDS1,-0.06,-0.034219599999999996,0
28034,37,NCOR1,0.8700000000000002,0.7516857,0
28035,37,NFKBIE,-0.16999999999999998,-0.0649638,0
28036,37,DDX3X,0.12000000000000001,0.1186883,0
28037,37,ELK4,0.02,0.014698000000000001,0
28038,37,MLLT6,0.1,0.07356889999999999,0
28039,37,SRSF2,-1.08,-0.30393159999999997,0
28040,37,CTNNA1,0.08,0.056820300000000004,0
28041,37,RBM10,0.18999999999999997,0.1268646,0
28042,37,PTPRC,0.13999999999999999,0.13190880000000002,0
28043,37,HSP90AA1,0.9700000000000005,0.6222638999999999,0
28044,38,NSD1,0.29,0.2545463,1
28045,38,DICER1,0.23,0.2743414,1
28046,38,BIRC6,0.11,0.1024544,1
28047,38,SDHC,0.42,0.30253840000000004,1
28048,38,TFG,0.21000000000000005,0.12921390000000002,1
28049,38,MAP2K2,0.29,0.2069039,1
28050,38,TFRC,-0.27,-0.0917971,1
28051,38,CREB1,0.8100000000000002,0.7112188000000002,1
28052,38,POLG,-0.01,-0.003098,1
28053,38,SETD2,0.6500000000000002,0.5938593000000001,1
28054,38,NAB2,-0.46,-0.14110460000000002,1
28055,38,HIF1A,1.6500000000000008,1.2529572999999996,1
28056,38,FLCN,-0.05999999999999999,0.01828240000000001,1
28057,38,MAP2K4,0.12000000000000001,0.14690360000000002,1
28058,38,CNOT3,0.05,0.04680329999999999,1
28059,38,CIITA,0.08,0.048459,1
28060,38,LSM14A,0.14,0.11398240000000001,1
28061,38,AKAP9,-0.060000000000000005,0.007262999999999999,1
28062,38,MSN,-0.24999999999999997,-0.0653687,1
28063,38,BCR,-0.030000000000000002,0.051575299999999984,1
28064,38,TRRAP,-0.020000000000000018,0.15936809999999998,1
28065,38,PPP6C,-0.15,-0.0642979,1
28066,38,NCOA4,-0.10000000000000003,-0.01781710000000001,1
28067,38,BCL9,0.2,0.15784410000000004,1
28068,38,PRCC,0.13,0.1064889,1
28069,38,LARP4B,0.03,0.0215586,1
28070,38,CHD2,0.02,0.0178612,1
28071,38,ASXL1,0.38,0.39671839999999997,1
28072,38,SMARCA4,1.9800000000000013,1.5237105,1
28073,38,ERC1,-0.03,-0.0220851,1
28074,38,DCTN1,0.010000000000000002,0.042309099999999995,1
28075,38,PIK3R1,1.2700000000000007,1.0185951000000002,1
28076,38,EED,0.08,0.0690939,1
28077,38,CNBP,0.01,0.0057867000000000005,1
28078,38,SGK1,0.51,0.3415634,1
28079,38,MLLT10,-0.23999999999999996,-0.14182229999999998,1
28080,38,BRD4,0.9300000000000004,0.8308763000000005,1
28081,38,RANBP2,0.31,0.29744600000000004,1
28082,38,FBXO11,0.06,0.0491508,1
28083,38,PML,0.30999999999999994,0.22548299999999996,1
28084,38,AKT2,1.07,0.7553455,1
28085,38,CEP89,0.04,0.025912400000000002,1
28086,38,LZTR1,0.06999999999999999,0.10006749999999999,1
28087,38,YWHAE,0.23,0.1453903,1
28088,38,DNAJB1,-0.030000000000000006,-0.0001570000000000009,1
28089,38,PRDM2,0.06,0.0490154,1
28090,38,TPM4,0.53,0.3754084,1
28091,38,CREBBP,2.100000000000001,1.7482757999999996,1
28092,38,PMS2,0.81,0.6981133999999999,1
28093,38,DDR2,0.010000000000000002,0.0078306,1
28094,38,FANCA,0.4100000000000001,0.3369177,1
28095,38,PDE4DIP,0.08,0.063046,1
28096,38,USP8,-0.06,-0.03129,1
28097,38,MYH9,-0.42000000000000004,-0.09417400000000002,1
28098,38,MYC,-1.1900000000000002,-0.19917690000000005,1
28099,38,NBN,0.6000000000000001,0.48862429999999996,1
28100,38,CCND3,-0.07,0.006146299999999999,1
28101,38,TRIP11,-0.1,-0.074606,1
28102,38,CNTRL,-0.09,-0.06839790000000001,1
28103,38,PIK3CA,1.2300000000000009,1.0613985,1
28104,38,DDX5,0.25000000000000006,0.25407510000000005,1
28105,38,PICALM,3.469446951953614e-18,0.004490700000000007,1
28106,38,RARA,-0.06,0.0865506,1
28107,38,DDX6,-0.029999999999999992,0.08524000000000001,1
28108,38,COL1A1,0.22999999999999998,0.19241260000000004,1
28109,38,VHL,0.23999999999999996,0.1735416,1
28110,38,MAPK1,1.690000000000001,1.1823753999999997,1
28111,38,SRC,0.09000000000000005,0.31428159999999994,1
28112,38,NFE2L2,0.31999999999999995,0.23732399999999995,1
28113,38,MITF,-0.25,-0.05683900000000001,1
28114,38,SMAD3,1.2400000000000009,1.1335054999999998,1
28115,38,RBM15,0.1,0.08485279999999999,1
28116,38,ATR,0.7300000000000001,0.6099134999999999,1
28117,38,EPAS1,0.37,0.3768971000000001,1
28118,38,TPM3,0.19,0.1548339,1
28119,38,RPL10,0.09,0.12014830000000001,1
28120,38,STAG1,0.12,0.1449298,1
28121,38,SBDS,-0.09,-0.0297954,1
28122,38,KMT2D,1.0100000000000005,0.8100511,1
28123,38,MED12,0.36000000000000004,0.30002580000000006,1
28124,38,BCLAF1,-0.04999999999999999,0.023974399999999993,1
28125,38,ASPSCR1,-0.030000000000000013,-0.012366600000000009,1
28126,38,CDK12,0.51,0.40611139999999996,1
28127,38,EWSR1,0.21,0.28587949999999995,1
28128,38,NDRG1,-0.04,-0.008851399999999997,1
28129,38,PSIP1,0.019999999999999997,0.03269429999999999,1
28130,38,TRIM33,0.13,0.1114019,1
28131,38,MTOR,0.9300000000000005,0.7936540999999999,1
28132,38,ARHGAP35,0.17000000000000004,0.15319480000000002,1
28133,38,POT1,0.02,0.0208244,1
28134,38,EXT1,0.12,0.09610439999999999,1
28135,38,IL6ST,0.32,0.26394650000000003,1
28136,38,IDH2,0.02,0.05321990000000001,1
28137,38,SMARCE1,0.44,0.3050935,1
28138,38,CRTC3,0.09,0.07535789999999999,1
28139,38,TSC1,0.29,0.3022226,1
28140,38,BCOR,-0.14,0.012651900000000008,1
28141,38,SDHA,0.23,0.1785069,1
28142,38,EP300,2.3100000000000005,1.9365762,1
28143,38,HNRNPA2B1,0.47000000000000003,0.3335831,1
28144,38,CLIP1,-0.13999999999999999,-0.08174540000000001,1
28145,38,PATZ1,-0.61,-0.1446266,1
28146,38,FUBP1,-0.13,-0.0169159,1
28147,38,HLA-A,-0.06,0.024087099999999997,1
28148,38,CCNC,-0.19999999999999998,-0.0844049,1
28149,38,RPN1,-0.19,-0.07502530000000002,1
28150,38,TCF7L2,0.04000000000000001,0.10068400000000005,1
28151,38,CANT1,0.020000000000000004,0.02000190000000001,1
28152,38,RPL5,-0.56,-0.15868680000000002,1
28153,38,CCDC6,0.13,0.12804890000000002,1
28154,38,NCKIPSD,-0.039999999999999994,-0.007358399999999999,1
28155,38,SMARCD1,0.41000000000000003,0.35260820000000004,1
28156,38,BCL10,0.04,0.066616,1
28157,38,MAX,0.03999999999999999,0.0753725,1
28158,38,HERPUD1,-0.04,-0.0093632,1
28159,38,RAC1,0.13,0.18096830000000003,1
28160,38,FLNA,0.11,0.0826387,1
28161,38,TFE3,-0.7100000000000001,-0.2675998,1
28162,38,NCOR2,0.6200000000000001,0.5311224999999999,1
28163,38,PRPF40B,0.04,0.0276171,1
28164,38,BCL3,-0.10000000000000005,-0.01282309999999999,1
28165,38,TFPT,-0.35000000000000003,-0.10855750000000002,1
28166,38,MLH1,0.8200000000000003,0.7326136000000001,1
28167,38,ARHGAP5,0.12999999999999998,0.11649339999999998,1
28168,38,CIC,0.01,0.0073587,1
28169,38,LYN,0.7400000000000001,0.5462435999999999,1
28170,38,TCF12,0.35000000000000003,0.2782002,1
28171,38,KLF6,0.05,0.032927200000000004,1
28172,38,KMT2C,0.9600000000000002,0.8086888999999998,1
28173,38,PIM1,-0.10999999999999999,-0.009754299999999994,1
28174,38,CCND1,1.1900000000000006,0.7759021000000002,1
28175,38,MLLT1,-1.49,-0.36367579999999994,1
28176,38,MEN1,-0.1,-0.024061200000000005,1
28177,38,CUL3,0.13000000000000003,0.1525891,1
28178,38,RB1,0.71,0.5558258,1
28179,38,LPP,-0.15000000000000002,-0.0340013,1
28180,38,BUB1B,-0.13000000000000003,-0.03604,1
28181,38,SMAD4,1.620000000000001,1.3097882,1
28182,38,FGFR1,0.25,0.2620635,1
28183,38,TMSB4X,0.04,0.0311408,1
28184,38,CDK4,0.9900000000000004,0.6761134999999999,1
28185,38,MSI2,0.01,0.0075689,1
28186,38,MSH6,1.0400000000000005,0.8744539,1
28187,38,BRAF,1.1900000000000006,1.0446979,1
28188,38,TCEA1,-0.10999999999999999,-0.008758599999999998,1
28189,38,TNFAIP3,0.15,0.1324183,1
28190,38,RABEP1,-0.010000000000000002,-0.0067662000000000035,1
28191,38,GMPS,-0.07,-0.0395864,1
28192,38,MDM2,1.0800000000000007,0.8591745999999999,1
28193,38,NSD2,0.21999999999999997,0.16627779999999998,1
28194,38,CASP8,-0.2700000000000001,0.04690760000000001,1
28195,38,PER1,-0.21000000000000002,-0.07621670000000003,1
28196,38,UBR5,0.030000000000000006,0.048041799999999996,1
28197,38,EIF3E,-0.020000000000000004,0.0503329,1
28198,38,RFWD3,0.030000000000000002,0.0315584,1
28199,38,BRD3,0.09,0.0641061,1
28200,38,PAFAH1B2,0.03,0.0271959,1
28201,38,EXT2,0.009999999999999995,0.024458099999999997,1
28202,38,PLCG1,0.44,0.3791721000000002,1
28203,38,SF3B1,-0.68,-0.3220225,1
28204,38,ARHGEF10L,0.03,0.0159045,1
28205,38,NFATC2,0.24,0.1769881,1
28206,38,SDHD,0.32,0.2157093,1
28207,38,PABPC1,-0.81,-0.21777259999999998,1
28208,38,POLD1,-0.21,-0.0449043,1
28209,38,CALR,0.01,0.04820289999999998,1
28210,38,PIK3CB,0.6800000000000002,0.5574236000000001,1
28211,38,PPM1D,0.27,0.2113606,1
28212,38,ATRX,1.0500000000000007,0.9132432999999999,1
28213,38,DGCR8,0.16999999999999998,0.1301129,1
28214,38,DDX10,0.16,0.12340400000000001,1
28215,38,DROSHA,0.5300000000000001,0.41904270000000005,1
28216,38,TNFRSF14,-0.21000000000000002,-0.0671876,1
28217,38,BCL9L,0.14,0.1018086,1
28218,38,QKI,0.0,0.000752700000000002,1
28219,38,BAZ1A,0.0,0.0,1
28220,38,CHD4,0.38,0.3176274999999999,1
28221,38,NSD3,0.10999999999999999,0.11180609999999999,1
28222,38,NT5C2,0.15000000000000002,0.08468290000000002,1
28223,38,CCNB1IP1,0.13,0.0627608,1
28224,38,PCBP1,-0.9799999999999999,-0.2562523,1
28225,38,RALGDS,-0.06,0.03302789999999999,1
28226,38,ARHGEF12,-0.010000000000000009,0.023060400000000005,1
28227,38,HSP90AB1,0.9900000000000002,0.7201017999999999,1
28228,38,FOXO3,1.4300000000000008,1.0613240999999998,1
28229,38,HIP1,-0.01,-0.0050807000000000005,1
28230,38,CDC73,0.030000000000000002,0.0673863,1
28231,38,NIN,-0.020000000000000004,-0.010324900000000008,1
28232,38,MDM4,0.13,0.17016720000000002,1
28233,38,COL3A1,0.23,0.18720450000000002,1
28234,38,CTNND1,0.11000000000000003,0.1522251,1
28235,38,SPOP,0.060000000000000005,0.08156640000000001,1
28236,38,TMEM127,0.020000000000000004,0.017337800000000007,1
28237,38,CREB3L2,0.15,0.10024770000000001,1
28238,38,MSH2,0.9300000000000004,0.8219755,1
28239,38,FNBP1,-0.009999999999999997,0.013304,1
28240,38,ATF1,0.12000000000000001,0.0835254,1
28241,38,EIF1AX,-0.52,-0.19331230000000002,1
28242,38,PMS1,0.57,0.45272879999999993,1
28243,38,DEK,0.15000000000000002,0.1367801,1
28244,38,ERBB2,0.9700000000000004,0.6348406000000001,1
28245,38,AKT1,1.0300000000000005,0.7013587000000002,1
28246,38,CHEK2,0.6800000000000002,0.6512776000000001,1
28247,38,SDHB,0.42000000000000004,0.295263,1
28248,38,NCOA1,0.4,0.3260058,1
28249,38,CHIC2,0.09,0.0613829,1
28250,38,RUNX1,0.07999999999999999,0.5676226,1
28251,38,STAT6,0.4,0.34759759999999995,1
28252,38,FH,-0.06999999999999998,-0.002666899999999993,1
28253,38,AKT3,1.0900000000000003,0.788735,1
28254,38,GNAS,0.39,0.26924670000000006,1
28255,38,CTNNB1,1.540000000000001,1.0940982,1
28256,38,NONO,0.3400000000000001,0.2880434,1
28257,38,SMARCB1,1.0800000000000005,0.8538465000000002,1
28258,38,PRKAR1A,0.19999999999999998,0.1996181,1
28259,38,ITGAV,-0.02,0.030185000000000003,1
28260,38,SS18,0.4,0.28281769999999995,1
28261,38,MAP2K1,0.9400000000000004,0.5990991999999999,1
28262,38,SIRPA,-0.08,-0.022181000000000006,1
28263,38,PPFIBP1,0.43,0.3116596,1
28264,38,RPL22,-0.16999999999999996,0.094546,1
28265,38,CYLD,0.29000000000000004,0.23503010000000002,1
28266,38,ARID1B,0.8400000000000001,0.6486413999999999,1
28267,38,SETDB1,0.34,0.2431449,1
28268,38,AFDN,-0.33999999999999997,-0.0974751,1
28269,38,ZRSR2,0.010000000000000002,0.006904100000000003,1
28270,38,PBRM1,0.9600000000000004,0.7140290999999998,1
28271,38,XPC,0.51,0.3344726,1
28272,38,ASXL2,0.26,0.19013839999999999,1
28273,38,TRIM24,-0.17,-0.011622900000000005,1
28274,38,SFPQ,-0.33999999999999997,-0.08627799999999998,1
28275,38,NCOA2,0.5800000000000001,0.4730287,1
28276,38,FOXO4,0.41000000000000003,0.2562877,1
28277,38,LEF1,0.22,0.19332850000000001,1
28278,38,B2M,-0.42000000000000004,-0.1692589,1
28279,38,DDIT3,-0.38000000000000006,-0.1171003,1
28280,38,BCL6,0.37,0.3058581,1
28281,38,KRAS,-0.059999999999999956,0.14024219999999998,1
28282,38,FAT1,0.11,0.0794527,1
28283,38,ABL2,0.060000000000000005,0.05386640000000001,1
28284,38,NF1,1.3000000000000007,1.0549281999999998,1
28285,38,BTG1,-0.06,-0.0257634,1
28286,38,EIF4A2,0.04000000000000001,0.0247514,1
28287,38,SET,0.15,0.1236011,1
28288,38,EPS15,0.1,0.0861359,1
28289,38,RNF213,0.05,0.043247,1
28290,38,CTCF,1.0100000000000005,0.7060354,1
28291,38,WDCP,0.17999999999999997,0.10835280000000003,1
28292,38,KAT7,0.14,0.11801160000000001,1
28293,38,KDM5C,0.18000000000000002,0.1791384,1
28294,38,TGFBR2,0.09000000000000001,0.1446472,1
28295,38,ATM,1.0900000000000007,1.0903045999999998,1
28296,38,NUMA1,0.0,0.025370199999999996,1
28297,38,STAT3,0.8800000000000004,0.8554137000000002,1
28298,38,SUB1,-0.09,-0.037817100000000006,1
28299,38,NUP98,0.17999999999999997,0.1930337,1
28300,38,ELL,0.13,0.06429790000000002,1
28301,38,MAP3K1,0.38,0.30952710000000005,1
28302,38,MALT1,0.15999999999999998,0.15435980000000002,1
28303,38,XPO1,0.5600000000000002,0.4472103000000001,1
28304,38,SETD1B,0.26,0.2030163,1
28305,38,ETV6,-0.10000000000000002,-0.025377799999999992,1
28306,38,TBL1XR1,0.22000000000000003,0.15327619999999997,1
28307,38,NUP214,-0.06,0.12748229999999997,1
28308,38,TPR,0.10000000000000002,0.0909034,1
28309,38,ATIC,0.15,0.1373863,1
28310,38,NACA,0.22,0.1424368,1
28311,38,MYO5A,0.01,0.008016800000000001,1
28312,38,SMC1A,0.30000000000000004,0.4111622999999999,1
28313,38,LASP1,-0.26,-0.1305492,1
28314,38,ERCC5,0.4,0.2639392,1
28315,38,JUN,-0.9899999999999998,-0.13540670000000005,1
28316,38,THRAP3,0.049999999999999996,0.0406147,1
28317,38,STAG2,0.2700000000000001,0.2850591,1
28318,38,RAF1,0.8000000000000003,0.6133449999999999,1
28319,38,ERCC3,0.62,0.5150368,1
28320,38,SMAD2,0.43000000000000027,0.5115573,1
28321,38,TAF15,0.21000000000000002,0.16662790000000002,1
28322,38,ARNT,0.26,0.22468819999999998,1
28323,38,CLTC,-0.6400000000000001,-0.2741858,1
28324,38,IKBKB,0.4700000000000002,0.44024680000000005,1
28325,38,IDH1,-0.51,-0.15718870000000001,1
28326,38,SND1,0.019999999999999997,0.03735809999999999,1
28327,38,KNSTRN,0.03,0.0239127,1
28328,38,RHOA,-3.0799999999999996,-0.7326451,1
28329,38,PALB2,0.7100000000000001,0.6039853999999999,1
28330,38,ARID2,0.8400000000000001,0.652439,1
28331,38,EZR,-0.08000000000000002,-0.009343599999999994,1
28332,38,TP53,0.30000000000000027,0.47265660000000015,1
28333,38,ARAF,0.4,0.232652,1
28334,38,KIF5B,0.51,0.3941366,1
28335,38,KAT6A,0.16000000000000003,0.1962994,1
28336,38,KTN1,-0.07,-0.007751000000000001,1
28337,38,GOLGA5,-0.07,-0.047657500000000005,1
28338,38,KDM5A,0.29000000000000004,0.2691641,1
28339,38,RAD21,0.5900000000000001,0.4726640000000001,1
28340,38,GNAQ,0.33999999999999997,0.2460236,1
28341,38,CAMTA1,0.07,0.0507317,1
28342,38,ERCC2,0.7000000000000001,0.5355258,1
28343,38,EZH2,1.6500000000000012,1.2886642999999998,1
28344,38,TOP1,0.28,0.23376280000000002,1
28345,38,SRSF3,-0.17,-0.002147900000000022,1
28346,38,NPM1,0.11000000000000001,0.17002520000000004,1
28347,38,BAX,-0.66,-0.15879849999999998,1
28348,38,NOTCH2,0.3,0.25327700000000003,1
28349,38,TRAF7,0.02,0.013946,1
28350,38,KDM6A,0.8700000000000004,0.8747792999999998,1
28351,38,SPEN,0.14,0.11181189999999999,1
28352,38,TRIM27,-0.55,-0.17040819999999998,1
28353,38,CRTC1,0.15,0.118674,1
28354,38,EML4,0.33999999999999997,0.3258208,1
28355,38,USP9X,-0.020000000000000004,-0.014302200000000001,1
28356,38,PTPRK,-0.01,-0.0060408,1
28357,38,CD74,-0.18,-0.003972699999999996,1
28358,38,CBL,0.5700000000000001,0.4937709000000001,1
28359,38,ZNF384,0.03,0.023952,1
28360,38,NOTCH1,1.1200000000000006,0.8282783000000001,1
28361,38,COX6C,-0.18,-0.0492926,1
28362,38,CHCHD7,0.03,0.0200802,1
28363,38,HMGA1,-0.060000000000000005,-0.0228975,1
28364,38,PTEN,1.020000000000001,1.0449087999999995,1
28365,38,FIP1L1,-0.05,-0.013540100000000006,1
28366,38,JAK1,0.8400000000000003,0.6914451000000001,1
28367,38,ZMYM2,3.469446951953614e-18,0.0045053,1
28368,38,SUZ12,0.7600000000000002,0.6100153,1
28369,38,FUS,-0.59,-0.022243800000000008,1
28370,38,BAP1,-0.35000000000000003,-0.1387568,1
28371,38,ZCCHC8,-0.07,-0.022206800000000002,1
28372,38,CRNKL1,0.009999999999999998,0.0093999,1
28373,38,RAD17,0.18000000000000002,0.1309519,1
28374,38,ATP1A1,0.0,0.0012877000000000001,1
28375,38,DNMT3A,1.1000000000000003,0.88012,1
28376,38,FBXW7,0.9600000000000004,0.8144341999999999,1
28377,38,WWTR1,-0.11000000000000001,-0.0412038,1
28378,38,CDKN1B,0.34,0.25456639999999997,1
28379,38,KMT2A,0.31000000000000005,0.3496719999999999,1
28380,38,PTPN11,1.0700000000000007,0.8919826000000001,1
28381,38,STAT5B,0.6900000000000003,0.5915500999999999,1
28382,38,CUX1,-0.09000000000000001,-0.0586069,1
28383,38,ABI1,-0.3,-0.08495039999999998,1
28384,38,BRCA1,1.730000000000001,1.4195175999999994,1
28385,38,SH2B3,0.09999999999999999,0.0590158,1
28386,38,AFF4,-0.22,-0.1146789,1
28387,38,NF2,0.18,0.16532489999999994,1
28388,38,LMNA,0.04999999999999999,0.037535200000000005,1
28389,38,TSC2,0.8200000000000003,0.6542741,1
28390,38,GOLPH3,-0.060000000000000005,-0.042146600000000006,1
28391,38,PCM1,-0.04000000000000001,-0.030896500000000007,1
28392,38,PPP2R1A,-0.25,-0.053165699999999996,1
28393,38,ARID1A,1.890000000000001,1.5048397999999998,1
28394,38,ABL1,-0.28,0.038360800000000056,1
28395,38,AFF1,2.0816681711721685e-17,0.04356610000000001,1
28396,38,DAXX,-0.4,-0.09560220000000001,1
28397,38,CBFB,0.10000000000000002,0.12388189999999999,1
28398,38,CBLB,0.17,0.1464566,1
28399,38,POLR2A,-0.36,0.06154969999999998,1
28400,38,PRKACA,0.17000000000000007,0.24018579999999995,1
28401,38,DNM2,-0.13,-0.05145830000000001,1
28402,38,RAP1GDS1,0.009999999999999995,0.029607500000000002,1
28403,38,NCOR1,0.9000000000000002,0.8914344999999999,1
28404,38,NFKBIE,-0.35,-0.1106587,1
28405,38,DDX3X,0.26,0.23629229999999998,1
28406,38,ELK4,0.02,0.016372400000000002,1
28407,38,MLLT6,0.039999999999999994,0.03580879999999999,1
28408,38,SRSF2,-2.77,-0.6505212000000001,1
28409,38,CTNNA1,0.16,0.12459440000000001,1
28410,38,RBM10,0.14,0.1042555,1
28411,38,PTPRC,0.009999999999999995,0.094594,1
28412,38,HSP90AA1,1.1200000000000003,0.7751985999999998,1
28413,38,NSD1,0.22,0.1825631,0
28414,38,DICER1,0.14000000000000004,0.18144259999999998,0
28415,38,BIRC6,0.049999999999999996,0.0418008,0
28416,38,SDHC,0.29000000000000004,0.20491410000000002,0
28417,38,TFG,0.33999999999999997,0.18901,0
28418,38,MAP2K2,0.35000000000000003,0.24740510000000002,0
28419,38,TFRC,-0.24000000000000002,-0.11194890000000003,0
28420,38,CREB1,0.8600000000000003,0.6158838000000001,0
28421,38,POLG,0.03,0.012710099999999998,0
28422,38,SETD2,0.7100000000000002,0.5831550999999999,0
28423,38,NAB2,-0.29,-0.10501310000000001,0
28424,38,HIF1A,1.5300000000000007,1.0407518,0
28425,38,FLCN,0.04,0.0353598,0
28426,38,MAP2K4,0.039999999999999994,0.080139,0
28427,38,CNOT3,-0.04,-0.001222900000000006,0
28428,38,CIITA,0.1,0.06341000000000001,0
28429,38,LSM14A,0.06,0.060119399999999996,0
28430,38,AKAP9,-0.1,-0.0339096,0
28431,38,MSN,-0.27,-0.05487380000000001,0
28432,38,BCR,0.060000000000000005,0.0477755,0
28433,38,TRRAP,3.469446951953614e-18,0.10119719999999999,0
28434,38,PPP6C,-0.16,-0.08066490000000001,0
28435,38,NCOA4,-0.22999999999999998,-0.1216999,0
28436,38,BCL9,0.16,0.12192060000000002,0
28437,38,PRCC,0.09,0.0616544,0
28438,38,LARP4B,0.0,0.0,0
28439,38,CHD2,0.01,0.0074042,0
28440,38,ASXL1,0.5700000000000001,0.4813725,0
28441,38,SMARCA4,1.1900000000000006,0.8705619,0
28442,38,ERC1,-0.02,-0.0145188,0
28443,38,DCTN1,-0.26000000000000006,-0.1282124,0
28444,38,PIK3R1,1.4100000000000008,0.943359,0
28445,38,EED,-0.020000000000000018,0.034366499999999994,0
28446,38,CNBP,0.01,0.0054206,0
28447,38,SGK1,0.35000000000000003,0.20562609999999998,0
28448,38,MLLT10,-0.06,-0.015280000000000007,0
28449,38,BRD4,1.0000000000000004,0.7300765000000002,0
28450,38,RANBP2,0.09999999999999999,0.15497829999999999,0
28451,38,FBXO11,0.060000000000000005,0.044791399999999995,0
28452,38,PML,0.42000000000000004,0.289289,0
28453,38,AKT2,0.8700000000000001,0.5814689,0
28454,38,CEP89,0.06,0.03466229999999999,0
28455,38,LZTR1,0.020000000000000004,0.04414289999999999,0
28456,38,YWHAE,0.3500000000000001,0.21843660000000004,0
28457,38,DNAJB1,0.0,0.009555999999999999,0
28458,38,PRDM2,0.02,0.014283200000000003,0
28459,38,TPM4,0.47000000000000003,0.2846683,0
28460,38,CREBBP,1.730000000000001,1.3359120000000002,0
28461,38,PMS2,0.6700000000000002,0.5746873,0
28462,38,DDR2,0.05,0.0390297,0
28463,38,FANCA,0.37,0.28131030000000007,0
28464,38,PDE4DIP,0.04,0.024924,0
28465,38,USP8,-0.13,-0.0514845,0
28466,38,MYH9,-0.17999999999999997,-0.007051700000000015,0
28467,38,MYC,-0.79,-0.22869199999999995,0
28468,38,NBN,0.5,0.3571822,0
28469,38,CCND3,-0.020000000000000018,0.031894599999999995,0
28470,38,TRIP11,-0.13,-0.0821091,0
28471,38,CNTRL,-0.05000000000000002,-0.03387280000000001,0
28472,38,PIK3CA,1.4700000000000009,1.0463039,0
28473,38,DDX5,0.43000000000000005,0.33361009999999997,0
28474,38,PICALM,-0.009999999999999998,-0.001933700000000007,0
28475,38,RARA,0.7100000000000002,0.48945550000000004,0
28476,38,DDX6,0.04999999999999999,0.0934254,0
28477,38,COL1A1,0.17000000000000004,0.15879030000000005,0
28478,38,VHL,0.19,0.1338137,0
28479,38,MAPK1,1.520000000000001,0.9700841,0
28480,38,SRC,-0.5800000000000001,0.021668100000000023,0
28481,38,NFE2L2,0.2,0.16391380000000003,0
28482,38,MITF,-0.24000000000000002,-0.04464380000000001,0
28483,38,SMAD3,1.2600000000000007,0.8962367999999998,0
28484,38,RBM15,0.07,0.05953919999999999,0
28485,38,ATR,0.6800000000000003,0.5600443,0
28486,38,EPAS1,0.41,0.32791650000000006,0
28487,38,TPM3,0.29000000000000004,0.1850167,0
28488,38,RPL10,0.15,0.11498059999999999,0
28489,38,STAG1,0.09000000000000001,0.1000245,0
28490,38,SBDS,-0.02,-0.0088684,0
28491,38,KMT2D,0.9000000000000004,0.6262711999999999,0
28492,38,MED12,0.24000000000000005,0.1843611,0
28493,38,BCLAF1,-0.029999999999999992,0.0376322,0
28494,38,ASPSCR1,0.01,0.013081999999999993,0
28495,38,CDK12,0.28,0.2004841,0
28496,38,EWSR1,0.4699999999999998,0.3582833,0
28497,38,NDRG1,-0.05,-0.0203787,0
28498,38,PSIP1,-0.22000000000000003,-0.11094090000000001,0
28499,38,TRIM33,0.030000000000000006,0.03773470000000001,0
28500,38,MTOR,1.2200000000000006,0.8244753,0
28501,38,ARHGAP35,0.14,0.15163240000000003,0
28502,38,POT1,-0.039999999999999994,-0.0066205,0
28503,38,EXT1,0.1,0.06170400000000001,0
28504,38,IL6ST,0.27,0.19931299999999996,0
28505,38,IDH2,0.22000000000000003,0.15927600000000003,0
28506,38,SMARCE1,0.51,0.3193384,0
28507,38,CRTC3,0.08,0.05834860000000001,0
28508,38,TSC1,0.35000000000000003,0.2746208,0
28509,38,BCOR,-0.15,-0.027929800000000005,0
28510,38,SDHA,0.23,0.1351256,0
28511,38,EP300,1.5200000000000011,1.1447316999999997,0
28512,38,HNRNPA2B1,0.25,0.22454400000000002,0
28513,38,CLIP1,-0.12000000000000001,-0.06843619999999999,0
28514,38,PATZ1,-0.39,-0.1087625,0
28515,38,FUBP1,-0.16999999999999998,-0.017242500000000004,0
28516,38,HLA-A,-0.08000000000000002,0.029425999999999987,0
28517,38,CCNC,-0.07,-0.028505100000000002,0
28518,38,RPN1,-0.27,-0.0663676,0
28519,38,TCF7L2,-0.020000000000000004,0.04647980000000002,0
28520,38,CANT1,0.11,0.057353,0
28521,38,RPL5,-0.6900000000000001,-0.1744984,0
28522,38,CCDC6,-0.04000000000000001,0.0255304,0
28523,38,NCKIPSD,0.02,0.010721600000000001,0
28524,38,SMARCD1,0.46,0.3109879,0
28525,38,BCL10,-0.029999999999999985,0.008062099999999996,0
28526,38,MAX,-0.019999999999999993,0.00037069999999999985,0
28527,38,HERPUD1,0.01,0.0037294,0
28528,38,RAC1,0.009999999999999981,0.1044247,0
28529,38,FLNA,0.14999999999999997,0.1285039,0
28530,38,TFE3,-0.37,-0.15658010000000003,0
28531,38,NCOR2,0.7400000000000002,0.5207457000000001,0
28532,38,PRPF40B,-0.04,-0.021776100000000003,0
28533,38,BCL3,-0.06000000000000002,-0.008018400000000009,0
28534,38,TFPT,-0.25,-0.0847503,0
28535,38,MLH1,0.8100000000000003,0.6433844000000001,0
28536,38,ARHGAP5,0.12,0.10378190000000001,0
28537,38,CIC,0.0,0.0,0
28538,38,LYN,0.9100000000000004,0.6149007000000001,0
28539,38,TCF12,0.27999999999999997,0.19870359999999998,0
28540,38,KLF6,0.04,0.0223054,0
28541,38,KMT2C,1.0800000000000005,0.7931841000000001,0
28542,38,PIM1,-0.15000000000000002,-0.0494319,0
28543,38,CCND1,1.2100000000000009,0.7467010000000001,0
28544,38,MLLT1,-0.7300000000000002,-0.2246813,0
28545,38,MEN1,-0.09,-6.900000000000222e-05,0
28546,38,CUL3,0.12000000000000001,0.1256389,0
28547,38,RB1,0.6499999999999999,0.4571314,0
28548,38,LPP,-0.09,-0.029343199999999993,0
28549,38,BUB1B,-0.11000000000000001,-0.0541996,0
28550,38,SMAD4,1.3600000000000008,0.9992777,0
28551,38,FGFR1,0.18999999999999997,0.11975999999999999,0
28552,38,TMSB4X,0.04,0.030557599999999997,0
28553,38,CDK4,0.44000000000000006,0.3220576000000001,0
28554,38,MSI2,0.01,0.0068702,0
28555,38,MSH6,0.7900000000000003,0.6091968000000001,0
28556,38,BRAF,0.9100000000000003,0.7755135,0
28557,38,TCEA1,-0.08,-0.007806999999999998,0
28558,38,TNFAIP3,0.09999999999999999,0.09502680000000001,0
28559,38,RABEP1,0.0,-0.0015930000000000041,0
28560,38,GMPS,-0.05,-0.030934100000000013,0
28561,38,MDM2,1.0200000000000005,0.6698125,0
28562,38,NSD2,0.15,0.09730050000000001,0
28563,38,CASP8,0.04000000000000002,0.18365339999999997,0
28564,38,PER1,-0.20999999999999996,-0.042251699999999996,0
28565,38,UBR5,-0.10999999999999999,-0.040988300000000005,0
28566,38,EIF3E,-0.10000000000000003,0.020474600000000003,0
28567,38,RFWD3,0.020000000000000004,0.024461500000000008,0
28568,38,BRD3,0.14,0.1030331,0
28569,38,PAFAH1B2,0.02,0.0155442,0
28570,38,EXT2,0.010000000000000009,0.006050700000000013,0
28571,38,PLCG1,0.63,0.4202836000000001,0
28572,38,SF3B1,-0.27,-0.1030945,0
28573,38,ARHGEF10L,0.02,0.0109822,0
28574,38,NFATC2,0.2,0.1365807,0
28575,38,SDHD,0.26,0.1457323,0
28576,38,PABPC1,-0.8299999999999998,-0.21577590000000002,0
28577,38,POLD1,-0.26,-0.0452172,0
28578,38,CALR,0.09,0.06916970000000001,0
28579,38,PIK3CB,0.55,0.43675519999999995,0
28580,38,PPM1D,0.13,0.10035260000000001,0
28581,38,ATRX,0.9100000000000005,0.7157736,0
28582,38,DGCR8,0.15,0.088452,0
28583,38,DDX10,0.1,0.064316,0
28584,38,DROSHA,0.4,0.2837447999999999,0
28585,38,TNFRSF14,-0.07,-0.028204500000000004,0
28586,38,BCL9L,0.14,0.0980698,0
28587,38,QKI,-0.09999999999999999,-0.05609770000000001,0
28588,38,BAZ1A,0.01,0.006534,0
28589,38,CHD4,0.20000000000000004,0.18041880000000005,0
28590,38,NSD3,0.019999999999999993,0.0390036,0
28591,38,NT5C2,0.16,0.0876663,0
28592,38,CCNB1IP1,0.09,0.0385225,0
28593,38,PCBP1,-0.59,-0.18471870000000004,0
28594,38,RALGDS,0.16,0.10830029999999999,0
28595,38,ARHGEF12,-0.04000000000000001,-0.0053846000000000015,0
28596,38,HSP90AB1,1.2200000000000004,0.7744396000000001,0
28597,38,FOXO3,1.3600000000000005,0.9194746,0
28598,38,HIP1,-0.02,-0.0119428,0
28599,38,CDC73,-0.11000000000000004,-0.011303100000000003,0
28600,38,NIN,0.039999999999999994,0.028685999999999996,0
28601,38,MDM4,0.13,0.1520957,0
28602,38,COL3A1,0.17,0.14904430000000002,0
28603,38,CTNND1,0.19,0.1608052,0
28604,38,SPOP,-0.030000000000000013,0.0071839,0
28605,38,TMEM127,0.08000000000000002,0.0627867,0
28606,38,CREB3L2,0.1,0.06497530000000001,0
28607,38,MSH2,0.8700000000000003,0.6119763999999999,0
28608,38,FNBP1,-0.02,-0.006821799999999998,0
28609,38,ATF1,6.938893903907228e-18,-1.8999999999956552e-06,0
28610,38,EIF1AX,-0.58,-0.2539852,0
28611,38,PMS1,0.52,0.38494320000000004,0
28612,38,DEK,0.12000000000000001,0.10261950000000002,0
28613,38,ERBB2,0.7600000000000005,0.5115073000000001,0
28614,38,AKT1,1.0000000000000004,0.6686456999999997,0
28615,38,CHEK2,0.25,0.3126507,0
28616,38,SDHB,0.43,0.2760524,0
28617,38,NCOA1,0.37999999999999995,0.2540014,0
28618,38,CHIC2,0.04000000000000001,0.0224009,0
28619,38,RUNX1,0.4700000000000001,0.5871989999999999,0
28620,38,STAT6,0.22999999999999998,0.1477831,0
28621,38,FH,-0.15999999999999998,-0.0525959,0
28622,38,AKT3,1.0100000000000005,0.6767087000000002,0
28623,38,GNAS,0.27,0.1750899,0
28624,38,CTNNB1,1.1700000000000006,0.7522105000000001,0
28625,38,NONO,0.09999999999999999,0.0724296,0
28626,38,SMARCB1,0.9000000000000004,0.6291863,0
28627,38,PRKAR1A,0.06999999999999999,0.0716235,0
28628,38,ITGAV,0.02,0.027110100000000005,0
28629,38,SS18,0.36,0.2171158,0
28630,38,MAP2K1,0.9800000000000004,0.5851341999999999,0
28631,38,SIRPA,3.469446951953614e-18,0.0025733000000000006,0
28632,38,PPFIBP1,0.36,0.2248481,0
28633,38,RPL22,-0.14,0.07951130000000001,0
28634,38,CYLD,0.29000000000000004,0.2194601,0
28635,38,ARID1B,0.6699999999999999,0.48946049999999997,0
28636,38,SETDB1,0.31,0.21655569999999996,0
28637,38,AFDN,-0.30999999999999994,-0.11955729999999998,0
28638,38,ZRSR2,0.29000000000000004,0.20286860000000004,0
28639,38,PBRM1,0.9100000000000004,0.6387147000000001,0
28640,38,XPC,0.6300000000000001,0.4186926000000001,0
28641,38,ASXL2,0.20999999999999996,0.13009869999999998,0
28642,38,TRIM24,-0.26,-0.1002333,0
28643,38,SFPQ,-0.13,-0.002178400000000004,0
28644,38,NCOA2,0.5100000000000001,0.34151339999999997,0
28645,38,FOXO4,0.41,0.2768709,0
28646,38,LEF1,0.06000000000000001,0.0750934,0
28647,38,B2M,-0.5700000000000001,-0.2083624,0
28648,38,DDIT3,-0.34,-0.0964834,0
28649,38,BCL6,0.65,0.4458368000000001,0
28650,38,KRAS,-1.5000000000000002,-0.3582415,0
28651,38,FAT1,0.019999999999999997,0.026088700000000003,0
28652,38,ABL2,0.12000000000000001,0.0826693,0
28653,38,NF1,0.7600000000000002,0.6308640000000001,0
28654,38,BTG1,-0.01,-0.0056718,0
28655,38,EIF4A2,0.029999999999999985,0.04107739999999999,0
28656,38,SET,0.15000000000000002,0.12219130000000002,0
28657,38,EPS15,-0.010000000000000002,0.0055271999999999995,0
28658,38,RNF213,0.03,0.022040399999999998,0
28659,38,CTCF,0.9000000000000004,0.6438137,0
28660,38,WDCP,0.03,0.03339239999999999,0
28661,38,KAT7,0.08999999999999998,0.07006499999999999,0
28662,38,KDM5C,0.14,0.1254111,0
28663,38,TGFBR2,0.21000000000000002,0.155453,0
28664,38,ATM,1.4100000000000008,1.0666814999999996,0
28665,38,NUMA1,-0.04999999999999998,-0.017981899999999988,0
28666,38,STAT3,1.4500000000000008,1.0871041000000006,0
28667,38,SUB1,-0.23,-0.08968589999999999,0
28668,38,NUP98,0.020000000000000018,0.05555790000000002,0
28669,38,ELL,0.039999999999999994,0.027571399999999992,0
28670,38,MAP3K1,0.42000000000000004,0.31400610000000007,0
28671,38,MALT1,0.13,0.13608149999999997,0
28672,38,XPO1,0.29000000000000004,0.24185379999999998,0
28673,38,SETD1B,0.12000000000000001,0.08769060000000001,0
28674,38,ETV6,-0.27,-0.0947201,0
28675,38,TBL1XR1,0.22000000000000003,0.1482941,0
28676,38,NUP214,0.010000000000000028,0.0950414,0
28677,38,TPR,0.059999999999999984,0.0799037,0
28678,38,ATIC,0.04000000000000001,0.03801449999999999,0
28679,38,NACA,0.22000000000000003,0.149675,0
28680,38,MYO5A,0.020000000000000004,0.020655800000000002,0
28681,38,SMC1A,0.6100000000000001,0.47109190000000006,0
28682,38,LASP1,-0.18,-0.1065146,0
28683,38,ERCC5,0.43000000000000005,0.2705593,0
28684,38,JUN,0.47000000000000014,0.40007339999999997,0
28685,38,THRAP3,0.09000000000000001,0.0754225,0
28686,38,STAG2,0.54,0.38749310000000003,0
28687,38,RAF1,1.0900000000000003,0.7373207999999999,0
28688,38,ERCC3,0.5,0.3998865000000001,0
28689,38,SMAD2,0.3900000000000002,0.39677620000000013,0
28690,38,TAF15,0.12,0.10820640000000004,0
28691,38,ARNT,0.31999999999999995,0.24286869999999997,0
28692,38,CLTC,-0.6600000000000001,-0.3446899,0
28693,38,IKBKB,0.5400000000000001,0.40607530000000003,0
28694,38,IDH1,-0.6100000000000001,-0.15474730000000003,0
28695,38,SND1,-0.01,-0.006133799999999999,0
28696,38,KNSTRN,0.03,0.0237051,0
28697,38,RHOA,-1.0200000000000002,-0.259761,0
28698,38,PALB2,0.5900000000000001,0.4795105,0
28699,38,ARID2,0.6700000000000002,0.5040237000000001,0
28700,38,EZR,-0.010000000000000004,0.029369299999999994,0
28701,38,TP53,-0.8299999999999996,-0.09645199999999997,0
28702,38,ARAF,0.4,0.2219917,0
28703,38,KIF5B,0.32,0.22202740000000004,0
28704,38,KAT6A,0.22,0.1907535,0
28705,38,KTN1,-0.08,-0.022247999999999997,0
28706,38,GOLGA5,-0.11,-0.06690589999999999,0
28707,38,KDM5A,0.24,0.202708,0
28708,38,RAD21,0.43000000000000005,0.31453660000000006,0
28709,38,GNAQ,0.11000000000000001,0.08818980000000001,0
28710,38,CAMTA1,0.01,0.0056974,0
28711,38,ERCC2,0.6,0.40079210000000004,0
28712,38,EZH2,1.8300000000000012,1.1275255999999996,0
28713,38,TOP1,0.18,0.13878189999999999,0
28714,38,SRSF3,-0.36,-0.09536469999999998,0
28715,38,NPM1,-0.05,0.09605079999999998,0
28716,38,BAX,-0.39,-0.132138,0
28717,38,NOTCH2,0.26,0.19518359999999998,0
28718,38,TRAF7,0.03,0.0220836,0
28719,38,KDM6A,0.8700000000000003,0.7137524999999999,0
28720,38,SPEN,0.08,0.0583648,0
28721,38,TRIM27,-0.43,-0.1475402,0
28722,38,CRTC1,0.14,0.1082552,0
28723,38,EML4,0.24000000000000005,0.19458709999999999,0
28724,38,USP9X,-0.13,-0.075069,0
28725,38,PTPRK,0.01,0.0066785,0
28726,38,CD74,-0.08,0.011550699999999997,0
28727,38,CBL,0.5800000000000001,0.40415429999999997,0
28728,38,ZNF384,-0.12000000000000001,-0.056030300000000005,0
28729,38,NOTCH1,1.0300000000000005,0.7400893999999999,0
28730,38,COX6C,-0.14,-0.057193499999999994,0
28731,38,CHCHD7,0.03,0.019628399999999997,0
28732,38,HMGA1,-0.1,-0.04340519999999999,0
28733,38,PTEN,1.510000000000001,1.1549632,0
28734,38,FIP1L1,-0.01999999999999999,-0.0118072,0
28735,38,JAK1,0.8100000000000003,0.5940850000000001,0
28736,38,ZMYM2,-0.11,-0.0692919,0
28737,38,SUZ12,0.7600000000000002,0.5111344,0
28738,38,FUS,-0.11000000000000001,0.12039659999999999,0
28739,38,BAP1,0.10999999999999999,0.0942151,0
28740,38,ZCCHC8,-0.07,-0.021935200000000005,0
28741,38,CRNKL1,-0.05,-0.0286565,0
28742,38,RAD17,0.13,0.08915490000000002,0
28743,38,ATP1A1,-0.009999999999999998,-0.0036585999999999997,0
28744,38,DNMT3A,0.8300000000000003,0.6160641,0
28745,38,FBXW7,1.0500000000000003,0.7458442000000001,0
28746,38,WWTR1,-0.09000000000000001,-0.03774400000000001,0
28747,38,CDKN1B,0.5800000000000001,0.3560108,0
28748,38,KMT2A,0.41000000000000003,0.3299343,0
28749,38,PTPN11,0.9600000000000004,0.6450212000000001,0
28750,38,STAT5B,0.6000000000000001,0.43894069999999996,0
28751,38,CUX1,-0.12000000000000001,-0.07481840000000001,0
28752,38,ABI1,-0.4,-0.14851440000000002,0
28753,38,BRCA1,1.590000000000001,1.2160257,0
28754,38,SH2B3,0.02,0.0238188,0
28755,38,AFF4,0.08,0.0647066,0
28756,38,NF2,-0.11000000000000001,0.0032616999999999993,0
28757,38,LMNA,0.11,0.0870598,0
28758,38,TSC2,0.55,0.43887299999999996,0
28759,38,GOLPH3,-0.12,-0.061209599999999996,0
28760,38,PCM1,-0.06,-0.038884199999999994,0
28761,38,PPP2R1A,-0.31000000000000005,-0.0743771,0
28762,38,ARID1A,1.7800000000000011,1.2261067,0
28763,38,ABL1,0.2100000000000001,0.20982209999999998,0
28764,38,AFF1,0.21000000000000002,0.17097590000000001,0
28765,38,DAXX,-0.25000000000000006,-0.044997499999999996,0
28766,38,CBFB,0.14,0.09923830000000002,0
28767,38,CBLB,0.12000000000000001,0.0891603,0
28768,38,POLR2A,0.11,0.17826369999999994,0
28769,38,PRKACA,0.31000000000000005,0.23849730000000005,0
28770,38,DNM2,-0.12,-0.057161100000000006,0
28771,38,RAP1GDS1,-0.12000000000000001,-0.049297900000000006,0
28772,38,NCOR1,0.8400000000000002,0.6849218,0
28773,38,NFKBIE,-0.22000000000000003,-0.07887480000000001,0
28774,38,DDX3X,0.01999999999999999,0.06659210000000002,0
28775,38,ELK4,0.02,0.0156646,0
28776,38,MLLT6,0.12,0.0891171,0
28777,38,SRSF2,-0.98,-0.2714678,0
28778,38,CTNNA1,0.1,0.07396469999999998,0
28779,38,RBM10,0.21000000000000005,0.1506471,0
28780,38,PTPRC,0.09,0.0983488,0
28781,38,HSP90AA1,1.1500000000000006,0.7496322999999997,0
28782,39,NSD1,0.31,0.2675033,1
28783,39,DICER1,0.29000000000000004,0.29787830000000004,1
28784,39,BIRC6,0.10999999999999999,0.1087094,1
28785,39,SDHC,0.41999999999999993,0.32105150000000005,1
28786,39,TFG,0.20000000000000004,0.1272545,1
28787,39,MAP2K2,0.32,0.229183,1
28788,39,TFRC,-0.24000000000000002,-0.09420979999999998,1
28789,39,CREB1,0.8700000000000004,0.7602132000000003,1
28790,39,POLG,-0.02,-0.0058328,1
28791,39,SETD2,0.6600000000000004,0.6088647,1
28792,39,NAB2,-0.63,-0.1626466,1
28793,39,HIF1A,1.750000000000001,1.3577404,1
28794,39,FLCN,-0.08000000000000002,0.0143905,1
28795,39,MAP2K4,0.12000000000000001,0.1544402,1
28796,39,CNOT3,0.030000000000000002,0.035518799999999996,1
28797,39,CIITA,0.08,0.053030999999999995,1
28798,39,LSM14A,0.15,0.1252412,1
28799,39,AKAP9,-0.01999999999999999,0.0266375,1
28800,39,MSN,-0.18,-0.053751400000000005,1
28801,39,BCR,-0.06000000000000002,0.02289359999999999,1
28802,39,TRRAP,0.03000000000000002,0.20814980000000002,1
28803,39,PPP6C,-0.17,-0.0694224,1
28804,39,NCOA4,-0.11000000000000001,-0.0342532,1
28805,39,BCL9,0.19,0.1530025,1
28806,39,PRCC,0.11,0.0818255,1
28807,39,LARP4B,0.03,0.0219462,1
28808,39,CHD2,0.02,0.018112800000000002,1
28809,39,ASXL1,0.3700000000000001,0.4036991000000001,1
28810,39,SMARCA4,1.7800000000000011,1.4383851000000003,1
28811,39,ERC1,-0.03,-0.0229251,1
28812,39,DCTN1,0.010000000000000002,0.039370900000000014,1
28813,39,PIK3R1,1.2000000000000006,0.9892922,1
28814,39,EED,0.13999999999999999,0.1105563,1
28815,39,CNBP,0.01,0.0057811,1
28816,39,SGK1,0.45999999999999996,0.3066394,1
28817,39,MLLT10,-0.27,-0.1486507,1
28818,39,BRD4,0.9600000000000004,0.8625190999999999,1
28819,39,RANBP2,0.28,0.2709021,1
28820,39,FBXO11,0.06,0.049807,1
28821,39,PML,0.33999999999999997,0.24473299999999998,1
28822,39,AKT2,1.07,0.7890431999999998,1
28823,39,CEP89,0.06,0.038617399999999996,1
28824,39,LZTR1,0.039999999999999994,0.09196499999999999,1
28825,39,YWHAE,0.22000000000000003,0.13946380000000003,1
28826,39,DNAJB1,-0.07,-0.023673400000000004,1
28827,39,PRDM2,0.07,0.058157299999999995,1
28828,39,TPM4,0.54,0.3901413,1
28829,39,CREBBP,1.9900000000000013,1.6383918000000004,1
28830,39,PMS2,0.7400000000000002,0.6565589,1
28831,39,DDR2,3.469446951953614e-18,-0.0010161999999999949,1
28832,39,FANCA,0.37000000000000005,0.31208,1
28833,39,PDE4DIP,0.08,0.06270880000000001,1
28834,39,USP8,-0.06999999999999999,-0.035910300000000006,1
28835,39,MYH9,-0.5,-0.1367395,1
28836,39,MYC,-1.2300000000000002,-0.2708105,1
28837,39,NBN,0.5800000000000001,0.4746907999999999,1
28838,39,CCND3,-0.09000000000000001,-0.010490499999999996,1
28839,39,TRIP11,-0.1,-0.0739591,1
28840,39,CNTRL,-0.09,-0.070185,1
28841,39,PIK3CA,1.3500000000000008,1.1507196999999998,1
28842,39,DDX5,0.23000000000000004,0.2789275000000001,1
28843,39,PICALM,3.469446951953614e-18,0.005349200000000005,1
28844,39,RARA,-0.15000000000000002,0.030631799999999997,1
28845,39,DDX6,0.020000000000000004,0.1089046,1
28846,39,COL1A1,0.20999999999999996,0.17716810000000002,1
28847,39,VHL,0.26,0.19754239999999995,1
28848,39,MAPK1,1.7100000000000009,1.2593901,1
28849,39,SRC,0.4900000000000002,0.43176970000000003,1
28850,39,NFE2L2,0.39,0.27604170000000006,1
28851,39,MITF,-0.2,-0.046292799999999995,1
28852,39,SMAD3,1.330000000000001,1.1991376,1
28853,39,RBM15,0.08,0.0669949,1
28854,39,ATR,0.7400000000000002,0.6221273999999999,1
28855,39,EPAS1,0.43,0.40097639999999996,1
28856,39,TPM3,0.18999999999999997,0.14940630000000002,1
28857,39,RPL10,0.1,0.1101364,1
28858,39,STAG1,0.13,0.14874959999999998,1
28859,39,SBDS,-0.06,-0.0212025,1
28860,39,KMT2D,1.0100000000000005,0.8205337000000001,1
28861,39,MED12,0.34,0.29840030000000006,1
28862,39,BCLAF1,-0.039999999999999994,0.021961000000000015,1
28863,39,ASPSCR1,-0.04000000000000001,-0.0189912,1
28864,39,CDK12,0.51,0.41514720000000005,1
28865,39,EWSR1,0.2899999999999999,0.3097781999999999,1
28866,39,NDRG1,-0.06,-0.0145906,1
28867,39,PSIP1,0.06000000000000001,0.05293310000000001,1
28868,39,TRIM33,0.06999999999999999,0.0623711,1
28869,39,MTOR,0.9300000000000002,0.8048795000000001,1
28870,39,ARHGAP35,0.17,0.1536682,1
28871,39,POT1,0.01,0.013202400000000001,1
28872,39,EXT1,0.11,0.0804628,1
28873,39,IL6ST,0.32,0.27260380000000006,1
28874,39,IDH2,-0.06999999999999998,0.004255900000000007,1
28875,39,SMARCE1,0.35,0.2398053,1
28876,39,CRTC3,0.09,0.07725030000000001,1
28877,39,TSC1,0.36,0.33540320000000007,1
28878,39,BCOR,-0.10999999999999999,0.0111523,1
28879,39,SDHA,0.25,0.19186140000000002,1
28880,39,EP300,2.3100000000000005,1.9494366999999997,1
28881,39,HNRNPA2B1,0.53,0.3863661,1
28882,39,CLIP1,-0.13999999999999999,-0.08428830000000001,1
28883,39,PATZ1,-0.5700000000000001,-0.14674610000000002,1
28884,39,FUBP1,-0.09,0.022010199999999994,1
28885,39,HLA-A,-0.04999999999999999,0.0337925,1
28886,39,CCNC,-0.29,-0.1161454,1
28887,39,RPN1,-0.21999999999999997,-0.07839220000000001,1
28888,39,TCF7L2,0.08000000000000003,0.1227375,1
28889,39,CANT1,-0.06999999999999998,0.0010456000000000076,1
28890,39,RPL5,-0.61,-0.18503039999999998,1
28891,39,CCDC6,0.049999999999999975,0.0672079,1
28892,39,NCKIPSD,-0.09,-0.0286055,1
28893,39,SMARCD1,0.42000000000000004,0.36109490000000005,1
28894,39,BCL10,0.060000000000000005,0.0746374,1
28895,39,MAX,0.07,0.09231539999999998,1
28896,39,HERPUD1,-0.02,-0.0058082,1
28897,39,RAC1,0.14,0.18354320000000002,1
28898,39,FLNA,0.13,0.0993138,1
28899,39,TFE3,-0.7100000000000001,-0.2824952,1
28900,39,NCOR2,0.5700000000000002,0.5035314,1
28901,39,PRPF40B,0.030000000000000002,0.023803999999999992,1
28902,39,BCL3,-0.09000000000000001,-0.011401899999999993,1
28903,39,TFPT,-0.36,-0.1121857,1
28904,39,MLH1,0.8600000000000003,0.7774963,1
28905,39,ARHGAP5,0.12,0.1139774,1
28906,39,CIC,0.01,0.0073025,1
28907,39,LYN,0.8100000000000002,0.6058495,1
28908,39,TCF12,0.34,0.27716300000000005,1
28909,39,KLF6,0.05,0.0327887,1
28910,39,KMT2C,0.8800000000000002,0.7731776999999999,1
28911,39,PIM1,-0.12,-0.015489500000000024,1
28912,39,CCND1,1.0600000000000005,0.6913836999999998,1
28913,39,MLLT1,-1.45,-0.3754742999999999,1
28914,39,MEN1,-0.06,0.001966599999999992,1
28915,39,CUL3,0.08000000000000002,0.11060099999999999,1
28916,39,RB1,0.7200000000000002,0.5628072999999999,1
28917,39,LPP,-0.11,-0.027369000000000004,1
28918,39,BUB1B,-0.12999999999999998,-0.03641700000000001,1
28919,39,SMAD4,1.660000000000001,1.3491414,1
28920,39,FGFR1,0.19,0.20496319999999996,1
28921,39,TMSB4X,0.03,0.0246828,1
28922,39,CDK4,1.1000000000000005,0.7704874000000002,1
28923,39,MSI2,0.01,0.0079975,1
28924,39,MSH6,1.0400000000000005,0.8794891999999999,1
28925,39,BRAF,1.340000000000001,1.1593475999999998,1
28926,39,TCEA1,-0.19999999999999996,-0.0454104,1
28927,39,TNFAIP3,0.14,0.13028230000000002,1
28928,39,RABEP1,0.0,0.0006463999999999984,1
28929,39,GMPS,-0.12000000000000001,-0.062283099999999994,1
28930,39,MDM2,1.2400000000000009,0.9789070000000001,1
28931,39,NSD2,0.22,0.16565180000000002,1
28932,39,CASP8,-0.37000000000000005,0.01897639999999999,1
28933,39,PER1,-0.21000000000000002,-0.0779052,1
28934,39,UBR5,0.04000000000000001,0.059659,1
28935,39,EIF3E,-6.938893903907228e-18,0.053556400000000004,1
28936,39,RFWD3,0.02,0.022374400000000003,1
28937,39,BRD3,0.11,0.07913379999999999,1
28938,39,PAFAH1B2,0.02,0.017511000000000002,1
28939,39,EXT2,0.020000000000000004,0.0180595,1
28940,39,PLCG1,0.49000000000000005,0.412673,1
28941,39,SF3B1,-0.68,-0.32276740000000004,1
28942,39,ARHGEF10L,0.02,0.0096392,1
28943,39,NFATC2,0.24000000000000002,0.17771499999999998,1
28944,39,SDHD,0.29000000000000004,0.22001159999999995,1
28945,39,PABPC1,-0.9299999999999999,-0.2312953,1
28946,39,POLD1,-0.31999999999999995,-0.07816319999999999,1
28947,39,CALR,-0.01999999999999999,0.0431263,1
28948,39,PIK3CB,0.7100000000000002,0.5863987000000002,1
28949,39,PPM1D,0.26,0.20656330000000003,1
28950,39,ATRX,1.0400000000000005,0.8940841,1
28951,39,DGCR8,0.16999999999999998,0.1381059,1
28952,39,DDX10,0.16999999999999998,0.13140490000000002,1
28953,39,DROSHA,0.5,0.40243599999999996,1
28954,39,TNFRSF14,-0.13,-0.0543519,1
28955,39,BCL9L,0.12,0.09169060000000001,1
28956,39,QKI,0.02,0.015979099999999996,1
28957,39,BAZ1A,0.01,0.0077866,1
28958,39,CHD4,0.37,0.35598070000000004,1
28959,39,NSD3,0.12,0.1260055,1
28960,39,NT5C2,0.17,0.1011416,1
28961,39,CCNB1IP1,0.13,0.0595068,1
28962,39,PCBP1,-0.91,-0.2649985,1
28963,39,RALGDS,-0.05000000000000002,0.0481372,1
28964,39,ARHGEF12,-0.020000000000000004,0.0197518,1
28965,39,HSP90AB1,1.1600000000000004,0.8133637000000001,1
28966,39,FOXO3,1.4200000000000008,1.0664016000000003,1
28967,39,HIP1,-0.02,-0.0126598,1
28968,39,CDC73,0.029999999999999992,0.0692941,1
28969,39,NIN,-0.009999999999999998,-0.010193000000000004,1
28970,39,MDM4,0.13,0.18328610000000004,1
28971,39,COL3A1,0.21,0.17452220000000002,1
28972,39,CTNND1,0.16,0.1726148,1
28973,39,SPOP,0.11,0.10172020000000001,1
28974,39,TMEM127,0.11,0.06338369999999999,1
28975,39,CREB3L2,0.15,0.09875080000000001,1
28976,39,MSH2,0.9200000000000004,0.8068812,1
28977,39,FNBP1,-3.469446951953614e-18,0.0162915,1
28978,39,ATF1,0.14,0.09863730000000001,1
28979,39,EIF1AX,-0.49999999999999994,-0.20873909999999998,1
28980,39,PMS1,0.5499999999999999,0.43633520000000003,1
28981,39,DEK,0.15000000000000002,0.1404284,1
28982,39,ERBB2,0.7700000000000002,0.5189459000000001,1
28983,39,AKT1,1.0000000000000004,0.6691836000000001,1
28984,39,CHEK2,0.5800000000000002,0.6013343,1
28985,39,SDHB,0.4000000000000001,0.3065638,1
28986,39,NCOA1,0.4099999999999999,0.33123500000000006,1
28987,39,CHIC2,0.09,0.06312780000000001,1
28988,39,RUNX1,0.0999999999999999,0.6203521999999999,1
28989,39,STAT6,0.4,0.35725429999999997,1
28990,39,FH,-0.06999999999999998,-0.0075375999999999915,1
28991,39,AKT3,1.1500000000000004,0.8541631000000003,1
28992,39,GNAS,0.36,0.2618212,1
28993,39,CTNNB1,1.3200000000000005,0.9362408,1
28994,39,NONO,0.32000000000000006,0.2765911,1
28995,39,SMARCB1,0.9800000000000004,0.7799191999999998,1
28996,39,PRKAR1A,0.21000000000000002,0.1988367,1
28997,39,ITGAV,-0.010000000000000005,0.0419287,1
28998,39,SS18,0.39,0.27649500000000005,1
28999,39,MAP2K1,0.9900000000000004,0.6379296,1
29000,39,SIRPA,-0.04,-0.010556400000000002,1
29001,39,PPFIBP1,0.41,0.3070525,1
29002,39,RPL22,-0.22000000000000003,0.08690229999999999,1
29003,39,CYLD,0.30000000000000004,0.2452202,1
29004,39,ARID1B,0.8200000000000001,0.6444957999999998,1
29005,39,SETDB1,0.33,0.24696800000000002,1
29006,39,AFDN,-0.43,-0.1439654,1
29007,39,ZRSR2,-0.010000000000000002,-0.005095300000000011,1
29008,39,PBRM1,0.9700000000000004,0.7449904,1
29009,39,XPC,0.47,0.30169289999999993,1
29010,39,ASXL2,0.28,0.2080356,1
29011,39,TRIM24,-0.19,-0.043844400000000006,1
29012,39,SFPQ,-0.27,-0.0521823,1
29013,39,NCOA2,0.5900000000000001,0.48866290000000007,1
29014,39,FOXO4,0.36,0.22427730000000004,1
29015,39,LEF1,0.17999999999999997,0.16668020000000003,1
29016,39,B2M,-0.27999999999999997,-0.1176815,1
29017,39,DDIT3,-0.31999999999999995,-0.1188592,1
29018,39,BCL6,0.3500000000000001,0.29069039999999996,1
29019,39,KRAS,-0.5199999999999998,-0.03796539999999998,1
29020,39,FAT1,0.12,0.0884971,1
29021,39,ABL2,0.04,0.0444072,1
29022,39,NF1,1.3100000000000007,1.0922390000000002,1
29023,39,BTG1,-0.06,-0.026764200000000002,1
29024,39,EIF4A2,0.04,0.024415999999999997,1
29025,39,SET,0.18,0.15225960000000002,1
29026,39,EPS15,0.07,0.0644604,1
29027,39,RNF213,0.06,0.05321,1
29028,39,CTCF,1.0400000000000007,0.7439517999999999,1
29029,39,WDCP,0.21,0.12901029999999997,1
29030,39,KAT7,0.14,0.1187677,1
29031,39,KDM5C,0.19,0.18134289999999997,1
29032,39,TGFBR2,0.14999999999999997,0.18682050000000003,1
29033,39,ATM,1.0000000000000004,1.0204825,1
29034,39,NUMA1,0.04000000000000001,0.0454127,1
29035,39,STAT3,0.8600000000000003,0.8321077,1
29036,39,SUB1,-0.1,-0.0457538,1
29037,39,NUP98,0.19,0.19913910000000004,1
29038,39,ELL,0.09000000000000002,0.044855299999999994,1
29039,39,MAP3K1,0.42,0.3396361999999999,1
29040,39,MALT1,0.16999999999999998,0.16573040000000003,1
29041,39,XPO1,0.5300000000000001,0.43227519999999997,1
29042,39,SETD1B,0.24,0.19107699999999997,1
29043,39,ETV6,-0.12000000000000001,-0.039023199999999994,1
29044,39,TBL1XR1,0.21000000000000002,0.14743050000000002,1
29045,39,NUP214,-0.039999999999999945,0.14592739999999998,1
29046,39,TPR,0.12,0.09822550000000001,1
29047,39,ATIC,0.09,0.13662059999999998,1
29048,39,NACA,0.22999999999999998,0.15275640000000001,1
29049,39,MYO5A,0.02,0.0146506,1
29050,39,SMC1A,0.38000000000000006,0.427851,1
29051,39,LASP1,-0.24000000000000002,-0.13070210000000002,1
29052,39,ERCC5,0.43999999999999995,0.2833708,1
29053,39,JUN,-0.6899999999999997,-0.05989969999999997,1
29054,39,THRAP3,0.05999999999999999,0.048851900000000004,1
29055,39,STAG2,0.29000000000000004,0.30832289999999996,1
29056,39,RAF1,0.9400000000000004,0.7146598000000001,1
29057,39,ERCC3,0.54,0.48690570000000005,1
29058,39,SMAD2,0.5600000000000003,0.5623005000000001,1
29059,39,TAF15,0.22000000000000003,0.18244160000000004,1
29060,39,ARNT,0.23999999999999996,0.21417790000000003,1
29061,39,CLTC,-0.78,-0.34477780000000013,1
29062,39,IKBKB,0.47000000000000014,0.4500198,1
29063,39,IDH1,-0.6600000000000001,-0.2269322,1
29064,39,SND1,-0.020000000000000004,0.011943699999999998,1
29065,39,KNSTRN,0.02,0.0153106,1
29066,39,RHOA,-2.970000000000001,-0.7244662000000002,1
29067,39,PALB2,0.6900000000000002,0.5964205000000001,1
29068,39,ARID2,0.8300000000000001,0.6581488,1
29069,39,EZR,-0.15000000000000002,-0.047892800000000006,1
29070,39,TP53,-0.2899999999999999,0.14513110000000004,1
29071,39,ARAF,0.39999999999999997,0.22927650000000002,1
29072,39,KIF5B,0.49000000000000005,0.3740764,1
29073,39,KAT6A,0.19999999999999996,0.2230083,1
29074,39,KTN1,-0.09,-0.018116399999999998,1
29075,39,GOLGA5,-0.08,-0.058644600000000005,1
29076,39,KDM5A,0.28,0.2629781,1
29077,39,RAD21,0.55,0.4527128999999999,1
29078,39,GNAQ,0.3000000000000001,0.2216249,1
29079,39,CAMTA1,0.05,0.0383785,1
29080,39,ERCC2,0.7000000000000001,0.5478635000000002,1
29081,39,EZH2,1.6600000000000013,1.2969746999999994,1
29082,39,TOP1,0.28,0.23047160000000005,1
29083,39,SRSF3,-0.19999999999999998,-0.028049599999999987,1
29084,39,NPM1,0.14,0.1823983,1
29085,39,BAX,-0.82,-0.1853931,1
29086,39,NOTCH2,0.28,0.23452210000000004,1
29087,39,TRAF7,0.02,0.014994799999999999,1
29088,39,KDM6A,0.8700000000000003,0.8786453999999999,1
29089,39,SPEN,0.14,0.1085139,1
29090,39,TRIM27,-0.51,-0.17225040000000003,1
29091,39,CRTC1,0.15,0.1194147,1
29092,39,EML4,0.27,0.2708217,1
29093,39,USP9X,-0.030000000000000002,-0.023009699999999998,1
29094,39,PTPRK,-0.01,-0.0060092999999999995,1
29095,39,CD74,-0.26,-0.028055699999999996,1
29096,39,CBL,0.5800000000000001,0.5095713000000001,1
29097,39,ZNF384,0.03,0.025093999999999998,1
29098,39,NOTCH1,1.0800000000000003,0.7991736000000002,1
29099,39,COX6C,-0.16,-0.056519,1
29100,39,CHCHD7,0.01,0.0057243,1
29101,39,HMGA1,-0.09000000000000001,-0.037854900000000004,1
29102,39,PTEN,1.370000000000001,1.2466223000000003,1
29103,39,FIP1L1,-0.039999999999999994,-0.011894199999999994,1
29104,39,JAK1,0.8400000000000003,0.7105406,1
29105,39,ZMYM2,-0.019999999999999997,-0.014660499999999998,1
29106,39,SUZ12,0.8700000000000004,0.6718310000000002,1
29107,39,FUS,-0.39,0.02359629999999996,1
29108,39,BAP1,-0.4599999999999999,-0.18735519999999997,1
29109,39,ZCCHC8,-0.06,-0.0192822,1
29110,39,CRNKL1,0.009999999999999998,0.007415999999999999,1
29111,39,RAD17,0.19,0.1467084,1
29112,39,ATP1A1,0.01,0.0069194999999999994,1
29113,39,DNMT3A,1.0000000000000004,0.8429921,1
29114,39,FBXW7,1.0100000000000002,0.8593242999999999,1
29115,39,WWTR1,-0.13999999999999999,-0.0630474,1
29116,39,CDKN1B,0.44000000000000006,0.30397029999999997,1
29117,39,KMT2A,0.3800000000000001,0.4023328000000001,1
29118,39,PTPN11,1.1500000000000006,0.9350641999999999,1
29119,39,STAT5B,0.6800000000000002,0.5686681,1
29120,39,CUX1,-0.1,-0.0671798,1
29121,39,ABI1,-0.33,-0.09538640000000001,1
29122,39,BRCA1,1.8400000000000014,1.4971733000000007,1
29123,39,SH2B3,0.08,0.0524181,1
29124,39,AFF4,-0.12999999999999995,-0.064002,1
29125,39,NF2,0.13000000000000003,0.13702220000000004,1
29126,39,LMNA,0.05999999999999999,0.043938099999999994,1
29127,39,TSC2,0.7700000000000002,0.6427301,1
29128,39,GOLPH3,-0.08,-0.055692000000000005,1
29129,39,PCM1,-0.06,-0.0480716,1
29130,39,PPP2R1A,-0.3700000000000001,-0.1253343,1
29131,39,ARID1A,1.890000000000001,1.5297726999999994,1
29132,39,ABL1,-0.1499999999999999,0.07594980000000008,1
29133,39,AFF1,0.09,0.1028522,1
29134,39,DAXX,-0.38999999999999996,-0.10204420000000002,1
29135,39,CBFB,0.05,0.10981080000000001,1
29136,39,CBLB,0.16000000000000003,0.1389911,1
29137,39,POLR2A,-0.3,0.10354229999999998,1
29138,39,PRKACA,0.13000000000000012,0.256768,1
29139,39,DNM2,-0.11000000000000001,-0.053453200000000006,1
29140,39,RAP1GDS1,-0.02999999999999997,0.03211060000000001,1
29141,39,NCOR1,0.8800000000000002,0.887177,1
29142,39,NFKBIE,-0.32,-0.10705160000000001,1
29143,39,DDX3X,0.27,0.24836049999999996,1
29144,39,ELK4,0.03,0.0258501,1
29145,39,MLLT6,0.08,0.0627543,1
29146,39,SRSF2,-2.8000000000000007,-0.6859913999999999,1
29147,39,CTNNA1,0.13999999999999999,0.11037770000000001,1
29148,39,RBM10,0.17,0.12654440000000003,1
29149,39,PTPRC,0.10999999999999999,0.1450456,1
29150,39,HSP90AA1,0.9700000000000004,0.6728192,1
29151,39,NSD1,0.24,0.19057050000000003,0
29152,39,DICER1,0.24999999999999997,0.24593060000000003,0
29153,39,BIRC6,0.060000000000000005,0.056382,0
29154,39,SDHC,0.31000000000000005,0.21723340000000002,0
29155,39,TFG,0.28,0.15844160000000002,0
29156,39,MAP2K2,0.29,0.2214236,0
29157,39,TFRC,-0.28,-0.140023,0
29158,39,CREB1,0.8800000000000003,0.6811223,0
29159,39,POLG,0.0,0.0,0
29160,39,SETD2,0.6900000000000002,0.5726446999999999,0
29161,39,NAB2,-0.34,-0.11825160000000001,0
29162,39,HIF1A,1.5400000000000007,1.1154487999999998,0
29163,39,FLCN,0.04,0.0376158,0
29164,39,MAP2K4,-0.09,0.042797100000000005,0
29165,39,CNOT3,-0.010000000000000002,0.006147499999999993,0
29166,39,CIITA,0.08,0.050309200000000005,0
29167,39,LSM14A,0.1,0.083042,0
29168,39,AKAP9,-0.10999999999999999,-0.0364663,0
29169,39,MSN,-0.39,-0.107293,0
29170,39,BCR,0.05,0.055663800000000006,0
29171,39,TRRAP,0.06000000000000002,0.14520719999999998,0
29172,39,PPP6C,-0.16,-0.07831540000000001,0
29173,39,NCOA4,-0.13,-0.0669209,0
29174,39,BCL9,0.14,0.1092328,0
29175,39,PRCC,0.010000000000000005,0.011623000000000001,0
29176,39,LARP4B,0.0,0.0,0
29177,39,CHD2,0.01,0.007516500000000001,0
29178,39,ASXL1,0.51,0.46590279999999995,0
29179,39,SMARCA4,1.4600000000000009,1.1050203,0
29180,39,ERC1,-0.03,-0.021662999999999998,0
29181,39,DCTN1,-0.24000000000000002,-0.11332970000000002,0
29182,39,PIK3R1,1.3000000000000007,0.9548815999999999,0
29183,39,EED,-0.019999999999999993,0.02523869999999999,0
29184,39,CNBP,0.02,0.011704,0
29185,39,SGK1,0.31,0.18157250000000003,0
29186,39,MLLT10,-0.09999999999999999,-0.024962000000000005,0
29187,39,BRD4,0.9800000000000004,0.7464469000000001,0
29188,39,RANBP2,0.14,0.17851270000000002,0
29189,39,FBXO11,0.060000000000000005,0.04910590000000001,0
29190,39,PML,0.24999999999999997,0.20660109999999998,0
29191,39,AKT2,0.9700000000000002,0.6551194000000001,0
29192,39,CEP89,0.07,0.0435474,0
29193,39,LZTR1,0.09000000000000001,0.0881554,0
29194,39,YWHAE,0.25,0.16204,0
29195,39,DNAJB1,-0.030000000000000013,-0.0009610999999999995,0
29196,39,PRDM2,0.03,0.0219057,0
29197,39,TPM4,0.5,0.3232722,0
29198,39,CREBBP,1.840000000000001,1.4595860000000003,0
29199,39,PMS2,0.6000000000000001,0.5371106000000001,0
29200,39,DDR2,0.04,0.024149700000000003,0
29201,39,FANCA,0.36,0.2946796,0
29202,39,PDE4DIP,0.05,0.0334426,0
29203,39,USP8,-0.05,-0.025105900000000004,0
29204,39,MYH9,-0.33,-0.070875,0
29205,39,MYC,-1.2900000000000003,-0.4799737999999999,0
29206,39,NBN,0.54,0.42201799999999995,0
29207,39,CCND3,-0.03999999999999997,0.012337800000000001,0
29208,39,TRIP11,-0.14,-0.0930903,0
29209,39,CNTRL,-0.08,-0.05302470000000001,0
29210,39,PIK3CA,1.3400000000000007,0.9719585,0
29211,39,DDX5,0.4099999999999999,0.3152109,0
29212,39,PICALM,0.010000000000000002,0.011026599999999998,0
29213,39,RARA,0.4600000000000001,0.32240349999999995,0
29214,39,DDX6,-0.06000000000000001,0.0459334,0
29215,39,COL1A1,0.11,0.126924,0
29216,39,VHL,0.16999999999999998,0.13157780000000002,0
29217,39,MAPK1,1.5500000000000007,0.9948704000000002,0
29218,39,SRC,-0.71,-0.036564,0
29219,39,NFE2L2,0.25,0.16482229999999998,0
29220,39,MITF,-0.29,-0.06231400000000001,0
29221,39,SMAD3,1.1800000000000008,0.8994825000000002,0
29222,39,RBM15,0.07,0.0608733,0
29223,39,ATR,0.6600000000000001,0.5551462,0
29224,39,EPAS1,0.39999999999999997,0.3472463,0
29225,39,TPM3,0.12,0.09873240000000003,0
29226,39,RPL10,0.09,0.10500380000000002,0
29227,39,STAG1,0.16,0.1550248,0
29228,39,SBDS,-0.07,-0.0232852,0
29229,39,KMT2D,0.9400000000000004,0.6880929000000001,0
29230,39,MED12,0.31000000000000005,0.2523338,0
29231,39,BCLAF1,0.0,0.04513529999999998,0
29232,39,ASPSCR1,-0.04,-0.014490000000000003,0
29233,39,CDK12,0.29000000000000004,0.21635089999999998,0
29234,39,EWSR1,0.3999999999999999,0.33054720000000004,0
29235,39,NDRG1,-0.06,-0.0210176,0
29236,39,PSIP1,-0.16,-0.08333609999999998,0
29237,39,TRIM33,0.049999999999999996,0.0488123,0
29238,39,MTOR,1.2200000000000006,0.8887130999999998,0
29239,39,ARHGAP35,0.12000000000000001,0.14060989999999998,0
29240,39,POT1,-0.029999999999999992,0.0005315000000000016,0
29241,39,EXT1,0.1,0.067838,0
29242,39,IL6ST,0.29000000000000004,0.22998870000000002,0
29243,39,IDH2,0.11000000000000001,0.10124220000000002,0
29244,39,SMARCE1,0.44,0.2782954,0
29245,39,CRTC3,0.09,0.07696139999999999,0
29246,39,TSC1,0.29000000000000004,0.2749773,0
29247,39,BCOR,-0.18999999999999997,-0.016612299999999997,0
29248,39,SDHA,0.26,0.16928929999999998,0
29249,39,EP300,1.7000000000000013,1.3977551999999998,0
29250,39,HNRNPA2B1,0.26999999999999996,0.22103009999999995,0
29251,39,CLIP1,-0.11,-0.0655908,0
29252,39,PATZ1,-0.49,-0.1315117,0
29253,39,FUBP1,-0.1,0.004541400000000002,0
29254,39,HLA-A,-0.23000000000000004,-0.02691059999999998,0
29255,39,CCNC,-0.12000000000000001,-0.0483108,0
29256,39,RPN1,-0.31000000000000005,-0.07146140000000001,0
29257,39,TCF7L2,0.06999999999999999,0.09414429999999999,0
29258,39,CANT1,0.11,0.0652417,0
29259,39,RPL5,-0.71,-0.2084299,0
29260,39,CCDC6,0.04999999999999999,0.07070320000000002,0
29261,39,NCKIPSD,0.03,0.016601300000000003,0
29262,39,SMARCD1,0.44,0.3027653,0
29263,39,BCL10,-0.020000000000000018,0.024054700000000002,0
29264,39,MAX,-0.04000000000000001,-0.006333099999999994,0
29265,39,HERPUD1,0.01,0.003926,0
29266,39,RAC1,0.12000000000000002,0.15142520000000004,0
29267,39,FLNA,0.12,0.1019597,0
29268,39,TFE3,-0.44000000000000006,-0.1848763,0
29269,39,NCOR2,0.7300000000000002,0.5356772999999999,0
29270,39,PRPF40B,0.019999999999999997,0.012488600000000002,0
29271,39,BCL3,-0.04,-0.0031252,0
29272,39,TFPT,-0.24000000000000002,-0.087728,0
29273,39,MLH1,0.8600000000000001,0.7252876,0
29274,39,ARHGAP5,0.14,0.12145030000000001,0
29275,39,CIC,-0.01,-0.0062895,0
29276,39,LYN,0.8300000000000002,0.5847821999999999,0
29277,39,TCF12,0.26,0.197364,0
29278,39,KLF6,0.05,0.0291668,0
29279,39,KMT2C,1.0000000000000002,0.7896030999999999,0
29280,39,PIM1,-0.16,-0.061141,0
29281,39,CCND1,1.4000000000000008,0.8539693999999998,0
29282,39,MLLT1,-0.9900000000000002,-0.29981610000000003,0
29283,39,MEN1,0.02000000000000002,0.052319500000000005,0
29284,39,CUL3,0.15,0.14989250000000004,0
29285,39,RB1,0.57,0.45329850000000005,0
29286,39,LPP,-0.07999999999999999,-0.0225417,0
29287,39,BUB1B,-0.15000000000000002,-0.07864360000000001,0
29288,39,SMAD4,1.3800000000000008,1.0427399,0
29289,39,FGFR1,0.28,0.182045,0
29290,39,TMSB4X,0.04,0.0320004,0
29291,39,CDK4,0.54,0.3820156999999999,0
29292,39,MSI2,0.01,0.007137,0
29293,39,MSH6,0.8700000000000003,0.6687213000000002,0
29294,39,BRAF,0.9800000000000005,0.8526761000000002,0
29295,39,TCEA1,-0.010000000000000002,0.026682700000000004,0
29296,39,TNFAIP3,0.11,0.108687,0
29297,39,RABEP1,-0.009999999999999998,-0.008848900000000002,0
29298,39,GMPS,-0.05,-0.0345339,0
29299,39,MDM2,1.2200000000000009,0.8313206999999999,0
29300,39,NSD2,0.17999999999999997,0.1293115,0
29301,39,CASP8,-0.10000000000000002,0.1602157,0
29302,39,PER1,-0.21999999999999997,-0.04865449999999998,0
29303,39,UBR5,-0.02,0.005502100000000003,0
29304,39,EIF3E,-0.029999999999999985,0.0529559,0
29305,39,RFWD3,0.030000000000000002,0.0304541,0
29306,39,BRD3,0.13,0.10256730000000001,0
29307,39,PAFAH1B2,0.02,0.015609200000000002,0
29308,39,EXT2,0.0,0.0032279999999999948,0
29309,39,PLCG1,0.45,0.3259785999999999,0
29310,39,SF3B1,-0.31,-0.1356534,0
29311,39,ARHGEF10L,0.01,0.0047018,0
29312,39,NFATC2,0.19000000000000003,0.132145,0
29313,39,SDHD,0.30000000000000004,0.17246200000000003,0
29314,39,PABPC1,-0.8200000000000001,-0.22039330000000001,0
29315,39,POLD1,-0.32999999999999996,-0.06588439999999998,0
29316,39,CALR,0.05000000000000002,0.04395620000000001,0
29317,39,PIK3CB,0.6000000000000001,0.47849429999999993,0
29318,39,PPM1D,0.19000000000000003,0.14099080000000003,0
29319,39,ATRX,0.9800000000000005,0.7959448999999997,0
29320,39,DGCR8,0.16000000000000003,0.10349080000000002,0
29321,39,DDX10,0.11,0.0762683,0
29322,39,DROSHA,0.44000000000000006,0.33603540000000004,0
29323,39,TNFRSF14,-0.16,-0.053576099999999995,0
29324,39,BCL9L,0.12000000000000001,0.08333109999999999,0
29325,39,QKI,-0.06999999999999999,-0.044586299999999995,0
29326,39,BAZ1A,0.01,0.0071587000000000005,0
29327,39,CHD4,0.15,0.14952889999999996,0
29328,39,NSD3,0.030000000000000002,0.037900199999999995,0
29329,39,NT5C2,0.15,0.09225309999999999,0
29330,39,CCNB1IP1,0.09000000000000001,0.0418723,0
29331,39,PCBP1,-0.84,-0.2559336,0
29332,39,RALGDS,0.13,0.0931573,0
29333,39,ARHGEF12,-0.03,-0.0031575999999999983,0
29334,39,HSP90AB1,1.2100000000000006,0.8007931999999999,0
29335,39,FOXO3,1.2500000000000004,0.8696651,0
29336,39,HIP1,-0.03,-0.0185219,0
29337,39,CDC73,-0.14999999999999997,-0.015551699999999998,0
29338,39,NIN,0.009999999999999998,0.008474000000000004,0
29339,39,MDM4,0.13,0.16879860000000002,0
29340,39,COL3A1,0.17,0.1535259,0
29341,39,CTNND1,0.08,0.12528840000000002,0
29342,39,SPOP,-0.049999999999999996,-0.007057099999999994,0
29343,39,TMEM127,0.11000000000000001,0.0806558,0
29344,39,CREB3L2,0.049999999999999996,0.0375957,0
29345,39,MSH2,0.9200000000000004,0.6646796999999999,0
29346,39,FNBP1,0.0,0.0051182,0
29347,39,ATF1,0.060000000000000005,0.038526000000000005,0
29348,39,EIF1AX,-0.42,-0.20509539999999998,0
29349,39,PMS1,0.48,0.3635036000000001,0
29350,39,DEK,0.15,0.1282956,0
29351,39,ERBB2,1.0500000000000005,0.7053388,0
29352,39,AKT1,1.2500000000000007,0.7815545000000002,0
29353,39,CHEK2,0.28,0.39137489999999997,0
29354,39,SDHB,0.43,0.2871834,0
29355,39,NCOA1,0.41,0.2950569,0
29356,39,CHIC2,0.049999999999999996,0.027589399999999993,0
29357,39,RUNX1,0.6500000000000004,0.6563574,0
29358,39,STAT6,0.28,0.1975573,0
29359,39,FH,-0.22999999999999998,-0.08422390000000002,0
29360,39,AKT3,0.9600000000000004,0.650826,0
29361,39,GNAS,0.27,0.18323699999999998,0
29362,39,CTNNB1,1.4400000000000008,1.0191742000000001,0
29363,39,NONO,0.13999999999999999,0.0961993,0
29364,39,SMARCB1,0.9100000000000004,0.6933695,0
29365,39,PRKAR1A,0.09999999999999999,0.09608320000000001,0
29366,39,ITGAV,0.010000000000000012,0.037323700000000015,0
29367,39,SS18,0.41000000000000003,0.2724187,0
29368,39,MAP2K1,1.0600000000000005,0.6656473,0
29369,39,SIRPA,0.0,0.0009648000000000009,0
29370,39,PPFIBP1,0.41000000000000003,0.2784169,0
29371,39,RPL22,-0.10999999999999999,0.07371340000000003,0
29372,39,CYLD,0.29000000000000004,0.2248524,0
29373,39,ARID1B,0.6499999999999999,0.4825574000000001,0
29374,39,SETDB1,0.31,0.2241744,0
29375,39,AFDN,-0.38,-0.14106110000000002,0
29376,39,ZRSR2,0.2,0.1490962,0
29377,39,PBRM1,0.9400000000000004,0.684356,0
29378,39,XPC,0.5900000000000001,0.3938894,0
29379,39,ASXL2,0.23,0.1538296,0
29380,39,TRIM24,-0.19,-0.07750540000000002,0
29381,39,SFPQ,-0.13,-0.0012795000000000098,0
29382,39,NCOA2,0.56,0.41480989999999995,0
29383,39,FOXO4,0.45000000000000007,0.2858255999999999,0
29384,39,LEF1,0.06999999999999999,0.0705504,0
29385,39,B2M,-0.5700000000000001,-0.21980159999999999,0
29386,39,DDIT3,-0.43,-0.10419930000000001,0
29387,39,BCL6,0.55,0.3874681,0
29388,39,KRAS,-1.1900000000000004,-0.32524710000000007,0
29389,39,FAT1,0.07999999999999999,0.07235440000000001,0
29390,39,ABL2,0.11000000000000001,0.0753147,0
29391,39,NF1,0.9200000000000004,0.7188606999999998,0
29392,39,BTG1,-0.03,-0.0153393,0
29393,39,EIF4A2,0.11000000000000001,0.08541,0
29394,39,SET,0.17,0.14362820000000004,0
29395,39,EPS15,0.04,0.0380727,0
29396,39,RNF213,0.04,0.030526799999999996,0
29397,39,CTCF,0.8900000000000003,0.6521561999999999,0
29398,39,WDCP,0.13,0.08624379999999998,0
29399,39,KAT7,0.12000000000000001,0.09103389999999999,0
29400,39,KDM5C,0.13,0.1179699,0
29401,39,TGFBR2,0.24,0.18177509999999997,0
29402,39,ATM,1.2900000000000007,1.0385099,0
29403,39,NUMA1,0.0,0.011339700000000003,0
29404,39,STAT3,1.520000000000001,1.1901219000000003,0
29405,39,SUB1,-0.2,-0.0743203,0
29406,39,NUP98,0.04999999999999999,0.07275580000000001,0
29407,39,ELL,-0.07999999999999997,-0.015652399999999983,0
29408,39,MAP3K1,0.32999999999999996,0.268944,0
29409,39,MALT1,0.14,0.1325676,0
29410,39,XPO1,0.31000000000000005,0.25557409999999997,0
29411,39,SETD1B,0.16,0.1204089,0
29412,39,ETV6,-0.25999999999999995,-0.08584089999999998,0
29413,39,TBL1XR1,0.23000000000000004,0.1583451,0
29414,39,NUP214,0.03000000000000002,0.10042500000000003,0
29415,39,TPR,0.11000000000000001,0.09609949999999999,0
29416,39,ATIC,0.019999999999999997,0.0329693,0
29417,39,NACA,0.23,0.1576885,0
29418,39,MYO5A,0.0,0.0009274000000000001,0
29419,39,SMC1A,0.55,0.4671713000000001,0
29420,39,LASP1,-0.22,-0.1223368,0
29421,39,ERCC5,0.5,0.34956850000000006,0
29422,39,JUN,-0.10000000000000002,0.15679680000000001,0
29423,39,THRAP3,0.11000000000000001,0.09296819999999999,0
29424,39,STAG2,0.44000000000000006,0.36671519999999996,0
29425,39,RAF1,1.0800000000000003,0.7692118000000001,0
29426,39,ERCC3,0.5,0.41301109999999996,0
29427,39,SMAD2,0.5300000000000001,0.48194760000000003,0
29428,39,TAF15,0.18000000000000002,0.14642980000000003,0
29429,39,ARNT,0.30000000000000004,0.26614849999999995,0
29430,39,CLTC,-0.56,-0.3041146,0
29431,39,IKBKB,0.4900000000000003,0.42868050000000013,0
29432,39,IDH1,-0.6200000000000001,-0.1657415,0
29433,39,SND1,-0.009999999999999997,-0.0025204000000000016,0
29434,39,KNSTRN,0.03,0.024711,0
29435,39,RHOA,-1.5900000000000003,-0.4311699000000001,0
29436,39,PALB2,0.5899999999999999,0.5030568,0
29437,39,ARID2,0.7300000000000002,0.552524,0
29438,39,EZR,-0.06999999999999999,0.003860199999999996,0
29439,39,TP53,-0.97,-0.06338220000000003,0
29440,39,ARAF,0.42000000000000004,0.23248059999999998,0
29441,39,KIF5B,0.44000000000000006,0.3148055,0
29442,39,KAT6A,0.17,0.16493520000000003,0
29443,39,KTN1,-0.11,-0.0302162,0
29444,39,GOLGA5,-0.11000000000000001,-0.0726181,0
29445,39,KDM5A,0.19,0.1783266,0
29446,39,RAD21,0.49000000000000005,0.38871599999999995,0
29447,39,GNAQ,0.12,0.08485560000000002,0
29448,39,CAMTA1,0.01,0.0072796,0
29449,39,ERCC2,0.5700000000000001,0.4314220000000001,0
29450,39,EZH2,1.8900000000000012,1.2427508,0
29451,39,TOP1,0.14,0.1076062,0
29452,39,SRSF3,-0.22000000000000006,-0.07503370000000001,0
29453,39,NPM1,0.19,0.254108,0
29454,39,BAX,-0.6099999999999999,-0.17481980000000003,0
29455,39,NOTCH2,0.28,0.22559729999999997,0
29456,39,TRAF7,0.03,0.022190699999999997,0
29457,39,KDM6A,0.9000000000000002,0.7450583,0
29458,39,SPEN,0.09999999999999999,0.0758178,0
29459,39,TRIM27,-0.44999999999999996,-0.16332980000000002,0
29460,39,CRTC1,0.15999999999999998,0.1318088,0
29461,39,EML4,0.16999999999999996,0.1525518,0
29462,39,USP9X,-0.060000000000000005,-0.038882,0
29463,39,PTPRK,0.01,0.0071833999999999995,0
29464,39,CD74,-0.20000000000000004,-0.03195980000000001,0
29465,39,CBL,0.5399999999999999,0.4082919000000001,0
29466,39,ZNF384,-0.08,-0.0433317,0
29467,39,NOTCH1,0.9800000000000005,0.7231774000000002,0
29468,39,COX6C,-0.14,-0.0570533,0
29469,39,CHCHD7,0.02,0.0130614,0
29470,39,HMGA1,-0.1,-0.0501887,0
29471,39,PTEN,1.510000000000001,1.2236451000000002,0
29472,39,FIP1L1,-0.04000000000000001,-0.02349600000000001,0
29473,39,JAK1,0.7700000000000002,0.611762,0
29474,39,ZMYM2,-0.09999999999999999,-0.0689618,0
29475,39,SUZ12,0.7800000000000001,0.5581602,0
29476,39,FUS,-0.14000000000000007,0.11948149999999996,0
29477,39,BAP1,0.009999999999999998,0.02543,0
29478,39,ZCCHC8,-0.05,-0.016849,0
29479,39,CRNKL1,-0.019999999999999997,-0.012800199999999996,0
29480,39,RAD17,0.14,0.09963609999999999,0
29481,39,ATP1A1,0.009999999999999997,0.0048682000000000005,0
29482,39,DNMT3A,0.9300000000000006,0.7021415000000002,0
29483,39,FBXW7,0.9900000000000003,0.7540254999999999,0
29484,39,WWTR1,-0.13,-0.06304190000000001,0
29485,39,CDKN1B,0.56,0.3522386,0
29486,39,KMT2A,0.3900000000000001,0.33247150000000003,0
29487,39,PTPN11,0.9000000000000001,0.6883225000000001,0
29488,39,STAT5B,0.6700000000000002,0.5054035,0
29489,39,CUX1,-0.1,-0.0676016,0
29490,39,ABI1,-0.43999999999999995,-0.141613,0
29491,39,BRCA1,1.7000000000000013,1.3399593,0
29492,39,SH2B3,0.020000000000000004,0.0218311,0
29493,39,AFF4,0.15000000000000002,0.1061142,0
29494,39,NF2,0.04999999999999999,0.09478,0
29495,39,LMNA,-0.03999999999999999,0.006455300000000004,0
29496,39,TSC2,0.62,0.49041209999999996,0
29497,39,GOLPH3,-0.08,-0.050848000000000004,0
29498,39,PCM1,-0.060000000000000005,-0.0406816,0
29499,39,PPP2R1A,-0.41,-0.15329379999999995,0
29500,39,ARID1A,1.7800000000000011,1.3048726000000002,0
29501,39,ABL1,0.29000000000000004,0.24223489999999986,0
29502,39,AFF1,0.21000000000000002,0.16832370000000002,0
29503,39,DAXX,-0.19000000000000003,-0.03761479999999999,0
29504,39,CBFB,0.09999999999999999,0.09077089999999999,0
29505,39,CBLB,0.14,0.10960740000000001,0
29506,39,POLR2A,0.14999999999999997,0.25676270000000007,0
29507,39,PRKACA,0.36000000000000004,0.28168260000000006,0
29508,39,DNM2,-0.12000000000000001,-0.0496741,0
29509,39,RAP1GDS1,-0.05,-0.018599800000000007,0
29510,39,NCOR1,0.8700000000000002,0.7727464999999999,0
29511,39,NFKBIE,-0.3,-0.106019,0
29512,39,DDX3X,0.18,0.14467909999999998,0
29513,39,ELK4,0.02,0.014520400000000001,0
29514,39,MLLT6,0.13,0.10536050000000001,0
29515,39,SRSF2,-1.42,-0.4221495999999999,0
29516,39,CTNNA1,0.1,0.0755334,0
29517,39,RBM10,0.19999999999999998,0.1401363,0
29518,39,PTPRC,0.07999999999999999,0.09919570000000001,0
29519,39,HSP90AA1,1.1700000000000006,0.7809810000000001,0
29520,40,NSD1,0.34,0.292972,1
29521,40,DICER1,0.2400000000000001,0.27209530000000004,1
29522,40,BIRC6,0.10999999999999999,0.11468480000000002,1
29523,40,SDHC,0.46,0.32370640000000006,1
29524,40,TFG,0.12,0.08583020000000001,1
29525,40,MAP2K2,0.4,0.28327030000000003,1
29526,40,TFRC,-0.25000000000000006,-0.0684438,1
29527,40,CREB1,0.8600000000000003,0.7268785999999999,1
29528,40,POLG,-0.03,-0.007817699999999999,1
29529,40,SETD2,0.5800000000000004,0.5413965999999999,1
29530,40,NAB2,-0.48,-0.14203829999999998,1
29531,40,HIF1A,1.4700000000000006,1.1604512999999994,1
29532,40,FLCN,-0.04000000000000001,0.02018729999999999,1
29533,40,MAP2K4,0.06999999999999999,0.1162501,1
29534,40,CNOT3,0.09000000000000001,0.07765830000000001,1
29535,40,CIITA,0.1,0.06324439999999999,1
29536,40,LSM14A,0.17,0.13888720000000002,1
29537,40,AKAP9,-0.05,0.0109326,1
29538,40,MSN,-0.27999999999999997,-0.07372610000000002,1
29539,40,BCR,-0.010000000000000002,0.052298899999999995,1
29540,40,TRRAP,0.010000000000000005,0.18912409999999996,1
29541,40,PPP6C,-0.15,-0.057777400000000007,1
29542,40,NCOA4,-0.08,-0.012005100000000005,1
29543,40,BCL9,0.22999999999999998,0.17874220000000002,1
29544,40,PRCC,0.15000000000000002,0.1291592,1
29545,40,LARP4B,0.03,0.0213264,1
29546,40,CHD2,0.02,0.0178364,1
29547,40,ASXL1,0.30999999999999994,0.3525882,1
29548,40,SMARCA4,2.040000000000001,1.5841463000000002,1
29549,40,ERC1,-0.019999999999999997,-0.014403899999999999,1
29550,40,DCTN1,0.030000000000000006,0.0571595,1
29551,40,PIK3R1,1.1800000000000006,0.9542839000000001,1
29552,40,EED,0.14,0.1064914,1
29553,40,CNBP,0.01,0.005731300000000001,1
29554,40,SGK1,0.49,0.31530790000000003,1
29555,40,MLLT10,-0.32999999999999996,-0.1851168,1
29556,40,BRD4,0.8300000000000003,0.7779931000000002,1
29557,40,RANBP2,0.32999999999999996,0.3291528999999999,1
29558,40,FBXO11,0.08,0.0646341,1
29559,40,PML,0.24000000000000002,0.1924074000000001,1
29560,40,AKT2,1.1300000000000003,0.7975916999999999,1
29561,40,CEP89,0.06,0.035903,1
29562,40,LZTR1,0.05,0.09351419999999999,1
29563,40,YWHAE,0.32,0.20309689999999997,1
29564,40,DNAJB1,-0.07,-0.014917100000000006,1
29565,40,PRDM2,0.07,0.055997200000000004,1
29566,40,TPM4,0.54,0.3959013,1
29567,40,CREBBP,2.0200000000000014,1.6840045999999997,1
29568,40,PMS2,0.8200000000000003,0.7236817000000001,1
29569,40,DDR2,0.03,0.021944500000000006,1
29570,40,FANCA,0.44,0.36704870000000006,1
29571,40,PDE4DIP,0.08,0.0625458,1
29572,40,USP8,-0.07,-0.035812899999999995,1
29573,40,MYH9,-0.57,-0.14484119999999998,1
29574,40,MYC,-1.7900000000000005,-0.35375170000000006,1
29575,40,NBN,0.6400000000000001,0.5319245,1
29576,40,CCND3,-0.020000000000000004,0.0309223,1
29577,40,TRIP11,-0.08,-0.060438399999999996,1
29578,40,CNTRL,-0.06,-0.0453052,1
29579,40,PIK3CA,1.300000000000001,1.0887090000000004,1
29580,40,DDX5,0.09999999999999991,0.16757239999999995,1
29581,40,PICALM,0.02,0.020504100000000004,1
29582,40,RARA,-0.009999999999999988,0.10667650000000001,1
29583,40,DDX6,0.02000000000000004,0.1110129,1
29584,40,COL1A1,0.23,0.2015142,1
29585,40,VHL,0.31000000000000005,0.22356670000000003,1
29586,40,MAPK1,1.680000000000001,1.1800159000000001,1
29587,40,SRC,-0.6199999999999999,0.06681420000000002,1
29588,40,NFE2L2,0.2899999999999999,0.22630080000000002,1
29589,40,MITF,-0.27,-0.07148399999999999,1
29590,40,SMAD3,1.090000000000001,1.0828415999999998,1
29591,40,RBM15,0.13,0.107073,1
29592,40,ATR,0.7900000000000003,0.6555758999999999,1
29593,40,EPAS1,0.34,0.3484378,1
29594,40,TPM3,0.2900000000000001,0.22986260000000006,1
29595,40,RPL10,0.1,0.12766270000000002,1
29596,40,STAG1,0.11,0.1514951,1
29597,40,SBDS,-0.05,-0.0178567,1
29598,40,KMT2D,1.0700000000000005,0.8609009000000001,1
29599,40,MED12,0.39000000000000007,0.319042,1
29600,40,BCLAF1,-0.05,0.027648600000000002,1
29601,40,ASPSCR1,0.009999999999999988,0.0186321,1
29602,40,CDK12,0.49,0.40385450000000006,1
29603,40,EWSR1,0.21,0.2721456000000001,1
29604,40,NDRG1,-0.010000000000000005,0.0051785,1
29605,40,PSIP1,0.08,0.06506149999999998,1
29606,40,TRIM33,0.15,0.12885280000000002,1
29607,40,MTOR,0.9200000000000002,0.7596683000000001,1
29608,40,ARHGAP35,0.16000000000000003,0.1557443,1
29609,40,POT1,0.03,0.0253651,1
29610,40,EXT1,0.11,0.0849717,1
29611,40,IL6ST,0.34,0.28935299999999997,1
29612,40,IDH2,-0.040000000000000015,0.011420500000000004,1
29613,40,SMARCE1,0.49,0.3421309,1
29614,40,CRTC3,0.08,0.06701119999999999,1
29615,40,TSC1,0.28,0.2986584,1
29616,40,BCOR,-0.24999999999999992,0.024703000000000006,1
29617,40,SDHA,0.25,0.19123909999999997,1
29618,40,EP300,2.4200000000000004,1.9685630999999995,1
29619,40,HNRNPA2B1,0.6200000000000002,0.43941779999999997,1
29620,40,CLIP1,-0.17,-0.0989482,1
29621,40,PATZ1,-0.56,-0.1403168,1
29622,40,FUBP1,-0.25,-0.055379899999999996,1
29623,40,HLA-A,-0.030000000000000013,0.035257599999999986,1
29624,40,CCNC,-0.2,-0.0831817,1
29625,40,RPN1,-0.17,-0.06897510000000001,1
29626,40,TCF7L2,0.06999999999999999,0.11119149999999998,1
29627,40,CANT1,0.07,0.0398555,1
29628,40,RPL5,-0.56,-0.1619218,1
29629,40,CCDC6,0.06,0.08534700000000003,1
29630,40,NCKIPSD,-0.02,-0.0007517999999999986,1
29631,40,SMARCD1,0.41000000000000003,0.3445416,1
29632,40,BCL10,0.1,0.1010607,1
29633,40,MAX,0.010000000000000007,0.059451699999999996,1
29634,40,HERPUD1,-0.04,-0.0097368,1
29635,40,RAC1,0.07,0.16292959999999998,1
29636,40,FLNA,0.1,0.0869307,1
29637,40,TFE3,-0.76,-0.2599966,1
29638,40,NCOR2,0.5700000000000001,0.513436,1
29639,40,PRPF40B,0.049999999999999996,0.0353094,1
29640,40,BCL3,-0.060000000000000005,0.0007400000000000011,1
29641,40,TFPT,-0.37,-0.11740940000000002,1
29642,40,MLH1,0.81,0.7377955,1
29643,40,ARHGAP5,0.13999999999999999,0.12422180000000001,1
29644,40,CIC,0.01,0.0068698000000000006,1
29645,40,LYN,0.8,0.5858309000000002,1
29646,40,TCF12,0.35000000000000003,0.28496620000000006,1
29647,40,KLF6,0.07,0.0477524,1
29648,40,KMT2C,1.0200000000000002,0.8493522000000001,1
29649,40,PIM1,-0.12000000000000002,-0.020631399999999994,1
29650,40,CCND1,1.4600000000000009,0.9436932999999998,1
29651,40,MLLT1,-1.6,-0.3727786,1
29652,40,MEN1,0.12999999999999995,0.10906430000000002,1
29653,40,CUL3,0.19999999999999996,0.18013849999999998,1
29654,40,RB1,0.7800000000000002,0.6114097000000002,1
29655,40,LPP,-0.18,-0.035097199999999995,1
29656,40,BUB1B,-0.08000000000000002,-0.008005600000000012,1
29657,40,SMAD4,1.540000000000001,1.2524066999999999,1
29658,40,FGFR1,0.15000000000000002,0.1964322,1
29659,40,TMSB4X,0.03,0.022383899999999998,1
29660,40,CDK4,1.0800000000000005,0.7328889,1
29661,40,MSI2,0.01,0.007719,1
29662,40,MSH6,1.0900000000000005,0.9191487999999999,1
29663,40,BRAF,1.2700000000000005,1.0945060000000002,1
29664,40,TCEA1,0.02,0.05773700000000001,1
29665,40,TNFAIP3,0.16999999999999998,0.1433779,1
29666,40,RABEP1,-0.010000000000000002,-0.007320399999999998,1
29667,40,GMPS,-0.039999999999999994,-0.018788,1
29668,40,MDM2,1.4000000000000008,1.0597864,1
29669,40,NSD2,0.27,0.2048623,1
29670,40,CASP8,-0.32999999999999996,0.02133689999999999,1
29671,40,PER1,-0.16999999999999998,-0.054846,1
29672,40,UBR5,0.00999999999999999,0.0391314,1
29673,40,EIF3E,-1.3877787807814457e-17,0.05004499999999999,1
29674,40,RFWD3,0.020000000000000004,0.026116399999999998,1
29675,40,BRD3,0.13,0.09390419999999998,1
29676,40,PAFAH1B2,0.03,0.0271533,1
29677,40,EXT2,0.009999999999999995,0.016605699999999987,1
29678,40,PLCG1,0.46,0.38629610000000003,1
29679,40,SF3B1,-0.8700000000000001,-0.42486550000000006,1
29680,40,ARHGEF10L,0.04,0.021129600000000002,1
29681,40,NFATC2,0.27,0.2062911,1
29682,40,SDHD,0.32,0.20898890000000003,1
29683,40,PABPC1,-0.8699999999999999,-0.2510472,1
29684,40,POLD1,-0.32999999999999996,-0.07032350000000001,1
29685,40,CALR,-0.039999999999999994,0.04902000000000001,1
29686,40,PIK3CB,0.6100000000000001,0.5196082000000001,1
29687,40,PPM1D,0.30000000000000004,0.2353493,1
29688,40,ATRX,1.0900000000000005,0.9555063,1
29689,40,DGCR8,0.22,0.17079660000000002,1
29690,40,DDX10,0.18,0.1325943,1
29691,40,DROSHA,0.6000000000000001,0.49214470000000005,1
29692,40,TNFRSF14,-0.19,-0.06354,1
29693,40,BCL9L,0.13,0.094708,1
29694,40,QKI,0.04,0.030773100000000005,1
29695,40,BAZ1A,0.0,0.0,1
29696,40,CHD4,0.44999999999999996,0.3731516,1
29697,40,NSD3,0.09,0.1016413,1
29698,40,NT5C2,0.16,0.09365630000000001,1
29699,40,CCNB1IP1,0.1,0.0460752,1
29700,40,PCBP1,-1.19,-0.30166809999999994,1
29701,40,RALGDS,-0.15,0.0179782,1
29702,40,ARHGEF12,-0.030000000000000006,0.0247258,1
29703,40,HSP90AB1,1.3600000000000008,0.9528192,1
29704,40,FOXO3,1.5000000000000009,1.1060899,1
29705,40,HIP1,0.0,0.000807099999999999,1
29706,40,CDC73,0.06,0.09415980000000002,1
29707,40,NIN,0.019999999999999997,0.017281399999999992,1
29708,40,MDM4,0.13,0.18232099999999998,1
29709,40,COL3A1,0.24,0.19819900000000001,1
29710,40,CTNND1,0.07000000000000002,0.13183870000000003,1
29711,40,SPOP,0.1,0.10861219999999999,1
29712,40,TMEM127,0.07,0.0450444,1
29713,40,CREB3L2,0.12000000000000001,0.0818107,1
29714,40,MSH2,0.9800000000000004,0.8540345999999998,1
29715,40,FNBP1,-0.009999999999999997,0.011931400000000002,1
29716,40,ATF1,0.16,0.11504230000000001,1
29717,40,EIF1AX,-0.4600000000000001,-0.17885299999999998,1
29718,40,PMS1,0.5,0.40430299999999997,1
29719,40,DEK,0.22000000000000003,0.1838155,1
29720,40,ERBB2,0.8700000000000003,0.5701372000000001,1
29721,40,AKT1,1.2000000000000006,0.8114594999999998,1
29722,40,CHEK2,0.6600000000000001,0.6581076,1
29723,40,SDHB,0.43,0.30328410000000006,1
29724,40,NCOA1,0.4000000000000001,0.33483330000000006,1
29725,40,CHIC2,0.07,0.041440700000000004,1
29726,40,RUNX1,-0.22,0.4144268000000001,1
29727,40,STAT6,0.37,0.3496461,1
29728,40,FH,-0.06000000000000002,-0.000337900000000009,1
29729,40,AKT3,1.0800000000000003,0.7916573000000001,1
29730,40,GNAS,0.36,0.2602797,1
29731,40,CTNNB1,1.3600000000000008,1.0000696999999996,1
29732,40,NONO,0.36999999999999994,0.3209486,1
29733,40,SMARCB1,1.1000000000000005,0.8976742000000001,1
29734,40,PRKAR1A,0.20000000000000004,0.2017978,1
29735,40,ITGAV,-5.204170427930421e-18,0.048725299999999985,1
29736,40,SS18,0.41,0.2869239,1
29737,40,MAP2K1,0.9800000000000004,0.6370684999999999,1
29738,40,SIRPA,-0.05,-0.012860199999999999,1
29739,40,PPFIBP1,0.43,0.32863770000000003,1
29740,40,RPL22,-0.14000000000000004,0.11081379999999999,1
29741,40,CYLD,0.30000000000000004,0.2426562,1
29742,40,ARID1B,0.8600000000000001,0.6628708000000001,1
29743,40,SETDB1,0.37000000000000005,0.2674771,1
29744,40,AFDN,-0.33999999999999997,-0.08406799999999999,1
29745,40,ZRSR2,-0.27,-0.19914550000000003,1
29746,40,PBRM1,1.0200000000000005,0.7862914000000002,1
29747,40,XPC,0.54,0.358788,1
29748,40,ASXL2,0.28,0.20250130000000002,1
29749,40,TRIM24,-0.059999999999999984,0.03980589999999999,1
29750,40,SFPQ,-0.58,-0.19949550000000002,1
29751,40,NCOA2,0.6400000000000001,0.5206478000000001,1
29752,40,FOXO4,0.35999999999999993,0.24078690000000008,1
29753,40,LEF1,0.24,0.2086794,1
29754,40,B2M,-0.32,-0.1269433,1
29755,40,DDIT3,-0.31000000000000005,-0.1055553,1
29756,40,BCL6,0.31000000000000005,0.2913849,1
29757,40,KRAS,-0.21999999999999997,0.0554459,1
29758,40,FAT1,0.12000000000000002,0.0898984,1
29759,40,ABL2,0.11000000000000001,0.0854373,1
29760,40,NF1,1.3500000000000005,1.0883585,1
29761,40,BTG1,-0.06,-0.024683399999999998,1
29762,40,EIF4A2,0.09000000000000001,0.0511373,1
29763,40,SET,0.16999999999999998,0.1371462,1
29764,40,EPS15,0.09,0.0792522,1
29765,40,RNF213,0.05,0.0419844,1
29766,40,CTCF,1.0600000000000003,0.7321798999999999,1
29767,40,WDCP,0.23,0.1479047,1
29768,40,KAT7,0.18,0.1541689,1
29769,40,KDM5C,0.23,0.21377770000000001,1
29770,40,TGFBR2,0.14,0.1599101,1
29771,40,ATM,0.9700000000000006,1.0598638,1
29772,40,NUMA1,0.03,0.04240639999999999,1
29773,40,STAT3,0.5900000000000001,0.7058382,1
29774,40,SUB1,-0.1,-0.044745200000000006,1
29775,40,NUP98,0.24999999999999992,0.24361499999999997,1
29776,40,ELL,0.019999999999999997,0.0126438,1
29777,40,MAP3K1,0.35,0.3092973000000001,1
29778,40,MALT1,0.19,0.1693577,1
29779,40,XPO1,0.5800000000000002,0.4795061,1
29780,40,SETD1B,0.26,0.2015653,1
29781,40,ETV6,-0.18,-0.048587,1
29782,40,TBL1XR1,0.25,0.1818603,1
29783,40,NUP214,-0.060000000000000005,0.1473454,1
29784,40,TPR,0.13,0.11315539999999999,1
29785,40,ATIC,0.22999999999999998,0.1862119,1
29786,40,NACA,0.2,0.1150948,1
29787,40,MYO5A,0.01,0.0081995,1
29788,40,SMC1A,0.06999999999999995,0.3539866,1
29789,40,LASP1,-0.27,-0.1254376,1
29790,40,ERCC5,0.41,0.2611815,1
29791,40,JUN,-1.05,-0.203236,1
29792,40,THRAP3,0.1,0.07716090000000002,1
29793,40,STAG2,0.23,0.2664968,1
29794,40,RAF1,0.7500000000000003,0.5931668000000001,1
29795,40,ERCC3,0.63,0.5346591,1
29796,40,SMAD2,0.1800000000000002,0.44113140000000006,1
29797,40,TAF15,0.21000000000000002,0.17399509999999999,1
29798,40,ARNT,0.25999999999999995,0.23087590000000002,1
29799,40,CLTC,-0.48,-0.20232970000000003,1
29800,40,IKBKB,0.4700000000000001,0.4460452000000001,1
29801,40,IDH1,-0.7100000000000002,-0.21171600000000002,1
29802,40,SND1,-0.010000000000000007,0.02880349999999999,1
29803,40,KNSTRN,0.02,0.0153812,1
29804,40,RHOA,-3.3200000000000007,-0.7227624,1
29805,40,PALB2,0.7000000000000002,0.6028975000000002,1
29806,40,ARID2,0.8500000000000001,0.6602602999999999,1
29807,40,EZR,-0.12000000000000001,-0.0257162,1
29808,40,TP53,0.39000000000000035,0.6068735000000001,1
29809,40,ARAF,0.4300000000000001,0.2523528,1
29810,40,KIF5B,0.5200000000000001,0.40523090000000006,1
29811,40,KAT6A,0.2,0.22638979999999997,1
29812,40,KTN1,-0.07,-0.006935500000000003,1
29813,40,GOLGA5,-0.09000000000000001,-0.05910839999999999,1
29814,40,KDM5A,0.28,0.2698232,1
29815,40,RAD21,0.6,0.5016323000000001,1
29816,40,GNAQ,0.3000000000000001,0.2259013,1
29817,40,CAMTA1,0.07,0.050389699999999996,1
29818,40,ERCC2,0.68,0.5539893,1
29819,40,EZH2,1.8200000000000014,1.4161551,1
29820,40,TOP1,0.3500000000000001,0.2825703,1
29821,40,SRSF3,-0.34999999999999987,-0.07474549999999999,1
29822,40,NPM1,0.26,0.2735291999999999,1
29823,40,BAX,-0.75,-0.16703199999999999,1
29824,40,NOTCH2,0.3,0.2549475,1
29825,40,TRAF7,0.02,0.0140572,1
29826,40,KDM6A,0.7400000000000002,0.8017235,1
29827,40,SPEN,0.16,0.1299911,1
29828,40,TRIM27,-0.49,-0.1594383,1
29829,40,CRTC1,0.16,0.1280471,1
29830,40,EML4,0.43000000000000005,0.3915833999999999,1
29831,40,USP9X,0.02,0.018495999999999995,1
29832,40,PTPRK,-0.01,-0.005685900000000001,1
29833,40,CD74,-0.09,0.023574200000000003,1
29834,40,CBL,0.5000000000000001,0.4625430000000001,1
29835,40,ZNF384,0.05,0.038245,1
29836,40,NOTCH1,1.1700000000000006,0.8668615,1
29837,40,COX6C,-0.22,-0.06103810000000001,1
29838,40,CHCHD7,0.02,0.0127656,1
29839,40,HMGA1,-0.02,-0.004425800000000002,1
29840,40,PTEN,1.1600000000000006,1.1199266000000003,1
29841,40,FIP1L1,-0.03,-0.013277899999999995,1
29842,40,JAK1,0.8100000000000003,0.6822524999999999,1
29843,40,ZMYM2,0.039999999999999994,0.0353069,1
29844,40,SUZ12,0.8300000000000001,0.6604305000000001,1
29845,40,FUS,-0.8,-0.1250277,1
29846,40,BAP1,-0.36000000000000004,-0.13169599999999998,1
29847,40,ZCCHC8,-0.09,-0.0242118,1
29848,40,CRNKL1,0.03,0.024946300000000005,1
29849,40,RAD17,0.18,0.1299862,1
29850,40,ATP1A1,0.03,0.017544800000000003,1
29851,40,DNMT3A,1.0900000000000003,0.9072501,1
29852,40,FBXW7,0.9900000000000002,0.8510770999999999,1
29853,40,WWTR1,-0.060000000000000005,-0.0141634,1
29854,40,CDKN1B,0.21,0.22799260000000002,1
29855,40,KMT2A,0.24999999999999997,0.3246835,1
29856,40,PTPN11,1.1400000000000003,0.9589031000000002,1
29857,40,STAT5B,0.6700000000000002,0.5722058,1
29858,40,CUX1,-0.04,-0.0241616,1
29859,40,ABI1,-0.30000000000000004,-0.07554920000000001,1
29860,40,BRCA1,1.9000000000000012,1.5630081000000005,1
29861,40,SH2B3,0.12,0.0726033,1
29862,40,AFF4,-0.17999999999999997,-0.09641749999999998,1
29863,40,NF2,0.21000000000000002,0.18921389999999996,1
29864,40,LMNA,0.16,0.1056147,1
29865,40,TSC2,0.8300000000000003,0.6713683000000001,1
29866,40,GOLPH3,-0.07,-0.0490357,1
29867,40,PCM1,-0.05,-0.0392198,1
29868,40,PPP2R1A,-0.4799999999999999,-0.12269980000000001,1
29869,40,ARID1A,1.7900000000000011,1.4508690999999996,1
29870,40,ABL1,-0.06000000000000005,0.12216680000000003,1
29871,40,AFF1,0.030000000000000002,0.0548685,1
29872,40,DAXX,-0.33000000000000007,-0.06090140000000001,1
29873,40,CBFB,0.12000000000000001,0.1524412,1
29874,40,CBLB,0.18,0.1554003,1
29875,40,POLR2A,-0.32,0.07295950000000001,1
29876,40,PRKACA,0.1800000000000001,0.2745208,1
29877,40,DNM2,-0.12999999999999998,-0.0459836,1
29878,40,RAP1GDS1,-0.009999999999999981,0.024827800000000018,1
29879,40,NCOR1,0.9800000000000002,0.9364100000000002,1
29880,40,NFKBIE,-0.29000000000000004,-0.0956431,1
29881,40,DDX3X,0.33000000000000007,0.2840161,1
29882,40,ELK4,0.03,0.0242994,1
29883,40,MLLT6,0.05,0.043438599999999994,1
29884,40,SRSF2,-3.52,-0.7426688000000001,1
29885,40,CTNNA1,0.17,0.1299859,1
29886,40,RBM10,0.06999999999999998,0.06190429999999998,1
29887,40,PTPRC,-0.09999999999999998,0.048260300000000006,1
29888,40,HSP90AA1,1.4500000000000006,1.0400762,1
29889,40,NSD1,0.25,0.2041385,0
29890,40,DICER1,0.16,0.1951531,0
29891,40,BIRC6,0.09000000000000001,0.07295099999999999,0
29892,40,SDHC,0.28,0.19997990000000002,0
29893,40,TFG,0.31999999999999995,0.185133,0
29894,40,MAP2K2,0.26,0.19507250000000004,0
29895,40,TFRC,-0.19999999999999998,-0.09661159999999999,0
29896,40,CREB1,0.8600000000000003,0.6148004,0
29897,40,POLG,0.01,0.0035994,0
29898,40,SETD2,0.7100000000000002,0.5875442,0
29899,40,NAB2,-0.30000000000000004,-0.1126531,0
29900,40,HIF1A,1.590000000000001,1.1231922,0
29901,40,FLCN,0.03,0.031469,0
29902,40,MAP2K4,-0.09000000000000001,0.0458863,0
29903,40,CNOT3,-0.04,-0.009525700000000005,0
29904,40,CIITA,0.09000000000000001,0.056311900000000005,0
29905,40,LSM14A,0.08,0.0721524,0
29906,40,AKAP9,-0.020000000000000004,0.004302899999999998,0
29907,40,MSN,-0.26,-0.047922899999999984,0
29908,40,BCR,0.06999999999999999,0.05927679999999999,0
29909,40,TRRAP,0.06,0.12670399999999998,0
29910,40,PPP6C,-0.15,-0.077177,0
29911,40,NCOA4,-0.16999999999999998,-0.0948756,0
29912,40,BCL9,0.14,0.1040595,0
29913,40,PRCC,0.04000000000000001,0.03331130000000001,0
29914,40,LARP4B,-0.01,-0.0049535000000000004,0
29915,40,CHD2,0.01,0.007574600000000001,0
29916,40,ASXL1,0.57,0.4999001,0
29917,40,SMARCA4,1.3600000000000008,0.9887657,0
29918,40,ERC1,-0.01,-0.0075834,0
29919,40,DCTN1,-0.27999999999999997,-0.1381798,0
29920,40,PIK3R1,1.4200000000000008,0.9728625000000001,0
29921,40,EED,-0.06999999999999999,0.013565499999999986,0
29922,40,CNBP,0.01,0.0054363,0
29923,40,SGK1,0.25999999999999995,0.1520126,0
29924,40,MLLT10,-0.14,-0.05916460000000002,0
29925,40,BRD4,0.9200000000000004,0.6854501999999999,0
29926,40,RANBP2,0.15,0.18443969999999998,0
29927,40,FBXO11,0.05,0.0405485,0
29928,40,PML,0.41,0.29076060000000004,0
29929,40,AKT2,0.9000000000000002,0.6047941,0
29930,40,CEP89,0.07,0.0435177,0
29931,40,LZTR1,0.05,0.06976940000000001,0
29932,40,YWHAE,0.22000000000000003,0.1368304,0
29933,40,DNAJB1,-0.039999999999999994,-0.009219600000000001,0
29934,40,PRDM2,0.01,0.006464,0
29935,40,TPM4,0.4600000000000001,0.2980467,0
29936,40,CREBBP,1.7100000000000013,1.3933544000000002,0
29937,40,PMS2,0.6800000000000002,0.5990898,0
29938,40,DDR2,0.039999999999999994,0.0254395,0
29939,40,FANCA,0.32,0.2693717000000001,0
29940,40,PDE4DIP,0.05,0.032455,0
29941,40,USP8,-0.07,-0.0285204,0
29942,40,MYH9,-0.22,-0.018667499999999993,0
29943,40,MYC,-1.14,-0.3995583999999997,0
29944,40,NBN,0.51,0.3723194,0
29945,40,CCND3,-0.09999999999999998,0.018566199999999998,0
29946,40,TRIP11,-0.14,-0.088609,0
29947,40,CNTRL,-0.060000000000000005,-0.03888350000000001,0
29948,40,PIK3CA,1.5600000000000007,1.0822895,0
29949,40,DDX5,0.38,0.3207924,0
29950,40,PICALM,-0.009999999999999998,-0.005650800000000004,0
29951,40,RARA,0.35000000000000003,0.2722083,0
29952,40,DDX6,-0.010000000000000005,0.0730895,0
29953,40,COL1A1,0.09999999999999999,0.1225549,0
29954,40,VHL,0.14,0.10429259999999999,0
29955,40,MAPK1,1.570000000000001,1.0132584,0
29956,40,SRC,-0.37,0.09004979999999999,0
29957,40,NFE2L2,0.22999999999999998,0.16203209999999996,0
29958,40,MITF,-0.25999999999999995,-0.05552019999999999,0
29959,40,SMAD3,1.2300000000000009,0.9033806999999999,0
29960,40,RBM15,0.07,0.06042280000000001,0
29961,40,ATR,0.7400000000000003,0.6144933000000001,0
29962,40,EPAS1,0.38999999999999996,0.34175490000000003,0
29963,40,TPM3,0.21999999999999997,0.15431550000000005,0
29964,40,RPL10,0.14,0.1283976,0
29965,40,STAG1,0.12,0.1305436,0
29966,40,SBDS,-0.07,-0.0251728,0
29967,40,KMT2D,0.9500000000000004,0.6839219,0
29968,40,MED12,0.29000000000000004,0.22781140000000005,0
29969,40,BCLAF1,-0.06,0.009159,0
29970,40,ASPSCR1,0.010000000000000004,0.0175888,0
29971,40,CDK12,0.29,0.20617639999999998,0
29972,40,EWSR1,0.4599999999999999,0.3628421000000001,0
29973,40,NDRG1,0.0,0.007069800000000001,0
29974,40,PSIP1,-0.15,-0.07125640000000001,0
29975,40,TRIM33,0.039999999999999994,0.038667499999999994,0
29976,40,MTOR,1.2800000000000007,0.9005357,0
29977,40,ARHGAP35,0.11,0.1266079,0
29978,40,POT1,-0.07,-0.013093299999999999,0
29979,40,EXT1,0.1,0.064191,0
29980,40,IL6ST,0.28,0.20847289999999996,0
29981,40,IDH2,0.15,0.12971629999999998,0
29982,40,SMARCE1,0.44,0.2636332,0
29983,40,CRTC3,0.09,0.0693261,0
29984,40,TSC1,0.32,0.2723214,0
29985,40,BCOR,-0.17999999999999997,-0.015771599999999993,0
29986,40,SDHA,0.26,0.1588704,0
29987,40,EP300,1.740000000000001,1.3369958000000006,0
29988,40,HNRNPA2B1,0.24,0.217681,0
29989,40,CLIP1,-0.12000000000000001,-0.0638299,0
29990,40,PATZ1,-0.47,-0.124274,0
29991,40,FUBP1,-0.13,-0.012198700000000002,0
29992,40,HLA-A,-0.13,0.013064700000000005,0
29993,40,CCNC,-0.08,-0.0321518,0
29994,40,RPN1,-0.28,-0.0565397,0
29995,40,TCF7L2,0.019999999999999987,0.06125969999999999,0
29996,40,CANT1,0.07,0.0494389,0
29997,40,RPL5,-0.74,-0.19712219999999997,0
29998,40,CCDC6,-0.039999999999999994,0.023050300000000017,0
29999,40,NCKIPSD,0.02,0.0137182,0
30000,40,SMARCD1,0.38,0.2576009,0
30001,40,BCL10,0.0,0.027899800000000002,0
30002,40,MAX,-0.010000000000000002,0.008614000000000004,0
30003,40,HERPUD1,0.02,0.0083052,0
30004,40,RAC1,-0.06999999999999998,0.07766309999999998,0
30005,40,FLNA,-0.009999999999999992,0.05284210000000001,0
30006,40,TFE3,-0.42000000000000004,-0.18092690000000003,0
30007,40,NCOR2,0.7100000000000002,0.5060182,0
30008,40,PRPF40B,-0.020000000000000004,-0.010396700000000004,0
30009,40,BCL3,-0.06000000000000002,-0.010821199999999996,0
30010,40,TFPT,-0.21000000000000002,-0.0811614,0
30011,40,MLH1,0.8300000000000001,0.6879377999999999,0
30012,40,ARHGAP5,0.14,0.1154369,0
30013,40,CIC,-0.01,-0.0060653,0
30014,40,LYN,0.9400000000000003,0.6505776,0
30015,40,TCF12,0.27,0.19633899999999999,0
30016,40,KLF6,0.03,0.0163305,0
30017,40,KMT2C,1.0300000000000002,0.7940029000000003,0
30018,40,PIM1,-0.17999999999999997,-0.0508843,0
30019,40,CCND1,1.3500000000000008,0.8471281,0
30020,40,MLLT1,-0.9600000000000002,-0.2657210000000001,0
30021,40,MEN1,0.010000000000000002,0.03777739999999999,0
30022,40,CUL3,0.14,0.14605739999999998,0
30023,40,RB1,0.6400000000000001,0.4851959999999999,0
30024,40,LPP,-0.07999999999999999,-0.0319625,0
30025,40,BUB1B,-0.15000000000000002,-0.07428580000000001,0
30026,40,SMAD4,1.4100000000000008,1.0545472000000002,0
30027,40,FGFR1,0.2,0.1417281,0
30028,40,TMSB4X,0.04,0.030321600000000004,0
30029,40,CDK4,0.6400000000000002,0.42573099999999997,0
30030,40,MSI2,0.01,0.007073,0
30031,40,MSH6,0.9200000000000004,0.7007322,0
30032,40,BRAF,1.0100000000000002,0.8520623,0
30033,40,TCEA1,-0.09999999999999999,-0.0178451,0
30034,40,TNFAIP3,0.13,0.1279113,0
30035,40,RABEP1,0.0,-0.0015554999999999979,0
30036,40,GMPS,-0.06,-0.032091999999999996,0
30037,40,MDM2,1.2700000000000007,0.9042392999999997,0
30038,40,NSD2,0.16999999999999998,0.115937,0
30039,40,CASP8,0.06999999999999998,0.21455510000000003,0
30040,40,PER1,-0.24,-0.044593200000000006,0
30041,40,UBR5,-0.07999999999999997,-0.02915649999999999,0
30042,40,EIF3E,-0.060000000000000005,0.055184100000000014,0
30043,40,RFWD3,0.04,0.0369454,0
30044,40,BRD3,0.12,0.09732650000000001,0
30045,40,PAFAH1B2,0.02,0.0155564,0
30046,40,EXT2,0.020000000000000004,0.012175799999999994,0
30047,40,PLCG1,0.58,0.4000376,0
30048,40,SF3B1,-0.31999999999999995,-0.1343314,0
30049,40,ARHGEF10L,0.02,0.011296600000000002,0
30050,40,NFATC2,0.21000000000000002,0.1479143,0
30051,40,SDHD,0.26,0.1372807,0
30052,40,PABPC1,-0.8200000000000001,-0.21395799999999998,0
30053,40,POLD1,-0.29000000000000004,-0.05959980000000001,0
30054,40,CALR,0.01999999999999999,0.02788460000000001,0
30055,40,PIK3CB,0.5399999999999999,0.43017910000000004,0
30056,40,PPM1D,0.17,0.1299149,0
30057,40,ATRX,0.9000000000000005,0.7248394,0
30058,40,DGCR8,0.15,0.0904935,0
30059,40,DDX10,0.08,0.0539156,0
30060,40,DROSHA,0.41000000000000003,0.2898676,0
30061,40,TNFRSF14,-0.09,-0.0360378,0
30062,40,BCL9L,0.13,0.0855757,0
30063,40,QKI,-0.09999999999999999,-0.0577462,0
30064,40,BAZ1A,0.01,0.0068903,0
30065,40,CHD4,0.08,0.12159530000000002,0
30066,40,NSD3,6.938893903907228e-18,0.022310900000000005,0
30067,40,NT5C2,0.18000000000000002,0.1060288,0
30068,40,CCNB1IP1,0.09,0.0360208,0
30069,40,PCBP1,-0.69,-0.21245469999999997,0
30070,40,RALGDS,0.10999999999999999,0.0895575,0
30071,40,ARHGEF12,-0.009999999999999995,0.004167400000000002,0
30072,40,HSP90AB1,0.8700000000000003,0.5940619,0
30073,40,FOXO3,1.3000000000000007,0.8808631,0
30074,40,HIP1,-0.02,-0.0128446,0
30075,40,CDC73,-0.15999999999999998,-0.0215897,0
30076,40,NIN,0.019999999999999997,0.016761899999999993,0
30077,40,MDM4,0.15000000000000002,0.169223,0
30078,40,COL3A1,0.16,0.14286079999999998,0
30079,40,CTNND1,0.15000000000000002,0.1473545,0
30080,40,SPOP,-0.06000000000000001,-0.006998700000000007,0
30081,40,TMEM127,0.05,0.0512759,0
30082,40,CREB3L2,0.12999999999999998,0.0800404,0
30083,40,MSH2,0.8400000000000003,0.6195088000000001,0
30084,40,FNBP1,0.01,0.012077000000000001,0
30085,40,ATF1,-6.938893903907228e-18,0.006425800000000002,0
30086,40,EIF1AX,-0.43,-0.20826959999999997,0
30087,40,PMS1,0.48000000000000004,0.3720071999999999,0
30088,40,DEK,0.07999999999999999,0.086025,0
30089,40,ERBB2,1.0900000000000005,0.6979543000000002,0
30090,40,AKT1,0.7500000000000002,0.5034995,0
30091,40,CHEK2,0.21000000000000005,0.33596210000000004,0
30092,40,SDHB,0.41000000000000003,0.26253019999999994,0
30093,40,NCOA1,0.41999999999999993,0.291035,0
30094,40,CHIC2,0.039999999999999994,0.021014999999999995,0
30095,40,RUNX1,0.5400000000000003,0.6608326000000002,0
30096,40,STAT6,0.28,0.2119492,0
30097,40,FH,-0.22,-0.07841420000000002,0
30098,40,AKT3,0.9900000000000002,0.6475486,0
30099,40,GNAS,0.25,0.1574745,0
30100,40,CTNNB1,1.660000000000001,1.1266159000000002,0
30101,40,NONO,0.09000000000000001,0.064054,0
30102,40,SMARCB1,0.9300000000000004,0.665917,0
30103,40,PRKAR1A,0.06000000000000001,0.0714272,0
30104,40,ITGAV,0.039999999999999994,0.036961100000000004,0
30105,40,SS18,0.37,0.2344382,0
30106,40,MAP2K1,1.0400000000000005,0.6392134999999999,0
30107,40,SIRPA,0.019999999999999997,0.0118019,0
30108,40,PPFIBP1,0.38,0.24887040000000002,0
30109,40,RPL22,-0.2,0.08322050000000003,0
30110,40,CYLD,0.29000000000000004,0.22879649999999999,0
30111,40,ARID1B,0.6399999999999999,0.4595694000000001,0
30112,40,SETDB1,0.3,0.2077554,0
30113,40,AFDN,-0.37,-0.1476253,0
30114,40,ZRSR2,0.31000000000000005,0.22009050000000002,0
30115,40,PBRM1,0.9500000000000004,0.6775439,0
30116,40,XPC,0.6300000000000001,0.4331762,0
30117,40,ASXL2,0.22999999999999998,0.1521721,0
30118,40,TRIM24,-0.26,-0.1143647,0
30119,40,SFPQ,-0.08000000000000002,0.0185499,0
30120,40,NCOA2,0.53,0.3633643,0
30121,40,FOXO4,0.3700000000000001,0.24850539999999993,0
30122,40,LEF1,0.13999999999999999,0.11610330000000002,0
30123,40,B2M,-0.4800000000000001,-0.1914606,0
30124,40,DDIT3,-0.35,-0.0914889,0
30125,40,BCL6,0.6500000000000001,0.4585678999999999,0
30126,40,KRAS,-1.1700000000000002,-0.3032117999999999,0
30127,40,FAT1,0.060000000000000005,0.055152099999999996,0
30128,40,ABL2,0.09000000000000001,0.06424060000000001,0
30129,40,NF1,0.7500000000000002,0.6532933000000002,0
30130,40,BTG1,-0.01,-0.0058258,0
30131,40,EIF4A2,0.09,0.077791,0
30132,40,SET,0.17,0.14019510000000002,0
30133,40,EPS15,0.009999999999999995,0.016456600000000002,0
30134,40,RNF213,0.04,0.0303949,0
30135,40,CTCF,0.8200000000000003,0.583137,0
30136,40,WDCP,0.1,0.06385020000000002,0
30137,40,KAT7,0.11,0.0858335,0
30138,40,KDM5C,0.15999999999999998,0.14244289999999998,0
30139,40,TGFBR2,0.27,0.18637070000000003,0
30140,40,ATM,1.390000000000001,1.0941608,0
30141,40,NUMA1,-0.05000000000000001,-0.018450100000000007,0
30142,40,STAT3,1.4600000000000006,1.1495980999999997,0
30143,40,SUB1,-0.24000000000000002,-0.09041310000000001,0
30144,40,NUP98,0.05999999999999998,0.09212189999999996,0
30145,40,ELL,0.010000000000000012,0.023337699999999996,0
30146,40,MAP3K1,0.44,0.32121530000000004,0
30147,40,MALT1,0.18000000000000002,0.15953029999999999,0
30148,40,XPO1,0.30000000000000004,0.2458827,0
30149,40,SETD1B,0.14,0.0998625,0
30150,40,ETV6,-0.12999999999999995,-0.034419899999999996,0
30151,40,TBL1XR1,0.21000000000000005,0.14212160000000001,0
30152,40,NUP214,0.04,0.09772740000000002,0
30153,40,TPR,0.10000000000000002,0.09593210000000002,0
30154,40,ATIC,-0.020000000000000025,0.02334709999999999,0
30155,40,NACA,0.24,0.162665,0
30156,40,MYO5A,0.0,0.0031874,0
30157,40,SMC1A,0.6000000000000001,0.4869209999999999,0
30158,40,LASP1,-0.18,-0.1067891,0
30159,40,ERCC5,0.51,0.3493242,0
30160,40,JUN,0.24,0.31131219999999993,0
30161,40,THRAP3,0.08,0.06479320000000001,0
30162,40,STAG2,0.55,0.4082026000000001,0
30163,40,RAF1,1.1000000000000003,0.7554995000000001,0
30164,40,ERCC3,0.52,0.43754319999999997,0
30165,40,SMAD2,0.46000000000000024,0.44032679999999996,0
30166,40,TAF15,0.10999999999999999,0.10777920000000002,0
30167,40,ARNT,0.29000000000000004,0.24177420000000002,0
30168,40,CLTC,-0.54,-0.3027023999999999,0
30169,40,IKBKB,0.5000000000000002,0.39682209999999996,0
30170,40,IDH1,-0.3,-0.0472192,0
30171,40,SND1,0.0,8.479999999999946e-05,0
30172,40,KNSTRN,0.03,0.0230901,0
30173,40,RHOA,-1.11,-0.2811256,0
30174,40,PALB2,0.5999999999999999,0.5007262000000001,0
30175,40,ARID2,0.6900000000000002,0.5097594,0
30176,40,EZR,-0.09000000000000001,0.012836800000000013,0
30177,40,TP53,-1.22,-0.18770900000000001,0
30178,40,ARAF,0.41000000000000003,0.2270011,0
30179,40,KIF5B,0.41,0.28462170000000003,0
30180,40,KAT6A,0.18,0.17147369999999998,0
30181,40,KTN1,-0.08,-0.0239409,0
30182,40,GOLGA5,-0.13,-0.08341490000000001,0
30183,40,KDM5A,0.25,0.2205151,0
30184,40,RAD21,0.42000000000000004,0.33049629999999997,0
30185,40,GNAQ,0.13,0.09534790000000001,0
30186,40,CAMTA1,0.01,0.0057337,0
30187,40,ERCC2,0.64,0.44887070000000007,0
30188,40,EZH2,1.7800000000000011,1.1065471,0
30189,40,TOP1,0.19,0.14573980000000003,0
30190,40,SRSF3,-0.41000000000000003,-0.1265039,0
30191,40,NPM1,-0.24,0.02894890000000001,0
30192,40,BAX,-0.41,-0.1288197,0
30193,40,NOTCH2,0.27,0.2127771,0
30194,40,TRAF7,0.03,0.0224493,0
30195,40,KDM6A,0.8100000000000004,0.686483,0
30196,40,SPEN,0.08,0.060929399999999995,0
30197,40,TRIM27,-0.39,-0.14149009999999998,0
30198,40,CRTC1,0.14,0.10965250000000001,0
30199,40,EML4,0.24000000000000002,0.1995260000000001,0
30200,40,USP9X,-0.06999999999999999,-0.040983900000000004,0
30201,40,PTPRK,0.01,0.0067985,0
30202,40,CD74,-0.16,-0.02391919999999999,0
30203,40,CBL,0.5499999999999999,0.39977640000000003,0
30204,40,ZNF384,-0.09,-0.04445450000000001,0
30205,40,NOTCH1,1.0800000000000005,0.7815485,0
30206,40,COX6C,-0.12,-0.05465690000000001,0
30207,40,CHCHD7,0.03,0.0189393,0
30208,40,HMGA1,-0.13,-0.056356899999999994,0
30209,40,PTEN,1.550000000000001,1.1933886000000002,0
30210,40,FIP1L1,-0.03,-0.0187998,0
30211,40,JAK1,0.8400000000000003,0.6423063000000001,0
30212,40,ZMYM2,-0.07,-0.0461025,0
30213,40,SUZ12,0.7000000000000002,0.4893825000000001,0
30214,40,FUS,-0.19,0.10835039999999999,0
30215,40,BAP1,0.07999999999999999,0.0809304,0
30216,40,ZCCHC8,-0.09,-0.023549399999999998,0
30217,40,CRNKL1,-0.04,-0.023389700000000006,0
30218,40,RAD17,0.11999999999999998,0.0812308,0
30219,40,ATP1A1,0.0,0.0006149999999999992,0
30220,40,DNMT3A,0.9200000000000004,0.6559982000000001,0
30221,40,FBXW7,1.0600000000000003,0.8085243000000001,0
30222,40,WWTR1,-0.07,-0.0310873,0
30223,40,CDKN1B,0.7300000000000001,0.46691260000000007,0
30224,40,KMT2A,0.36,0.30887579999999987,0
30225,40,PTPN11,0.9100000000000003,0.6475072999999999,0
30226,40,STAT5B,0.6300000000000001,0.4865357,0
30227,40,CUX1,-0.11,-0.069244,0
30228,40,ABI1,-0.32,-0.1056839,0
30229,40,BRCA1,1.700000000000001,1.3257141999999997,0
30230,40,SH2B3,0.030000000000000002,0.028613500000000007,0
30231,40,AFF4,0.05,0.050252500000000005,0
30232,40,NF2,0.04,0.08879790000000001,0
30233,40,LMNA,0.08000000000000002,0.0693446,0
30234,40,TSC2,0.6,0.4707720000000001,0
30235,40,GOLPH3,-0.09999999999999999,-0.0592291,0
30236,40,PCM1,-0.07,-0.044526800000000005,0
30237,40,PPP2R1A,-0.5700000000000001,-0.19187880000000002,0
30238,40,ARID1A,1.7900000000000011,1.2524960000000003,0
30239,40,ABL1,0.24999999999999997,0.22081310000000004,0
30240,40,AFF1,0.26,0.19962980000000002,0
30241,40,DAXX,-0.40999999999999986,-0.1016566,0
30242,40,CBFB,0.13,0.095706,0
30243,40,CBLB,0.12000000000000001,0.0899243,0
30244,40,POLR2A,0.03999999999999995,0.15532890000000002,0
30245,40,PRKACA,0.27999999999999997,0.22291850000000005,0
30246,40,DNM2,-0.12,-0.05262220000000001,0
30247,40,RAP1GDS1,-0.04999999999999999,-0.027010499999999993,0
30248,40,NCOR1,0.8400000000000002,0.7220869,0
30249,40,NFKBIE,-0.18,-0.06799770000000001,0
30250,40,DDX3X,0.11000000000000001,0.11830319999999998,0
30251,40,ELK4,0.02,0.015286,0
30252,40,MLLT6,0.12,0.08802750000000001,0
30253,40,SRSF2,-0.98,-0.28111220000000003,0
30254,40,CTNNA1,0.1,0.0723208,0
30255,40,RBM10,0.21,0.1434583,0
30256,40,PTPRC,0.14,0.1344208,0
30257,40,HSP90AA1,1.0200000000000005,0.6458075999999998,0
30258,41,NSD1,0.36000000000000004,0.3132157,1
30259,41,DICER1,0.38,0.36608130000000005,1
30260,41,BIRC6,0.10999999999999999,0.1100468,1
30261,41,SDHC,0.39,0.296545,1
30262,41,TFG,0.15,0.09608380000000001,1
30263,41,MAP2K2,0.38,0.26211730000000005,1
30264,41,TFRC,-0.32000000000000006,-0.11572200000000002,1
30265,41,CREB1,0.6300000000000002,0.6557925999999998,1
30266,41,POLG,-0.01,-0.0029454000000000004,1
30267,41,SETD2,0.6700000000000002,0.6292693999999999,1
30268,41,NAB2,-0.67,-0.157209,1
30269,41,HIF1A,1.640000000000001,1.2938173000000002,1
30270,41,FLCN,-0.049999999999999996,0.024311500000000007,1
30271,41,MAP2K4,0.020000000000000007,0.1004235,1
30272,41,CNOT3,0.06,0.057173800000000004,1
30273,41,CIITA,0.08,0.049659,1
30274,41,LSM14A,0.17,0.1422893,1
30275,41,AKAP9,-0.009999999999999995,0.039724200000000015,1
30276,41,MSN,-0.29,-0.09952409999999998,1
30277,41,BCR,-0.11000000000000001,0.032970799999999995,1
30278,41,TRRAP,-0.019999999999999976,0.2034534,1
30279,41,PPP6C,-0.13,-0.0532407,1
30280,41,NCOA4,-0.08,-0.00434600000000001,1
30281,41,BCL9,0.19,0.1615255,1
30282,41,PRCC,0.15000000000000002,0.116914,1
30283,41,LARP4B,0.03,0.0224958,1
30284,41,CHD2,0.02,0.018304,1
30285,41,ASXL1,0.19999999999999993,0.3032866,1
30286,41,SMARCA4,1.9900000000000013,1.5973880999999999,1
30287,41,ERC1,-0.01,-0.007968600000000001,1
30288,41,DCTN1,0.02000000000000001,0.0519313,1
30289,41,PIK3R1,1.0000000000000004,0.876033,1
30290,41,EED,0.030000000000000013,0.0578471,1
30291,41,CNBP,0.01,0.0057391000000000005,1
30292,41,SGK1,0.53,0.3563381,1
30293,41,MLLT10,-0.48999999999999994,-0.30996650000000003,1
30294,41,BRD4,0.9700000000000003,0.8977499999999998,1
30295,41,RANBP2,0.32999999999999996,0.3250042,1
30296,41,FBXO11,0.07,0.0590409,1
30297,41,PML,0.5599999999999999,0.37583679999999997,1
30298,41,AKT2,1.1800000000000006,0.8669136000000001,1
30299,41,CEP89,0.04,0.026893600000000004,1
30300,41,LZTR1,0.11,0.1273403,1
30301,41,YWHAE,0.16,0.1024443,1
30302,41,DNAJB1,-0.07,-0.017241400000000004,1
30303,41,PRDM2,0.07,0.0590811,1
30304,41,TPM4,0.51,0.3621728,1
30305,41,CREBBP,2.210000000000001,1.9126765999999997,1
30306,41,PMS2,0.8100000000000003,0.7114782,1
30307,41,DDR2,0.03,0.0185539,1
30308,41,FANCA,0.4000000000000001,0.34772890000000006,1
30309,41,PDE4DIP,0.08,0.0659206,1
30310,41,USP8,-0.05,-0.023271,1
30311,41,MYH9,-0.39,-0.08174500000000001,1
30312,41,MYC,-1.2200000000000004,-0.25238560000000015,1
30313,41,NBN,0.6300000000000001,0.5368769999999999,1
30314,41,CCND3,-0.10000000000000003,-0.012665000000000008,1
30315,41,TRIP11,-0.08,-0.06059880000000001,1
30316,41,CNTRL,-0.06,-0.0487108,1
30317,41,PIK3CA,0.9200000000000007,0.9126758000000001,1
30318,41,DDX5,0.19,0.2207916,1
30319,41,PICALM,0.019999999999999993,0.020794399999999994,1
30320,41,RARA,0.039999999999999994,0.11391209999999999,1
30321,41,DDX6,-0.07999999999999999,0.0759505,1
30322,41,COL1A1,0.22999999999999998,0.19259609999999996,1
30323,41,VHL,0.30000000000000004,0.2286012,1
30324,41,MAPK1,1.700000000000001,1.2374115,1
30325,41,SRC,0.3999999999999999,0.38488539999999993,1
30326,41,NFE2L2,0.35,0.2629049,1
30327,41,MITF,-0.29000000000000004,-0.07018730000000001,1
30328,41,SMAD3,1.260000000000001,1.2212436,1
30329,41,RBM15,0.13,0.10912920000000001,1
30330,41,ATR,0.8100000000000004,0.7078451,1
30331,41,EPAS1,0.44,0.4136155,1
30332,41,TPM3,0.17999999999999997,0.1447269,1
30333,41,RPL10,0.09000000000000002,0.11315620000000001,1
30334,41,STAG1,0.13,0.16135950000000002,1
30335,41,SBDS,-0.05,-0.0177143,1
30336,41,KMT2D,1.0800000000000005,0.8965551000000002,1
30337,41,MED12,0.41000000000000003,0.3606215,1
30338,41,BCLAF1,-0.02000000000000001,0.0559373,1
30339,41,ASPSCR1,-0.010000000000000002,0.004836399999999998,1
30340,41,CDK12,0.56,0.4611742,1
30341,41,EWSR1,0.28,0.32309269999999995,1
30342,41,NDRG1,-0.07,-0.022400200000000002,1
30343,41,PSIP1,0.11999999999999998,0.10364830000000001,1
30344,41,TRIM33,0.13999999999999999,0.12151610000000002,1
30345,41,MTOR,0.6500000000000001,0.6367702999999998,1
30346,41,ARHGAP35,0.16000000000000003,0.14960830000000003,1
30347,41,POT1,0.02,0.021046000000000002,1
30348,41,EXT1,0.11,0.08899,1
30349,41,IL6ST,0.34,0.29073,1
30350,41,IDH2,-0.04000000000000001,0.02429570000000001,1
30351,41,SMARCE1,0.43000000000000005,0.29050899999999996,1
30352,41,CRTC3,0.09999999999999999,0.0866486,1
30353,41,TSC1,0.36000000000000004,0.3403652,1
30354,41,BCOR,-0.18,0.019749400000000007,1
30355,41,SDHA,0.25,0.18721120000000002,1
30356,41,EP300,2.3600000000000008,2.0808758000000003,1
30357,41,HNRNPA2B1,0.4799999999999999,0.3346783,1
30358,41,CLIP1,-0.09000000000000001,-0.05891690000000001,1
30359,41,PATZ1,-0.6900000000000001,-0.153742,1
30360,41,FUBP1,-0.18,-0.030404999999999995,1
30361,41,HLA-A,-0.09000000000000001,0.007787799999999984,1
30362,41,CCNC,-0.22,-0.09222119999999999,1
30363,41,RPN1,-0.16,-0.0719972,1
30364,41,TCF7L2,0.06000000000000001,0.1222553,1
30365,41,CANT1,-0.1,-0.013274200000000007,1
30366,41,RPL5,-0.5399999999999999,-0.16550610000000004,1
30367,41,CCDC6,0.11000000000000001,0.1093574,1
30368,41,NCKIPSD,-0.05,-0.019063200000000002,1
30369,41,SMARCD1,0.42000000000000004,0.38303300000000007,1
30370,41,BCL10,0.04000000000000001,0.07427420000000001,1
30371,41,MAX,0.09999999999999999,0.1186091,1
30372,41,HERPUD1,-0.03,-0.007796399999999999,1
30373,41,RAC1,0.27,0.23802400000000004,1
30374,41,FLNA,0.19,0.12913150000000004,1
30375,41,TFE3,-0.7500000000000001,-0.2671487,1
30376,41,NCOR2,0.7000000000000003,0.6032422,1
30377,41,PRPF40B,0.0,0.008967700000000002,1
30378,41,BCL3,-0.09000000000000001,-0.010913099999999997,1
30379,41,TFPT,-0.37,-0.11207859999999999,1
30380,41,MLH1,0.8800000000000003,0.8041225000000001,1
30381,41,ARHGAP5,0.11,0.11283699999999999,1
30382,41,CIC,0.01,0.0073247,1
30383,41,LYN,0.6799999999999999,0.5442129,1
30384,41,TCF12,0.35000000000000003,0.2937015,1
30385,41,KLF6,0.060000000000000005,0.0417371,1
30386,41,KMT2C,1.0200000000000002,0.9036652000000001,1
30387,41,PIM1,-0.1,-0.00927710000000001,1
30388,41,CCND1,1.1500000000000006,0.7421015999999999,1
30389,41,MLLT1,-1.8599999999999999,-0.40838929999999996,1
30390,41,MEN1,-0.06999999999999998,0.001837200000000018,1
30391,41,CUL3,0.10000000000000005,0.14436399999999996,1
30392,41,RB1,0.6900000000000002,0.5728583,1
30393,41,LPP,-0.10999999999999999,-0.016000699999999996,1
30394,41,BUB1B,-0.15,-0.03524189999999999,1
30395,41,SMAD4,1.600000000000001,1.3310075000000003,1
30396,41,FGFR1,0.32,0.3058204,1
30397,41,TMSB4X,0.04,0.031524,1
30398,41,CDK4,1.1200000000000006,0.8052462999999997,1
30399,41,MSI2,0.01,0.008336099999999999,1
30400,41,MSH6,1.0600000000000005,0.9373221,1
30401,41,BRAF,1.3400000000000007,1.2132897,1
30402,41,TCEA1,-0.11,-0.01126919999999999,1
30403,41,TNFAIP3,0.14,0.11821290000000001,1
30404,41,RABEP1,0.0,0.0016824000000000006,1
30405,41,GMPS,-0.15,-0.07932249999999999,1
30406,41,MDM2,0.9700000000000006,0.8322332,1
30407,41,NSD2,0.26,0.20563730000000002,1
30408,41,CASP8,-0.37000000000000005,-0.01626600000000003,1
30409,41,PER1,-0.24,-0.0780748,1
30410,41,UBR5,0.049999999999999996,0.060575199999999996,1
30411,41,EIF3E,0.07,0.079039,1
30412,41,RFWD3,0.030000000000000002,0.031769000000000006,1
30413,41,BRD3,0.15999999999999998,0.11432679999999999,1
30414,41,PAFAH1B2,0.03,0.027297000000000002,1
30415,41,EXT2,0.020000000000000004,0.022978600000000002,1
30416,41,PLCG1,0.31000000000000005,0.3308112000000001,1
30417,41,SF3B1,-0.8300000000000001,-0.40563649999999996,1
30418,41,ARHGEF10L,0.04,0.0213804,1
30419,41,NFATC2,0.25,0.1912545,1
30420,41,SDHD,0.2700000000000001,0.2065013,1
30421,41,PABPC1,-1.1400000000000001,-0.29795710000000003,1
30422,41,POLD1,-0.33999999999999997,-0.0808096,1
30423,41,CALR,8.673617379884035e-18,0.04490770000000001,1
30424,41,PIK3CB,0.6000000000000001,0.5410932,1
30425,41,PPM1D,0.30000000000000004,0.2406523,1
30426,41,ATRX,1.0500000000000005,0.9493149999999999,1
30427,41,DGCR8,0.19000000000000003,0.1493516,1
30428,41,DDX10,0.19,0.1478842,1
30429,41,DROSHA,0.5400000000000001,0.44453699999999996,1
30430,41,TNFRSF14,-0.16,-0.055356800000000005,1
30431,41,BCL9L,0.15000000000000002,0.11682840000000001,1
30432,41,QKI,0.04,0.0320161,1
30433,41,BAZ1A,0.01,0.0075621,1
30434,41,CHD4,0.3600000000000001,0.3418044,1
30435,41,NSD3,0.13999999999999999,0.1345168,1
30436,41,NT5C2,0.18000000000000002,0.0976026,1
30437,41,CCNB1IP1,0.14,0.06542830000000001,1
30438,41,PCBP1,-1.2100000000000002,-0.30793799999999993,1
30439,41,RALGDS,-0.06999999999999999,0.034880400000000006,1
30440,41,ARHGEF12,-0.030000000000000013,0.031347700000000006,1
30441,41,HSP90AB1,1.2800000000000007,0.849457,1
30442,41,FOXO3,1.4400000000000008,1.13369,1
30443,41,HIP1,-0.02,-0.0126376,1
30444,41,CDC73,-0.05000000000000001,0.026990999999999987,1
30445,41,NIN,-0.02,-0.012244200000000004,1
30446,41,MDM4,0.10999999999999999,0.18992710000000004,1
30447,41,COL3A1,0.22,0.1805542,1
30448,41,CTNND1,0.12000000000000002,0.16865050000000004,1
30449,41,SPOP,0.08999999999999998,0.100795,1
30450,41,TMEM127,0.060000000000000005,0.034958800000000005,1
30451,41,CREB3L2,0.16,0.10150200000000001,1
30452,41,MSH2,0.9300000000000004,0.8661716000000002,1
30453,41,FNBP1,3.469446951953614e-18,0.0226312,1
30454,41,ATF1,0.17,0.12112780000000001,1
30455,41,EIF1AX,-0.5900000000000001,-0.1952627,1
30456,41,PMS1,0.55,0.4458414,1
30457,41,DEK,0.21000000000000002,0.16583710000000002,1
30458,41,ERBB2,0.8600000000000003,0.5747065999999998,1
30459,41,AKT1,1.1900000000000006,0.7628259000000004,1
30460,41,CHEK2,0.6300000000000001,0.7057833999999998,1
30461,41,SDHB,0.44000000000000006,0.3156713,1
30462,41,NCOA1,0.36,0.3196345,1
30463,41,CHIC2,0.09,0.062066300000000005,1
30464,41,RUNX1,0.10999999999999996,0.5946942000000001,1
30465,41,STAT6,0.45,0.39882939999999995,1
30466,41,FH,-0.060000000000000005,-0.005061399999999987,1
30467,41,AKT3,1.0400000000000003,0.7863157,1
30468,41,GNAS,0.35,0.2617695,1
30469,41,CTNNB1,1.4200000000000008,1.0266183,1
30470,41,NONO,0.37,0.3179302,1
30471,41,SMARCB1,1.0200000000000005,0.8423445999999999,1
30472,41,PRKAR1A,0.22999999999999995,0.22267130000000002,1
30473,41,ITGAV,-0.039999999999999994,0.03812230000000001,1
30474,41,SS18,0.43,0.3187267,1
30475,41,MAP2K1,0.9200000000000004,0.5740803999999999,1
30476,41,SIRPA,-0.08,-0.0238526,1
30477,41,PPFIBP1,0.41,0.3049999,1
30478,41,RPL22,-0.09999999999999998,0.09705380000000002,1
30479,41,CYLD,0.31000000000000005,0.25094790000000006,1
30480,41,ARID1B,0.8700000000000001,0.6980926,1
30481,41,SETDB1,0.37,0.27807180000000004,1
30482,41,AFDN,-0.39,-0.11634639999999999,1
30483,41,ZRSR2,-0.06,-0.0463867,1
30484,41,PBRM1,1.0500000000000005,0.8324334999999998,1
30485,41,XPC,0.53,0.34436110000000003,1
30486,41,ASXL2,0.29000000000000004,0.2205655,1
30487,41,TRIM24,-0.16,0.0049522,1
30488,41,SFPQ,-0.42000000000000004,-0.12601359999999998,1
30489,41,NCOA2,0.6500000000000001,0.5440905,1
30490,41,FOXO4,0.4099999999999999,0.2526724,1
30491,41,LEF1,0.28,0.23621660000000003,1
30492,41,B2M,-0.3900000000000001,-0.16056760000000003,1
30493,41,DDIT3,-0.31,-0.10629809999999999,1
30494,41,BCL6,0.42000000000000004,0.33604719999999993,1
30495,41,KRAS,-0.10000000000000007,0.10962670000000004,1
30496,41,FAT1,0.13,0.09847909999999999,1
30497,41,ABL2,0.11,0.0838627,1
30498,41,NF1,1.3900000000000006,1.1570500000000001,1
30499,41,BTG1,-0.1,-0.034505,1
30500,41,EIF4A2,0.10999999999999999,0.0669022,1
30501,41,SET,0.18,0.14938060000000003,1
30502,41,EPS15,0.10999999999999999,0.09783679999999999,1
30503,41,RNF213,0.05,0.0428941,1
30504,41,CTCF,1.1100000000000003,0.7821350000000001,1
30505,41,WDCP,0.21,0.13124210000000003,1
30506,41,KAT7,0.15999999999999998,0.1362053,1
30507,41,KDM5C,0.18000000000000002,0.18553179999999997,1
30508,41,TGFBR2,0.23999999999999996,0.21738919999999995,1
30509,41,ATM,1.1100000000000008,1.1717330000000004,1
30510,41,NUMA1,0.020000000000000004,0.0329223,1
30511,41,STAT3,0.7800000000000002,0.7836460000000001,1
30512,41,SUB1,-0.15,-0.059242,1
30513,41,NUP98,0.26999999999999996,0.26742219999999994,1
30514,41,ELL,0.15000000000000002,0.07830129999999999,1
30515,41,MAP3K1,0.22000000000000003,0.22675499999999998,1
30516,41,MALT1,0.12000000000000001,0.1379402,1
30517,41,XPO1,0.6300000000000002,0.5189475,1
30518,41,SETD1B,0.28,0.22808620000000002,1
30519,41,ETV6,-0.10000000000000002,-0.011537899999999999,1
30520,41,TBL1XR1,0.23,0.167825,1
30521,41,NUP214,-0.019999999999999962,0.17488140000000002,1
30522,41,TPR,0.11999999999999997,0.1168179,1
30523,41,ATIC,0.07000000000000002,0.1227613,1
30524,41,NACA,0.21000000000000002,0.128199,1
30525,41,MYO5A,0.03,0.022786300000000002,1
30526,41,SMC1A,0.30000000000000004,0.4190247,1
30527,41,LASP1,-0.26,-0.1296729,1
30528,41,ERCC5,0.45999999999999996,0.30305730000000003,1
30529,41,JUN,-1.7500000000000004,-0.38759750000000015,1
30530,41,THRAP3,0.1,0.07994320000000002,1
30531,41,STAG2,0.13,0.2265856,1
30532,41,RAF1,0.6800000000000002,0.5630077000000002,1
30533,41,ERCC3,0.62,0.5410443,1
30534,41,SMAD2,0.3500000000000001,0.4940288,1
30535,41,TAF15,0.21000000000000002,0.16894179999999998,1
30536,41,ARNT,0.27999999999999997,0.25251000000000007,1
30537,41,CLTC,-0.5700000000000001,-0.24931060000000002,1
30538,41,IKBKB,0.4900000000000001,0.4916377000000002,1
30539,41,IDH1,-0.6500000000000001,-0.20121910000000004,1
30540,41,SND1,0.010000000000000007,0.0255568,1
30541,41,KNSTRN,0.02,0.0156522,1
30542,41,RHOA,-3.879999999999999,-0.8200793000000001,1
30543,41,PALB2,0.7000000000000001,0.6206769999999999,1
30544,41,ARID2,0.8900000000000001,0.7182746000000001,1
30545,41,EZR,-0.14000000000000004,-0.04722250000000001,1
30546,41,TP53,0.16000000000000006,0.4686211999999999,1
30547,41,ARAF,0.42,0.24088769999999998,1
30548,41,KIF5B,0.5900000000000001,0.460875,1
30549,41,KAT6A,0.16,0.20609269999999996,1
30550,41,KTN1,-0.10000000000000002,-0.014674700000000004,1
30551,41,GOLGA5,-0.060000000000000005,-0.0426779,1
30552,41,KDM5A,0.30000000000000004,0.2826831,1
30553,41,RAD21,0.6200000000000001,0.5260256000000001,1
30554,41,GNAQ,0.39,0.3019122,1
30555,41,CAMTA1,0.08,0.0591834,1
30556,41,ERCC2,0.7100000000000001,0.5594951,1
30557,41,EZH2,1.5200000000000011,1.2698021,1
30558,41,TOP1,0.25000000000000006,0.20214810000000005,1
30559,41,SRSF3,-0.27,-0.06555099999999998,1
30560,41,NPM1,0.18,0.1986884,1
30561,41,BAX,-0.7700000000000001,-0.1734514,1
30562,41,NOTCH2,0.29000000000000004,0.24919510000000003,1
30563,41,TRAF7,0.02,0.015490600000000002,1
30564,41,KDM6A,0.9500000000000003,0.9658978000000003,1
30565,41,SPEN,0.16,0.13309510000000002,1
30566,41,TRIM27,-0.5800000000000001,-0.17466700000000002,1
30567,41,CRTC1,0.15999999999999998,0.1285656,1
30568,41,EML4,0.39,0.3675477,1
30569,41,USP9X,0.019999999999999993,0.018076600000000005,1
30570,41,PTPRK,0.0,0.0,1
30571,41,CD74,-0.13,-0.0008707999999999971,1
30572,41,CBL,0.5900000000000001,0.5574883,1
30573,41,ZNF384,0.05,0.041451600000000005,1
30574,41,NOTCH1,1.2200000000000006,0.9150809999999999,1
30575,41,COX6C,-0.18,-0.05495849999999999,1
30576,41,CHCHD7,0.03,0.0200871,1
30577,41,HMGA1,-0.09,-0.029353999999999995,1
30578,41,PTEN,0.8200000000000007,0.9427173999999999,1
30579,41,FIP1L1,-0.03,-0.005177799999999996,1
30580,41,JAK1,0.9000000000000004,0.7712785999999999,1
30581,41,ZMYM2,0.019999999999999997,0.020325000000000003,1
30582,41,SUZ12,0.7200000000000002,0.6360469000000002,1
30583,41,FUS,-0.8400000000000001,-0.14855230000000003,1
30584,41,BAP1,-0.5599999999999999,-0.21153050000000004,1
30585,41,ZCCHC8,-0.05,-0.016944,1
30586,41,CRNKL1,0.03,0.023670099999999996,1
30587,41,RAD17,0.23,0.1846075,1
30588,41,ATP1A1,0.02,0.0140426,1
30589,41,DNMT3A,0.9900000000000004,0.8598927999999998,1
30590,41,FBXW7,1.0600000000000005,0.9146608000000002,1
30591,41,WWTR1,-0.07,-0.023992100000000002,1
30592,41,CDKN1B,0.44999999999999996,0.31737519999999997,1
30593,41,KMT2A,0.17999999999999997,0.27695620000000004,1
30594,41,PTPN11,1.2000000000000008,1.0209773,1
30595,41,STAT5B,0.8500000000000004,0.7195226000000001,1
30596,41,CUX1,-0.04,-0.0254529,1
30597,41,ABI1,-0.18000000000000002,-0.0450312,1
30598,41,BRCA1,1.6000000000000012,1.3891546000000001,1
30599,41,SH2B3,0.12,0.0784206,1
30600,41,AFF4,-0.36,-0.21947819999999998,1
30601,41,NF2,0.14,0.1568435,1
30602,41,LMNA,0.08,0.05347200000000001,1
30603,41,TSC2,0.8700000000000003,0.7200034,1
30604,41,GOLPH3,-0.07,-0.050707300000000004,1
30605,41,PCM1,-0.06,-0.0484818,1
30606,41,PPP2R1A,-0.33000000000000007,-0.10033909999999999,1
30607,41,ARID1A,1.940000000000001,1.6033357,1
30608,41,ABL1,0.030000000000000145,0.1497884,1
30609,41,AFF1,-0.10000000000000002,-0.0303044,1
30610,41,DAXX,-0.5299999999999999,-0.1429134,1
30611,41,CBFB,0.09,0.15574039999999997,1
30612,41,CBLB,0.18,0.1608543,1
30613,41,POLR2A,-0.62,-0.026707200000000007,1
30614,41,PRKACA,0.16000000000000006,0.26560769999999995,1
30615,41,DNM2,-0.11000000000000001,-0.048503500000000005,1
30616,41,RAP1GDS1,0.020000000000000018,0.0450944,1
30617,41,NCOR1,0.81,0.9120326000000002,1
30618,41,NFKBIE,-0.41000000000000003,-0.1283245,1
30619,41,DDX3X,0.32000000000000006,0.28938410000000003,1
30620,41,ELK4,0.03,0.0254229,1
30621,41,MLLT6,-0.030000000000000002,-0.010112799999999998,1
30622,41,SRSF2,-3.4600000000000004,-0.7541382999999998,1
30623,41,CTNNA1,0.17,0.1346038,1
30624,41,RBM10,0.06999999999999998,0.0646438,1
30625,41,PTPRC,0.06999999999999998,0.1316139,1
30626,41,HSP90AA1,1.1600000000000006,0.7866675999999999,1
30627,41,NSD1,0.26,0.21329679999999998,0
30628,41,DICER1,0.19999999999999998,0.21690600000000004,0
30629,41,BIRC6,0.08,0.07496610000000001,0
30630,41,SDHC,0.25,0.1818142,0
30631,41,TFG,0.30999999999999994,0.1764906,0
30632,41,MAP2K2,0.30000000000000004,0.2228831,0
30633,41,TFRC,-0.21000000000000002,-0.10492570000000001,0
30634,41,CREB1,0.8700000000000003,0.6567585999999997,0
30635,41,POLG,0.01,0.0036155,0
30636,41,SETD2,0.7300000000000002,0.6133598000000002,0
30637,41,NAB2,-0.31,-0.11580510000000001,0
30638,41,HIF1A,1.640000000000001,1.1712994,0
30639,41,FLCN,0.05,0.04784000000000001,0
30640,41,MAP2K4,-0.06,0.05509900000000001,0
30641,41,CNOT3,-0.049999999999999996,-0.013168600000000003,0
30642,41,CIITA,0.08,0.0488939,0
30643,41,LSM14A,0.09,0.0830584,0
30644,41,AKAP9,-0.08,-0.023265899999999992,0
30645,41,MSN,-0.30999999999999994,-0.08410200000000001,0
30646,41,BCR,0.05,0.05589160000000001,0
30647,41,TRRAP,0.040000000000000036,0.14328670000000002,0
30648,41,PPP6C,-0.16,-0.0758336,0
30649,41,NCOA4,-0.15000000000000002,-0.0839117,0
30650,41,BCL9,0.15,0.11328,0
30651,41,PRCC,0.08,0.0548669,0
30652,41,LARP4B,-0.01,-0.0051983,0
30653,41,CHD2,0.01,0.007581,0
30654,41,ASXL1,0.5399999999999999,0.4869354000000001,0
30655,41,SMARCA4,1.3000000000000007,1.0089718,0
30656,41,ERC1,-0.03,-0.0221607,0
30657,41,DCTN1,-0.18,-0.0696532,0
30658,41,PIK3R1,1.3100000000000007,0.9477903999999999,0
30659,41,EED,0.11,0.10611739999999999,0
30660,41,CNBP,0.01,0.005560000000000001,0
30661,41,SGK1,0.31,0.1802897,0
30662,41,MLLT10,-0.15999999999999998,-0.0609371,0
30663,41,BRD4,0.9800000000000004,0.7328336999999999,0
30664,41,RANBP2,0.21,0.22046150000000003,0
30665,41,FBXO11,0.06,0.0454513,0
30666,41,PML,0.37,0.2536244,0
30667,41,AKT2,0.9800000000000002,0.6761480000000001,0
30668,41,CEP89,0.08,0.050863,0
30669,41,LZTR1,0.07999999999999999,0.0904511,0
30670,41,YWHAE,0.26,0.17047429999999997,0
30671,41,DNAJB1,-0.03,0.0014371000000000002,0
30672,41,PRDM2,0.02,0.014721600000000001,0
30673,41,TPM4,0.44000000000000006,0.28543989999999997,0
30674,41,CREBBP,1.9200000000000013,1.5800136000000005,0
30675,41,PMS2,0.5900000000000001,0.5587911000000001,0
30676,41,DDR2,0.04,0.023081699999999997,0
30677,41,FANCA,0.33,0.27941550000000004,0
30678,41,PDE4DIP,0.05,0.032874200000000006,0
30679,41,USP8,-0.08000000000000002,-0.031078200000000007,0
30680,41,MYH9,-0.29,-0.053674299999999994,0
30681,41,MYC,-0.9900000000000002,-0.33766510000000005,0
30682,41,NBN,0.52,0.3842214,0
30683,41,CCND3,-0.08,0.009894300000000002,0
30684,41,TRIP11,-0.12000000000000001,-0.08396340000000001,0
30685,41,CNTRL,-0.060000000000000005,-0.04166620000000001,0
30686,41,PIK3CA,1.460000000000001,1.0835731,0
30687,41,DDX5,0.24000000000000007,0.23997470000000007,0
30688,41,PICALM,0.010000000000000002,0.010886100000000006,0
30689,41,RARA,0.39,0.2738939,0
30690,41,DDX6,-0.05,0.06742129999999999,0
30691,41,COL1A1,0.04999999999999999,0.08430000000000001,0
30692,41,VHL,0.25,0.1875665,0
30693,41,MAPK1,1.550000000000001,0.9652318000000001,0
30694,41,SRC,-0.5199999999999999,0.0417385,0
30695,41,NFE2L2,0.22999999999999998,0.1575746,0
30696,41,MITF,-0.39,-0.08081,0
30697,41,SMAD3,1.280000000000001,0.9929665999999999,0
30698,41,RBM15,0.06000000000000001,0.0535465,0
30699,41,ATR,0.7200000000000003,0.6073633999999999,0
30700,41,EPAS1,0.39999999999999997,0.3679187,0
30701,41,TPM3,0.21000000000000005,0.14775159999999998,0
30702,41,RPL10,0.15000000000000002,0.1342969,0
30703,41,STAG1,0.10999999999999999,0.1232742,0
30704,41,SBDS,-0.04,-0.0161712,0
30705,41,KMT2D,0.9800000000000003,0.7305932999999999,0
30706,41,MED12,0.31,0.2469001,0
30707,41,BCLAF1,-0.04,0.020871299999999995,0
30708,41,ASPSCR1,0.05000000000000001,0.03686930000000001,0
30709,41,CDK12,0.32,0.23515179999999997,0
30710,41,EWSR1,0.39,0.3325214,0
30711,41,NDRG1,-0.030000000000000002,-0.008403899999999999,0
30712,41,PSIP1,-0.17,-0.0789048,0
30713,41,TRIM33,0.06999999999999999,0.0623625,0
30714,41,MTOR,1.2700000000000007,0.9099264999999997,0
30715,41,ARHGAP35,0.14000000000000004,0.1347223,0
30716,41,POT1,-0.04,-0.002161000000000003,0
30717,41,EXT1,0.11,0.0713493,0
30718,41,IL6ST,0.29000000000000004,0.2212391,0
30719,41,IDH2,0.08999999999999998,0.1166822,0
30720,41,SMARCE1,0.39,0.23731370000000002,0
30721,41,CRTC3,0.08,0.055846,0
30722,41,TSC1,0.33,0.2929897,0
30723,41,BCOR,-0.14999999999999997,-0.011705799999999995,0
30724,41,SDHA,0.27,0.17625870000000002,0
30725,41,EP300,1.710000000000001,1.3869245000000001,0
30726,41,HNRNPA2B1,0.21999999999999997,0.2075793,0
30727,41,CLIP1,-0.12,-0.057984799999999996,0
30728,41,PATZ1,-0.43,-0.1218688,0
30729,41,FUBP1,-0.16,-0.016051399999999993,0
30730,41,HLA-A,-0.10000000000000002,0.018391999999999988,0
30731,41,CCNC,-0.07,-0.0228766,0
30732,41,RPN1,-0.25,-0.067363,0
30733,41,TCF7L2,0.07000000000000002,0.10548170000000001,0
30734,41,CANT1,0.08000000000000002,0.0474591,0
30735,41,RPL5,-0.5499999999999999,-0.1412895,0
30736,41,CCDC6,0.019999999999999976,0.057739500000000006,0
30737,41,NCKIPSD,0.04,0.0223432,0
30738,41,SMARCD1,0.4099999999999999,0.275388,0
30739,41,BCL10,-0.039999999999999994,0.002279499999999997,0
30740,41,MAX,0.010000000000000004,0.023883699999999994,0
30741,41,HERPUD1,0.0,0.0,0
30742,41,RAC1,-0.09999999999999998,0.07385629999999999,0
30743,41,FLNA,0.08,0.0967648,0
30744,41,TFE3,-0.4800000000000001,-0.1724215,0
30745,41,NCOR2,0.7100000000000002,0.5261407,0
30746,41,PRPF40B,0.0,-0.000693700000000002,0
30747,41,BCL3,-0.09000000000000001,-0.03450170000000001,0
30748,41,TFPT,-0.22999999999999998,-0.0784243,0
30749,41,MLH1,0.8800000000000001,0.7211323999999999,0
30750,41,ARHGAP5,0.12000000000000001,0.10719590000000002,0
30751,41,CIC,0.0,0.0,0
30752,41,LYN,0.8800000000000003,0.6164468999999999,0
30753,41,TCF12,0.29,0.22079070000000003,0
30754,41,KLF6,0.03,0.0188515,0
30755,41,KMT2C,1.0400000000000003,0.8110287999999999,0
30756,41,PIM1,-0.23,-0.0732975,0
30757,41,CCND1,1.560000000000001,0.9613369999999999,0
30758,41,MLLT1,-0.8600000000000001,-0.2586195,0
30759,41,MEN1,0.05999999999999999,0.06370529999999999,0
30760,41,CUL3,0.14,0.14158520000000002,0
30761,41,RB1,0.5800000000000001,0.44553139999999997,0
30762,41,LPP,-0.07999999999999999,-0.020084799999999996,0
30763,41,BUB1B,-0.19,-0.09520390000000001,0
30764,41,SMAD4,1.3600000000000008,1.0255248000000003,0
30765,41,FGFR1,0.21999999999999995,0.151079,0
30766,41,TMSB4X,0.04,0.03147,0
30767,41,CDK4,0.6500000000000002,0.431036,0
30768,41,MSI2,0.01,0.0071351,0
30769,41,MSH6,0.9000000000000004,0.7011305000000001,0
30770,41,BRAF,1.0300000000000002,0.8703389000000004,0
30771,41,TCEA1,-0.07,0.0011102999999999946,0
30772,41,TNFAIP3,0.13,0.1132819,0
30773,41,RABEP1,0.0,-0.001832700000000003,0
30774,41,GMPS,-0.07,-0.0401075,0
30775,41,MDM2,1.2800000000000007,0.9249816999999999,0
30776,41,NSD2,0.18999999999999997,0.1374861,0
30777,41,CASP8,-0.019999999999999976,0.17890260000000002,0
30778,41,PER1,-0.20999999999999996,-0.046383799999999996,0
30779,41,UBR5,-0.05000000000000001,-0.020202499999999998,0
30780,41,EIF3E,-0.07000000000000002,0.058704400000000004,0
30781,41,RFWD3,0.04,0.036917500000000006,0
30782,41,BRD3,0.11,0.093762,0
30783,41,PAFAH1B2,0.02,0.0162218,0
30784,41,EXT2,0.009999999999999995,0.010800300000000006,0
30785,41,PLCG1,0.53,0.3772805,0
30786,41,SF3B1,-0.38999999999999996,-0.1539839,0
30787,41,ARHGEF10L,0.02,0.0105392,0
30788,41,NFATC2,0.2,0.14118180000000002,0
30789,41,SDHD,0.28,0.15748859999999998,0
30790,41,PABPC1,-0.8300000000000001,-0.19988369999999994,0
30791,41,POLD1,-0.22000000000000003,-0.048983799999999994,0
30792,41,CALR,0.04999999999999999,0.0457591,0
30793,41,PIK3CB,0.47,0.4247424,0
30794,41,PPM1D,0.20000000000000004,0.1515545,0
30795,41,ATRX,0.9500000000000005,0.7617576999999999,0
30796,41,DGCR8,0.16,0.10216920000000002,0
30797,41,DDX10,0.09999999999999999,0.0695008,0
30798,41,DROSHA,0.43000000000000005,0.3129734,0
30799,41,TNFRSF14,-0.13,-0.0466934,0
30800,41,BCL9L,0.12000000000000001,0.08242079999999999,0
30801,41,QKI,-0.05,-0.032945,0
30802,41,BAZ1A,0.02,0.0147006,0
30803,41,CHD4,0.18999999999999995,0.17878580000000002,0
30804,41,NSD3,0.05,0.05428990000000001,0
30805,41,NT5C2,0.17,0.09506379999999999,0
30806,41,CCNB1IP1,0.11000000000000001,0.0455052,0
30807,41,PCBP1,-0.68,-0.20224409999999998,0
30808,41,RALGDS,0.15999999999999998,0.11673319999999998,0
30809,41,ARHGEF12,-0.04,-0.005577700000000001,0
30810,41,HSP90AB1,1.1000000000000003,0.7572485000000002,0
30811,41,FOXO3,1.3000000000000005,0.8995850000000002,0
30812,41,HIP1,-0.02,-0.0120878,0
30813,41,CDC73,-0.09,0.0158922,0
30814,41,NIN,0.03,0.0221829,0
30815,41,MDM4,0.15000000000000002,0.1801892,0
30816,41,COL3A1,0.15,0.13349960000000002,0
30817,41,CTNND1,0.13,0.143393,0
30818,41,SPOP,-0.020000000000000014,0.015656399999999987,0
30819,41,TMEM127,0.06,0.052006000000000004,0
30820,41,CREB3L2,1.734723475976807e-18,0.0045435,0
30821,41,MSH2,0.8700000000000003,0.6494011000000002,0
30822,41,FNBP1,3.469446951953614e-18,0.0082925,0
30823,41,ATF1,6.938893903907228e-18,0.0038959000000000008,0
30824,41,EIF1AX,-0.5599999999999999,-0.22637860000000004,0
30825,41,PMS1,0.52,0.3968089,0
30826,41,DEK,0.040000000000000015,0.07178550000000002,0
30827,41,ERBB2,1.1100000000000005,0.6958445999999996,0
30828,41,AKT1,0.6500000000000001,0.42843700000000023,0
30829,41,CHEK2,0.38000000000000006,0.4058152,0
30830,41,SDHB,0.41000000000000003,0.2658729,0
30831,41,NCOA1,0.4699999999999999,0.33435180000000003,0
30832,41,CHIC2,0.05,0.029755,0
30833,41,RUNX1,0.43999999999999995,0.6653531999999999,0
30834,41,STAT6,0.33,0.2581366,0
30835,41,FH,-0.14,-0.046706000000000004,0
30836,41,AKT3,0.9700000000000004,0.6644969000000001,0
30837,41,GNAS,0.26,0.16105290000000003,0
30838,41,CTNNB1,1.560000000000001,1.0784831,0
30839,41,NONO,0.11,0.07223979999999999,0
30840,41,SMARCB1,0.9200000000000004,0.6715189000000001,0
30841,41,PRKAR1A,0.14,0.12436490000000001,0
30842,41,ITGAV,0.03,0.0355952,0
30843,41,SS18,0.4,0.2561497,0
30844,41,MAP2K1,1.0500000000000005,0.6663374,0
30845,41,SIRPA,0.0,0.0008712000000000025,0
30846,41,PPFIBP1,0.39,0.2608037,0
30847,41,RPL22,-0.30000000000000004,0.07438550000000001,0
30848,41,CYLD,0.30000000000000004,0.23356790000000002,0
30849,41,ARID1B,0.6799999999999999,0.5007555000000001,0
30850,41,SETDB1,0.33,0.24041540000000003,0
30851,41,AFDN,-0.36,-0.12438970000000003,0
30852,41,ZRSR2,0.30000000000000004,0.21645720000000002,0
30853,41,PBRM1,0.9300000000000004,0.668998,0
30854,41,XPC,0.6000000000000001,0.4055558000000001,0
30855,41,ASXL2,0.24000000000000005,0.1596445,0
30856,41,TRIM24,-0.25,-0.10342550000000002,0
30857,41,SFPQ,-0.06,0.028618899999999996,0
30858,41,NCOA2,0.54,0.3853922,0
30859,41,FOXO4,0.4800000000000001,0.3023577999999999,0
30860,41,LEF1,0.12000000000000001,0.109439,0
30861,41,B2M,-0.54,-0.21077350000000003,0
30862,41,DDIT3,-0.33,-0.0867915,0
30863,41,BCL6,0.5900000000000001,0.4186926000000001,0
30864,41,KRAS,-1.4600000000000002,-0.36379459999999997,0
30865,41,FAT1,0.06,0.061848999999999994,0
30866,41,ABL2,0.09000000000000001,0.06578780000000001,0
30867,41,NF1,0.8200000000000003,0.6804966000000001,0
30868,41,BTG1,-0.03,-0.0150651,0
30869,41,EIF4A2,0.12000000000000002,0.0940701,0
30870,41,SET,0.15000000000000002,0.14099710000000001,0
30871,41,EPS15,0.04,0.0386097,0
30872,41,RNF213,0.03,0.023660999999999998,0
30873,41,CTCF,0.9100000000000004,0.6399217999999999,0
30874,41,WDCP,0.14,0.10630040000000002,0
30875,41,KAT7,0.11,0.0904249,0
30876,41,KDM5C,0.13999999999999999,0.1449476,0
30877,41,TGFBR2,0.22999999999999998,0.16594360000000002,0
30878,41,ATM,1.510000000000001,1.1805033,0
30879,41,NUMA1,-0.029999999999999992,-0.004998700000000001,0
30880,41,STAT3,1.580000000000001,1.2234573,0
30881,41,SUB1,-0.30000000000000004,-0.0998904,0
30882,41,NUP98,0.1,0.12073540000000002,0
30883,41,ELL,-0.06,0.00014209999999998876,0
30884,41,MAP3K1,0.37999999999999995,0.3022513,0
30885,41,MALT1,0.13,0.1356119,0
30886,41,XPO1,0.36,0.2926937,0
30887,41,SETD1B,0.15,0.1112857,0
30888,41,ETV6,-0.11000000000000001,-0.02120810000000001,0
30889,41,TBL1XR1,0.2,0.13075409999999998,0
30890,41,NUP214,0.05999999999999999,0.1260752,0
30891,41,TPR,0.08000000000000002,0.08730900000000001,0
30892,41,ATIC,0.04,0.0398453,0
30893,41,NACA,0.24,0.1671277,0
30894,41,MYO5A,0.010000000000000002,0.011045100000000002,0
30895,41,SMC1A,0.5900000000000001,0.4686077,0
30896,41,LASP1,-0.22,-0.117191,0
30897,41,ERCC5,0.45,0.3071356,0
30898,41,JUN,0.029999999999999985,0.23906080000000002,0
30899,41,THRAP3,0.1,0.0841986,0
30900,41,STAG2,0.5,0.38028009999999995,0
30901,41,RAF1,1.1300000000000006,0.7957116999999999,0
30902,41,ERCC3,0.61,0.48784950000000005,0
30903,41,SMAD2,0.5200000000000002,0.4842725,0
30904,41,TAF15,0.16000000000000003,0.1382511,0
30905,41,ARNT,0.29000000000000004,0.2537153,0
30906,41,CLTC,-0.54,-0.28668999999999994,0
30907,41,IKBKB,0.5200000000000002,0.4523373,0
30908,41,IDH1,-0.54,-0.1357559,0
30909,41,SND1,-0.019999999999999997,-0.009598700000000002,0
30910,41,KNSTRN,0.03,0.0236211,0
30911,41,RHOA,-1.3000000000000005,-0.3060628,0
30912,41,PALB2,0.6400000000000001,0.5307539,0
30913,41,ARID2,0.7000000000000002,0.5230743999999999,0
30914,41,EZR,-0.14999999999999997,-0.0137357,0
30915,41,TP53,-0.99,-0.07740999999999998,0
30916,41,ARAF,0.45000000000000007,0.24810079999999998,0
30917,41,KIF5B,0.4499999999999999,0.31806920000000005,0
30918,41,KAT6A,0.22,0.2058843,0
30919,41,KTN1,-0.11,-0.0364666,0
30920,41,GOLGA5,-0.14,-0.0933106,0
30921,41,KDM5A,0.26,0.23201889999999997,0
30922,41,RAD21,0.4900000000000001,0.3609137,0
30923,41,GNAQ,0.13,0.08758640000000001,0
30924,41,CAMTA1,0.019999999999999997,0.0137572,0
30925,41,ERCC2,0.63,0.45024880000000006,0
30926,41,EZH2,1.700000000000001,1.0571495999999996,0
30927,41,TOP1,0.15999999999999998,0.12467499999999997,0
30928,41,SRSF3,-0.45000000000000007,-0.13499150000000001,0
30929,41,NPM1,-0.059999999999999984,0.1442344,0
30930,41,BAX,-0.43999999999999995,-0.1355954,0
30931,41,NOTCH2,0.28,0.22277419999999998,0
30932,41,TRAF7,0.03,0.022573799999999998,0
30933,41,KDM6A,0.8500000000000003,0.7277097999999999,0
30934,41,SPEN,0.09999999999999999,0.0770979,0
30935,41,TRIM27,-0.42,-0.1466474,0
30936,41,CRTC1,0.13,0.09763379999999999,0
30937,41,EML4,0.26,0.2264847,0
30938,41,USP9X,-0.06,-0.041206400000000004,0
30939,41,PTPRK,0.01,0.0073804000000000005,0
30940,41,CD74,-0.22000000000000003,-0.04105080000000001,0
30941,41,CBL,0.57,0.4263849,0
30942,41,ZNF384,-0.039999999999999994,-0.018973900000000002,0
30943,41,NOTCH1,0.9700000000000004,0.6952093000000003,0
30944,41,COX6C,-0.14,-0.0534854,0
30945,41,CHCHD7,0.03,0.0209241,0
30946,41,HMGA1,-0.13999999999999999,-0.0600063,0
30947,41,PTEN,1.4400000000000008,1.1568023000000003,0
30948,41,FIP1L1,-0.04,-0.020085200000000004,0
30949,41,JAK1,0.7600000000000002,0.6092119,0
30950,41,ZMYM2,-0.08,-0.05351140000000001,0
30951,41,SUZ12,0.7000000000000003,0.50482,0
30952,41,FUS,-0.12,0.1317432,0
30953,41,BAP1,0.08,0.08575630000000001,0
30954,41,ZCCHC8,-0.06,-0.020079,0
30955,41,CRNKL1,-0.04,-0.0225395,0
30956,41,RAD17,0.1,0.07746,0
30957,41,ATP1A1,-0.009999999999999998,-0.003678599999999999,0
30958,41,DNMT3A,0.9000000000000005,0.6466213000000002,0
30959,41,FBXW7,1.0200000000000002,0.7893268999999999,0
30960,41,WWTR1,-0.04,-0.012923500000000001,0
30961,41,CDKN1B,0.5900000000000002,0.3614048,0
30962,41,KMT2A,0.4900000000000001,0.42266580000000004,0
30963,41,PTPN11,0.8800000000000003,0.6725164999999997,0
30964,41,STAT5B,0.7400000000000002,0.5722462,0
30965,41,CUX1,-0.09999999999999999,-0.0674211,0
30966,41,ABI1,-0.44000000000000006,-0.1371765,0
30967,41,BRCA1,1.8400000000000014,1.4225065000000001,0
30968,41,SH2B3,0.030000000000000002,0.028751600000000002,0
30969,41,AFF4,0.2,0.1381614,0
30970,41,NF2,3.469446951953614e-18,0.07016950000000001,0
30971,41,LMNA,0.08000000000000002,0.06993130000000002,0
30972,41,TSC2,0.5900000000000001,0.4893231,0
30973,41,GOLPH3,-0.11,-0.0649148,0
30974,41,PCM1,-0.05,-0.0342595,0
30975,41,PPP2R1A,-0.2900000000000001,-0.07776260000000002,0
30976,41,ARID1A,1.7700000000000011,1.2694876000000002,0
30977,41,ABL1,-0.07999999999999999,0.07094159999999994,0
30978,41,AFF1,0.21000000000000002,0.18282400000000004,0
30979,41,DAXX,-0.31999999999999995,-0.07771780000000002,0
30980,41,CBFB,0.12000000000000001,0.1014622,0
30981,41,CBLB,0.13,0.1015257,0
30982,41,POLR2A,0.009999999999999981,0.18276509999999999,0
30983,41,PRKACA,0.28,0.22676560000000004,0
30984,41,DNM2,-0.13,-0.048876400000000014,0
30985,41,RAP1GDS1,-0.029999999999999992,-0.009322399999999998,0
30986,41,NCOR1,0.9700000000000004,0.8078656000000002,0
30987,41,NFKBIE,-0.27,-0.0921198,0
30988,41,DDX3X,0.14,0.1365118,0
30989,41,ELK4,0.02,0.0140782,0
30990,41,MLLT6,0.1,0.088489,0
30991,41,SRSF2,-1.09,-0.2987481,0
30992,41,CTNNA1,0.13999999999999999,0.10246050000000001,0
30993,41,RBM10,0.23,0.1583658,0
30994,41,PTPRC,0.09000000000000002,0.10852010000000001,0
30995,41,HSP90AA1,1.1500000000000006,0.7546117999999999,0
30996,42,NSD1,0.36000000000000004,0.31004410000000004,1
30997,42,DICER1,0.17,0.25156210000000007,1
30998,42,BIRC6,0.13,0.1178989,1
30999,42,SDHC,0.44,0.319055,1
31000,42,TFG,0.17,0.1043878,1
31001,42,MAP2K2,0.4,0.2787486,1
31002,42,TFRC,-0.19999999999999998,-0.08070440000000001,1
31003,42,CREB1,0.9200000000000004,0.7848832000000001,1
31004,42,POLG,-0.02,-0.005690199999999999,1
31005,42,SETD2,0.5600000000000003,0.5327935000000001,1
31006,42,NAB2,-0.44,-0.1339576,1
31007,42,HIF1A,1.630000000000001,1.2378867,1
31008,42,FLCN,-0.030000000000000006,0.0294291,1
31009,42,MAP2K4,0.009999999999999992,0.09164009999999999,1
31010,42,CNOT3,0.04,0.04273250000000001,1
31011,42,CIITA,0.11,0.0707763,1
31012,42,LSM14A,0.16,0.130659,1
31013,42,AKAP9,-0.01999999999999999,0.027350900000000004,1
31014,42,MSN,-0.22000000000000003,-0.0502103,1
31015,42,BCR,-0.010000000000000002,0.05709649999999999,1
31016,42,TRRAP,0.06000000000000001,0.20538990000000001,1
31017,42,PPP6C,-0.13,-0.05152330000000001,1
31018,42,NCOA4,-0.1,-0.0320299,1
31019,42,BCL9,0.24,0.1973762,1
31020,42,PRCC,0.16,0.1227347,1
31021,42,LARP4B,0.04,0.0306072,1
31022,42,CHD2,0.02,0.017644200000000002,1
31023,42,ASXL1,0.32,0.37126479999999984,1
31024,42,SMARCA4,2.040000000000001,1.5611163,1
31025,42,ERC1,-0.019999999999999997,-0.0150015,1
31026,42,DCTN1,0.019999999999999983,0.051599099999999995,1
31027,42,PIK3R1,1.1200000000000006,0.9339679000000003,1
31028,42,EED,0.10999999999999996,0.08798419999999998,1
31029,42,CNBP,0.02,0.012388999999999999,1
31030,42,SGK1,0.5399999999999999,0.36550220000000005,1
31031,42,MLLT10,-0.25,-0.1371537,1
31032,42,BRD4,0.8800000000000003,0.8057826,1
31033,42,RANBP2,0.33999999999999997,0.32143289999999997,1
31034,42,FBXO11,0.09,0.0765026,1
31035,42,PML,0.5099999999999999,0.35753949999999995,1
31036,42,AKT2,1.2000000000000006,0.8556207,1
31037,42,CEP89,0.05,0.031050099999999997,1
31038,42,LZTR1,0.09,0.11262570000000001,1
31039,42,YWHAE,0.29999999999999993,0.18417340000000001,1
31040,42,DNAJB1,0.0,0.020036299999999993,1
31041,42,PRDM2,0.07,0.0570122,1
31042,42,TPM4,0.49000000000000005,0.3430609,1
31043,42,CREBBP,2.140000000000001,1.8031525000000004,1
31044,42,PMS2,0.8,0.6965096000000001,1
31045,42,DDR2,0.020000000000000004,0.01587950000000001,1
31046,42,FANCA,0.39999999999999997,0.33512299999999995,1
31047,42,PDE4DIP,0.08,0.0621144,1
31048,42,USP8,-0.04,-0.0229697,1
31049,42,MYH9,-0.39000000000000007,-0.08288569999999999,1
31050,42,MYC,-1.7900000000000003,-0.3384708999999999,1
31051,42,NBN,0.6600000000000001,0.5485996999999999,1
31052,42,CCND3,-0.020000000000000004,0.0311445,1
31053,42,TRIP11,-0.07,-0.051908899999999994,1
31054,42,CNTRL,-0.06999999999999999,-0.054087300000000005,1
31055,42,PIK3CA,1.1400000000000008,1.0096396,1
31056,42,DDX5,0.3200000000000001,0.31320610000000004,1
31057,42,PICALM,0.010000000000000002,0.009743500000000007,1
31058,42,RARA,0.21000000000000005,0.21486600000000008,1
31059,42,DDX6,0.030000000000000006,0.11250070000000002,1
31060,42,COL1A1,0.27999999999999997,0.24063719999999997,1
31061,42,VHL,0.28,0.2056026,1
31062,42,MAPK1,1.660000000000001,1.1679441999999995,1
31063,42,SRC,0.5500000000000003,0.4902532,1
31064,42,NFE2L2,0.33999999999999997,0.2583437,1
31065,42,MITF,-0.26,-0.06860730000000001,1
31066,42,SMAD3,1.340000000000001,1.2025981000000001,1
31067,42,RBM15,0.13999999999999999,0.1156372,1
31068,42,ATR,0.8000000000000003,0.6741979,1
31069,42,EPAS1,0.36,0.3925757,1
31070,42,TPM3,0.19999999999999998,0.1570124,1
31071,42,RPL10,0.10000000000000002,0.14181980000000002,1
31072,42,STAG1,0.12000000000000001,0.1504392,1
31073,42,SBDS,-0.08,-0.026336400000000003,1
31074,42,KMT2D,1.0300000000000005,0.8199468999999999,1
31075,42,MED12,0.45999999999999996,0.37746320000000005,1
31076,42,BCLAF1,-0.1,0.020099700000000005,1
31077,42,ASPSCR1,-0.010000000000000009,0.0035261000000000042,1
31078,42,CDK12,0.5700000000000001,0.4559849,1
31079,42,EWSR1,0.23999999999999994,0.29271850000000005,1
31080,42,NDRG1,-0.05000000000000001,-0.012099000000000006,1
31081,42,PSIP1,0.08999999999999998,0.0836624,1
31082,42,TRIM33,0.11,0.09603,1
31083,42,MTOR,0.9900000000000005,0.8226497999999999,1
31084,42,ARHGAP35,0.14,0.13749019999999998,1
31085,42,POT1,0.010000000000000002,0.0193128,1
31086,42,EXT1,0.1,0.07684200000000001,1
31087,42,IL6ST,0.34,0.27900220000000003,1
31088,42,IDH2,0.02,0.062686,1
31089,42,SMARCE1,0.41000000000000003,0.2803706,1
31090,42,CRTC3,0.09999999999999999,0.08727619999999998,1
31091,42,TSC1,0.31,0.3044208,1
31092,42,BCOR,-0.13,0.026014300000000004,1
31093,42,SDHA,0.28,0.19628009999999996,1
31094,42,EP300,2.3900000000000006,1.9839353000000002,1
31095,42,HNRNPA2B1,0.51,0.3493032,1
31096,42,CLIP1,-0.08,-0.0504939,1
31097,42,PATZ1,-0.63,-0.13975270000000004,1
31098,42,FUBP1,-0.13,-0.014192000000000001,1
31099,42,HLA-A,-0.09,0.011989799999999995,1
31100,42,CCNC,-0.17000000000000004,-0.06569910000000001,1
31101,42,RPN1,-0.16999999999999998,-0.0612495,1
31102,42,TCF7L2,0.009999999999999972,0.09392549999999998,1
31103,42,CANT1,-0.01999999999999999,0.0086684,1
31104,42,RPL5,-0.8,-0.1833324,1
31105,42,CCDC6,0.12,0.1031505,1
31106,42,NCKIPSD,-0.03,-0.0098476,1
31107,42,SMARCD1,0.42000000000000004,0.35379730000000004,1
31108,42,BCL10,0.1,0.0937102,1
31109,42,MAX,0.03,0.08005190000000001,1
31110,42,HERPUD1,-0.04,-0.0098972,1
31111,42,RAC1,0.039999999999999966,0.1422345,1
31112,42,FLNA,0.24,0.1713549,1
31113,42,TFE3,-0.56,-0.2265255,1
31114,42,NCOR2,0.7000000000000003,0.60104,1
31115,42,PRPF40B,0.060000000000000005,0.04167710000000001,1
31116,42,BCL3,-0.12000000000000001,-0.017662300000000006,1
31117,42,TFPT,-0.33,-0.10606750000000001,1
31118,42,MLH1,0.8700000000000001,0.7749479,1
31119,42,ARHGAP5,0.12999999999999998,0.1164721,1
31120,42,CIC,0.01,0.0074441,1
31121,42,LYN,0.7800000000000001,0.574667,1
31122,42,TCF12,0.34,0.2804383,1
31123,42,KLF6,0.060000000000000005,0.046695200000000006,1
31124,42,KMT2C,1.0400000000000003,0.8716066,1
31125,42,PIM1,-0.08000000000000002,0.0035193999999999816,1
31126,42,CCND1,1.1800000000000006,0.7380404000000002,1
31127,42,MLLT1,-1.4200000000000004,-0.3439211999999999,1
31128,42,MEN1,-2.7755575615628914e-17,0.03898370000000001,1
31129,42,CUL3,0.09999999999999999,0.15551940000000003,1
31130,42,RB1,0.6800000000000002,0.5625808999999999,1
31131,42,LPP,-0.16,-0.0409336,1
31132,42,BUB1B,-0.15000000000000002,-0.05071440000000001,1
31133,42,SMAD4,1.530000000000001,1.2593439999999998,1
31134,42,FGFR1,0.36000000000000004,0.31351960000000006,1
31135,42,TMSB4X,0.03,0.0228534,1
31136,42,CDK4,1.0900000000000005,0.7310271999999999,1
31137,42,MSI2,0.01,0.007765,1
31138,42,MSH6,1.1000000000000005,0.9231558,1
31139,42,BRAF,1.3000000000000005,1.1496561000000005,1
31140,42,TCEA1,-0.06999999999999998,0.018087900000000004,1
31141,42,TNFAIP3,0.15000000000000002,0.11395150000000001,1
31142,42,RABEP1,-0.010000000000000002,-0.007576500000000003,1
31143,42,GMPS,-0.08000000000000002,-0.0347424,1
31144,42,MDM2,0.9600000000000006,0.7931502999999996,1
31145,42,NSD2,0.26,0.1927772,1
31146,42,CASP8,-0.3,0.034565,1
31147,42,PER1,-0.21000000000000002,-0.0618814,1
31148,42,UBR5,0.029999999999999995,0.058746900000000005,1
31149,42,EIF3E,0.020000000000000004,0.07738479999999998,1
31150,42,RFWD3,0.030000000000000002,0.032074099999999994,1
31151,42,BRD3,0.08999999999999998,0.0631341,1
31152,42,PAFAH1B2,0.03,0.026855999999999998,1
31153,42,EXT2,0.020000000000000004,0.0183764,1
31154,42,PLCG1,0.48999999999999994,0.4004929,1
31155,42,SF3B1,-0.8,-0.3881121,1
31156,42,ARHGEF10L,0.04,0.0214104,1
31157,42,NFATC2,0.28,0.2144491,1
31158,42,SDHD,0.31999999999999995,0.21450420000000003,1
31159,42,PABPC1,-1.0400000000000003,-0.3150598,1
31160,42,POLD1,-0.3,-0.06270389999999999,1
31161,42,CALR,0.07999999999999999,0.09599189999999999,1
31162,42,PIK3CB,0.7800000000000002,0.6247162999999999,1
31163,42,PPM1D,0.31000000000000005,0.24040059999999996,1
31164,42,ATRX,0.9700000000000005,0.8625900000000002,1
31165,42,DGCR8,0.19,0.14051419999999998,1
31166,42,DDX10,0.16,0.1208361,1
31167,42,DROSHA,0.5800000000000002,0.46746380000000004,1
31168,42,TNFRSF14,-0.17,-0.056491,1
31169,42,BCL9L,0.14,0.1112957,1
31170,42,QKI,0.05,0.037062899999999996,1
31171,42,BAZ1A,0.0,0.0,1
31172,42,CHD4,0.4,0.3333375999999999,1
31173,42,NSD3,0.07999999999999999,0.1064761,1
31174,42,NT5C2,0.16,0.0898153,1
31175,42,CCNB1IP1,0.11,0.054931900000000006,1
31176,42,PCBP1,-1.0999999999999999,-0.3099061000000001,1
31177,42,RALGDS,0.0,0.07178419999999999,1
31178,42,ARHGEF12,-0.010000000000000009,0.025995700000000004,1
31179,42,HSP90AB1,1.0300000000000002,0.7230861000000002,1
31180,42,FOXO3,1.4600000000000009,1.0722778,1
31181,42,HIP1,-0.01,-0.0066981,1
31182,42,CDC73,0.09000000000000001,0.10490820000000001,1
31183,42,NIN,-0.019999999999999993,-0.0145606,1
31184,42,MDM4,-0.009999999999999981,0.11336700000000001,1
31185,42,COL3A1,0.25,0.2054432,1
31186,42,CTNND1,0.13,0.1688089,1
31187,42,SPOP,0.019999999999999993,0.058126300000000006,1
31188,42,TMEM127,-0.009999999999999995,0.014944099999999998,1
31189,42,CREB3L2,0.16,0.10231710000000001,1
31190,42,MSH2,1.0200000000000005,0.8878699000000001,1
31191,42,FNBP1,-0.009999999999999997,0.011801500000000003,1
31192,42,ATF1,0.16,0.10940040000000001,1
31193,42,EIF1AX,-0.54,-0.1750871,1
31194,42,PMS1,0.52,0.4071116,1
31195,42,DEK,0.17,0.14621499999999998,1
31196,42,ERBB2,1.1600000000000006,0.7350612000000003,1
31197,42,AKT1,1.590000000000001,0.9973078000000003,1
31198,42,CHEK2,0.5599999999999999,0.6391755,1
31199,42,SDHB,0.42000000000000004,0.29325110000000004,1
31200,42,NCOA1,0.3499999999999999,0.2974225,1
31201,42,CHIC2,0.09,0.0605822,1
31202,42,RUNX1,0.04999999999999984,0.5847534,1
31203,42,STAT6,0.4600000000000001,0.3816856,1
31204,42,FH,-0.12,-0.0349462,1
31205,42,AKT3,0.9600000000000005,0.7041206,1
31206,42,GNAS,0.38,0.2716963,1
31207,42,CTNNB1,1.3000000000000007,0.9293012,1
31208,42,NONO,0.39,0.3058274,1
31209,42,SMARCB1,1.1400000000000003,0.8810666999999999,1
31210,42,PRKAR1A,0.22,0.1982287,1
31211,42,ITGAV,-0.01,0.048501699999999995,1
31212,42,SS18,0.47000000000000003,0.34693189999999996,1
31213,42,MAP2K1,0.9900000000000004,0.6339375,1
31214,42,SIRPA,-0.049999999999999996,-0.0048980999999999955,1
31215,42,PPFIBP1,0.42,0.30845079999999997,1
31216,42,RPL22,-0.19000000000000003,0.10681270000000001,1
31217,42,CYLD,0.32,0.2503014,1
31218,42,ARID1B,0.8800000000000001,0.6723086999999999,1
31219,42,SETDB1,0.35,0.2491045,1
31220,42,AFDN,-0.30000000000000004,-0.0749697,1
31221,42,ZRSR2,0.020000000000000004,0.0072085,1
31222,42,PBRM1,1.0500000000000005,0.8032151,1
31223,42,XPC,0.55,0.3433427,1
31224,42,ASXL2,0.28,0.20283489999999998,1
31225,42,TRIM24,-0.15,0.02553109999999998,1
31226,42,SFPQ,-0.51,-0.2014566,1
31227,42,NCOA2,0.6600000000000001,0.5418043,1
31228,42,FOXO4,0.39,0.24677750000000004,1
31229,42,LEF1,0.26,0.24934459999999997,1
31230,42,B2M,-0.33,-0.1403753,1
31231,42,DDIT3,-0.32000000000000006,-0.1032542,1
31232,42,BCL6,0.3500000000000001,0.30400420000000006,1
31233,42,KRAS,-0.16000000000000006,0.11400400000000001,1
31234,42,FAT1,0.12000000000000002,0.0891484,1
31235,42,ABL2,0.03,0.0400153,1
31236,42,NF1,1.4900000000000009,1.2003474,1
31237,42,BTG1,-0.05,-0.0223495,1
31238,42,EIF4A2,0.049999999999999996,0.0351326,1
31239,42,SET,0.19,0.1515631,1
31240,42,EPS15,0.08000000000000002,0.06942040000000001,1
31241,42,RNF213,0.05,0.04381620000000001,1
31242,42,CTCF,1.0100000000000005,0.6748080000000001,1
31243,42,WDCP,0.19999999999999996,0.12262809999999999,1
31244,42,KAT7,0.18,0.1439051,1
31245,42,KDM5C,0.22000000000000003,0.20895589999999997,1
31246,42,TGFBR2,0.14999999999999994,0.17588460000000003,1
31247,42,ATM,0.9900000000000007,1.0204249999999997,1
31248,42,NUMA1,-0.02,0.017141699999999996,1
31249,42,STAT3,0.7900000000000004,0.8263587000000003,1
31250,42,SUB1,-0.13,-0.05770549999999999,1
31251,42,NUP98,0.26999999999999996,0.26484109999999994,1
31252,42,ELL,0.16999999999999998,0.0869819,1
31253,42,MAP3K1,0.36,0.2937803,1
31254,42,MALT1,0.15,0.1484019,1
31255,42,XPO1,0.5600000000000002,0.46449350000000006,1
31256,42,SETD1B,0.28,0.2188774,1
31257,42,ETV6,-0.010000000000000004,0.0547329,1
31258,42,TBL1XR1,0.24,0.1675439,1
31259,42,NUP214,0.020000000000000007,0.17354970000000003,1
31260,42,TPR,0.11999999999999997,0.1111506,1
31261,42,ATIC,0.14,0.13898969999999997,1
31262,42,NACA,0.21000000000000002,0.13111,1
31263,42,MYO5A,0.0,0.0013394000000000001,1
31264,42,SMC1A,0.2800000000000001,0.4164941999999999,1
31265,42,LASP1,-0.24,-0.12380279999999999,1
31266,42,ERCC5,0.47,0.2984258,1
31267,42,JUN,-1.49,-0.2589518,1
31268,42,THRAP3,0.06,0.04758210000000001,1
31269,42,STAG2,0.29999999999999993,0.30465829999999994,1
31270,42,RAF1,0.8000000000000003,0.6107677,1
31271,42,ERCC3,0.66,0.5543927000000001,1
31272,42,SMAD2,0.3600000000000003,0.46992290000000014,1
31273,42,TAF15,0.2,0.15958550000000002,1
31274,42,ARNT,0.23,0.21333090000000005,1
31275,42,CLTC,-0.53,-0.2359504,1
31276,42,IKBKB,0.44000000000000017,0.44270590000000004,1
31277,42,IDH1,-0.15000000000000002,-0.006456100000000012,1
31278,42,SND1,0.04000000000000001,0.0485572,1
31279,42,KNSTRN,0.02,0.0148672,1
31280,42,RHOA,-3.09,-0.7169584,1
31281,42,PALB2,0.7100000000000001,0.6271277000000001,1
31282,42,ARID2,0.8800000000000001,0.6840533000000001,1
31283,42,EZR,-0.08,-0.014238799999999996,1
31284,42,TP53,0.6000000000000006,0.8613556000000001,1
31285,42,ARAF,0.43000000000000005,0.2543865,1
31286,42,KIF5B,0.5900000000000001,0.4478870999999999,1
31287,42,KAT6A,0.18000000000000002,0.21823700000000001,1
31288,42,KTN1,-0.08,-0.010304799999999996,1
31289,42,GOLGA5,-0.07,-0.0465079,1
31290,42,KDM5A,0.28,0.26788379999999995,1
31291,42,RAD21,0.5700000000000001,0.4787181,1
31292,42,GNAQ,0.41000000000000003,0.3098758000000001,1
31293,42,CAMTA1,0.07,0.051939,1
31294,42,ERCC2,0.64,0.5186489,1
31295,42,EZH2,1.3600000000000008,1.1311528999999998,1
31296,42,TOP1,0.32,0.2365432,1
31297,42,SRSF3,-0.48000000000000015,-0.12225720000000002,1
31298,42,NPM1,0.030000000000000006,0.1137342,1
31299,42,BAX,-0.76,-0.17619780000000002,1
31300,42,NOTCH2,0.31,0.2653875,1
31301,42,TRAF7,0.01,0.0067782,1
31302,42,KDM6A,0.8600000000000002,0.9069168999999999,1
31303,42,SPEN,0.16,0.1313345,1
31304,42,TRIM27,-0.62,-0.17627400000000001,1
31305,42,CRTC1,0.16999999999999998,0.13955239999999997,1
31306,42,EML4,0.3400000000000001,0.3325745000000001,1
31307,42,USP9X,0.020000000000000004,0.017027300000000002,1
31308,42,PTPRK,0.0,0.0,1
31309,42,CD74,-0.00999999999999999,0.06141019999999999,1
31310,42,CBL,0.53,0.470105,1
31311,42,ZNF384,0.05,0.0380843,1
31312,42,NOTCH1,1.2500000000000007,0.9089820000000002,1
31313,42,COX6C,-0.17,-0.0464853,1
31314,42,CHCHD7,0.02,0.0129356,1
31315,42,HMGA1,-0.049999999999999996,-0.016151799999999997,1
31316,42,PTEN,1.1500000000000006,1.0973968000000003,1
31317,42,FIP1L1,-0.06,-0.018473100000000003,1
31318,42,JAK1,0.8600000000000003,0.7133609,1
31319,42,ZMYM2,0.019999999999999997,0.020227800000000004,1
31320,42,SUZ12,0.7200000000000002,0.5816975999999999,1
31321,42,FUS,-1.21,-0.22210940000000004,1
31322,42,BAP1,-0.32,-0.12446850000000001,1
31323,42,ZCCHC8,-0.07,-0.022162,1
31324,42,CRNKL1,0.019999999999999997,0.0157717,1
31325,42,RAD17,0.22999999999999998,0.1688956,1
31326,42,ATP1A1,0.0,0.004934300000000002,1
31327,42,DNMT3A,1.0800000000000003,0.8505167000000001,1
31328,42,FBXW7,0.9000000000000002,0.7809663000000003,1
31329,42,WWTR1,-0.030000000000000006,-0.004163399999999995,1
31330,42,CDKN1B,0.45000000000000007,0.3107033,1
31331,42,KMT2A,0.26,0.32181329999999997,1
31332,42,PTPN11,1.1700000000000006,0.9509894,1
31333,42,STAT5B,0.8100000000000004,0.6616801,1
31334,42,CUX1,-0.07,-0.0431213,1
31335,42,ABI1,-0.22999999999999998,-0.06536890000000001,1
31336,42,BRCA1,1.6700000000000013,1.3781136999999997,1
31337,42,SH2B3,0.13,0.0821582,1
31338,42,AFF4,-0.060000000000000005,-0.0228224,1
31339,42,NF2,0.16999999999999998,0.16164530000000002,1
31340,42,LMNA,0.11,0.0796275,1
31341,42,TSC2,0.8500000000000001,0.6847217,1
31342,42,GOLPH3,-0.049999999999999996,-0.0361937,1
31343,42,PCM1,-0.04,-0.0333372,1
31344,42,PPP2R1A,-0.28,-0.0544835,1
31345,42,ARID1A,1.8100000000000012,1.4398661,1
31346,42,ABL1,-0.24999999999999994,0.05119250000000004,1
31347,42,AFF1,0.12,0.1212763,1
31348,42,DAXX,-0.84,-0.20555300000000004,1
31349,42,CBFB,0.11,0.15173340000000002,1
31350,42,CBLB,0.17,0.1457544,1
31351,42,POLR2A,-0.44,0.04363250000000001,1
31352,42,PRKACA,0.1500000000000001,0.2882333,1
31353,42,DNM2,-0.13,-0.05144769999999999,1
31354,42,RAP1GDS1,0.04000000000000001,0.06297890000000003,1
31355,42,NCOR1,0.8900000000000001,0.8769117999999997,1
31356,42,NFKBIE,-0.32999999999999996,-0.10743820000000001,1
31357,42,DDX3X,0.29,0.27931059999999996,1
31358,42,ELK4,0.03,0.0247404,1
31359,42,MLLT6,0.09,0.0719435,1
31360,42,SRSF2,-3.46,-0.7610587999999999,1
31361,42,CTNNA1,0.17,0.1341434,1
31362,42,RBM10,0.12000000000000004,0.08907860000000001,1
31363,42,PTPRC,-0.04000000000000001,0.08815019999999998,1
31364,42,HSP90AA1,0.9300000000000004,0.6814885999999997,1
31365,42,NSD1,0.25,0.2092689,0
31366,42,DICER1,0.16999999999999996,0.1926381,0
31367,42,BIRC6,0.07,0.06292299999999999,0
31368,42,SDHC,0.29000000000000004,0.20151550000000001,0
31369,42,TFG,0.25,0.1362373,0
31370,42,MAP2K2,0.32,0.24998150000000002,0
31371,42,TFRC,-0.3,-0.139613,0
31372,42,CREB1,0.8300000000000004,0.5868507000000001,0
31373,42,POLG,0.01,0.0039511,0
31374,42,SETD2,0.7200000000000002,0.5915406000000001,0
31375,42,NAB2,-0.28,-0.10742089999999999,0
31376,42,HIF1A,1.5000000000000007,1.0569746000000002,0
31377,42,FLCN,0.05,0.0432552,0
31378,42,MAP2K4,0.03999999999999999,0.0847841,0
31379,42,CNOT3,-0.04,-0.008410999999999998,0
31380,42,CIITA,0.12000000000000001,0.08569700000000001,0
31381,42,LSM14A,0.06,0.0600348,0
31382,42,AKAP9,-0.05,-0.013059300000000003,0
31383,42,MSN,-0.2799999999999999,-0.042828500000000005,0
31384,42,BCR,0.07,0.0582909,0
31385,42,TRRAP,0.07999999999999999,0.12510270000000004,0
31386,42,PPP6C,-0.17,-0.0729953,0
31387,42,NCOA4,-0.27,-0.1411117,0
31388,42,BCL9,0.14,0.10397939999999999,0
31389,42,PRCC,0.030000000000000002,0.02866870000000001,0
31390,42,LARP4B,-0.01,-0.0049675000000000006,0
31391,42,CHD2,0.01,0.0075468,0
31392,42,ASXL1,0.36000000000000004,0.3756719999999999,0
31393,42,SMARCA4,1.360000000000001,1.0366362,0
31394,42,ERC1,-0.02,-0.0148372,0
31395,42,DCTN1,-0.18,-0.0731253,0
31396,42,PIK3R1,1.4700000000000009,0.9894774999999998,0
31397,42,EED,-0.12000000000000004,0.010991200000000012,0
31398,42,CNBP,0.01,0.005404,0
31399,42,SGK1,0.3,0.1703761,0
31400,42,MLLT10,-0.019999999999999993,0.009486000000000003,0
31401,42,BRD4,1.1000000000000005,0.8326596,0
31402,42,RANBP2,0.10999999999999996,0.19757520000000006,0
31403,42,FBXO11,0.05,0.0403045,0
31404,42,PML,0.42,0.2915958,0
31405,42,AKT2,0.8800000000000001,0.5858447000000001,0
31406,42,CEP89,0.06,0.0355726,0
31407,42,LZTR1,-0.010000000000000002,0.053163499999999995,0
31408,42,YWHAE,0.3600000000000001,0.239617,0
31409,42,DNAJB1,-0.009999999999999995,0.008414000000000005,0
31410,42,PRDM2,0.04,0.0286486,0
31411,42,TPM4,0.49000000000000005,0.3181856,0
31412,42,CREBBP,1.730000000000001,1.4089511,0
31413,42,PMS2,0.6400000000000001,0.5698496,0
31414,42,DDR2,0.049999999999999996,0.03227699999999999,0
31415,42,FANCA,0.36,0.2835122,0
31416,42,PDE4DIP,0.05,0.034059,0
31417,42,USP8,-0.07,-0.03560100000000001,0
31418,42,MYH9,-0.3,-0.03787060000000002,0
31419,42,MYC,-1.1300000000000001,-0.3820871000000001,0
31420,42,NBN,0.51,0.3726996,0
31421,42,CCND3,-0.020000000000000018,0.04890939999999999,0
31422,42,TRIP11,-0.13,-0.0824568,0
31423,42,CNTRL,-0.08,-0.054219199999999995,0
31424,42,PIK3CA,1.6300000000000008,1.1193568,0
31425,42,DDX5,0.25000000000000006,0.2559908999999999,0
31426,42,PICALM,3.469446951953614e-18,0.004418000000000005,0
31427,42,RARA,0.6100000000000002,0.4263783,0
31428,42,DDX6,0.02,0.06972369999999999,0
31429,42,COL1A1,0.18000000000000005,0.16137760000000004,0
31430,42,VHL,0.22999999999999998,0.16502850000000002,0
31431,42,MAPK1,1.4000000000000008,0.8412553000000002,0
31432,42,SRC,-0.75,-0.005702100000000002,0
31433,42,NFE2L2,0.27,0.16485600000000006,0
31434,42,MITF,-0.26,-0.0637885,0
31435,42,SMAD3,1.2500000000000009,0.9094989000000001,0
31436,42,RBM15,0.09000000000000001,0.076702,0
31437,42,ATR,0.6600000000000003,0.5512138,0
31438,42,EPAS1,0.38,0.3343245,0
31439,42,TPM3,0.22000000000000003,0.1638792,0
31440,42,RPL10,0.16,0.1353246,0
31441,42,STAG1,0.11,0.1243927,0
31442,42,SBDS,-0.05,-0.0197231,0
31443,42,KMT2D,0.9300000000000004,0.6644731,0
31444,42,MED12,0.31000000000000005,0.24538320000000002,0
31445,42,BCLAF1,-0.07,0.0105957,0
31446,42,ASPSCR1,0.04,0.0280776,0
31447,42,CDK12,0.2,0.1445566,0
31448,42,EWSR1,0.44,0.35192949999999995,0
31449,42,NDRG1,-0.049999999999999996,-0.0233441,0
31450,42,PSIP1,-0.18000000000000002,-0.08745560000000001,0
31451,42,TRIM33,0.02000000000000001,0.027914600000000005,0
31452,42,MTOR,1.2400000000000007,0.8753871000000003,0
31453,42,ARHGAP35,0.05999999999999999,0.125911,0
31454,42,POT1,-0.039999999999999994,-0.007977000000000001,0
31455,42,EXT1,0.11,0.0696157,0
31456,42,IL6ST,0.28,0.2091076,0
31457,42,IDH2,0.34,0.22927819999999996,0
31458,42,SMARCE1,0.46,0.2816712,0
31459,42,CRTC3,0.09,0.06732379999999999,0
31460,42,TSC1,0.34,0.282507,0
31461,42,BCOR,-0.13999999999999999,-0.01917760000000001,0
31462,42,SDHA,0.22,0.134856,0
31463,42,EP300,1.5800000000000012,1.2167899000000002,0
31464,42,HNRNPA2B1,0.24999999999999994,0.22142890000000004,0
31465,42,CLIP1,-0.15000000000000002,-0.0795445,0
31466,42,PATZ1,-0.41000000000000003,-0.1164383,0
31467,42,FUBP1,-0.08999999999999998,0.009424900000000003,0
31468,42,HLA-A,-0.06000000000000001,0.05375689999999998,0
31469,42,CCNC,-0.16000000000000003,-0.06855510000000001,0
31470,42,RPN1,-0.26,-0.06918339999999999,0
31471,42,TCF7L2,0.03999999999999996,0.06692660000000002,0
31472,42,CANT1,0.12000000000000001,0.07720480000000002,0
31473,42,RPL5,-0.62,-0.14615830000000005,0
31474,42,CCDC6,-0.010000000000000009,0.025607300000000006,0
31475,42,NCKIPSD,0.03,0.0171766,0
31476,42,SMARCD1,0.43,0.28931120000000005,0
31477,42,BCL10,-0.010000000000000002,0.010676199999999993,0
31478,42,MAX,-0.009999999999999992,0.009014799999999996,0
31479,42,HERPUD1,0.03,0.0128244,0
31480,42,RAC1,-0.09,0.0993769,0
31481,42,FLNA,0.13,0.1275935,0
31482,42,TFE3,-0.36,-0.1604364,0
31483,42,NCOR2,0.7700000000000002,0.5611293,0
31484,42,PRPF40B,0.0,-7.819999999999962e-05,0
31485,42,BCL3,-0.020000000000000004,0.0027456000000000086,0
31486,42,TFPT,-0.19,-0.07622409999999999,0
31487,42,MLH1,0.8700000000000001,0.7148795,0
31488,42,ARHGAP5,0.17,0.121841,0
31489,42,CIC,0.0,0.0,0
31490,42,LYN,0.9100000000000004,0.6086479999999999,0
31491,42,TCF12,0.27,0.2021055,0
31492,42,KLF6,0.05,0.028439200000000005,0
31493,42,KMT2C,0.9300000000000002,0.7197520999999998,0
31494,42,PIM1,-0.10999999999999999,-0.03038020000000001,0
31495,42,CCND1,1.1500000000000006,0.7342373999999999,0
31496,42,MLLT1,-0.6900000000000002,-0.2168449999999999,0
31497,42,MEN1,0.019999999999999997,0.056532399999999976,0
31498,42,CUL3,0.12000000000000001,0.12573640000000005,0
31499,42,RB1,0.6700000000000002,0.4746478999999999,0
31500,42,LPP,-0.05,-0.0212691,0
31501,42,BUB1B,-0.11,-0.0566907,0
31502,42,SMAD4,1.3000000000000007,0.9539766,0
31503,42,FGFR1,0.21000000000000002,0.14396250000000002,0
31504,42,TMSB4X,0.04,0.033146800000000004,0
31505,42,CDK4,0.55,0.39811219999999997,0
31506,42,MSI2,0.01,0.0067741,0
31507,42,MSH6,0.8700000000000003,0.6480728,0
31508,42,BRAF,0.9200000000000004,0.8010360000000002,0
31509,42,TCEA1,-0.07,-0.01522530000000001,0
31510,42,TNFAIP3,0.1,0.09960560000000002,0
31511,42,RABEP1,0.009999999999999998,0.0052878000000000005,0
31512,42,GMPS,-0.04999999999999999,-0.0332775,0
31513,42,MDM2,1.2000000000000006,0.7813719000000001,0
31514,42,NSD2,0.17,0.1182646,0
31515,42,CASP8,0.02000000000000001,0.1838435,0
31516,42,PER1,-0.2,-0.0352135,0
31517,42,UBR5,-0.059999999999999984,-0.0180093,0
31518,42,EIF3E,-0.08000000000000002,0.0457358,0
31519,42,RFWD3,0.020000000000000004,0.025450000000000007,0
31520,42,BRD3,0.14,0.11345550000000001,0
31521,42,PAFAH1B2,0.02,0.015132000000000001,0
31522,42,EXT2,0.0,0.007243500000000007,0
31523,42,PLCG1,0.5800000000000001,0.3859769,0
31524,42,SF3B1,-0.41000000000000003,-0.1469657,0
31525,42,ARHGEF10L,0.02,0.011413199999999998,0
31526,42,NFATC2,0.18999999999999997,0.1295238,0
31527,42,SDHD,0.24,0.12569140000000004,0
31528,42,PABPC1,-0.78,-0.1969823,0
31529,42,POLD1,-0.15000000000000002,-0.014445800000000009,0
31530,42,CALR,0.05999999999999998,0.046741399999999995,0
31531,42,PIK3CB,0.5700000000000001,0.43615899999999996,0
31532,42,PPM1D,0.19000000000000003,0.14535520000000002,0
31533,42,ATRX,1.0500000000000005,0.8318659,0
31534,42,DGCR8,0.15000000000000002,0.0922023,0
31535,42,DDX10,0.1,0.0648741,0
31536,42,DROSHA,0.39,0.2772896,0
31537,42,TNFRSF14,-0.1,-0.0343805,0
31538,42,BCL9L,0.13,0.08553569999999999,0
31539,42,QKI,-0.09999999999999999,-0.0580898,0
31540,42,BAZ1A,0.02,0.0147452,0
31541,42,CHD4,0.24999999999999997,0.22949619999999998,0
31542,42,NSD3,0.019999999999999997,0.032131200000000006,0
31543,42,NT5C2,0.15000000000000002,0.09812320000000001,0
31544,42,CCNB1IP1,0.09,0.0366722,0
31545,42,PCBP1,-0.6399999999999999,-0.2077667,0
31546,42,RALGDS,0.10999999999999999,0.07842679999999999,0
31547,42,ARHGEF12,-0.030000000000000002,-0.006490299999999999,0
31548,42,HSP90AB1,1.1700000000000006,0.7902664,0
31549,42,FOXO3,1.2200000000000006,0.8177636999999998,0
31550,42,HIP1,-0.02,-0.0120694,0
31551,42,CDC73,-0.12000000000000004,0.00011679999999999937,0
31552,42,NIN,0.02,0.012439699999999998,0
31553,42,MDM4,0.14000000000000004,0.1644479,0
31554,42,COL3A1,0.17,0.14815799999999998,0
31555,42,CTNND1,0.16000000000000003,0.1378064,0
31556,42,SPOP,-1.0408340855860843e-17,0.0183532,0
31557,42,TMEM127,0.06000000000000001,0.0662221,0
31558,42,CREB3L2,0.09,0.055954,0
31559,42,MSH2,0.9300000000000004,0.6425858999999998,0
31560,42,FNBP1,0.02,0.0163521,0
31561,42,ATF1,-0.009999999999999992,-0.0043707,0
31562,42,EIF1AX,-0.56,-0.2319659,0
31563,42,PMS1,0.57,0.43660709999999997,0
31564,42,DEK,0.060000000000000005,0.0876657,0
31565,42,ERBB2,1.0100000000000002,0.6350940000000002,0
31566,42,AKT1,1.3500000000000008,0.8480754999999998,0
31567,42,CHEK2,0.25,0.3551203000000001,0
31568,42,SDHB,0.45,0.2832633,0
31569,42,NCOA1,0.42000000000000004,0.28512830000000006,0
31570,42,CHIC2,0.039999999999999994,0.0201326,0
31571,42,RUNX1,0.23000000000000007,0.5723162,0
31572,42,STAT6,0.27,0.1782287,0
31573,42,FH,-0.19,-0.06297529999999998,0
31574,42,AKT3,1.0800000000000003,0.6853089999999998,0
31575,42,GNAS,0.25,0.16379580000000002,0
31576,42,CTNNB1,1.4000000000000008,0.9025736999999998,0
31577,42,NONO,0.11,0.0743679,0
31578,42,SMARCB1,0.9800000000000004,0.7128175,0
31579,42,PRKAR1A,0.05,0.0605469,0
31580,42,ITGAV,0.05,0.0501644,0
31581,42,SS18,0.39,0.2377408,0
31582,42,MAP2K1,1.0200000000000005,0.6347515,0
31583,42,SIRPA,-0.01,-0.0043294000000000015,0
31584,42,PPFIBP1,0.37999999999999995,0.2464877,0
31585,42,RPL22,-0.36,0.07734610000000001,0
31586,42,CYLD,0.28,0.21229140000000002,0
31587,42,ARID1B,0.6100000000000001,0.4537147,0
31588,42,SETDB1,0.32,0.2317601,0
31589,42,AFDN,-0.35000000000000003,-0.13160080000000002,0
31590,42,ZRSR2,0.32000000000000006,0.22985280000000002,0
31591,42,PBRM1,0.9500000000000004,0.6781164000000002,0
31592,42,XPC,0.6200000000000001,0.4180411,0
31593,42,ASXL2,0.23,0.15258460000000001,0
31594,42,TRIM24,-0.24000000000000002,-0.11203659999999999,0
31595,42,SFPQ,-0.06000000000000001,0.03790010000000002,0
31596,42,NCOA2,0.55,0.37721609999999994,0
31597,42,FOXO4,0.38,0.25716279999999997,0
31598,42,LEF1,0.030000000000000006,0.042935200000000014,0
31599,42,B2M,-0.6699999999999999,-0.20859580000000005,0
31600,42,DDIT3,-0.43000000000000005,-0.1023587,0
31601,42,BCL6,0.5800000000000002,0.40168120000000007,0
31602,42,KRAS,-1.9300000000000006,-0.4678567,0
31603,42,FAT1,0.07999999999999999,0.0641593,0
31604,42,ABL2,0.10000000000000002,0.067579,0
31605,42,NF1,0.7700000000000002,0.6274196,0
31606,42,BTG1,-0.01,-0.0055871,0
31607,42,EIF4A2,0.039999999999999994,0.0472407,0
31608,42,SET,0.17,0.14222250000000003,0
31609,42,EPS15,0.010000000000000002,0.01953860000000001,0
31610,42,RNF213,0.03,0.024047399999999997,0
31611,42,CTCF,0.9300000000000004,0.6664349999999999,0
31612,42,WDCP,0.07999999999999999,0.06071280000000001,0
31613,42,KAT7,0.09999999999999999,0.0778079,0
31614,42,KDM5C,0.16,0.1526439,0
31615,42,TGFBR2,0.21999999999999997,0.15866260000000004,0
31616,42,ATM,1.3800000000000008,1.0519254000000002,0
31617,42,NUMA1,-0.020000000000000004,-0.001297600000000002,0
31618,42,STAT3,1.3500000000000008,1.0750108999999999,0
31619,42,SUB1,-0.32999999999999996,-0.1095237,0
31620,42,NUP98,0.039999999999999966,0.07108030000000001,0
31621,42,ELL,0.05000000000000001,0.0434911,0
31622,42,MAP3K1,0.4699999999999999,0.3478469,0
31623,42,MALT1,0.15999999999999998,0.13788850000000002,0
31624,42,XPO1,0.22,0.1875722,0
31625,42,SETD1B,0.12,0.0860091,0
31626,42,ETV6,-0.26,-0.0930042,0
31627,42,TBL1XR1,0.19000000000000003,0.12344720000000002,0
31628,42,NUP214,0.07000000000000002,0.1154926,0
31629,42,TPR,0.07,0.08218249999999999,0
31630,42,ATIC,0.020000000000000018,0.029530300000000002,0
31631,42,NACA,0.24,0.16775070000000003,0
31632,42,MYO5A,0.0,0.007029199999999999,0
31633,42,SMC1A,0.64,0.5068999,0
31634,42,LASP1,-0.16,-0.0965714,0
31635,42,ERCC5,0.49,0.32205100000000003,0
31636,42,JUN,0.8700000000000003,0.5989958000000001,0
31637,42,THRAP3,0.1,0.0808514,0
31638,42,STAG2,0.49,0.3724174,0
31639,42,RAF1,1.2000000000000004,0.8193615000000001,0
31640,42,ERCC3,0.52,0.43394859999999996,0
31641,42,SMAD2,0.46000000000000024,0.4311924999999999,0
31642,42,TAF15,0.14,0.12688050000000003,0
31643,42,ARNT,0.32999999999999996,0.25916200000000006,0
31644,42,CLTC,-0.5,-0.28818230000000006,0
31645,42,IKBKB,0.6200000000000003,0.4592045999999999,0
31646,42,IDH1,-0.55,-0.1297584,0
31647,42,SND1,-0.009999999999999997,-0.004760099999999997,0
31648,42,KNSTRN,0.03,0.0233574,0
31649,42,RHOA,-0.67,-0.12037920000000002,0
31650,42,PALB2,0.65,0.5389094000000002,0
31651,42,ARID2,0.7300000000000002,0.5351520000000001,0
31652,42,EZR,-0.18,-0.025822199999999997,0
31653,42,TP53,-0.9399999999999997,0.011099200000000059,0
31654,42,ARAF,0.35,0.19747109999999998,0
31655,42,KIF5B,0.3400000000000001,0.2491551,0
31656,42,KAT6A,0.21,0.18025690000000003,0
31657,42,KTN1,-0.07,-0.018104099999999998,0
31658,42,GOLGA5,-0.15,-0.09184,0
31659,42,KDM5A,0.21,0.19561419999999996,0
31660,42,RAD21,0.44000000000000006,0.33424449999999994,0
31661,42,GNAQ,0.14,0.0926827,0
31662,42,CAMTA1,-0.01,-0.0040736,0
31663,42,ERCC2,0.64,0.4488014,0
31664,42,EZH2,1.8300000000000012,1.1388964,0
31665,42,TOP1,0.22,0.1568603,0
31666,42,SRSF3,-0.39999999999999997,-0.10386490000000002,0
31667,42,NPM1,-0.10999999999999997,0.11749920000000001,0
31668,42,BAX,-0.43000000000000005,-0.1410055,0
31669,42,NOTCH2,0.27,0.20886340000000003,0
31670,42,TRAF7,0.04,0.0306352,0
31671,42,KDM6A,0.8400000000000003,0.6898977,0
31672,42,SPEN,0.09999999999999999,0.0720693,0
31673,42,TRIM27,-0.34,-0.1300599,0
31674,42,CRTC1,0.15000000000000002,0.1156132,0
31675,42,EML4,0.13999999999999999,0.13685409999999998,0
31676,42,USP9X,-0.06999999999999999,-0.040881,0
31677,42,PTPRK,0.01,0.0064212,0
31678,42,CD74,-0.08999999999999998,0.024723600000000005,0
31679,42,CBL,0.6300000000000001,0.44261500000000004,0
31680,42,ZNF384,-0.07,-0.0349029,0
31681,42,NOTCH1,0.9500000000000005,0.7085826000000003,0
31682,42,COX6C,-0.11000000000000001,-0.0532883,0
31683,42,CHCHD7,0.03,0.0197847,0
31684,42,HMGA1,-0.09,-0.041905899999999996,0
31685,42,PTEN,1.530000000000001,1.186827,0
31686,42,FIP1L1,-0.03,-0.0177063,0
31687,42,JAK1,0.7400000000000002,0.5783353,0
31688,42,ZMYM2,-0.07,-0.0473435,0
31689,42,SUZ12,0.6500000000000001,0.4377516,0
31690,42,FUS,-0.09000000000000008,0.14319220000000002,0
31691,42,BAP1,0.12999999999999998,0.11644799999999998,0
31692,42,ZCCHC8,-0.08,-0.0230088,0
31693,42,CRNKL1,-0.04,-0.0238912,0
31694,42,RAD17,0.09000000000000001,0.06506359999999999,0
31695,42,ATP1A1,-0.01,-0.0051063,0
31696,42,DNMT3A,0.7500000000000002,0.6272401999999999,0
31697,42,FBXW7,0.9700000000000003,0.7260783,0
31698,42,WWTR1,-0.11,-0.051610899999999994,0
31699,42,CDKN1B,0.5499999999999999,0.3384094,0
31700,42,KMT2A,0.46000000000000013,0.35760239999999993,0
31701,42,PTPN11,0.8500000000000002,0.6200722,0
31702,42,STAT5B,0.6300000000000001,0.47659359999999995,0
31703,42,CUX1,-0.11000000000000001,-0.0701908,0
31704,42,ABI1,-0.48,-0.1516084,0
31705,42,BRCA1,1.750000000000001,1.3268367,0
31706,42,SH2B3,0.05,0.03903020000000001,0
31707,42,AFF4,0.15,0.1028887,0
31708,42,NF2,-0.050000000000000024,0.0345638,0
31709,42,LMNA,0.17,0.116098,0
31710,42,TSC2,0.53,0.42177749999999997,0
31711,42,GOLPH3,-0.12000000000000001,-0.0669844,0
31712,42,PCM1,-0.07,-0.0449971,0
31713,42,PPP2R1A,-0.25,-0.05448000000000001,0
31714,42,ARID1A,1.740000000000001,1.227838,0
31715,42,ABL1,0.2500000000000001,0.2303308999999999,0
31716,42,AFF1,0.27999999999999997,0.2140625,0
31717,42,DAXX,-0.16000000000000003,-0.007140099999999993,0
31718,42,CBFB,0.13,0.0941268,0
31719,42,CBLB,0.13,0.09581320000000002,0
31720,42,POLR2A,0.05999999999999997,0.16252619999999998,0
31721,42,PRKACA,0.4200000000000001,0.3242984000000001,0
31722,42,DNM2,-0.13,-0.0493132,0
31723,42,RAP1GDS1,-0.08,-0.033313699999999995,0
31724,42,NCOR1,1.0000000000000002,0.8257004000000003,0
31725,42,NFKBIE,-0.14,-0.05467040000000001,0
31726,42,DDX3X,0.049999999999999996,0.08216470000000001,0
31727,42,ELK4,0.02,0.01369,0
31728,42,MLLT6,0.12000000000000001,0.0855008,0
31729,42,SRSF2,-0.9,-0.24258909999999995,0
31730,42,CTNNA1,0.09000000000000001,0.0679891,0
31731,42,RBM10,0.25000000000000006,0.17335850000000003,0
31732,42,PTPRC,0.09,0.1055568,0
31733,42,HSP90AA1,1.2300000000000006,0.8116460000000001,0
31734,43,NSD1,0.24,0.2095678,1
31735,43,DICER1,0.17000000000000007,0.2148809,1
31736,43,BIRC6,0.060000000000000005,0.0745842,1
31737,43,SDHC,0.39,0.2814034,1
31738,43,TFG,0.07999999999999999,0.0813703,1
31739,43,MAP2K2,0.21000000000000002,0.1702523,1
31740,43,TFRC,-0.19999999999999998,-0.08084830000000001,1
31741,43,CREB1,0.9200000000000006,0.7293775000000001,1
31742,43,POLG,-0.01,-0.0030865,1
31743,43,SETD2,0.5400000000000003,0.48504549999999996,1
31744,43,NAB2,-0.35000000000000003,-0.1277367,1
31745,43,HIF1A,1.700000000000001,1.25907,1
31746,43,FLCN,-0.05,-0.0015448000000000007,1
31747,43,MAP2K4,0.09999999999999999,0.12984400000000001,1
31748,43,CNOT3,0.02,0.022838400000000002,1
31749,43,CIITA,0.1,0.067291,1
31750,43,LSM14A,0.11,0.0914374,1
31751,43,AKAP9,-0.04999999999999999,-0.0014677999999999913,1
31752,43,MSN,-0.11,-0.009630499999999995,1
31753,43,BCR,-0.08000000000000002,0.006666299999999995,1
31754,43,TRRAP,0.12999999999999998,0.1693115,1
31755,43,PPP6C,-0.16,-0.06484609999999999,1
31756,43,NCOA4,-0.09,-0.043651499999999996,1
31757,43,BCL9,0.18,0.1427919,1
31758,43,PRCC,0.14,0.10214240000000001,1
31759,43,LARP4B,0.02,0.0129374,1
31760,43,CHD2,0.02,0.0173552,1
31761,43,ASXL1,0.5400000000000003,0.4540207000000001,1
31762,43,SMARCA4,1.870000000000001,1.4012290999999997,1
31763,43,ERC1,-0.04,-0.026976800000000002,1
31764,43,DCTN1,0.0,0.0362954,1
31765,43,PIK3R1,1.4500000000000008,1.1040254,1
31766,43,EED,0.14000000000000004,0.10974830000000001,1
31767,43,CNBP,0.01,0.005566799999999999,1
31768,43,SGK1,0.44999999999999996,0.2999865,1
31769,43,MLLT10,-0.04000000000000001,-0.0028175000000000006,1
31770,43,BRD4,0.9900000000000004,0.8117991,1
31771,43,RANBP2,0.14000000000000004,0.17135530000000002,1
31772,43,FBXO11,0.06,0.0458714,1
31773,43,PML,0.38000000000000006,0.28137860000000003,1
31774,43,AKT2,1.1,0.7581849,1
31775,43,CEP89,0.060000000000000005,0.0372733,1
31776,43,LZTR1,0.07,0.0820267,1
31777,43,YWHAE,0.15000000000000002,0.10710610000000001,1
31778,43,DNAJB1,-0.06,-0.021934799999999997,1
31779,43,PRDM2,0.05,0.0395835,1
31780,43,TPM4,0.5,0.3416047,1
31781,43,CREBBP,1.810000000000001,1.4419347,1
31782,43,PMS2,0.75,0.6350539999999999,1
31783,43,DDR2,-0.05,-0.0245362,1
31784,43,FANCA,0.36,0.2895475,1
31785,43,PDE4DIP,0.07,0.0504044,1
31786,43,USP8,-0.039999999999999994,-0.0210018,1
31787,43,MYH9,-0.57,-0.16551120000000005,1
31788,43,MYC,-1.5,-0.2971343999999999,1
31789,43,NBN,0.5700000000000001,0.4276764,1
31790,43,CCND3,-0.03000000000000001,0.013888499999999996,1
31791,43,TRIP11,-0.14,-0.09344290000000001,1
31792,43,CNTRL,-0.1,-0.07082200000000001,1
31793,43,PIK3CA,1.390000000000001,1.1178979,1
31794,43,DDX5,0.36,0.32079019999999997,1
31795,43,PICALM,-0.02,-0.006801100000000001,1
31796,43,RARA,0.27,0.2375032,1
31797,43,DDX6,0.08000000000000002,0.11442200000000002,1
31798,43,COL1A1,0.24,0.2070205,1
31799,43,VHL,0.27,0.19504020000000002,1
31800,43,MAPK1,1.5300000000000007,1.058847,1
31801,43,SRC,0.7000000000000004,0.5310412,1
31802,43,NFE2L2,0.30000000000000004,0.20788310000000002,1
31803,43,MITF,-0.17,-0.02865950000000001,1
31804,43,SMAD3,1.270000000000001,1.0682152000000003,1
31805,43,RBM15,0.06,0.0473344,1
31806,43,ATR,0.7100000000000001,0.5500555,1
31807,43,EPAS1,0.3,0.3406096,1
31808,43,TPM3,0.27,0.23808050000000006,1
31809,43,RPL10,0.13,0.1320427,1
31810,43,STAG1,0.09000000000000001,0.1208362,1
31811,43,SBDS,-0.05,-0.0188478,1
31812,43,KMT2D,1.0200000000000002,0.8098817000000001,1
31813,43,MED12,0.32,0.2652378,1
31814,43,BCLAF1,-0.11000000000000001,0.0005107999999999901,1
31815,43,ASPSCR1,0.01999999999999999,0.020679999999999994,1
31816,43,CDK12,0.4099999999999999,0.31160010000000005,1
31817,43,EWSR1,0.25,0.25184740000000005,1
31818,43,NDRG1,-0.05999999999999999,-0.0196205,1
31819,43,PSIP1,0.06999999999999999,0.07210069999999999,1
31820,43,TRIM33,0.07,0.075667,1
31821,43,MTOR,1.2500000000000007,0.9569928999999998,1
31822,43,ARHGAP35,0.24000000000000002,0.19170410000000004,1
31823,43,POT1,-0.01,-0.0018279999999999998,1
31824,43,EXT1,0.11,0.07473840000000001,1
31825,43,IL6ST,0.3,0.2414593,1
31826,43,IDH2,0.039999999999999994,0.11179829999999999,1
31827,43,SMARCE1,0.45000000000000007,0.319027,1
31828,43,CRTC3,0.09,0.0757152,1
31829,43,TSC1,0.26999999999999996,0.2672206,1
31830,43,BCOR,-0.12999999999999998,0.0020205999999999974,1
31831,43,SDHA,0.30000000000000004,0.21321130000000002,1
31832,43,EP300,2.2500000000000013,1.7709586000000006,1
31833,43,HNRNPA2B1,0.5800000000000001,0.4125804,1
31834,43,CLIP1,-0.13,-0.0679991,1
31835,43,PATZ1,-0.39,-0.11618980000000001,1
31836,43,FUBP1,-0.05000000000000001,0.02880549999999999,1
31837,43,HLA-A,-0.08000000000000002,0.02664679999999999,1
31838,43,CCNC,-0.37,-0.13868840000000002,1
31839,43,RPN1,-0.16999999999999998,-0.0587484,1
31840,43,TCF7L2,0.040000000000000036,0.08627280000000002,1
31841,43,CANT1,0.020000000000000004,0.037940800000000004,1
31842,43,RPL5,-0.7,-0.168852,1
31843,43,CCDC6,0.03999999999999998,0.06702930000000001,1
31844,43,NCKIPSD,-0.06999999999999999,-0.0138122,1
31845,43,SMARCD1,0.46,0.3867214,1
31846,43,BCL10,0.09,0.07193940000000001,1
31847,43,MAX,-0.03,0.02739139999999999,1
31848,43,HERPUD1,0.01,0.0033547,1
31849,43,RAC1,-0.41999999999999993,-0.008351800000000013,1
31850,43,FLNA,-0.020000000000000004,0.0548878,1
31851,43,TFE3,-0.55,-0.2323924,1
31852,43,NCOR2,0.5800000000000002,0.5013048000000001,1
31853,43,PRPF40B,0.04,0.022491000000000004,1
31854,43,BCL3,-0.19999999999999998,-0.049171099999999995,1
31855,43,TFPT,-0.28,-0.10759000000000002,1
31856,43,MLH1,0.89,0.7403569000000001,1
31857,43,ARHGAP5,0.17,0.1374706,1
31858,43,CIC,0.0,0.0,1
31859,43,LYN,0.86,0.6177599,1
31860,43,TCF12,0.25,0.1917372,1
31861,43,KLF6,0.06,0.0388234,1
31862,43,KMT2C,0.9700000000000004,0.7597828000000001,1
31863,43,PIM1,-0.13999999999999999,-0.024549300000000003,1
31864,43,CCND1,1.2400000000000007,0.8113218000000001,1
31865,43,MLLT1,-0.8,-0.254422,1
31866,43,MEN1,-0.08000000000000002,-0.0031417000000000007,1
31867,43,CUL3,0.06999999999999998,0.1088205,1
31868,43,RB1,0.68,0.5073641,1
31869,43,LPP,-0.09000000000000001,-0.031312,1
31870,43,BUB1B,-0.14,-0.055713900000000004,1
31871,43,SMAD4,1.550000000000001,1.2161668,1
31872,43,FGFR1,0.19,0.16397440000000002,1
31873,43,TMSB4X,0.03,0.022731599999999998,1
31874,43,CDK4,1.0900000000000005,0.7292659999999999,1
31875,43,MSI2,0.0,0.0,1
31876,43,MSH6,1.0300000000000005,0.8261381,1
31877,43,BRAF,1.0800000000000003,0.9562431000000001,1
31878,43,TCEA1,-0.10999999999999999,-0.022225800000000004,1
31879,43,TNFAIP3,0.16,0.11839970000000001,1
31880,43,RABEP1,-0.060000000000000005,-0.036174000000000005,1
31881,43,GMPS,-0.07,-0.0391475,1
31882,43,MDM2,1.110000000000001,0.8890335,1
31883,43,NSD2,0.18,0.12929190000000002,1
31884,43,CASP8,-0.16,0.09554329999999997,1
31885,43,PER1,-0.22999999999999998,-0.07614690000000002,1
31886,43,UBR5,-0.010000000000000004,0.0103288,1
31887,43,EIF3E,-0.14,0.014164300000000005,1
31888,43,RFWD3,-0.010000000000000009,0.019489399999999997,1
31889,43,BRD3,0.15999999999999998,0.1253747,1
31890,43,PAFAH1B2,0.03,0.025848,1
31891,43,EXT2,0.020000000000000004,0.01727880000000001,1
31892,43,PLCG1,0.6399999999999999,0.4412597,1
31893,43,SF3B1,-0.5599999999999999,-0.2332322,1
31894,43,ARHGEF10L,0.04,0.024140799999999997,1
31895,43,NFATC2,0.21,0.15671980000000002,1
31896,43,SDHD,0.27,0.20453880000000002,1
31897,43,PABPC1,-0.5800000000000001,-0.15941639999999996,1
31898,43,POLD1,-0.19000000000000006,-0.03584760000000001,1
31899,43,CALR,-0.05,0.03532579999999999,1
31900,43,PIK3CB,0.8600000000000003,0.6221865000000001,1
31901,43,PPM1D,0.21,0.14893040000000002,1
31902,43,ATRX,0.9200000000000005,0.7479679000000002,1
31903,43,DGCR8,0.17,0.12262459999999999,1
31904,43,DDX10,0.12000000000000001,0.0956671,1
31905,43,DROSHA,0.43,0.31586499999999995,1
31906,43,TNFRSF14,-0.12,-0.0338508,1
31907,43,BCL9L,0.13,0.0954145,1
31908,43,QKI,-0.04,-0.025540800000000002,1
31909,43,BAZ1A,0.01,0.0074832,1
31910,43,CHD4,0.41999999999999993,0.3328945,1
31911,43,NSD3,0.09,0.1000196,1
31912,43,NT5C2,0.13,0.09007560000000003,1
31913,43,CCNB1IP1,0.09000000000000001,0.04181080000000001,1
31914,43,PCBP1,-0.6500000000000001,-0.2129429,1
31915,43,RALGDS,-0.15,0.022975199999999994,1
31916,43,ARHGEF12,0.05,0.04810640000000001,1
31917,43,HSP90AB1,0.8500000000000003,0.6424639999999999,1
31918,43,FOXO3,1.3600000000000008,0.9638480000000001,1
31919,43,HIP1,-0.03,-0.017439299999999998,1
31920,43,CDC73,0.15999999999999998,0.12557420000000002,1
31921,43,NIN,-0.02,-0.0132589,1
31922,43,MDM4,0.1,0.13438,1
31923,43,COL3A1,0.22,0.1791855,1
31924,43,CTNND1,0.12999999999999998,0.1355037,1
31925,43,SPOP,0.07999999999999999,0.0813687,1
31926,43,TMEM127,0.09000000000000001,0.0552125,1
31927,43,CREB3L2,0.09999999999999999,0.0626507,1
31928,43,MSH2,1.0400000000000005,0.8269745,1
31929,43,FNBP1,-3.469446951953614e-18,0.016008199999999997,1
31930,43,ATF1,0.09000000000000001,0.06109310000000001,1
31931,43,EIF1AX,-0.4800000000000001,-0.18953409999999998,1
31932,43,PMS1,0.5499999999999999,0.42396439999999996,1
31933,43,DEK,0.09,0.1079879,1
31934,43,ERBB2,0.9100000000000004,0.6037384000000002,1
31935,43,AKT1,0.8200000000000003,0.5786012,1
31936,43,CHEK2,0.43000000000000005,0.4563722,1
31937,43,SDHB,0.36,0.2660484,1
31938,43,NCOA1,0.38,0.2924573,1
31939,43,CHIC2,0.06,0.0417126,1
31940,43,RUNX1,0.02000000000000013,0.5263037000000002,1
31941,43,STAT6,0.41000000000000003,0.32340630000000004,1
31942,43,FH,-0.08,-0.023455999999999998,1
31943,43,AKT3,1.1500000000000006,0.806015,1
31944,43,GNAS,0.3500000000000001,0.23708560000000006,1
31945,43,CTNNB1,1.580000000000001,1.1279593,1
31946,43,NONO,0.33999999999999997,0.27203720000000003,1
31947,43,SMARCB1,0.9700000000000004,0.7020540999999999,1
31948,43,PRKAR1A,0.17,0.1426523,1
31949,43,ITGAV,0.009999999999999988,0.027607299999999994,1
31950,43,SS18,0.39,0.26494880000000004,1
31951,43,MAP2K1,0.9200000000000004,0.5979155,1
31952,43,SIRPA,-0.04,-0.011209800000000002,1
31953,43,PPFIBP1,0.39,0.2798755,1
31954,43,RPL22,-0.23000000000000004,0.10091730000000003,1
31955,43,CYLD,0.27,0.21174080000000003,1
31956,43,ARID1B,0.78,0.5896235000000001,1
31957,43,SETDB1,0.3,0.2192905,1
31958,43,AFDN,-0.33,-0.1250332,1
31959,43,ZRSR2,0.04999999999999999,0.03874589999999998,1
31960,43,PBRM1,0.8700000000000001,0.6386288000000001,1
31961,43,XPC,0.52,0.3423923,1
31962,43,ASXL2,0.24000000000000002,0.16784,1
31963,43,TRIM24,-0.28,-0.09515349999999999,1
31964,43,SFPQ,-0.37,-0.096583,1
31965,43,NCOA2,0.6000000000000001,0.4595055000000001,1
31966,43,FOXO4,0.38,0.2590359000000001,1
31967,43,LEF1,0.15999999999999998,0.15815530000000003,1
31968,43,B2M,-0.29000000000000004,-0.11497050000000003,1
31969,43,DDIT3,-0.26,-0.1035963,1
31970,43,BCL6,0.28,0.248057,1
31971,43,KRAS,-0.29999999999999993,0.06681369999999999,1
31972,43,FAT1,0.1,0.0765409,1
31973,43,ABL2,-1.734723475976807e-18,0.0166315,1
31974,43,NF1,1.2600000000000007,0.9631448,1
31975,43,BTG1,-0.02,-0.010576200000000001,1
31976,43,EIF4A2,0.07,0.0405122,1
31977,43,SET,0.18,0.1451276,1
31978,43,EPS15,0.05,0.048428900000000004,1
31979,43,RNF213,0.04,0.0360036,1
31980,43,CTCF,0.9800000000000003,0.6802383000000001,1
31981,43,WDCP,0.21,0.1259916,1
31982,43,KAT7,0.12000000000000001,0.0996774,1
31983,43,KDM5C,0.18000000000000002,0.1654603,1
31984,43,TGFBR2,0.04999999999999996,0.12578809999999999,1
31985,43,ATM,0.9200000000000006,0.8868350000000003,1
31986,43,NUMA1,-0.04,-0.013555299999999998,1
31987,43,STAT3,0.8000000000000004,0.8554792999999998,1
31988,43,SUB1,-0.18,-0.0741054,1
31989,43,NUP98,0.07999999999999996,0.11041919999999998,1
31990,43,ELL,0.07999999999999999,0.0432829,1
31991,43,MAP3K1,0.53,0.3796686000000001,1
31992,43,MALT1,0.21000000000000005,0.16155560000000005,1
31993,43,XPO1,0.46000000000000013,0.35080310000000003,1
31994,43,SETD1B,0.21,0.15685190000000002,1
31995,43,ETV6,-0.03999999999999998,0.026446999999999995,1
31996,43,TBL1XR1,0.20000000000000004,0.1333403,1
31997,43,NUP214,8.673617379884035e-18,0.12552179999999996,1
31998,43,TPR,0.10999999999999999,0.0803309,1
31999,43,ATIC,0.08999999999999998,0.1156613,1
32000,43,NACA,0.22,0.1350128,1
32001,43,MYO5A,-0.01,-0.005803399999999999,1
32002,43,SMC1A,0.3700000000000001,0.4050685,1
32003,43,LASP1,-0.28,-0.1335614,1
32004,43,ERCC5,0.33,0.20892729999999998,1
32005,43,JUN,-0.47,0.07555840000000003,1
32006,43,THRAP3,-0.02,-0.005706900000000003,1
32007,43,STAG2,0.42,0.3452405999999999,1
32008,43,RAF1,0.9100000000000004,0.6614344000000001,1
32009,43,ERCC3,0.53,0.44380660000000005,1
32010,43,SMAD2,0.5800000000000003,0.5427628000000001,1
32011,43,TAF15,0.17,0.14280410000000002,1
32012,43,ARNT,0.24999999999999997,0.20624449999999997,1
32013,43,CLTC,-0.73,-0.38374850000000005,1
32014,43,IKBKB,0.5400000000000003,0.41683310000000007,1
32015,43,IDH1,-0.21999999999999997,-0.0417395,1
32016,43,SND1,-0.039999999999999994,-0.0127608,1
32017,43,KNSTRN,0.01,0.0067831,1
32018,43,RHOA,-2.35,-0.6291582,1
32019,43,PALB2,0.7100000000000002,0.5685911,1
32020,43,ARID2,0.81,0.6182350000000001,1
32021,43,EZR,-0.38,-0.1256414,1
32022,43,TP53,-0.34999999999999987,0.18804899999999983,1
32023,43,ARAF,0.35000000000000003,0.21334979999999998,1
32024,43,KIF5B,0.39,0.2938509,1
32025,43,KAT6A,0.22999999999999998,0.2111657,1
32026,43,KTN1,-0.020000000000000004,0.0011642000000000007,1
32027,43,GOLGA5,-0.14,-0.07470360000000001,1
32028,43,KDM5A,0.26,0.2374886,1
32029,43,RAD21,0.5,0.40725559999999994,1
32030,43,GNAQ,0.24,0.22670769999999998,1
32031,43,CAMTA1,0.06,0.0454112,1
32032,43,ERCC2,0.67,0.5029096,1
32033,43,EZH2,1.6200000000000012,1.2011201999999999,1
32034,43,TOP1,0.24000000000000007,0.19364190000000003,1
32035,43,SRSF3,-0.48,-0.1250699,1
32036,43,NPM1,-0.17,0.015572800000000012,1
32037,43,BAX,-0.56,-0.15451130000000002,1
32038,43,NOTCH2,0.29000000000000004,0.2401052,1
32039,43,TRAF7,0.01,0.0061356,1
32040,43,KDM6A,0.8900000000000003,0.8754386,1
32041,43,SPEN,0.12000000000000001,0.0890893,1
32042,43,TRIM27,-0.6,-0.1669221,1
32043,43,CRTC1,0.16,0.1284915,1
32044,43,EML4,0.18000000000000002,0.20268610000000004,1
32045,43,USP9X,-0.15000000000000002,-0.10214950000000002,1
32046,43,PTPRK,-0.01,-0.006045700000000001,1
32047,43,CD74,-0.18,-0.01967440000000001,1
32048,43,CBL,0.56,0.455738,1
32049,43,ZNF384,0.03,0.0227721,1
32050,43,NOTCH1,1.2000000000000006,0.9342978000000001,1
32051,43,COX6C,-0.11,-0.047035799999999996,1
32052,43,CHCHD7,0.03,0.019201799999999998,1
32053,43,HMGA1,-0.09,-0.0401204,1
32054,43,PTEN,1.6000000000000008,1.3132319999999997,1
32055,43,FIP1L1,-0.03,-0.011664,1
32056,43,JAK1,0.8100000000000003,0.6520868,1
32057,43,ZMYM2,-0.05,-0.0326577,1
32058,43,SUZ12,0.7900000000000003,0.6180118,1
32059,43,FUS,-0.5099999999999998,-0.000756799999999975,1
32060,43,BAP1,-0.4000000000000001,-0.15542019999999998,1
32061,43,ZCCHC8,-0.12,-0.027148799999999997,1
32062,43,CRNKL1,-0.030000000000000002,-0.0157119,1
32063,43,RAD17,0.14,0.09254140000000001,1
32064,43,ATP1A1,0.01,0.0058430999999999995,1
32065,43,DNMT3A,1.1000000000000003,0.8632612000000002,1
32066,43,FBXW7,0.7400000000000002,0.6894696,1
32067,43,WWTR1,-0.18,-0.080656,1
32068,43,CDKN1B,0.3899999999999999,0.29796300000000003,1
32069,43,KMT2A,0.42000000000000004,0.3986458,1
32070,43,PTPN11,1.0300000000000005,0.7886888999999998,1
32071,43,STAT5B,0.7200000000000002,0.5497933,1
32072,43,CUX1,-0.14,-0.0829106,1
32073,43,ABI1,-0.34,-0.08757550000000001,1
32074,43,BRCA1,1.8700000000000012,1.4505834999999998,1
32075,43,SH2B3,0.07,0.039691199999999996,1
32076,43,AFF4,0.15,0.12044540000000001,1
32077,43,NF2,0.15,0.1341388,1
32078,43,LMNA,0.05,0.044846399999999995,1
32079,43,TSC2,0.8100000000000003,0.6287043999999999,1
32080,43,GOLPH3,-0.039999999999999994,-0.027240999999999998,1
32081,43,PCM1,-0.06,-0.04417940000000001,1
32082,43,PPP2R1A,-0.6700000000000002,-0.18625270000000002,1
32083,43,ARID1A,1.710000000000001,1.3099897999999996,1
32084,43,ABL1,-0.07000000000000003,0.11429879999999991,1
32085,43,AFF1,0.20999999999999996,0.1793113,1
32086,43,DAXX,-0.5800000000000001,-0.15463960000000002,1
32087,43,CBFB,0.11999999999999998,0.1124424,1
32088,43,CBLB,0.15000000000000002,0.12524200000000002,1
32089,43,POLR2A,0.010000000000000009,0.19876089999999996,1
32090,43,PRKACA,0.14999999999999994,0.21908350000000001,1
32091,43,DNM2,-0.09999999999999999,-0.04895709999999999,1
32092,43,RAP1GDS1,-1.3877787807814457e-17,0.02317989999999999,1
32093,43,NCOR1,1.0800000000000003,0.9229170999999999,1
32094,43,NFKBIE,-0.16999999999999998,-0.06657010000000001,1
32095,43,DDX3X,0.22999999999999998,0.22316339999999998,1
32096,43,ELK4,0.03,0.0244623,1
32097,43,MLLT6,0.1,0.0702446,1
32098,43,SRSF2,-2.3600000000000003,-0.6340483,1
32099,43,CTNNA1,0.13999999999999999,0.10461229999999999,1
32100,43,RBM10,0.19,0.1342139,1
32101,43,PTPRC,-0.04000000000000001,0.07377120000000001,1
32102,43,HSP90AA1,1.0000000000000004,0.6763547000000001,1
32103,43,NSD1,0.2,0.166354,0
32104,43,DICER1,0.24000000000000002,0.22243580000000002,0
32105,43,BIRC6,0.049999999999999996,0.0454702,0
32106,43,SDHC,0.26,0.1676717,0
32107,43,TFG,0.32,0.18244340000000003,0
32108,43,MAP2K2,0.26999999999999996,0.21033780000000002,0
32109,43,TFRC,-0.25999999999999995,-0.1248049,0
32110,43,CREB1,0.7700000000000005,0.5694672,0
32111,43,POLG,0.02,0.0076976,0
32112,43,SETD2,0.7100000000000003,0.5840064999999999,0
32113,43,NAB2,-0.32,-0.11012930000000001,0
32114,43,HIF1A,1.4900000000000007,1.0513930999999999,0
32115,43,FLCN,0.03,0.0321593,0
32116,43,MAP2K4,-0.06,0.042111,0
32117,43,CNOT3,-0.049999999999999996,-0.014356499999999998,0
32118,43,CIITA,0.1,0.0649661,0
32119,43,LSM14A,0.09,0.0801228,0
32120,43,AKAP9,-0.09,-0.027606000000000006,0
32121,43,MSN,-0.28,-0.06230600000000001,0
32122,43,BCR,0.04,0.04521769999999999,0
32123,43,TRRAP,0.03,0.1151087,0
32124,43,PPP6C,-0.15000000000000002,-0.0778134,0
32125,43,NCOA4,-0.19,-0.10443720000000001,0
32126,43,BCL9,0.14,0.10715020000000001,0
32127,43,PRCC,0.04000000000000001,0.02835660000000001,0
32128,43,LARP4B,-0.01,-0.0051943,0
32129,43,CHD2,0.01,0.0076005000000000005,0
32130,43,ASXL1,0.6000000000000001,0.5024536000000001,0
32131,43,SMARCA4,1.2900000000000007,0.9837204999999998,0
32132,43,ERC1,-0.03,-0.0222435,0
32133,43,DCTN1,-0.26999999999999996,-0.1250049,0
32134,43,PIK3R1,1.3900000000000008,0.9584079999999999,0
32135,43,EED,0.07,0.08128740000000001,0
32136,43,CNBP,0.01,0.005493700000000001,0
32137,43,SGK1,0.27999999999999997,0.1611603,0
32138,43,MLLT10,-0.08,-0.0192307,0
32139,43,BRD4,0.9400000000000004,0.7090654,0
32140,43,RANBP2,0.12000000000000002,0.1894493,0
32141,43,FBXO11,0.04,0.033105,0
32142,43,PML,0.38,0.279815,0
32143,43,AKT2,0.9600000000000003,0.6464157000000001,0
32144,43,CEP89,0.07,0.0429427,0
32145,43,LZTR1,0.06999999999999999,0.0784057,0
32146,43,YWHAE,0.28,0.1801326,0
32147,43,DNAJB1,-0.06,-0.0090807,0
32148,43,PRDM2,0.04,0.0315669,0
32149,43,TPM4,0.45,0.2974349,0
32150,43,CREBBP,1.730000000000001,1.3803051000000002,0
32151,43,PMS2,0.6900000000000002,0.5965902999999999,0
32152,43,DDR2,0.04,0.0252,0
32153,43,FANCA,0.35,0.2820151000000001,0
32154,43,PDE4DIP,0.05,0.0333199,0
32155,43,USP8,-0.07,-0.0367398,0
32156,43,MYH9,-0.21000000000000005,-0.032635800000000006,0
32157,43,MYC,-1.0600000000000003,-0.4140954999999999,0
32158,43,NBN,0.5,0.37077160000000003,0
32159,43,CCND3,-0.03999999999999999,0.019202799999999992,0
32160,43,TRIP11,-0.14,-0.09334510000000001,0
32161,43,CNTRL,-0.07,-0.048010300000000006,0
32162,43,PIK3CA,1.4900000000000009,1.0568152000000006,0
32163,43,DDX5,0.38,0.31544000000000005,0
32164,43,PICALM,0.0,0.0048334999999999975,0
32165,43,RARA,0.5500000000000002,0.3680994,0
32166,43,DDX6,-0.06999999999999999,0.04484339999999999,0
32167,43,COL1A1,0.09,0.1030797,0
32168,43,VHL,0.19,0.1343643,0
32169,43,MAPK1,1.4100000000000008,0.8762957000000002,0
32170,43,SRC,-0.6000000000000001,-0.026397400000000036,0
32171,43,NFE2L2,0.22999999999999998,0.15395869999999998,0
32172,43,MITF,-0.21000000000000002,-0.052745299999999995,0
32173,43,SMAD3,1.2000000000000008,0.9047196999999999,0
32174,43,RBM15,0.07,0.05710069999999999,0
32175,43,ATR,0.6500000000000002,0.5496243000000001,0
32176,43,EPAS1,0.41,0.3568433,0
32177,43,TPM3,0.25,0.17403740000000004,0
32178,43,RPL10,0.11,0.1068113,0
32179,43,STAG1,0.13,0.1272867,0
32180,43,SBDS,-0.05,-0.0195635,0
32181,43,KMT2D,0.9200000000000004,0.663685,0
32182,43,MED12,0.28,0.22603020000000001,0
32183,43,BCLAF1,-0.03,0.028879600000000005,0
32184,43,ASPSCR1,-0.010000000000000005,0.002134000000000009,0
32185,43,CDK12,0.26,0.1897757,0
32186,43,EWSR1,0.41999999999999993,0.33876189999999995,0
32187,43,NDRG1,-0.04000000000000001,-0.015119399999999998,0
32188,43,PSIP1,-0.17,-0.08346750000000001,0
32189,43,TRIM33,0.030000000000000006,0.03554700000000001,0
32190,43,MTOR,1.2900000000000005,0.9208804,0
32191,43,ARHGAP35,0.12000000000000001,0.1298299,0
32192,43,POT1,-0.02,-0.001684800000000002,0
32193,43,EXT1,0.11,0.0745833,0
32194,43,IL6ST,0.28,0.21010009999999998,0
32195,43,IDH2,0.010000000000000016,0.0667711,0
32196,43,SMARCE1,0.49,0.312258,0
32197,43,CRTC3,0.09,0.06645329999999999,0
32198,43,TSC1,0.32,0.2741591,0
32199,43,BCOR,-0.13999999999999999,-0.018380600000000007,0
32200,43,SDHA,0.22,0.12902270000000002,0
32201,43,EP300,1.6200000000000012,1.2551672000000003,0
32202,43,HNRNPA2B1,0.21999999999999997,0.21117509999999998,0
32203,43,CLIP1,-0.11999999999999998,-0.0595997,0
32204,43,PATZ1,-0.48000000000000004,-0.1288988,0
32205,43,FUBP1,-0.16999999999999998,-0.022772100000000003,0
32206,43,HLA-A,-0.11,0.020110700000000002,0
32207,43,CCNC,-0.09999999999999999,-0.038152200000000004,0
32208,43,RPN1,-0.28,-0.07271720000000001,0
32209,43,TCF7L2,0.01999999999999997,0.05888470000000001,0
32210,43,CANT1,0.11000000000000001,0.065624,0
32211,43,RPL5,-0.6299999999999999,-0.1669273,0
32212,43,CCDC6,-0.020000000000000004,0.039457499999999986,0
32213,43,NCKIPSD,0.02,0.013570800000000001,0
32214,43,SMARCD1,0.43,0.29365260000000004,0
32215,43,BCL10,-0.049999999999999996,0.0009008000000000002,0
32216,43,MAX,-0.020000000000000004,-0.0018133999999999989,0
32217,43,HERPUD1,0.03,0.0133128,0
32218,43,RAC1,-0.06999999999999998,0.0713705,0
32219,43,FLNA,0.09,0.09689719999999999,0
32220,43,TFE3,-0.32999999999999996,-0.1559578,0
32221,43,NCOR2,0.7400000000000002,0.5545933,0
32222,43,PRPF40B,-0.02,-0.011674200000000001,0
32223,43,BCL3,-0.11000000000000003,-0.0394763,0
32224,43,TFPT,-0.24000000000000002,-0.08875360000000002,0
32225,43,MLH1,0.8800000000000001,0.7196448,0
32226,43,ARHGAP5,0.13,0.104913,0
32227,43,CIC,0.0,0.0,0
32228,43,LYN,0.9000000000000004,0.6145542999999999,0
32229,43,TCF12,0.26,0.18943169999999998,0
32230,43,KLF6,0.04,0.024146400000000002,0
32231,43,KMT2C,1.0400000000000005,0.7925443,0
32232,43,PIM1,-0.15999999999999998,-0.0495414,0
32233,43,CCND1,1.4100000000000008,0.8728841000000002,0
32234,43,MLLT1,-0.8300000000000001,-0.26863310000000007,0
32235,43,MEN1,0.03000000000000001,0.048454800000000006,0
32236,43,CUL3,0.13,0.13280170000000002,0
32237,43,RB1,0.71,0.5251914,0
32238,43,LPP,-0.060000000000000005,-0.0248206,0
32239,43,BUB1B,-0.15000000000000002,-0.07611310000000002,0
32240,43,SMAD4,1.3700000000000008,1.0089037,0
32241,43,FGFR1,0.22,0.15812309999999996,0
32242,43,TMSB4X,0.04,0.0318528,0
32243,43,CDK4,0.49,0.3558569999999999,0
32244,43,MSI2,0.0,0.0,0
32245,43,MSH6,0.8400000000000003,0.6482761,0
32246,43,BRAF,0.9000000000000005,0.7974872000000001,0
32247,43,TCEA1,-0.08000000000000003,-0.020193200000000012,0
32248,43,TNFAIP3,0.11,0.10329059999999998,0
32249,43,RABEP1,-0.009999999999999998,-0.008559200000000001,0
32250,43,GMPS,-0.059999999999999984,-0.03863009999999999,0
32251,43,MDM2,1.2300000000000006,0.8184257,0
32252,43,NSD2,0.18,0.126884,0
32253,43,CASP8,0.04000000000000002,0.17951650000000002,0
32254,43,PER1,-0.31,-0.061319700000000005,0
32255,43,UBR5,-0.05999999999999999,-0.0223532,0
32256,43,EIF3E,-0.039999999999999994,0.06907800000000001,0
32257,43,RFWD3,0.020000000000000004,0.02610160000000001,0
32258,43,BRD3,0.10999999999999999,0.09442009999999998,0
32259,43,PAFAH1B2,0.02,0.015944,0
32260,43,EXT2,0.009999999999999995,0.012026300000000004,0
32261,43,PLCG1,0.55,0.3726557000000001,0
32262,43,SF3B1,-0.24999999999999997,-0.1003144,0
32263,43,ARHGEF10L,0.02,0.0107986,0
32264,43,NFATC2,0.21,0.1499799,0
32265,43,SDHD,0.20000000000000004,0.11599030000000003,0
32266,43,PABPC1,-0.8600000000000001,-0.2106959,0
32267,43,POLD1,-0.29000000000000004,-0.06676119999999999,0
32268,43,CALR,0.039999999999999994,0.0376865,0
32269,43,PIK3CB,0.5599999999999999,0.43309810000000004,0
32270,43,PPM1D,0.18000000000000002,0.13427490000000003,0
32271,43,ATRX,1.0100000000000005,0.8040588000000002,0
32272,43,DGCR8,0.16,0.10034180000000001,0
32273,43,DDX10,0.13,0.0869585,0
32274,43,DROSHA,0.39,0.27711210000000003,0
32275,43,TNFRSF14,-0.17,-0.0529244,0
32276,43,BCL9L,0.13000000000000003,0.09210310000000002,0
32277,43,QKI,-0.09,-0.0545347,0
32278,43,BAZ1A,0.01,0.0069791,0
32279,43,CHD4,0.16999999999999996,0.15754269999999998,0
32280,43,NSD3,0.05,0.0481649,0
32281,43,NT5C2,0.16,0.09335840000000001,0
32282,43,CCNB1IP1,0.09,0.0377991,0
32283,43,PCBP1,-0.75,-0.23048040000000009,0
32284,43,RALGDS,0.15999999999999998,0.1051276,0
32285,43,ARHGEF12,-0.009999999999999995,0.0028778000000000033,0
32286,43,HSP90AB1,1.0900000000000005,0.725339,0
32287,43,FOXO3,1.2200000000000006,0.8229097000000002,0
32288,43,HIP1,-0.03,-0.0194314,0
32289,43,CDC73,-0.09,0.001304299999999984,0
32290,43,NIN,0.04,0.0285917,0
32291,43,MDM4,0.14,0.15505410000000003,0
32292,43,COL3A1,0.15,0.1331304,0
32293,43,CTNND1,0.10999999999999999,0.12095370000000001,0
32294,43,SPOP,0.0,0.027641800000000008,0
32295,43,TMEM127,0.08,0.0670521,0
32296,43,CREB3L2,0.08,0.052063599999999995,0
32297,43,MSH2,0.8700000000000003,0.6386841999999998,0
32298,43,FNBP1,0.0,0.004379600000000001,0
32299,43,ATF1,-0.01999999999999999,-0.007381999999999993,0
32300,43,EIF1AX,-0.48,-0.21962579999999998,0
32301,43,PMS1,0.46,0.3514334,0
32302,43,DEK,0.09,0.09353560000000001,0
32303,43,ERBB2,1.0400000000000005,0.6591895,0
32304,43,AKT1,1.2900000000000007,0.7990030000000001,0
32305,43,CHEK2,0.13,0.30311229999999995,0
32306,43,SDHB,0.38999999999999996,0.24020339999999998,0
32307,43,NCOA1,0.4,0.2838023,0
32308,43,CHIC2,0.05,0.02810540000000001,0
32309,43,RUNX1,0.44000000000000017,0.6170170000000001,0
32310,43,STAT6,0.28,0.18684,0
32311,43,FH,-0.25,-0.10143850000000001,0
32312,43,AKT3,1.0300000000000002,0.6813684000000002,0
32313,43,GNAS,0.2,0.1326002,0
32314,43,CTNNB1,1.3400000000000007,0.8832900000000001,0
32315,43,NONO,0.049999999999999996,0.0413962,0
32316,43,SMARCB1,0.8900000000000003,0.6464011000000001,0
32317,43,PRKAR1A,0.12000000000000001,0.10386290000000001,0
32318,43,ITGAV,0.020000000000000007,0.028272900000000004,0
32319,43,SS18,0.39,0.2466224,0
32320,43,MAP2K1,1.0500000000000005,0.6663878999999999,0
32321,43,SIRPA,-0.01,-0.004327600000000002,0
32322,43,PPFIBP1,0.36999999999999994,0.2474326,0
32323,43,RPL22,-0.23000000000000004,0.06844589999999999,0
32324,43,CYLD,0.28,0.21288259999999998,0
32325,43,ARID1B,0.6099999999999999,0.4523843000000001,0
32326,43,SETDB1,0.29,0.21316040000000003,0
32327,43,AFDN,-0.39999999999999997,-0.155448,0
32328,43,ZRSR2,0.30000000000000004,0.22225949999999997,0
32329,43,PBRM1,0.9300000000000004,0.6723731000000001,0
32330,43,XPC,0.6300000000000001,0.4333498,0
32331,43,ASXL2,0.22999999999999998,0.1526181,0
32332,43,TRIM24,-0.19,-0.0822361,0
32333,43,SFPQ,-0.12999999999999998,-0.0019524999999999855,0
32334,43,NCOA2,0.54,0.3783835,0
32335,43,FOXO4,0.43000000000000005,0.2778644,0
32336,43,LEF1,0.07,0.0645674,0
32337,43,B2M,-0.64,-0.23630680000000004,0
32338,43,DDIT3,-0.41000000000000003,-0.09549949999999999,0
32339,43,BCL6,0.58,0.4063286,0
32340,43,KRAS,-1.1800000000000002,-0.28602820000000007,0
32341,43,FAT1,0.06000000000000001,0.0543521,0
32342,43,ABL2,0.09,0.0675631,0
32343,43,NF1,0.7600000000000003,0.6132484,0
32344,43,BTG1,-0.01,-0.005725,0
32345,43,EIF4A2,0.08,0.0738912,0
32346,43,SET,0.16,0.13959690000000002,0
32347,43,EPS15,0.019999999999999997,0.024450399999999997,0
32348,43,RNF213,0.03,0.0238986,0
32349,43,CTCF,0.9000000000000004,0.6421182999999999,0
32350,43,WDCP,0.1,0.0796229,0
32351,43,KAT7,0.08999999999999998,0.0724081,0
32352,43,KDM5C,0.14,0.130712,0
32353,43,TGFBR2,0.3,0.21300709999999995,0
32354,43,ATM,1.5000000000000009,1.1475005,0
32355,43,NUMA1,-0.029999999999999992,-0.007541999999999998,0
32356,43,STAT3,1.6000000000000008,1.2301392999999998,0
32357,43,SUB1,-0.28,-0.1031095,0
32358,43,NUP98,0.04,0.07052320000000001,0
32359,43,ELL,0.08000000000000004,0.05957529999999999,0
32360,43,MAP3K1,0.38999999999999996,0.29763049999999996,0
32361,43,MALT1,0.14,0.13084490000000001,0
32362,43,XPO1,0.24,0.20799220000000002,0
32363,43,SETD1B,0.12,0.0860959,0
32364,43,ETV6,-0.15999999999999998,-0.0512128,0
32365,43,TBL1XR1,0.16,0.10667279999999998,0
32366,43,NUP214,0.05,0.0984379,0
32367,43,TPR,0.09999999999999999,0.09460149999999999,0
32368,43,ATIC,0.05000000000000001,0.043360199999999995,0
32369,43,NACA,0.24,0.1694362,0
32370,43,MYO5A,0.009999999999999998,0.008236299999999998,0
32371,43,SMC1A,0.5900000000000001,0.48157530000000004,0
32372,43,LASP1,-0.2,-0.1187584,0
32373,43,ERCC5,0.45999999999999996,0.31201720000000005,0
32374,43,JUN,0.40000000000000013,0.36211689999999996,0
32375,43,THRAP3,0.08,0.0656805,0
32376,43,STAG2,0.49,0.37116169999999993,0
32377,43,RAF1,1.1600000000000004,0.8056494,0
32378,43,ERCC3,0.54,0.4418214000000001,0
32379,43,SMAD2,0.5600000000000003,0.4794819,0
32380,43,TAF15,0.16000000000000003,0.1367135,0
32381,43,ARNT,0.30000000000000004,0.24531360000000002,0
32382,43,CLTC,-0.5200000000000001,-0.29329820000000006,0
32383,43,IKBKB,0.5400000000000001,0.42927709999999997,0
32384,43,IDH1,-0.6100000000000001,-0.1598468,0
32385,43,SND1,-0.03,-0.017458699999999997,0
32386,43,KNSTRN,0.03,0.024338699999999998,0
32387,43,RHOA,-1.1200000000000003,-0.2866704,0
32388,43,PALB2,0.5799999999999998,0.49864990000000003,0
32389,43,ARID2,0.7100000000000002,0.5303403000000001,0
32390,43,EZR,-0.12999999999999998,-0.0172714,0
32391,43,TP53,-0.9299999999999998,-0.0089214,0
32392,43,ARAF,0.3800000000000001,0.21273379999999995,0
32393,43,KIF5B,0.41000000000000003,0.29630080000000003,0
32394,43,KAT6A,0.19999999999999998,0.17673049999999998,0
32395,43,KTN1,-0.11,-0.036738900000000005,0
32396,43,GOLGA5,-0.14,-0.08989079999999999,0
32397,43,KDM5A,0.22999999999999998,0.20292480000000002,0
32398,43,RAD21,0.46,0.35027480000000005,0
32399,43,GNAQ,0.14,0.09239049999999999,0
32400,43,CAMTA1,-0.01,-0.0043411000000000005,0
32401,43,ERCC2,0.6000000000000001,0.42453720000000006,0
32402,43,EZH2,1.750000000000001,1.1081955000000001,0
32403,43,TOP1,0.16,0.1246988,0
32404,43,SRSF3,-0.33000000000000007,-0.11080450000000001,0
32405,43,NPM1,-0.29000000000000004,0.008200599999999985,0
32406,43,BAX,-0.48,-0.1577079,0
32407,43,NOTCH2,0.27,0.21344250000000003,0
32408,43,TRAF7,0.03,0.023343299999999997,0
32409,43,KDM6A,0.8500000000000003,0.692038,0
32410,43,SPEN,0.11,0.0826967,0
32411,43,TRIM27,-0.35,-0.1338879,0
32412,43,CRTC1,0.14,0.10732549999999999,0
32413,43,EML4,0.19000000000000003,0.1574645,0
32414,43,USP9X,-0.09,-0.0583066,0
32415,43,PTPRK,0.01,0.007035700000000001,0
32416,43,CD74,-0.15999999999999998,-0.014600499999999995,0
32417,43,CBL,0.57,0.41597200000000006,0
32418,43,ZNF384,-0.08,-0.0437015,0
32419,43,NOTCH1,0.9000000000000004,0.6664036,0
32420,43,COX6C,-0.12000000000000001,-0.057339100000000004,0
32421,43,CHCHD7,0.03,0.021376799999999998,0
32422,43,HMGA1,-0.14,-0.064419,0
32423,43,PTEN,1.4500000000000008,1.1392046000000005,0
32424,43,FIP1L1,-0.029999999999999992,-0.018062999999999992,0
32425,43,JAK1,0.7900000000000003,0.6063527,0
32426,43,ZMYM2,-0.08000000000000002,-0.0546867,0
32427,43,SUZ12,0.7100000000000002,0.5178817,0
32428,43,FUS,-0.10000000000000006,0.1283407,0
32429,43,BAP1,-0.019999999999999997,0.022763400000000003,0
32430,43,ZCCHC8,-0.08,-0.0220352,0
32431,43,CRNKL1,-0.05,-0.029094500000000002,0
32432,43,RAD17,0.13,0.0915981,0
32433,43,ATP1A1,0.009999999999999998,0.005898800000000001,0
32434,43,DNMT3A,0.8500000000000005,0.6633372999999998,0
32435,43,FBXW7,1.0900000000000003,0.8067864999999999,0
32436,43,WWTR1,-0.11,-0.058285899999999995,0
32437,43,CDKN1B,0.5800000000000001,0.3644298,0
32438,43,KMT2A,0.38,0.3263125000000001,0
32439,43,PTPN11,0.9200000000000004,0.6946594999999999,0
32440,43,STAT5B,0.7000000000000003,0.5248177999999999,0
32441,43,CUX1,-0.13,-0.0838535,0
32442,43,ABI1,-0.31,-0.09749100000000001,0
32443,43,BRCA1,1.6400000000000012,1.2734140999999997,0
32444,43,SH2B3,0.06999999999999999,0.04507989999999999,0
32445,43,AFF4,0.19000000000000003,0.13321729999999998,0
32446,43,NF2,0.01999999999999999,0.07337729999999998,0
32447,43,LMNA,0.060000000000000005,0.05908379999999999,0
32448,43,TSC2,0.6000000000000002,0.4736009000000001,0
32449,43,GOLPH3,-0.08,-0.05213090000000001,0
32450,43,PCM1,-0.060000000000000005,-0.03957140000000001,0
32451,43,PPP2R1A,-0.52,-0.17772700000000002,0
32452,43,ARID1A,1.760000000000001,1.2484319999999998,0
32453,43,ABL1,0.1,0.13346179999999994,0
32454,43,AFF1,0.27,0.20940609999999998,0
32455,43,DAXX,-0.15000000000000002,-0.029371,0
32456,43,CBFB,0.09999999999999998,0.0823075,0
32457,43,CBLB,0.13,0.09943489999999999,0
32458,43,POLR2A,-0.039999999999999994,0.1321788,0
32459,43,PRKACA,0.33,0.25326059999999995,0
32460,43,DNM2,-0.13,-0.05557930000000001,0
32461,43,RAP1GDS1,-0.07,-0.03062160000000001,0
32462,43,NCOR1,0.9100000000000003,0.7846763000000001,0
32463,43,NFKBIE,-0.27,-0.101865,0
32464,43,DDX3X,0.10000000000000002,0.10657410000000002,0
32465,43,ELK4,0.02,0.0140872,0
32466,43,MLLT6,0.11000000000000001,0.0866479,0
32467,43,SRSF2,-1.07,-0.31042549999999997,0
32468,43,CTNNA1,0.07,0.05657560000000002,0
32469,43,RBM10,0.23,0.1560288,0
32470,43,PTPRC,0.10999999999999999,0.11086750000000001,0
32471,43,HSP90AA1,1.1100000000000005,0.7345672999999998,0
32472,44,NSD1,0.35000000000000003,0.30740139999999994,1
32473,44,DICER1,0.21000000000000002,0.2688979,1
32474,44,BIRC6,0.13999999999999999,0.1285443,1
32475,44,SDHC,0.44999999999999996,0.33748090000000003,1
32476,44,TFG,0.16,0.10247780000000001,1
32477,44,MAP2K2,0.3,0.2099294,1
32478,44,TFRC,-0.31000000000000005,-0.12633880000000003,1
32479,44,CREB1,0.9400000000000005,0.8301734,1
32480,44,POLG,0.0,0.0,1
32481,44,SETD2,0.5600000000000003,0.5552578000000001,1
32482,44,NAB2,-0.52,-0.1528132,1
32483,44,HIF1A,1.690000000000001,1.3197988999999999,1
32484,44,FLCN,-0.06,0.0034954999999999986,1
32485,44,MAP2K4,0.07,0.1316578,1
32486,44,CNOT3,0.06999999999999999,0.0645281,1
32487,44,CIITA,0.08,0.048283400000000004,1
32488,44,LSM14A,0.15,0.12585449999999998,1
32489,44,AKAP9,-0.12,-0.0187938,1
32490,44,MSN,-0.20000000000000007,-0.0608378,1
32491,44,BCR,-0.07999999999999999,0.0358129,1
32492,44,TRRAP,-0.029999999999999985,0.21780790000000005,1
32493,44,PPP6C,-0.13999999999999999,-0.060192499999999996,1
32494,44,NCOA4,-0.11000000000000001,-0.03397390000000001,1
32495,44,BCL9,0.18000000000000002,0.14560830000000002,1
32496,44,PRCC,0.09999999999999999,0.0776108,1
32497,44,LARP4B,0.03,0.023507999999999998,1
32498,44,CHD2,0.02,0.018320200000000002,1
32499,44,ASXL1,0.27,0.3473521000000001,1
32500,44,SMARCA4,1.9600000000000013,1.5527988000000004,1
32501,44,ERC1,-0.01,-0.008555300000000002,1
32502,44,DCTN1,0.0,0.03167259999999999,1
32503,44,PIK3R1,1.1500000000000006,0.9801367999999997,1
32504,44,EED,0.14,0.10604030000000003,1
32505,44,CNBP,0.02,0.012661400000000001,1
32506,44,SGK1,0.47,0.3137558,1
32507,44,MLLT10,-0.26,-0.148945,1
32508,44,BRD4,0.9400000000000003,0.8773715,1
32509,44,RANBP2,0.32999999999999996,0.3103208,1
32510,44,FBXO11,0.07,0.05867120000000001,1
32511,44,PML,0.32999999999999996,0.246675,1
32512,44,AKT2,1.1300000000000003,0.8361826000000001,1
32513,44,CEP89,0.05,0.0324275,1
32514,44,LZTR1,0.09,0.12388060000000001,1
32515,44,YWHAE,0.22999999999999998,0.15389960000000003,1
32516,44,DNAJB1,-0.09,-0.027794,1
32517,44,PRDM2,0.07,0.060320799999999994,1
32518,44,TPM4,0.4900000000000001,0.3443356,1
32519,44,CREBBP,1.9600000000000013,1.6317199000000002,1
32520,44,PMS2,0.78,0.689162,1
32521,44,DDR2,3.469446951953614e-18,-0.00025829999999999603,1
32522,44,FANCA,0.37000000000000005,0.32218149999999995,1
32523,44,PDE4DIP,0.08,0.06350839999999999,1
32524,44,USP8,-0.05,-0.018031100000000008,1
32525,44,MYH9,-0.41000000000000003,-0.11744519999999999,1
32526,44,MYC,-1.5000000000000004,-0.3438386999999999,1
32527,44,NBN,0.6100000000000001,0.5064386,1
32528,44,CCND3,-0.07,-0.0008535000000000001,1
32529,44,TRIP11,-0.09,-0.0697447,1
32530,44,CNTRL,-0.05,-0.0454263,1
32531,44,PIK3CA,1.3100000000000012,1.1596961,1
32532,44,DDX5,0.32,0.3273514000000001,1
32533,44,PICALM,0.019999999999999997,0.023320300000000002,1
32534,44,RARA,-0.08000000000000003,0.05547830000000001,1
32535,44,DDX6,-0.010000000000000002,0.09384479999999998,1
32536,44,COL1A1,0.18000000000000002,0.16488400000000003,1
32537,44,VHL,0.28,0.21759160000000002,1
32538,44,MAPK1,1.880000000000001,1.3934192,1
32539,44,SRC,0.5000000000000002,0.45224970000000003,1
32540,44,NFE2L2,0.38,0.26825389999999993,1
32541,44,MITF,-0.13,0.002296299999999994,1
32542,44,SMAD3,1.260000000000001,1.1856975,1
32543,44,RBM15,0.1,0.0858608,1
32544,44,ATR,0.74,0.6282627000000001,1
32545,44,EPAS1,0.32,0.3476722,1
32546,44,TPM3,0.15,0.12056540000000004,1
32547,44,RPL10,0.08,0.1050742,1
32548,44,STAG1,0.14,0.1495191,1
32549,44,SBDS,-0.05,-0.0172741,1
32550,44,KMT2D,1.0100000000000005,0.8237079000000002,1
32551,44,MED12,0.36,0.3145947,1
32552,44,BCLAF1,-0.05,0.0301233,1
32553,44,ASPSCR1,-0.020000000000000004,-0.0012352000000000092,1
32554,44,CDK12,0.5700000000000001,0.4692271,1
32555,44,EWSR1,0.26999999999999996,0.3099481,1
32556,44,NDRG1,-0.08,-0.028131000000000003,1
32557,44,PSIP1,0.11000000000000001,0.10158170000000001,1
32558,44,TRIM33,0.09,0.0834243,1
32559,44,MTOR,1.0200000000000005,0.8731498999999998,1
32560,44,ARHGAP35,0.12000000000000001,0.1270677,1
32561,44,POT1,0.03,0.0252147,1
32562,44,EXT1,0.11,0.0811019,1
32563,44,IL6ST,0.34,0.2949879,1
32564,44,IDH2,-0.029999999999999964,0.03512870000000001,1
32565,44,SMARCE1,0.39,0.2729711,1
32566,44,CRTC3,0.09999999999999999,0.08377659999999999,1
32567,44,TSC1,0.31,0.3159550000000001,1
32568,44,BCOR,-0.09,0.021649900000000007,1
32569,44,SDHA,0.26,0.20449389999999998,1
32570,44,EP300,2.45,2.0992819000000016,1
32571,44,HNRNPA2B1,0.48,0.3411056,1
32572,44,CLIP1,-0.13,-0.07586,1
32573,44,PATZ1,-0.5700000000000001,-0.14934180000000002,1
32574,44,FUBP1,-0.09000000000000001,0.011776000000000002,1
32575,44,HLA-A,-0.12000000000000001,0.006454500000000009,1
32576,44,CCNC,-0.28,-0.1203139,1
32577,44,RPN1,-0.18,-0.06238519999999999,1
32578,44,TCF7L2,0.07000000000000002,0.12775229999999999,1
32579,44,CANT1,-0.01999999999999999,0.005121900000000006,1
32580,44,RPL5,-0.67,-0.2138113,1
32581,44,CCDC6,0.09999999999999999,0.1028433,1
32582,44,NCKIPSD,-0.060000000000000005,-0.014846600000000001,1
32583,44,SMARCD1,0.49000000000000005,0.39684579999999997,1
32584,44,BCL10,0.019999999999999997,0.06542010000000001,1
32585,44,MAX,0.030000000000000013,0.0739509,1
32586,44,HERPUD1,-0.03,-0.008223300000000001,1
32587,44,RAC1,0.08999999999999998,0.140003,1
32588,44,FLNA,0.16999999999999998,0.11762349999999998,1
32589,44,TFE3,-0.7400000000000001,-0.2799034,1
32590,44,NCOR2,0.6100000000000002,0.5232441999999999,1
32591,44,PRPF40B,0.05,0.032404,1
32592,44,BCL3,-0.08999999999999998,-0.008947199999999999,1
32593,44,TFPT,-0.43,-0.11803929999999999,1
32594,44,MLH1,0.8400000000000001,0.7609152,1
32595,44,ARHGAP5,0.09999999999999999,0.1058058,1
32596,44,CIC,0.0,0.0,1
32597,44,LYN,0.75,0.5996814,1
32598,44,TCF12,0.35000000000000003,0.29134020000000005,1
32599,44,KLF6,0.060000000000000005,0.0394689,1
32600,44,KMT2C,0.9700000000000002,0.8370986,1
32601,44,PIM1,-0.09,-0.009123800000000008,1
32602,44,CCND1,1.4200000000000008,0.8895982000000001,1
32603,44,MLLT1,-1.4400000000000004,-0.3711808,1
32604,44,MEN1,-0.31999999999999995,-0.12548320000000002,1
32605,44,CUL3,0.12000000000000001,0.1453381,1
32606,44,RB1,0.6500000000000001,0.5519478000000001,1
32607,44,LPP,-0.17,-0.0348307,1
32608,44,BUB1B,-0.21,-0.06994410000000001,1
32609,44,SMAD4,1.670000000000001,1.3844824,1
32610,44,FGFR1,0.26,0.2446127,1
32611,44,TMSB4X,0.04,0.0322268,1
32612,44,CDK4,0.9600000000000004,0.6729122999999997,1
32613,44,MSI2,0.01,0.008230600000000001,1
32614,44,MSH6,1.0200000000000005,0.8955578999999998,1
32615,44,BRAF,1.4000000000000006,1.2329496999999994,1
32616,44,TCEA1,-0.06999999999999999,0.006392500000000002,1
32617,44,TNFAIP3,0.08,0.1093897,1
32618,44,RABEP1,0.0,0.00043239999999999945,1
32619,44,GMPS,-0.09,-0.04770619999999999,1
32620,44,MDM2,1.2100000000000009,0.9603415000000001,1
32621,44,NSD2,0.23,0.18202519999999997,1
32622,44,CASP8,-0.28,0.053115,1
32623,44,PER1,-0.23000000000000004,-0.08270060000000001,1
32624,44,UBR5,-0.010000000000000007,0.0234107,1
32625,44,EIF3E,0.030000000000000006,0.0626455,1
32626,44,RFWD3,0.02,0.022737600000000004,1
32627,44,BRD3,0.10999999999999999,0.0876332,1
32628,44,PAFAH1B2,0.02,0.0179486,1
32629,44,EXT2,0.020000000000000004,0.019756100000000006,1
32630,44,PLCG1,0.38000000000000006,0.3734215999999999,1
32631,44,SF3B1,-0.54,-0.24880630000000004,1
32632,44,ARHGEF10L,0.04,0.0230064,1
32633,44,NFATC2,0.24000000000000002,0.1864361,1
32634,44,SDHD,0.29000000000000004,0.22258150000000004,1
32635,44,PABPC1,-0.99,-0.29570470000000004,1
32636,44,POLD1,-0.28,-0.06428749999999998,1
32637,44,CALR,0.03,0.06042350000000001,1
32638,44,PIK3CB,0.5900000000000001,0.5267488,1
32639,44,PPM1D,0.29000000000000004,0.23301280000000002,1
32640,44,ATRX,0.9800000000000004,0.8744068000000002,1
32641,44,DGCR8,0.2,0.1592111,1
32642,44,DDX10,0.18,0.14616780000000001,1
32643,44,DROSHA,0.55,0.4496349999999999,1
32644,44,TNFRSF14,-0.18,-0.0592056,1
32645,44,BCL9L,0.13,0.0993095,1
32646,44,QKI,0.04,0.031361,1
32647,44,BAZ1A,0.01,0.0079822,1
32648,44,CHD4,0.3400000000000001,0.32122269999999997,1
32649,44,NSD3,0.1,0.11731699999999999,1
32650,44,NT5C2,0.16,0.08894800000000001,1
32651,44,CCNB1IP1,0.13,0.0625198,1
32652,44,PCBP1,-1.0299999999999998,-0.27943939999999995,1
32653,44,RALGDS,-0.08999999999999998,0.03220780000000001,1
32654,44,ARHGEF12,-0.020000000000000004,0.028095499999999995,1
32655,44,HSP90AB1,1.0300000000000005,0.7282525000000001,1
32656,44,FOXO3,1.4500000000000008,1.1066175999999999,1
32657,44,HIP1,-0.01,-0.0067516,1
32658,44,CDC73,0.06999999999999999,0.0972704,1
32659,44,NIN,-0.019999999999999993,-0.015064000000000008,1
32660,44,MDM4,0.08,0.1551518,1
32661,44,COL3A1,0.21,0.1750963,1
32662,44,CTNND1,0.12,0.1496297,1
32663,44,SPOP,0.09999999999999999,0.10249689999999999,1
32664,44,TMEM127,0.05000000000000001,0.03791330000000001,1
32665,44,CREB3L2,0.11,0.07102710000000001,1
32666,44,MSH2,1.0700000000000003,0.9262147999999999,1
32667,44,FNBP1,0.03,0.0378405,1
32668,44,ATF1,0.15000000000000002,0.1067339,1
32669,44,EIF1AX,-0.54,-0.2101916,1
32670,44,PMS1,0.5199999999999999,0.4079087,1
32671,44,DEK,0.19999999999999998,0.16292990000000002,1
32672,44,ERBB2,0.7500000000000002,0.4966136,1
32673,44,AKT1,0.5600000000000002,0.4182458,1
32674,44,CHEK2,0.6400000000000001,0.6423318000000001,1
32675,44,SDHB,0.38,0.2863197,1
32676,44,NCOA1,0.45999999999999996,0.37407710000000005,1
32677,44,CHIC2,0.09,0.0622073,1
32678,44,RUNX1,0.15999999999999984,0.5679016999999998,1
32679,44,STAT6,0.4,0.3622289,1
32680,44,FH,-0.11000000000000001,-0.03323860000000002,1
32681,44,AKT3,1.1300000000000006,0.8497742000000001,1
32682,44,GNAS,0.36,0.2638228,1
32683,44,CTNNB1,1.3400000000000005,0.9590586,1
32684,44,NONO,0.33000000000000007,0.2915431,1
32685,44,SMARCB1,0.9800000000000004,0.7980064000000001,1
32686,44,PRKAR1A,0.18000000000000002,0.18878189999999997,1
32687,44,ITGAV,-0.02,0.035909900000000015,1
32688,44,SS18,0.41000000000000003,0.3056298,1
32689,44,MAP2K1,1.0500000000000003,0.6627412000000001,1
32690,44,SIRPA,-0.08,-0.013107999999999995,1
32691,44,PPFIBP1,0.39999999999999997,0.2978499,1
32692,44,RPL22,-0.15000000000000002,0.09069089999999999,1
32693,44,CYLD,0.31999999999999995,0.2624104,1
32694,44,ARID1B,0.81,0.6505734,1
32695,44,SETDB1,0.33,0.24695520000000004,1
32696,44,AFDN,-0.42000000000000004,-0.1269353,1
32697,44,ZRSR2,-0.23000000000000004,-0.1516978,1
32698,44,PBRM1,1.0200000000000005,0.8087162999999997,1
32699,44,XPC,0.46,0.286197,1
32700,44,ASXL2,0.28,0.2129693,1
32701,44,TRIM24,-0.15000000000000002,0.0028898999999999913,1
32702,44,SFPQ,-0.48,-0.1605551,1
32703,44,NCOA2,0.5700000000000001,0.4911644,1
32704,44,FOXO4,0.4,0.2500236,1
32705,44,LEF1,0.16000000000000003,0.16191190000000005,1
32706,44,B2M,-0.3500000000000001,-0.1489359,1
32707,44,DDIT3,-0.33000000000000007,-0.1145184,1
32708,44,BCL6,0.28,0.2521998,1
32709,44,KRAS,-0.17999999999999997,0.08394329999999996,1
32710,44,FAT1,0.11,0.080542,1
32711,44,ABL2,0.06,0.0629402,1
32712,44,NF1,1.3100000000000007,1.1159865000000002,1
32713,44,BTG1,-0.05,-0.023933,1
32714,44,EIF4A2,0.04,0.020624800000000002,1
32715,44,SET,0.19,0.15558520000000003,1
32716,44,EPS15,0.09,0.08231450000000001,1
32717,44,RNF213,0.06,0.0527048,1
32718,44,CTCF,1.0900000000000005,0.7830151000000001,1
32719,44,WDCP,0.23,0.1392137,1
32720,44,KAT7,0.16999999999999998,0.1435042,1
32721,44,KDM5C,0.18000000000000002,0.18295319999999998,1
32722,44,TGFBR2,0.18999999999999995,0.1885359,1
32723,44,ATM,0.8600000000000004,0.9721641999999997,1
32724,44,NUMA1,-3.469446951953614e-18,0.014944599999999995,1
32725,44,STAT3,0.8800000000000002,0.8653178000000001,1
32726,44,SUB1,-0.08,-0.036932900000000005,1
32727,44,NUP98,0.25999999999999995,0.25851430000000003,1
32728,44,ELL,0.12000000000000001,0.06778189999999999,1
32729,44,MAP3K1,0.36,0.29765720000000007,1
32730,44,MALT1,0.1,0.1401262,1
32731,44,XPO1,0.5900000000000002,0.48885110000000004,1
32732,44,SETD1B,0.28,0.2307586,1
32733,44,ETV6,-0.18000000000000002,-0.0562405,1
32734,44,TBL1XR1,0.24000000000000002,0.1745805,1
32735,44,NUP214,-0.25999999999999995,0.08232930000000002,1
32736,44,TPR,0.12,0.1024915,1
32737,44,ATIC,0.13,0.15124970000000001,1
32738,44,NACA,0.22999999999999998,0.1485573,1
32739,44,MYO5A,0.03,0.0227181,1
32740,44,SMC1A,0.24,0.38645400000000013,1
32741,44,LASP1,-0.22,-0.1174136,1
32742,44,ERCC5,0.39000000000000007,0.2417077,1
32743,44,JUN,-0.8999999999999999,-0.17182379999999997,1
32744,44,THRAP3,0.08,0.06379280000000001,1
32745,44,STAG2,0.2,0.2522026,1
32746,44,RAF1,0.8700000000000003,0.6799531999999999,1
32747,44,ERCC3,0.58,0.49853919999999996,1
32748,44,SMAD2,0.46000000000000024,0.5145891000000001,1
32749,44,TAF15,0.22000000000000003,0.1780839,1
32750,44,ARNT,0.23999999999999996,0.23723100000000003,1
32751,44,CLTC,-0.65,-0.2885342,1
32752,44,IKBKB,0.35,0.4189287,1
32753,44,IDH1,-0.43,-0.1384392,1
32754,44,SND1,1.734723475976807e-18,0.012796499999999999,1
32755,44,KNSTRN,0.02,0.0154256,1
32756,44,RHOA,-3.15,-0.7356878999999998,1
32757,44,PALB2,0.6400000000000001,0.576932,1
32758,44,ARID2,0.8600000000000001,0.6994544000000001,1
32759,44,EZR,-0.12,-0.04006950000000001,1
32760,44,TP53,-0.29999999999999993,0.29684770000000016,1
32761,44,ARAF,0.42,0.246251,1
32762,44,KIF5B,0.5000000000000001,0.37936119999999995,1
32763,44,KAT6A,0.20000000000000004,0.22939869999999998,1
32764,44,KTN1,-0.11,-0.016689500000000003,1
32765,44,GOLGA5,-0.09000000000000001,-0.0657592,1
32766,44,KDM5A,0.29000000000000004,0.2775293,1
32767,44,RAD21,0.5800000000000001,0.49663320000000005,1
32768,44,GNAQ,0.33,0.24813279999999996,1
32769,44,CAMTA1,0.06,0.044250199999999996,1
32770,44,ERCC2,0.64,0.5091336,1
32771,44,EZH2,1.5600000000000012,1.2633402999999999,1
32772,44,TOP1,0.26000000000000006,0.217525,1
32773,44,SRSF3,-0.25,-0.056113100000000006,1
32774,44,NPM1,0.09000000000000001,0.1485931,1
32775,44,BAX,-0.72,-0.1665617,1
32776,44,NOTCH2,0.28,0.24127989999999996,1
32777,44,TRAF7,0.02,0.0142464,1
32778,44,KDM6A,0.8600000000000002,0.8844566,1
32779,44,SPEN,0.13,0.1054901,1
32780,44,TRIM27,-0.5499999999999999,-0.17253349999999998,1
32781,44,CRTC1,0.15,0.11822189999999999,1
32782,44,EML4,0.31000000000000005,0.32428370000000006,1
32783,44,USP9X,-0.009999999999999998,-0.009110799999999999,1
32784,44,PTPRK,0.0,0.0,1
32785,44,CD74,-0.22000000000000003,-0.029453500000000007,1
32786,44,CBL,0.6100000000000001,0.5482823,1
32787,44,ZNF384,0.03,0.0253302,1
32788,44,NOTCH1,1.1200000000000006,0.8378711999999999,1
32789,44,COX6C,-0.19,-0.0477495,1
32790,44,CHCHD7,0.03,0.019792499999999998,1
32791,44,HMGA1,-0.07,-0.034233000000000006,1
32792,44,PTEN,1.300000000000001,1.2081511999999999,1
32793,44,FIP1L1,-0.04000000000000001,-0.008189599999999998,1
32794,44,JAK1,0.8600000000000003,0.7445854000000001,1
32795,44,ZMYM2,0.01,0.007984799999999997,1
32796,44,SUZ12,0.9400000000000004,0.7347238000000003,1
32797,44,FUS,-0.5399999999999999,-0.02392560000000001,1
32798,44,BAP1,-0.5700000000000001,-0.23148570000000002,1
32799,44,ZCCHC8,-0.06,-0.0202962,1
32800,44,CRNKL1,0.019999999999999997,0.0148098,1
32801,44,RAD17,0.19999999999999998,0.1509336,1
32802,44,ATP1A1,-0.01,-0.0034895000000000013,1
32803,44,DNMT3A,1.0300000000000002,0.8616953,1
32804,44,FBXW7,1.0400000000000005,0.8790229000000004,1
32805,44,WWTR1,-0.09999999999999999,-0.040473100000000005,1
32806,44,CDKN1B,0.42000000000000004,0.3158138,1
32807,44,KMT2A,0.29999999999999993,0.3455228000000001,1
32808,44,PTPN11,1.1400000000000008,0.9892719,1
32809,44,STAT5B,0.7600000000000003,0.6251831000000001,1
32810,44,CUX1,-0.09000000000000001,-0.061484800000000006,1
32811,44,ABI1,-0.30000000000000004,-0.0859286,1
32812,44,BRCA1,1.7900000000000011,1.5199159000000002,1
32813,44,SH2B3,0.08000000000000002,0.0526994,1
32814,44,AFF4,-0.12,-0.062063699999999986,1
32815,44,NF2,0.13,0.1463971,1
32816,44,LMNA,-0.04000000000000001,0.0007573000000000024,1
32817,44,TSC2,0.8700000000000003,0.7103116,1
32818,44,GOLPH3,-0.049999999999999996,-0.0377339,1
32819,44,PCM1,-0.05,-0.041250999999999996,1
32820,44,PPP2R1A,-0.24,-0.0679305,1
32821,44,ARID1A,1.900000000000001,1.5581744999999998,1
32822,44,ABL1,-0.17999999999999994,0.052390500000000007,1
32823,44,AFF1,0.07,0.08612399999999998,1
32824,44,DAXX,-0.51,-0.14200269999999998,1
32825,44,CBFB,0.05000000000000001,0.10994809999999999,1
32826,44,CBLB,0.17,0.1504279,1
32827,44,POLR2A,-0.36999999999999994,0.0665405,1
32828,44,PRKACA,0.23000000000000015,0.2669626999999999,1
32829,44,DNM2,-0.10999999999999999,-0.0462699,1
32830,44,RAP1GDS1,0.020000000000000018,0.05677980000000001,1
32831,44,NCOR1,0.9400000000000003,0.9293615999999998,1
32832,44,NFKBIE,-0.5,-0.14442680000000002,1
32833,44,DDX3X,0.29000000000000004,0.2696716,1
32834,44,ELK4,0.02,0.0174268,1
32835,44,MLLT6,0.010000000000000002,0.023491099999999997,1
32836,44,SRSF2,-3.229999999999999,-0.7281824999999998,1
32837,44,CTNNA1,0.16,0.1244064,1
32838,44,RBM10,0.13,0.1007194,1
32839,44,PTPRC,0.019999999999999997,0.1108508,1
32840,44,HSP90AA1,0.8300000000000002,0.5915183999999999,1
32841,44,NSD1,0.29,0.24527569999999999,0
32842,44,DICER1,0.29000000000000004,0.27015530000000004,0
32843,44,BIRC6,0.09000000000000001,0.0744486,0
32844,44,SDHC,0.31000000000000005,0.2096989,0
32845,44,TFG,0.29999999999999993,0.16385560000000002,0
32846,44,MAP2K2,0.32,0.24640570000000003,0
32847,44,TFRC,-0.25999999999999995,-0.1280247,0
32848,44,CREB1,0.7400000000000003,0.5659702999999999,0
32849,44,POLG,0.01,0.0034646,0
32850,44,SETD2,0.7200000000000002,0.6114414,0
32851,44,NAB2,-0.36,-0.1211352,0
32852,44,HIF1A,1.5900000000000007,1.1357961999999997,0
32853,44,FLCN,0.03,0.0336547,0
32854,44,MAP2K4,0.029999999999999992,0.0850874,0
32855,44,CNOT3,0.020000000000000004,0.028146,0
32856,44,CIITA,0.09000000000000001,0.0568606,0
32857,44,LSM14A,0.09,0.075547,0
32858,44,AKAP9,-0.05,-0.0063868999999999974,0
32859,44,MSN,-0.52,-0.11896250000000001,0
32860,44,BCR,0.020000000000000004,0.038305799999999994,0
32861,44,TRRAP,0.03000000000000001,0.12242330000000001,0
32862,44,PPP6C,-0.15000000000000002,-0.0754753,0
32863,44,NCOA4,-0.26,-0.1394045,0
32864,44,BCL9,0.15,0.1219501,0
32865,44,PRCC,0.06,0.049297999999999995,0
32866,44,LARP4B,0.0,0.0,0
32867,44,CHD2,0.01,0.0081162,0
32868,44,ASXL1,0.47,0.4607774000000001,0
32869,44,SMARCA4,1.2900000000000007,1.0017156,0
32870,44,ERC1,-0.01,-0.007910700000000001,0
32871,44,DCTN1,-0.22,-0.0818979,0
32872,44,PIK3R1,1.3400000000000007,0.9471354000000002,0
32873,44,EED,0.06999999999999999,0.07892639999999998,0
32874,44,CNBP,0.02,0.0120644,0
32875,44,SGK1,0.3,0.18189949999999996,0
32876,44,MLLT10,-0.17000000000000004,-0.0643758,0
32877,44,BRD4,1.0100000000000005,0.8012314,0
32878,44,RANBP2,0.13999999999999999,0.21726899999999993,0
32879,44,FBXO11,0.05,0.0412825,0
32880,44,PML,0.3400000000000001,0.24525310000000003,0
32881,44,AKT2,0.9300000000000003,0.6463099,0
32882,44,CEP89,0.06,0.0368067,0
32883,44,LZTR1,0.05,0.0740564,0
32884,44,YWHAE,0.3400000000000001,0.2173007000000001,0
32885,44,DNAJB1,-0.05,-0.006612400000000001,0
32886,44,PRDM2,0.04,0.0314123,0
32887,44,TPM4,0.47000000000000003,0.30246530000000005,0
32888,44,CREBBP,1.7600000000000011,1.4111486999999994,0
32889,44,PMS2,0.6000000000000001,0.5582534,0
32890,44,DDR2,0.07,0.0457155,0
32891,44,FANCA,0.36,0.2915404,0
32892,44,PDE4DIP,0.04,0.027046,0
32893,44,USP8,-0.1,-0.0433647,0
32894,44,MYH9,-0.29,-0.06599300000000001,0
32895,44,MYC,-1.0400000000000005,-0.4050682999999999,0
32896,44,NBN,0.51,0.3858633,0
32897,44,CCND3,-0.060000000000000005,0.0217376,0
32898,44,TRIP11,-0.11,-0.0733528,0
32899,44,CNTRL,-0.07,-0.0498918,0
32900,44,PIK3CA,1.660000000000001,1.1828064000000007,0
32901,44,DDX5,0.32,0.2604151,0
32902,44,PICALM,0.010000000000000002,0.012315499999999997,0
32903,44,RARA,0.4800000000000001,0.33550750000000007,0
32904,44,DDX6,-0.07,0.050570500000000004,0
32905,44,COL1A1,0.03999999999999997,0.07571439999999999,0
32906,44,VHL,0.27,0.19429619999999997,0
32907,44,MAPK1,1.560000000000001,0.9992838999999998,0
32908,44,SRC,-0.47000000000000003,0.0391714999999999,0
32909,44,NFE2L2,0.27,0.18055729999999998,0
32910,44,MITF,-0.25999999999999995,-0.04630580000000001,0
32911,44,SMAD3,1.1300000000000006,0.8635094,0
32912,44,RBM15,0.08,0.06923069999999999,0
32913,44,ATR,0.6600000000000003,0.5811379000000001,0
32914,44,EPAS1,0.43,0.36349970000000004,0
32915,44,TPM3,0.12000000000000001,0.1009706,0
32916,44,RPL10,0.14,0.1117369,0
32917,44,STAG1,0.13999999999999999,0.1327206,0
32918,44,SBDS,0.0,0.0,0
32919,44,KMT2D,0.9500000000000004,0.6976809,0
32920,44,MED12,0.28,0.22881579999999999,0
32921,44,BCLAF1,-0.01999999999999999,0.04324589999999999,0
32922,44,ASPSCR1,0.009999999999999997,0.008138499999999998,0
32923,44,CDK12,0.3,0.22094439999999999,0
32924,44,EWSR1,0.41999999999999993,0.34104179999999995,0
32925,44,NDRG1,-0.08,-0.037859699999999996,0
32926,44,PSIP1,-0.14,-0.067934,0
32927,44,TRIM33,0.04,0.043872,0
32928,44,MTOR,1.1000000000000003,0.8161236000000004,0
32929,44,ARHGAP35,0.08000000000000002,0.13005590000000003,0
32930,44,POT1,-0.020000000000000004,0.0031201999999999983,0
32931,44,EXT1,0.11,0.0751784,0
32932,44,IL6ST,0.29,0.22259950000000003,0
32933,44,IDH2,0.18000000000000002,0.12171970000000001,0
32934,44,SMARCE1,0.41000000000000003,0.2539917,0
32935,44,CRTC3,0.1,0.07524760000000001,0
32936,44,TSC1,0.25,0.2572552,0
32937,44,BCOR,-0.17999999999999997,-0.015729299999999995,0
32938,44,SDHA,0.2,0.11968530000000002,0
32939,44,EP300,1.6500000000000012,1.3074387999999992,0
32940,44,HNRNPA2B1,0.24000000000000002,0.19013390000000005,0
32941,44,CLIP1,-0.11,-0.0560875,0
32942,44,PATZ1,-0.45,-0.1210869,0
32943,44,FUBP1,-0.24999999999999997,-0.0477401,0
32944,44,HLA-A,-0.22999999999999998,-0.004283300000000011,0
32945,44,CCNC,-0.05,-0.017492800000000003,0
32946,44,RPN1,-0.21000000000000002,-0.0676006,0
32947,44,TCF7L2,0.02000000000000001,0.07833590000000001,0
32948,44,CANT1,0.1,0.054461899999999994,0
32949,44,RPL5,-0.61,-0.19912839999999996,0
32950,44,CCDC6,-0.01999999999999999,0.027727800000000004,0
32951,44,NCKIPSD,0.04,0.021802,0
32952,44,SMARCD1,0.44,0.3007119,0
32953,44,BCL10,0.020000000000000018,0.043398900000000004,0
32954,44,MAX,-0.009999999999999995,0.013741600000000003,0
32955,44,HERPUD1,0.03,0.0129738,0
32956,44,RAC1,-0.04000000000000001,0.08039049999999999,0
32957,44,FLNA,0.04999999999999999,0.06589,0
32958,44,TFE3,-0.44000000000000006,-0.18721949999999998,0
32959,44,NCOR2,0.76,0.5625028999999999,0
32960,44,PRPF40B,-0.02,-0.006101300000000002,0
32961,44,BCL3,-0.05000000000000001,-0.004466900000000003,0
32962,44,TFPT,-0.23,-0.0808442,0
32963,44,MLH1,0.8800000000000001,0.7298280999999998,0
32964,44,ARHGAP5,0.14,0.1158232,0
32965,44,CIC,0.0,0.0,0
32966,44,LYN,0.87,0.6098815999999999,0
32967,44,TCF12,0.26,0.1961951,0
32968,44,KLF6,0.04,0.023153,0
32969,44,KMT2C,1.0300000000000005,0.8340022999999999,0
32970,44,PIM1,-0.18999999999999997,-0.07150830000000001,0
32971,44,CCND1,1.2800000000000007,0.776313,0
32972,44,MLLT1,-1.12,-0.30565099999999995,0
32973,44,MEN1,0.12000000000000001,0.11830009999999999,0
32974,44,CUL3,0.12000000000000001,0.13463410000000003,0
32975,44,RB1,0.7000000000000002,0.5429065000000001,0
32976,44,LPP,-0.05,-0.017749800000000003,0
32977,44,BUB1B,-0.09,-0.036155099999999996,0
32978,44,SMAD4,1.4500000000000008,1.0963019,0
32979,44,FGFR1,0.25,0.1720204,0
32980,44,TMSB4X,0.04,0.03213,0
32981,44,CDK4,0.5,0.3472159000000001,0
32982,44,MSI2,0.01,0.0075576,0
32983,44,MSH6,0.8500000000000004,0.6699282000000001,0
32984,44,BRAF,0.9900000000000003,0.9172031999999999,0
32985,44,TCEA1,-0.07,-0.008051799999999991,0
32986,44,TNFAIP3,0.09000000000000002,0.09549740000000001,0
32987,44,RABEP1,0.02,0.0127048,0
32988,44,GMPS,-0.07,-0.0407453,0
32989,44,MDM2,1.2600000000000007,0.8648236999999999,0
32990,44,NSD2,0.18,0.12450910000000001,0
32991,44,CASP8,-0.030000000000000006,0.15253740000000002,0
32992,44,PER1,-0.25999999999999995,-0.05106609999999999,0
32993,44,UBR5,-0.009999999999999995,0.013864299999999996,0
32994,44,EIF3E,-0.039999999999999994,0.04927390000000001,0
32995,44,RFWD3,0.020000000000000004,0.0256198,0
32996,44,BRD3,0.12,0.0997894,0
32997,44,PAFAH1B2,0.02,0.0165012,0
32998,44,EXT2,0.0,0.009680000000000008,0
32999,44,PLCG1,0.5499999999999999,0.4033672,0
33000,44,SF3B1,-0.29,-0.1104345,0
33001,44,ARHGEF10L,0.02,0.0103166,0
33002,44,NFATC2,0.18,0.1215714,0
33003,44,SDHD,0.22000000000000003,0.11874320000000002,0
33004,44,PABPC1,-0.88,-0.22396539999999995,0
33005,44,POLD1,-0.28,-0.06579259999999998,0
33006,44,CALR,0.030000000000000013,0.0292802,0
33007,44,PIK3CB,0.51,0.4314989,0
33008,44,PPM1D,0.19000000000000003,0.1442066,0
33009,44,ATRX,1.0700000000000005,0.8759004,0
33010,44,DGCR8,0.16000000000000003,0.102319,0
33011,44,DDX10,0.14,0.0945561,0
33012,44,DROSHA,0.44000000000000006,0.32929980000000003,0
33013,44,TNFRSF14,-0.15000000000000002,-0.05255380000000001,0
33014,44,BCL9L,0.15,0.1063785,0
33015,44,QKI,-0.06999999999999999,-0.0440531,0
33016,44,BAZ1A,0.01,0.0072248,0
33017,44,CHD4,0.23,0.2116657,0
33018,44,NSD3,0.1,0.09260320000000001,0
33019,44,NT5C2,0.16,0.08981259999999999,0
33020,44,CCNB1IP1,0.1,0.0433018,0
33021,44,PCBP1,-0.8900000000000001,-0.26853150000000003,0
33022,44,RALGDS,0.13,0.0913542,0
33023,44,ARHGEF12,-0.039999999999999994,-0.005339699999999998,0
33024,44,HSP90AB1,1.2200000000000006,0.7998303999999998,0
33025,44,FOXO3,1.3100000000000005,0.9149114000000003,0
33026,44,HIP1,-0.01,-0.0064419,0
33027,44,CDC73,-0.15999999999999998,-0.022438100000000002,0
33028,44,NIN,0.03,0.021105900000000004,0
33029,44,MDM4,0.010000000000000009,0.11210170000000001,0
33030,44,COL3A1,0.12000000000000001,0.1159132,0
33031,44,CTNND1,0.11000000000000003,0.1423888,0
33032,44,SPOP,0.020000000000000004,0.029475000000000008,0
33033,44,TMEM127,0.05,0.054078200000000014,0
33034,44,CREB3L2,0.08,0.048228799999999995,0
33035,44,MSH2,0.9200000000000004,0.6992211000000002,0
33036,44,FNBP1,3.469446951953614e-18,0.007447200000000001,0
33037,44,ATF1,0.05,0.032029600000000005,0
33038,44,EIF1AX,-0.54,-0.23602559999999997,0
33039,44,PMS1,0.48000000000000004,0.3740152,0
33040,44,DEK,0.12000000000000001,0.1048229,0
33041,44,ERBB2,1.1200000000000003,0.7226321,0
33042,44,AKT1,1.0700000000000005,0.6881870999999999,0
33043,44,CHEK2,0.31,0.4060749,0
33044,44,SDHB,0.36999999999999994,0.22821619999999995,0
33045,44,NCOA1,0.41,0.2907759,0
33046,44,CHIC2,0.039999999999999994,0.0216668,0
33047,44,RUNX1,0.4900000000000002,0.5991678999999999,0
33048,44,STAT6,0.26,0.1770408,0
33049,44,FH,-0.22000000000000003,-0.0787922,0
33050,44,AKT3,1.0700000000000003,0.7162864000000001,0
33051,44,GNAS,0.24000000000000002,0.17000179999999998,0
33052,44,CTNNB1,1.2200000000000006,0.8492642000000001,0
33053,44,NONO,0.18999999999999997,0.1397247,0
33054,44,SMARCB1,0.9000000000000004,0.6745573,0
33055,44,PRKAR1A,0.12000000000000001,0.10401140000000002,0
33056,44,ITGAV,0.039999999999999994,0.03721340000000001,0
33057,44,SS18,0.39,0.2517128,0
33058,44,MAP2K1,1.1200000000000006,0.6866144000000002,0
33059,44,SIRPA,0.01,0.005737199999999998,0
33060,44,PPFIBP1,0.37,0.24279699999999999,0
33061,44,RPL22,-0.15,0.0688898,0
33062,44,CYLD,0.32,0.248737,0
33063,44,ARID1B,0.73,0.5489906,0
33064,44,SETDB1,0.35000000000000003,0.25345419999999996,0
33065,44,AFDN,-0.4099999999999999,-0.1520683,0
33066,44,ZRSR2,0.23000000000000004,0.1757501,0
33067,44,PBRM1,0.9900000000000004,0.7332388000000001,0
33068,44,XPC,0.6000000000000001,0.3963877000000001,0
33069,44,ASXL2,0.27,0.18158020000000002,0
33070,44,TRIM24,-0.24,-0.0903525,0
33071,44,SFPQ,-0.1,0.0022343999999999906,0
33072,44,NCOA2,0.54,0.3791221,0
33073,44,FOXO4,0.44000000000000006,0.2809149,0
33074,44,LEF1,0.16999999999999996,0.12479789999999999,0
33075,44,B2M,-0.7299999999999999,-0.2439729,0
33076,44,DDIT3,-0.39,-0.101426,0
33077,44,BCL6,0.52,0.3504896,0
33078,44,KRAS,-1.7700000000000005,-0.4590912999999999,0
33079,44,FAT1,0.049999999999999996,0.0429452,0
33080,44,ABL2,0.09000000000000001,0.0706393,0
33081,44,NF1,0.9000000000000004,0.7419115999999999,0
33082,44,BTG1,-0.02,-0.010461800000000002,0
33083,44,EIF4A2,0.09999999999999999,0.06799039999999999,0
33084,44,SET,0.17,0.1416241,0
33085,44,EPS15,0.019999999999999997,0.026274899999999997,0
33086,44,RNF213,0.03,0.022324300000000002,0
33087,44,CTCF,0.9200000000000004,0.6612447,0
33088,44,WDCP,0.11999999999999998,0.07679620000000001,0
33089,44,KAT7,0.11999999999999998,0.09455340000000001,0
33090,44,KDM5C,0.16,0.1533308,0
33091,44,TGFBR2,0.2,0.1341441,0
33092,44,ATM,1.550000000000001,1.2067694000000002,0
33093,44,NUMA1,0.03,0.0308254,0
33094,44,STAT3,1.5000000000000009,1.1847376,0
33095,44,SUB1,-0.22,-0.0877299,0
33096,44,NUP98,0.12000000000000004,0.14036179999999998,0
33097,44,ELL,-0.08,-0.015045700000000006,0
33098,44,MAP3K1,0.30999999999999994,0.26660760000000006,0
33099,44,MALT1,0.14,0.1396784,0
33100,44,XPO1,0.35,0.2903178,0
33101,44,SETD1B,0.13999999999999999,0.1003672,0
33102,44,ETV6,-0.15000000000000002,-0.022512900000000002,0
33103,44,TBL1XR1,0.22000000000000003,0.14673990000000003,0
33104,44,NUP214,0.019999999999999997,0.1323273,0
33105,44,TPR,0.08000000000000002,0.1060469,0
33106,44,ATIC,0.1,0.0821653,0
33107,44,NACA,0.22000000000000003,0.1454938,0
33108,44,MYO5A,0.009999999999999998,0.009428,0
33109,44,SMC1A,0.5500000000000002,0.4624900999999999,0
33110,44,LASP1,-0.21000000000000002,-0.11682260000000001,0
33111,44,ERCC5,0.45,0.2874257,0
33112,44,JUN,-0.20999999999999996,0.06511429999999999,0
33113,44,THRAP3,0.08,0.06885329999999999,0
33114,44,STAG2,0.53,0.4160053999999999,0
33115,44,RAF1,1.1200000000000003,0.7907297999999999,0
33116,44,ERCC3,0.54,0.43350390000000005,0
33117,44,SMAD2,0.51,0.49847920000000007,0
33118,44,TAF15,0.16000000000000003,0.1331038,0
33119,44,ARNT,0.29000000000000004,0.24082190000000003,0
33120,44,CLTC,-0.53,-0.28240509999999996,0
33121,44,IKBKB,0.5100000000000001,0.43643710000000013,0
33122,44,IDH1,-0.9500000000000002,-0.27537239999999996,0
33123,44,SND1,-0.009999999999999997,-0.0023227999999999964,0
33124,44,KNSTRN,0.03,0.0241557,0
33125,44,RHOA,-1.48,-0.3756407999999999,0
33126,44,PALB2,0.6200000000000001,0.5266193,0
33127,44,ARID2,0.78,0.5806955,0
33128,44,EZR,-0.11,-0.01822660000000001,0
33129,44,TP53,-0.7499999999999998,0.11333979999999999,0
33130,44,ARAF,0.38,0.2182626,0
33131,44,KIF5B,0.42999999999999994,0.3083866,0
33132,44,KAT6A,0.21,0.18918939999999998,0
33133,44,KTN1,-0.06999999999999999,-0.017884099999999993,0
33134,44,GOLGA5,-0.11,-0.07310150000000001,0
33135,44,KDM5A,0.24000000000000002,0.2153854,0
33136,44,RAD21,0.5,0.3918284999999999,0
33137,44,GNAQ,0.12000000000000001,0.08641889999999999,0
33138,44,CAMTA1,0.02,0.011477399999999999,0
33139,44,ERCC2,0.64,0.4611629000000001,0
33140,44,EZH2,1.7900000000000011,1.1825656999999998,0
33141,44,TOP1,0.13,0.09824030000000002,0
33142,44,SRSF3,-0.44000000000000006,-0.14264469999999996,0
33143,44,NPM1,0.14000000000000004,0.21365900000000002,0
33144,44,BAX,-0.53,-0.1545574,0
33145,44,NOTCH2,0.25,0.1927068,0
33146,44,TRAF7,0.04,0.0317732,0
33147,44,KDM6A,0.8500000000000002,0.7581530000000001,0
33148,44,SPEN,0.11,0.0811597,0
33149,44,TRIM27,-0.44,-0.1581371,0
33150,44,CRTC1,0.15000000000000002,0.11582310000000001,0
33151,44,EML4,0.22000000000000006,0.20125389999999996,0
33152,44,USP9X,-0.049999999999999996,-0.0297597,0
33153,44,PTPRK,0.01,0.0069999,0
33154,44,CD74,-0.12000000000000001,0.004366799999999999,0
33155,44,CBL,0.5900000000000001,0.4359781,0
33156,44,ZNF384,-0.060000000000000005,-0.025631800000000003,0
33157,44,NOTCH1,1.0400000000000005,0.7527762000000001,0
33158,44,COX6C,-0.11000000000000001,-0.05162380000000001,0
33159,44,CHCHD7,0.03,0.0205587,0
33160,44,HMGA1,-0.07999999999999999,-0.0385909,0
33161,44,PTEN,1.4900000000000009,1.2310831000000002,0
33162,44,FIP1L1,-0.03,-0.017321399999999997,0
33163,44,JAK1,0.8200000000000003,0.6431294000000001,0
33164,44,ZMYM2,-0.05999999999999999,-0.0430046,0
33165,44,SUZ12,0.7600000000000002,0.5235553,0
33166,44,FUS,-0.21000000000000002,0.10156240000000001,0
33167,44,BAP1,0.049999999999999996,0.06069920000000001,0
33168,44,ZCCHC8,-0.08,-0.0239832,0
33169,44,CRNKL1,-0.039999999999999994,-0.020259199999999998,0
33170,44,RAD17,0.15,0.11147380000000001,0
33171,44,ATP1A1,0.01,0.0046796999999999984,0
33172,44,DNMT3A,0.6300000000000001,0.6304236999999999,0
33173,44,FBXW7,1.0100000000000002,0.7715363999999999,0
33174,44,WWTR1,-0.05000000000000001,-0.0189236,0
33175,44,CDKN1B,0.5100000000000001,0.3152285000000001,0
33176,44,KMT2A,0.5500000000000002,0.45131560000000004,0
33177,44,PTPN11,0.9100000000000004,0.7098785000000001,0
33178,44,STAT5B,0.7100000000000002,0.5245328,0
33179,44,CUX1,-0.1,-0.0660791,0
33180,44,ABI1,-0.33,-0.11969179999999999,0
33181,44,BRCA1,1.7400000000000013,1.3863998000000004,0
33182,44,SH2B3,0.039999999999999994,0.0330246,0
33183,44,AFF4,0.01999999999999999,0.0243433,0
33184,44,NF2,-6.938893903907228e-18,0.0628285,0
33185,44,LMNA,0.060000000000000005,0.05526150000000001,0
33186,44,TSC2,0.5,0.42308660000000003,0
33187,44,GOLPH3,-0.09999999999999999,-0.059719799999999996,0
33188,44,PCM1,-0.05,-0.0356267,0
33189,44,PPP2R1A,-0.28,-0.06217109999999998,0
33190,44,ARID1A,1.830000000000001,1.3569941,0
33191,44,ABL1,0.07999999999999999,0.15052990000000008,0
33192,44,AFF1,0.24000000000000002,0.18580130000000003,0
33193,44,DAXX,-0.20000000000000004,-0.045990300000000005,0
33194,44,CBFB,0.10999999999999997,0.088749,0
33195,44,CBLB,0.12000000000000001,0.09212880000000001,0
33196,44,POLR2A,-0.01999999999999999,0.15625189999999994,0
33197,44,PRKACA,0.37000000000000005,0.2790266,0
33198,44,DNM2,-0.13,-0.05025270000000001,0
33199,44,RAP1GDS1,-0.060000000000000005,-0.027856,0
33200,44,NCOR1,0.9200000000000004,0.8214505999999998,0
33201,44,NFKBIE,-0.23,-0.08104070000000001,0
33202,44,DDX3X,0.14,0.12459320000000003,0
33203,44,ELK4,0.02,0.014960800000000002,0
33204,44,MLLT6,0.13999999999999999,0.1065678,0
33205,44,SRSF2,-1.4300000000000002,-0.4035431,0
33206,44,CTNNA1,0.09000000000000001,0.0697095,0
33207,44,RBM10,0.21000000000000002,0.1419459,0
33208,44,PTPRC,0.12,0.11439080000000001,0
33209,44,HSP90AA1,1.2600000000000005,0.8313777999999998,0
33210,45,NSD1,0.34,0.30148060000000004,1
33211,45,DICER1,0.25000000000000006,0.27957450000000006,1
33212,45,BIRC6,0.12,0.11953180000000001,1
33213,45,SDHC,0.43,0.32409840000000006,1
33214,45,TFG,0.13999999999999999,0.09208780000000001,1
33215,45,MAP2K2,0.21,0.1871717,1
33216,45,TFRC,-0.30000000000000004,-0.100979,1
33217,45,CREB1,0.9600000000000005,0.8208466,1
33218,45,POLG,-0.03,-0.0069911999999999995,1
33219,45,SETD2,0.6200000000000003,0.5940887999999999,1
33220,45,NAB2,-0.55,-0.15284720000000002,1
33221,45,HIF1A,1.7900000000000011,1.4090163000000007,1
33222,45,FLCN,-0.030000000000000006,0.03310470000000001,1
33223,45,MAP2K4,0.14,0.16095350000000003,1
33224,45,CNOT3,0.05,0.0548778,1
33225,45,CIITA,0.11,0.07227299999999999,1
33226,45,LSM14A,0.15,0.12217900000000001,1
33227,45,AKAP9,-0.030000000000000013,0.02033809999999999,1
33228,45,MSN,-0.19999999999999998,-0.0753403,1
33229,45,BCR,-0.05999999999999999,0.050595600000000004,1
33230,45,TRRAP,-0.049999999999999975,0.20925230000000006,1
33231,45,PPP6C,-0.16,-0.0636167,1
33232,45,NCOA4,-0.08000000000000002,-0.008648700000000002,1
33233,45,BCL9,0.19000000000000003,0.1490679,1
33234,45,PRCC,0.10999999999999999,0.08932290000000001,1
33235,45,LARP4B,0.03,0.022607699999999998,1
33236,45,CHD2,0.02,0.018304800000000003,1
33237,45,ASXL1,0.3400000000000001,0.3822913000000001,1
33238,45,SMARCA4,1.7700000000000011,1.4404368999999997,1
33239,45,ERC1,-0.02,-0.0164378,1
33240,45,DCTN1,0.030000000000000006,0.05251739999999999,1
33241,45,PIK3R1,1.3100000000000007,1.0718820999999998,1
33242,45,EED,0.09999999999999998,0.08497540000000002,1
33243,45,CNBP,0.01,0.0058560999999999995,1
33244,45,SGK1,0.48,0.3331006000000001,1
33245,45,MLLT10,-0.26,-0.15314710000000004,1
33246,45,BRD4,0.8100000000000003,0.7692569000000001,1
33247,45,RANBP2,0.33999999999999997,0.31649000000000005,1
33248,45,FBXO11,0.07,0.05798640000000001,1
33249,45,PML,0.36,0.27489159999999985,1
33250,45,AKT2,1.0500000000000003,0.8080494,1
33251,45,CEP89,0.04,0.024911199999999998,1
33252,45,LZTR1,0.06999999999999999,0.09752559999999999,1
33253,45,YWHAE,0.31,0.20027419999999999,1
33254,45,DNAJB1,-0.08000000000000002,-0.0246026,1
33255,45,PRDM2,0.07,0.0583859,1
33256,45,TPM4,0.53,0.389449,1
33257,45,CREBBP,1.7800000000000011,1.5340386000000004,1
33258,45,PMS2,0.6600000000000001,0.6098754,1
33259,45,DDR2,0.03,0.022967400000000002,1
33260,45,FANCA,0.42000000000000004,0.35758310000000004,1
33261,45,PDE4DIP,0.08,0.0636076,1
33262,45,USP8,-0.08,-0.041675000000000004,1
33263,45,MYH9,-0.6499999999999999,-0.16176030000000002,1
33264,45,MYC,-1.7400000000000007,-0.4761849,1
33265,45,NBN,0.6100000000000001,0.5031349,1
33266,45,CCND3,-0.09,-0.0057909999999999975,1
33267,45,TRIP11,-0.1,-0.0764112,1
33268,45,CNTRL,-0.05,-0.046507900000000005,1
33269,45,PIK3CA,1.500000000000001,1.2507784000000002,1
33270,45,DDX5,0.25999999999999995,0.3038938000000001,1
33271,45,PICALM,-6.938893903907228e-18,0.008510000000000007,1
33272,45,RARA,-0.12000000000000001,0.04845989999999999,1
33273,45,DDX6,0.08000000000000002,0.14588479999999998,1
33274,45,COL1A1,0.21,0.1807203,1
33275,45,VHL,0.29000000000000004,0.20855740000000003,1
33276,45,MAPK1,1.930000000000001,1.4415705,1
33277,45,SRC,0.06999999999999992,0.24255510000000005,1
33278,45,NFE2L2,0.4,0.2763082,1
33279,45,MITF,-0.13,-0.002957299999999996,1
33280,45,SMAD3,1.270000000000001,1.1873446999999997,1
33281,45,RBM15,0.11000000000000001,0.0941742,1
33282,45,ATR,0.7900000000000003,0.6610833,1
33283,45,EPAS1,0.38999999999999996,0.3887496000000001,1
33284,45,TPM3,0.24000000000000005,0.1962598,1
33285,45,RPL10,0.09000000000000001,0.1041256,1
33286,45,STAG1,0.09999999999999999,0.14596320000000002,1
33287,45,SBDS,-0.06,-0.0211125,1
33288,45,KMT2D,1.0600000000000003,0.8969595,1
33289,45,MED12,0.38,0.3268635,1
33290,45,BCLAF1,-0.04000000000000001,0.028119099999999987,1
33291,45,ASPSCR1,-0.05000000000000001,-0.009518400000000007,1
33292,45,CDK12,0.53,0.42254800000000003,1
33293,45,EWSR1,0.23999999999999996,0.3228657,1
33294,45,NDRG1,-0.049999999999999996,-0.0070209999999999995,1
33295,45,PSIP1,0.059999999999999984,0.0592986,1
33296,45,TRIM33,0.13,0.10861690000000002,1
33297,45,MTOR,0.7400000000000002,0.6969192000000001,1
33298,45,ARHGAP35,0.19,0.16750879999999999,1
33299,45,POT1,0.01,0.0129909,1
33300,45,EXT1,0.12,0.09228719999999999,1
33301,45,IL6ST,0.33,0.2843621,1
33302,45,IDH2,-0.010000000000000002,0.03586009999999999,1
33303,45,SMARCE1,0.47000000000000003,0.322338,1
33304,45,CRTC3,0.07999999999999999,0.07079159999999998,1
33305,45,TSC1,0.37,0.3441467,1
33306,45,BCOR,-0.12,0.018578200000000003,1
33307,45,SDHA,0.28,0.2200252,1
33308,45,EP300,2.3700000000000006,2.0557525000000005,1
33309,45,HNRNPA2B1,0.49999999999999994,0.36626,1
33310,45,CLIP1,-0.11,-0.0573816,1
33311,45,PATZ1,-0.5700000000000001,-0.1528234,1
33312,45,FUBP1,-0.19000000000000003,-0.025028900000000007,1
33313,45,HLA-A,-0.04000000000000001,0.02928909999999998,1
33314,45,CCNC,-0.22000000000000003,-0.0915332,1
33315,45,RPN1,-0.15000000000000002,-0.0625357,1
33316,45,TCF7L2,0.08000000000000002,0.11908450000000001,1
33317,45,CANT1,-0.04000000000000001,0.008763699999999992,1
33318,45,RPL5,-0.6900000000000001,-0.19147229999999996,1
33319,45,CCDC6,0.06999999999999998,0.0856267,1
33320,45,NCKIPSD,-0.09,-0.005459499999999999,1
33321,45,SMARCD1,0.46,0.38029880000000005,1
33322,45,BCL10,-0.019999999999999997,0.0466053,1
33323,45,MAX,0.060000000000000005,0.08972609999999999,1
33324,45,HERPUD1,-0.03,-0.0078129,1
33325,45,RAC1,-0.06000000000000002,0.10713309999999997,1
33326,45,FLNA,0.09,0.08803580000000001,1
33327,45,TFE3,-0.7000000000000001,-0.2622187,1
33328,45,NCOR2,0.6200000000000002,0.5435373,1
33329,45,PRPF40B,0.020000000000000004,0.024068800000000005,1
33330,45,BCL3,-0.07000000000000002,-0.0159985,1
33331,45,TFPT,-0.44999999999999996,-0.12147569999999999,1
33332,45,MLH1,0.8400000000000001,0.7717028000000002,1
33333,45,ARHGAP5,0.15,0.1314789,1
33334,45,CIC,0.01,0.0071161,1
33335,45,LYN,0.7900000000000001,0.6014887,1
33336,45,TCF12,0.34,0.2793662,1
33337,45,KLF6,0.06,0.0381678,1
33338,45,KMT2C,0.9300000000000004,0.8232261,1
33339,45,PIM1,-0.07000000000000003,0.003075499999999995,1
33340,45,CCND1,1.2000000000000006,0.8027111000000001,1
33341,45,MLLT1,-1.64,-0.41219180000000005,1
33342,45,MEN1,-0.06,0.009694200000000014,1
33343,45,CUL3,0.11,0.13161409999999998,1
33344,45,RB1,0.7400000000000002,0.6084999000000001,1
33345,45,LPP,-0.14,-0.026487600000000004,1
33346,45,BUB1B,-0.13999999999999999,-0.025997999999999997,1
33347,45,SMAD4,1.560000000000001,1.2854037,1
33348,45,FGFR1,0.2,0.2214195,1
33349,45,TMSB4X,0.03,0.0229575,1
33350,45,CDK4,1.1400000000000006,0.8142120000000002,1
33351,45,MSI2,0.01,0.0078486,1
33352,45,MSH6,1.0100000000000005,0.8823751000000002,1
33353,45,BRAF,1.2800000000000007,1.1211559999999996,1
33354,45,TCEA1,-0.15999999999999998,-0.026181499999999996,1
33355,45,TNFAIP3,0.09,0.1107007,1
33356,45,RABEP1,-0.010000000000000002,-0.007121100000000002,1
33357,45,GMPS,-0.10999999999999999,-0.05656510000000001,1
33358,45,MDM2,1.3300000000000005,1.1033858999999997,1
33359,45,NSD2,0.24,0.18245119999999998,1
33360,45,CASP8,-0.67,-0.08451769999999997,1
33361,45,PER1,-0.18000000000000002,-0.0670226,1
33362,45,UBR5,0.010000000000000004,0.042435999999999995,1
33363,45,EIF3E,-0.060000000000000005,0.0329275,1
33364,45,RFWD3,0.03,0.028682599999999996,1
33365,45,BRD3,0.13,0.09832940000000001,1
33366,45,PAFAH1B2,0.02,0.0177036,1
33367,45,EXT2,0.009999999999999995,0.020392299999999988,1
33368,45,PLCG1,0.5099999999999999,0.44691859999999994,1
33369,45,SF3B1,-0.62,-0.2887204,1
33370,45,ARHGEF10L,0.03,0.0149841,1
33371,45,NFATC2,0.23,0.16754,1
33372,45,SDHD,0.28,0.2092305,1
33373,45,PABPC1,-0.87,-0.23468330000000004,1
33374,45,POLD1,-0.43,-0.116031,1
33375,45,CALR,-0.06999999999999999,0.03823359999999999,1
33376,45,PIK3CB,0.6300000000000001,0.5301370000000001,1
33377,45,PPM1D,0.26,0.20662610000000003,1
33378,45,ATRX,1.0000000000000004,0.8830081000000004,1
33379,45,DGCR8,0.19000000000000003,0.15637449999999997,1
33380,45,DDX10,0.18,0.13680810000000002,1
33381,45,DROSHA,0.53,0.42734790000000006,1
33382,45,TNFRSF14,-0.14,-0.05413520000000001,1
33383,45,BCL9L,0.13,0.09462480000000001,1
33384,45,QKI,0.04,0.0309326,1
33385,45,BAZ1A,0.01,0.0075237,1
33386,45,CHD4,0.37,0.34062680000000006,1
33387,45,NSD3,0.11000000000000001,0.11614600000000001,1
33388,45,NT5C2,0.16,0.096419,1
33389,45,CCNB1IP1,0.13,0.0575873,1
33390,45,PCBP1,-1.0699999999999998,-0.286437,1
33391,45,RALGDS,-0.16999999999999998,0.009771700000000001,1
33392,45,ARHGEF12,-0.020000000000000004,0.0169117,1
33393,45,HSP90AB1,1.1100000000000003,0.7986322,1
33394,45,FOXO3,1.4900000000000009,1.1250314999999997,1
33395,45,HIP1,-0.01,-0.006762000000000001,1
33396,45,CDC73,0.05,0.079811,1
33397,45,NIN,-0.019999999999999993,-0.015593400000000004,1
33398,45,MDM4,0.12,0.1747537,1
33399,45,COL3A1,0.21,0.1776739,1
33400,45,CTNND1,0.06,0.1249256,1
33401,45,SPOP,0.1,0.10020930000000002,1
33402,45,TMEM127,0.12000000000000001,0.06990940000000001,1
33403,45,CREB3L2,0.16999999999999998,0.114635,1
33404,45,MSH2,0.9600000000000004,0.8553784000000001,1
33405,45,FNBP1,0.03,0.03557310000000001,1
33406,45,ATF1,0.17,0.1238992,1
33407,45,EIF1AX,-0.47000000000000003,-0.2093408,1
33408,45,PMS1,0.39,0.3240512,1
33409,45,DEK,0.16000000000000003,0.1446691,1
33410,45,ERBB2,0.8300000000000003,0.5555067999999999,1
33411,45,AKT1,1.3800000000000008,0.9069006000000003,1
33412,45,CHEK2,0.61,0.6376950999999998,1
33413,45,SDHB,0.38,0.30063599999999996,1
33414,45,NCOA1,0.4100000000000001,0.3345827,1
33415,45,CHIC2,0.08,0.0508301,1
33416,45,RUNX1,-0.010000000000000092,0.6072088999999999,1
33417,45,STAT6,0.41000000000000003,0.38078039999999996,1
33418,45,FH,-0.039999999999999994,0.022045699999999994,1
33419,45,AKT3,1.1900000000000006,0.8885003999999999,1
33420,45,GNAS,0.39,0.27803550000000005,1
33421,45,CTNNB1,1.4800000000000009,1.0823592999999998,1
33422,45,NONO,0.31000000000000005,0.2737628,1
33423,45,SMARCB1,0.9700000000000004,0.8081487,1
33424,45,PRKAR1A,0.23,0.2122019,1
33425,45,ITGAV,0.010000000000000004,0.051790200000000015,1
33426,45,SS18,0.43,0.3130015,1
33427,45,MAP2K1,0.8400000000000003,0.5846100999999999,1
33428,45,SIRPA,-0.030000000000000002,-0.005528799999999999,1
33429,45,PPFIBP1,0.37,0.27835010000000004,1
33430,45,RPL22,-0.29,0.10065049999999998,1
33431,45,CYLD,0.30000000000000004,0.24373039999999999,1
33432,45,ARID1B,0.8200000000000001,0.6582186,1
33433,45,SETDB1,0.32,0.23983370000000004,1
33434,45,AFDN,-0.37,-0.1223549,1
33435,45,ZRSR2,-0.07999999999999999,-0.051014500000000004,1
33436,45,PBRM1,0.9400000000000004,0.7350142,1
33437,45,XPC,0.53,0.3694315,1
33438,45,ASXL2,0.29000000000000004,0.2188872,1
33439,45,TRIM24,-0.04,0.0390578,1
33440,45,SFPQ,-0.53,-0.17516380000000004,1
33441,45,NCOA2,0.5900000000000001,0.5079057,1
33442,45,FOXO4,0.29000000000000004,0.20084000000000002,1
33443,45,LEF1,0.22999999999999995,0.19934139999999995,1
33444,45,B2M,-0.27,-0.11494460000000001,1
33445,45,DDIT3,-0.35000000000000003,-0.1151638,1
33446,45,BCL6,0.42000000000000004,0.34697159999999994,1
33447,45,KRAS,-0.6599999999999999,-0.1086442,1
33448,45,FAT1,0.14,0.10627769999999999,1
33449,45,ABL2,0.08,0.0712302,1
33450,45,NF1,1.3400000000000007,1.0893019000000002,1
33451,45,BTG1,-0.07,-0.029155,1
33452,45,EIF4A2,0.05,0.030248200000000003,1
33453,45,SET,0.19,0.1579892,1
33454,45,EPS15,0.10999999999999999,0.101385,1
33455,45,RNF213,0.06,0.0534382,1
33456,45,CTCF,1.0800000000000005,0.7674375000000002,1
33457,45,WDCP,0.24000000000000002,0.1474223,1
33458,45,KAT7,0.15,0.13299750000000002,1
33459,45,KDM5C,0.25,0.23183089999999998,1
33460,45,TGFBR2,0.19,0.21189090000000002,1
33461,45,ATM,1.0600000000000007,1.0462136,1
33462,45,NUMA1,0.030000000000000006,0.0335952,1
33463,45,STAT3,0.6900000000000003,0.8008925000000001,1
33464,45,SUB1,-0.16,-0.0668513,1
33465,45,NUP98,0.2199999999999999,0.22283750000000005,1
33466,45,ELL,0.18,0.09708930000000002,1
33467,45,MAP3K1,0.41,0.3342166,1
33468,45,MALT1,0.11,0.1385366,1
33469,45,XPO1,0.6200000000000002,0.5061990999999999,1
33470,45,SETD1B,0.28,0.22792909999999997,1
33471,45,ETV6,-0.12000000000000004,-0.026133499999999997,1
33472,45,TBL1XR1,0.22000000000000003,0.1574285,1
33473,45,NUP214,-0.059999999999999956,0.14699169999999998,1
33474,45,TPR,0.13,0.10457049999999997,1
33475,45,ATIC,0.1,0.14185659999999997,1
33476,45,NACA,0.22999999999999998,0.14667370000000002,1
33477,45,MYO5A,0.04,0.031444,1
33478,45,SMC1A,0.25000000000000006,0.410311,1
33479,45,LASP1,-0.24,-0.1209173,1
33480,45,ERCC5,0.44999999999999996,0.2935766,1
33481,45,JUN,-0.6399999999999999,-0.0943694,1
33482,45,THRAP3,0.08,0.0616784,1
33483,45,STAG2,0.30000000000000004,0.30079859999999997,1
33484,45,RAF1,0.7900000000000004,0.627474,1
33485,45,ERCC3,0.49000000000000005,0.4627931,1
33486,45,SMAD2,0.34000000000000025,0.4903374,1
33487,45,TAF15,0.22000000000000003,0.1879152,1
33488,45,ARNT,0.29000000000000004,0.24821280000000004,1
33489,45,CLTC,-0.6300000000000001,-0.2853607,1
33490,45,IKBKB,0.4,0.43714149999999996,1
33491,45,IDH1,-0.48,-0.15995130000000005,1
33492,45,SND1,-0.009999999999999993,0.0097855,1
33493,45,KNSTRN,0.02,0.0156988,1
33494,45,RHOA,-3.7100000000000004,-0.8163103000000002,1
33495,45,PALB2,0.6300000000000001,0.545294,1
33496,45,ARID2,0.8400000000000001,0.6748153,1
33497,45,EZR,-0.12000000000000001,-0.02637730000000001,1
33498,45,TP53,-0.32999999999999974,0.17059909999999986,1
33499,45,ARAF,0.38999999999999996,0.22732020000000003,1
33500,45,KIF5B,0.5100000000000001,0.38919450000000005,1
33501,45,KAT6A,0.16999999999999998,0.2153863,1
33502,45,KTN1,-0.09000000000000001,-0.012620200000000003,1
33503,45,GOLGA5,-0.06,-0.04267409999999999,1
33504,45,KDM5A,0.22999999999999998,0.2393265,1
33505,45,RAD21,0.5700000000000001,0.48520110000000005,1
33506,45,GNAQ,0.2700000000000001,0.2091135,1
33507,45,CAMTA1,0.05,0.035336700000000006,1
33508,45,ERCC2,0.68,0.5469535,1
33509,45,EZH2,1.6500000000000012,1.3222198000000005,1
33510,45,TOP1,0.31000000000000005,0.24929669999999998,1
33511,45,SRSF3,-0.28,-0.06060770000000002,1
33512,45,NPM1,0.15,0.21911250000000002,1
33513,45,BAX,-0.9899999999999999,-0.1918079,1
33514,45,NOTCH2,0.29000000000000004,0.2503955,1
33515,45,TRAF7,0.02,0.0150458,1
33516,45,KDM6A,0.7800000000000002,0.8721592,1
33517,45,SPEN,0.13,0.1054939,1
33518,45,TRIM27,-0.47000000000000003,-0.16271500000000003,1
33519,45,CRTC1,0.15999999999999998,0.1282586,1
33520,45,EML4,0.30000000000000004,0.2970037000000001,1
33521,45,USP9X,-0.03,-0.0235248,1
33522,45,PTPRK,0.0,0.0,1
33523,45,CD74,-0.2,-0.030227800000000013,1
33524,45,CBL,0.5800000000000001,0.5245572999999999,1
33525,45,ZNF384,0.05,0.0418402,1
33526,45,NOTCH1,1.1300000000000003,0.8725006999999999,1
33527,45,COX6C,-0.21000000000000002,-0.0611601,1
33528,45,CHCHD7,0.02,0.011551800000000001,1
33529,45,HMGA1,-0.09,-0.0362149,1
33530,45,PTEN,1.330000000000001,1.2398927999999998,1
33531,45,FIP1L1,-0.039999999999999994,-0.02054139999999999,1
33532,45,JAK1,0.8500000000000003,0.7299233,1
33533,45,ZMYM2,-0.009999999999999997,-0.008158299999999997,1
33534,45,SUZ12,0.9400000000000004,0.714324,1
33535,45,FUS,-0.41000000000000003,0.016165899999999987,1
33536,45,BAP1,-0.33,-0.1385505,1
33537,45,ZCCHC8,-0.08,-0.022682400000000002,1
33538,45,CRNKL1,0.04,0.0328368,1
33539,45,RAD17,0.2,0.1487489,1
33540,45,ATP1A1,0.019999999999999997,0.013170800000000003,1
33541,45,DNMT3A,0.9300000000000006,0.8179284000000001,1
33542,45,FBXW7,0.9700000000000002,0.8638665999999999,1
33543,45,WWTR1,-0.12,-0.0490487,1
33544,45,CDKN1B,0.41999999999999993,0.3145446,1
33545,45,KMT2A,0.19000000000000006,0.29661860000000007,1
33546,45,PTPN11,1.2000000000000006,0.9792474000000002,1
33547,45,STAT5B,0.68,0.5926247999999998,1
33548,45,CUX1,-0.07,-0.050095600000000004,1
33549,45,ABI1,-0.44000000000000006,-0.11035529999999999,1
33550,45,BRCA1,1.8900000000000012,1.5654606999999996,1
33551,45,SH2B3,0.09999999999999999,0.0644213,1
33552,45,AFF4,-0.18,-0.09533620000000001,1
33553,45,NF2,0.17,0.177013,1
33554,45,LMNA,0.16999999999999996,0.11347270000000001,1
33555,45,TSC2,0.8400000000000003,0.6926255000000001,1
33556,45,GOLPH3,-0.09,-0.059202899999999996,1
33557,45,PCM1,-0.05,-0.039482100000000006,1
33558,45,PPP2R1A,-0.52,-0.16556649999999998,1
33559,45,ARID1A,1.880000000000001,1.5480269000000002,1
33560,45,ABL1,-0.18000000000000005,0.06834799999999994,1
33561,45,AFF1,-0.06999999999999999,0.010526499999999998,1
33562,45,DAXX,-0.5299999999999999,-0.1422277,1
33563,45,CBFB,0.09,0.13420010000000004,1
33564,45,CBLB,0.16000000000000003,0.1397695,1
33565,45,POLR2A,-0.18,0.1551416,1
33566,45,PRKACA,0.010000000000000184,0.24038249999999994,1
33567,45,DNM2,-0.13,-0.05129550000000001,1
33568,45,RAP1GDS1,-0.029999999999999985,0.024819700000000014,1
33569,45,NCOR1,1.0500000000000003,0.9880321000000001,1
33570,45,NFKBIE,-0.45999999999999996,-0.1274016,1
33571,45,DDX3X,0.31999999999999995,0.2896499,1
33572,45,ELK4,0.03,0.0268008,1
33573,45,MLLT6,0.09,0.06367610000000001,1
33574,45,SRSF2,-3.119999999999999,-0.7409003,1
33575,45,CTNNA1,0.16999999999999998,0.13274470000000002,1
33576,45,RBM10,0.09999999999999999,0.0846044,1
33577,45,PTPRC,0.12,0.160799,1
33578,45,HSP90AA1,0.9800000000000004,0.7098808999999999,1
33579,45,NSD1,0.22999999999999998,0.185124,0
33580,45,DICER1,0.27,0.2496783,0
33581,45,BIRC6,0.049999999999999996,0.046951400000000004,0
33582,45,SDHC,0.32000000000000006,0.21555040000000003,0
33583,45,TFG,0.33999999999999997,0.1937834,0
33584,45,MAP2K2,0.27,0.2190298,0
33585,45,TFRC,-0.22,-0.10831999999999999,0
33586,45,CREB1,0.8100000000000003,0.6073421,0
33587,45,POLG,0.02,0.007867800000000001,0
33588,45,SETD2,0.7100000000000002,0.5947222999999999,0
33589,45,NAB2,-0.32,-0.10945590000000001,0
33590,45,HIF1A,1.5000000000000007,1.0843187999999997,0
33591,45,FLCN,0.05,0.0480234,0
33592,45,MAP2K4,0.009999999999999995,0.0768684,0
33593,45,CNOT3,-0.030000000000000006,-0.0024528000000000015,0
33594,45,CIITA,0.1,0.0682547,0
33595,45,LSM14A,0.09,0.0800921,0
33596,45,AKAP9,-0.060000000000000005,-0.0145396,0
33597,45,MSN,-0.30999999999999994,-0.0771326,0
33598,45,BCR,0.03,0.0351391,0
33599,45,TRRAP,0.06,0.12425019999999999,0
33600,45,PPP6C,-0.16,-0.08030920000000001,0
33601,45,NCOA4,-0.12,-0.0641596,0
33602,45,BCL9,0.14,0.10436299999999998,0
33603,45,PRCC,0.04000000000000001,0.025573700000000005,0
33604,45,LARP4B,0.0,0.0,0
33605,45,CHD2,0.01,0.0075137,0
33606,45,ASXL1,0.53,0.4818682,0
33607,45,SMARCA4,1.3000000000000007,0.9706497000000001,0
33608,45,ERC1,-0.03,-0.0221598,0
33609,45,DCTN1,-0.25999999999999995,-0.1212706,0
33610,45,PIK3R1,1.3700000000000008,0.9466713,0
33611,45,EED,-0.08,0.007343600000000011,0
33612,45,CNBP,0.0,0.0,0
33613,45,SGK1,0.31,0.18354170000000003,0
33614,45,MLLT10,-0.07,-0.017977700000000006,0
33615,45,BRD4,0.9200000000000005,0.6874755999999999,0
33616,45,RANBP2,0.19999999999999998,0.23286689999999996,0
33617,45,FBXO11,0.05,0.0391947,0
33618,45,PML,0.38,0.28632880000000005,0
33619,45,AKT2,0.9300000000000002,0.646514,0
33620,45,CEP89,0.08,0.049040600000000004,0
33621,45,LZTR1,0.05,0.071219,0
33622,45,YWHAE,0.19999999999999998,0.1372851,0
33623,45,DNAJB1,-0.030000000000000002,-0.0018969,0
33624,45,PRDM2,0.02,0.0143165,0
33625,45,TPM4,0.48000000000000004,0.3186301000000001,0
33626,45,CREBBP,1.730000000000001,1.4195895000000003,0
33627,45,PMS2,0.6800000000000002,0.6030992999999999,0
33628,45,DDR2,0.04,0.025661899999999994,0
33629,45,FANCA,0.31,0.2610074,0
33630,45,PDE4DIP,0.05,0.0327341,0
33631,45,USP8,-0.06,-0.0324643,0
33632,45,MYH9,-0.32,-0.07395560000000001,0
33633,45,MYC,-0.9900000000000002,-0.3395048999999999,0
33634,45,NBN,0.52,0.39454730000000005,0
33635,45,CCND3,-0.11999999999999998,-0.010671400000000004,0
33636,45,TRIP11,-0.15000000000000002,-0.0926712,0
33637,45,CNTRL,-0.060000000000000005,-0.0398895,0
33638,45,PIK3CA,1.580000000000001,1.1177563000000004,0
33639,45,DDX5,0.35999999999999993,0.2973412999999999,0
33640,45,PICALM,-0.009999999999999998,-0.006139000000000002,0
33641,45,RARA,0.49,0.33798349999999994,0
33642,45,DDX6,-0.06000000000000001,0.04686000000000001,0
33643,45,COL1A1,0.1,0.1134155,0
33644,45,VHL,0.18000000000000002,0.13120769999999998,0
33645,45,MAPK1,1.520000000000001,0.9745702000000003,0
33646,45,SRC,-0.7399999999999999,-0.071423,0
33647,45,NFE2L2,0.26,0.16616009999999998,0
33648,45,MITF,-0.31999999999999995,-0.07218580000000001,0
33649,45,SMAD3,1.1800000000000008,0.9009370000000001,0
33650,45,RBM15,0.060000000000000005,0.05346279999999999,0
33651,45,ATR,0.7200000000000003,0.6176204999999998,0
33652,45,EPAS1,0.41,0.3834129,0
33653,45,TPM3,0.23000000000000007,0.15928959999999998,0
33654,45,RPL10,0.11000000000000001,0.1060305,0
33655,45,STAG1,0.15000000000000002,0.14131559999999999,0
33656,45,SBDS,-0.05,-0.0163289,0
33657,45,KMT2D,0.9400000000000004,0.6983495999999998,0
33658,45,MED12,0.28,0.22791,0
33659,45,BCLAF1,-0.04999999999999999,0.014661400000000012,0
33660,45,ASPSCR1,1.734723475976807e-18,0.007276200000000007,0
33661,45,CDK12,0.26,0.1873575,0
33662,45,EWSR1,0.42999999999999994,0.34809480000000004,0
33663,45,NDRG1,-0.03,-0.0055658,0
33664,45,PSIP1,-0.15000000000000002,-0.06371380000000001,0
33665,45,TRIM33,0.039999999999999994,0.038315400000000006,0
33666,45,MTOR,1.2100000000000006,0.8795928000000002,0
33667,45,ARHGAP35,0.11,0.1284135,0
33668,45,POT1,0.0,0.0131236,0
33669,45,EXT1,0.11,0.0715759,0
33670,45,IL6ST,0.27,0.2039007,0
33671,45,IDH2,0.11999999999999998,0.11670239999999998,0
33672,45,SMARCE1,0.45,0.27241429999999994,0
33673,45,CRTC3,0.1,0.07622989999999999,0
33674,45,TSC1,0.31,0.2702513,0
33675,45,BCOR,-0.16999999999999998,-0.021854399999999996,0
33676,45,SDHA,0.22000000000000003,0.13318080000000002,0
33677,45,EP300,1.7200000000000015,1.3901805999999997,0
33678,45,HNRNPA2B1,0.25,0.21800580000000003,0
33679,45,CLIP1,-0.09999999999999999,-0.0588264,0
33680,45,PATZ1,-0.53,-0.1379269,0
33681,45,FUBP1,-0.16,-0.025687900000000007,0
33682,45,HLA-A,-0.09000000000000001,0.023647400000000006,0
33683,45,CCNC,-0.07,-0.028844200000000004,0
33684,45,RPN1,-0.28,-0.0647151,0
33685,45,TCF7L2,0.029999999999999995,0.08584920000000001,0
33686,45,CANT1,0.11,0.06249190000000001,0
33687,45,RPL5,-0.6799999999999998,-0.19585550000000002,0
33688,45,CCDC6,-0.009999999999999995,0.0456556,0
33689,45,NCKIPSD,0.05,0.0287307,0
33690,45,SMARCD1,0.38999999999999996,0.27079620000000004,0
33691,45,BCL10,-0.010000000000000002,0.02606500000000001,0
33692,45,MAX,0.0,0.0180921,0
33693,45,HERPUD1,0.02,0.0079804,0
33694,45,RAC1,0.030000000000000013,0.095589,0
33695,45,FLNA,0.029999999999999995,0.06489489999999999,0
33696,45,TFE3,-0.41000000000000003,-0.1738852,0
33697,45,NCOR2,0.7200000000000002,0.5378554000000001,0
33698,45,PRPF40B,-0.03,-0.014791700000000001,0
33699,45,BCL3,-0.04999999999999999,-0.01207899999999999,0
33700,45,TFPT,-0.21000000000000002,-0.086254,0
33701,45,MLH1,0.8800000000000001,0.7294435,0
33702,45,ARHGAP5,0.14,0.11374330000000002,0
33703,45,CIC,-0.01,-0.0063419,0
33704,45,LYN,0.8800000000000003,0.6255496,0
33705,45,TCF12,0.31999999999999995,0.2424115,0
33706,45,KLF6,0.06,0.03488,0
33707,45,KMT2C,1.0100000000000002,0.7956707000000001,0
33708,45,PIM1,-0.14,-0.039706600000000015,0
33709,45,CCND1,1.3300000000000007,0.8185798999999999,0
33710,45,MLLT1,-0.9099999999999999,-0.27835980000000005,0
33711,45,MEN1,-0.030000000000000006,0.0215766,0
33712,45,CUL3,0.14000000000000004,0.12354540000000003,0
33713,45,RB1,0.7000000000000002,0.5294973,0
33714,45,LPP,-0.07999999999999999,-0.0220607,0
33715,45,BUB1B,-0.16999999999999998,-0.08098899999999999,0
33716,45,SMAD4,1.3500000000000008,1.0290322000000003,0
33717,45,FGFR1,0.18999999999999997,0.13448509999999997,0
33718,45,TMSB4X,0.04,0.0304208,0
33719,45,CDK4,0.52,0.36294509999999996,0
33720,45,MSI2,0.0,0.0,0
33721,45,MSH6,0.9400000000000004,0.7309081999999999,0
33722,45,BRAF,1.0100000000000005,0.8663933,0
33723,45,TCEA1,-0.08000000000000002,-0.005167100000000011,0
33724,45,TNFAIP3,0.1,0.10899900000000001,0
33725,45,RABEP1,0.0,-0.001415099999999999,0
33726,45,GMPS,-0.07999999999999999,-0.04186360000000001,0
33727,45,MDM2,1.2500000000000007,0.8462324000000001,0
33728,45,NSD2,0.14999999999999997,0.106862,0
33729,45,CASP8,0.049999999999999996,0.19863630000000002,0
33730,45,PER1,-0.26,-0.06362570000000001,0
33731,45,UBR5,-0.05999999999999999,-0.0257933,0
33732,45,EIF3E,-0.08999999999999998,0.04960000000000002,0
33733,45,RFWD3,0.02,0.021887399999999994,0
33734,45,BRD3,0.09999999999999999,0.08648219999999998,0
33735,45,PAFAH1B2,0.02,0.0164464,0
33736,45,EXT2,0.0,0.008006899999999997,0
33737,45,PLCG1,0.53,0.3739278,0
33738,45,SF3B1,-0.3,-0.1291853,0
33739,45,ARHGEF10L,0.02,0.0109324,0
33740,45,NFATC2,0.19,0.13542579999999999,0
33741,45,SDHD,0.27,0.1539106,0
33742,45,PABPC1,-0.8200000000000001,-0.19623990000000002,0
33743,45,POLD1,-0.33999999999999997,-0.08211270000000001,0
33744,45,CALR,-0.009999999999999995,0.007883600000000006,0
33745,45,PIK3CB,0.52,0.4353647,0
33746,45,PPM1D,0.19,0.1466054,0
33747,45,ATRX,0.9900000000000005,0.7773572999999999,0
33748,45,DGCR8,0.13999999999999999,0.0875771,0
33749,45,DDX10,0.12,0.0795207,0
33750,45,DROSHA,0.41000000000000003,0.295156,0
33751,45,TNFRSF14,-0.13,-0.044341700000000005,0
33752,45,BCL9L,0.13999999999999999,0.0972471,0
33753,45,QKI,-0.08,-0.050687800000000005,0
33754,45,BAZ1A,0.02,0.0146404,0
33755,45,CHD4,0.08999999999999998,0.1091074,0
33756,45,NSD3,0.07,0.057769299999999996,0
33757,45,NT5C2,0.17,0.10143950000000002,0
33758,45,CCNB1IP1,0.1,0.0452138,0
33759,45,PCBP1,-0.78,-0.2356723,0
33760,45,RALGDS,0.10999999999999999,0.0901605,0
33761,45,ARHGEF12,0.0,0.0044951999999999995,0
33762,45,HSP90AB1,0.9900000000000002,0.6792621000000001,0
33763,45,FOXO3,1.2300000000000006,0.8496597000000001,0
33764,45,HIP1,-0.01,-0.0066542,0
33765,45,CDC73,-0.14999999999999997,-0.014936100000000004,0
33766,45,NIN,0.019999999999999997,0.015501799999999993,0
33767,45,MDM4,0.14,0.17087080000000002,0
33768,45,COL3A1,0.15,0.1349221,0
33769,45,CTNND1,0.13000000000000003,0.14604290000000003,0
33770,45,SPOP,8.673617379884035e-18,0.0185346,0
33771,45,TMEM127,0.05,0.050140599999999994,0
33772,45,CREB3L2,0.12000000000000001,0.0733571,0
33773,45,MSH2,0.9100000000000004,0.6933767,0
33774,45,FNBP1,0.01,0.007691400000000001,0
33775,45,ATF1,0.019999999999999993,0.015479099999999999,0
33776,45,EIF1AX,-0.45,-0.21259890000000004,0
33777,45,PMS1,0.5,0.38632540000000004,0
33778,45,DEK,0.11,0.0979029,0
33779,45,ERBB2,1.0500000000000005,0.6714086,0
33780,45,AKT1,1.1700000000000006,0.7268616,0
33781,45,CHEK2,0.22000000000000003,0.3413184999999999,0
33782,45,SDHB,0.4,0.2542392,0
33783,45,NCOA1,0.44000000000000006,0.3104843,0
33784,45,CHIC2,0.05,0.0290095,0
33785,45,RUNX1,0.5800000000000003,0.7113576000000003,0
33786,45,STAT6,0.31000000000000005,0.20695890000000003,0
33787,45,FH,-0.23,-0.08952020000000002,0
33788,45,AKT3,1.0400000000000005,0.6927514999999999,0
33789,45,GNAS,0.22000000000000003,0.1395794,0
33790,45,CTNNB1,1.4900000000000009,1.0191138999999998,0
33791,45,NONO,0.12999999999999998,0.0858072,0
33792,45,SMARCB1,0.9100000000000004,0.6725656000000001,0
33793,45,PRKAR1A,0.12,0.10672519999999996,0
33794,45,ITGAV,0.02999999999999999,0.03974880000000001,0
33795,45,SS18,0.38,0.24221099999999998,0
33796,45,MAP2K1,1.0400000000000005,0.6831562999999999,0
33797,45,SIRPA,0.0,6.000000000000016e-05,0
33798,45,PPFIBP1,0.39,0.26672680000000004,0
33799,45,RPL22,-0.19999999999999998,0.06809670000000001,0
33800,45,CYLD,0.26,0.19878310000000005,0
33801,45,ARID1B,0.6199999999999999,0.4601389,0
33802,45,SETDB1,0.3,0.2125554,0
33803,45,AFDN,-0.36000000000000004,-0.1386799,0
33804,45,ZRSR2,0.30000000000000004,0.21837229999999996,0
33805,45,PBRM1,0.9600000000000004,0.7009112,0
33806,45,XPC,0.6200000000000001,0.43072499999999997,0
33807,45,ASXL2,0.25,0.1696356,0
33808,45,TRIM24,-0.27,-0.1132797,0
33809,45,SFPQ,-0.16,-0.03131069999999999,0
33810,45,NCOA2,0.52,0.36413150000000005,0
33811,45,FOXO4,0.4,0.2619246,0
33812,45,LEF1,0.09000000000000001,0.08808660000000001,0
33813,45,B2M,-0.5100000000000001,-0.19814700000000002,0
33814,45,DDIT3,-0.4,-0.10762379999999999,0
33815,45,BCL6,0.56,0.4025234999999999,0
33816,45,KRAS,-1.3500000000000005,-0.3532014,0
33817,45,FAT1,0.039999999999999994,0.04149239999999999,0
33818,45,ABL2,0.09000000000000001,0.0627194,0
33819,45,NF1,0.8500000000000004,0.6850364000000001,0
33820,45,BTG1,-0.02,-0.010759399999999999,0
33821,45,EIF4A2,0.13,0.10318640000000001,0
33822,45,SET,0.14,0.1290377,0
33823,45,EPS15,0.019999999999999997,0.020886699999999998,0
33824,45,RNF213,0.03,0.0239121,0
33825,45,CTCF,0.8600000000000003,0.6233302999999999,0
33826,45,WDCP,0.11000000000000001,0.07681870000000002,0
33827,45,KAT7,0.09999999999999999,0.0803914,0
33828,45,KDM5C,0.17,0.1488214,0
33829,45,TGFBR2,0.29,0.218608,0
33830,45,ATM,1.510000000000001,1.1678635,0
33831,45,NUMA1,-0.05999999999999998,-0.023949700000000004,0
33832,45,STAT3,1.4500000000000008,1.1365452000000003,0
33833,45,SUB1,-0.22,-0.0846429,0
33834,45,NUP98,0.05999999999999995,0.08095549999999997,0
33835,45,ELL,-0.05999999999999999,0.0008627000000000036,0
33836,45,MAP3K1,0.4,0.3165125000000001,0
33837,45,MALT1,0.09999999999999999,0.1209271,0
33838,45,XPO1,0.30000000000000004,0.2505083,0
33839,45,SETD1B,0.13,0.09651270000000002,0
33840,45,ETV6,-0.11999999999999998,-0.0373025,0
33841,45,TBL1XR1,0.21,0.13962890000000003,0
33842,45,NUP214,1.9081958235744878e-17,0.09703829999999997,0
33843,45,TPR,0.12000000000000001,0.11234240000000001,0
33844,45,ATIC,0.040000000000000015,0.034627599999999994,0
33845,45,NACA,0.22000000000000003,0.1453549,0
33846,45,MYO5A,0.0,0.0012098999999999999,0
33847,45,SMC1A,0.5400000000000001,0.4733234,0
33848,45,LASP1,-0.19,-0.11342279999999999,0
33849,45,ERCC5,0.45999999999999996,0.32333870000000003,0
33850,45,JUN,0.11999999999999995,0.27440420000000004,0
33851,45,THRAP3,0.08,0.0649846,0
33852,45,STAG2,0.55,0.4224067000000001,0
33853,45,RAF1,1.1400000000000003,0.8106612,0
33854,45,ERCC3,0.5499999999999999,0.4521599,0
33855,45,SMAD2,0.4700000000000002,0.4479052,0
33856,45,TAF15,0.10999999999999999,0.10396530000000001,0
33857,45,ARNT,0.30000000000000004,0.24584000000000006,0
33858,45,CLTC,-0.48,-0.2746933,0
33859,45,IKBKB,0.5300000000000002,0.4338817999999999,0
33860,45,IDH1,-0.48000000000000004,-0.13746139999999998,0
33861,45,SND1,-0.03,-0.016812800000000003,0
33862,45,KNSTRN,0.03,0.024159299999999998,0
33863,45,RHOA,-1.3600000000000003,-0.3671217,0
33864,45,PALB2,0.6100000000000001,0.5244253,0
33865,45,ARID2,0.7100000000000002,0.5299797999999999,0
33866,45,EZR,-0.10000000000000003,-0.005796399999999992,0
33867,45,TP53,-1.3599999999999997,-0.19348420000000002,0
33868,45,ARAF,0.43000000000000005,0.2425593,0
33869,45,KIF5B,0.43999999999999995,0.31607190000000007,0
33870,45,KAT6A,0.17,0.1741913,0
33871,45,KTN1,-0.09999999999999999,-0.0316915,0
33872,45,GOLGA5,-0.14,-0.09336610000000001,0
33873,45,KDM5A,0.21999999999999997,0.20370330000000003,0
33874,45,RAD21,0.43000000000000005,0.33692330000000004,0
33875,45,GNAQ,0.11999999999999998,0.081526,0
33876,45,CAMTA1,0.0,0.0021807999999999984,0
33877,45,ERCC2,0.6,0.43278659999999997,0
33878,45,EZH2,1.8300000000000012,1.2052014,0
33879,45,TOP1,0.12000000000000001,0.10067259999999999,0
33880,45,SRSF3,-0.4099999999999999,-0.14367200000000005,0
33881,45,NPM1,-0.09999999999999996,0.1227762,0
33882,45,BAX,-0.53,-0.1600745,0
33883,45,NOTCH2,0.26,0.2072583,0
33884,45,TRAF7,0.03,0.023884199999999998,0
33885,45,KDM6A,0.8100000000000003,0.6838053000000001,0
33886,45,SPEN,0.1,0.0757175,0
33887,45,TRIM27,-0.42000000000000004,-0.15458699999999997,0
33888,45,CRTC1,0.12000000000000001,0.095397,0
33889,45,EML4,0.22,0.19144869999999997,0
33890,45,USP9X,-0.07999999999999999,-0.0502247,0
33891,45,PTPRK,0.01,0.0069838999999999995,0
33892,45,CD74,-0.2,-0.0375773,0
33893,45,CBL,0.58,0.4349109,0
33894,45,ZNF384,-0.09,-0.0488342,0
33895,45,NOTCH1,1.0500000000000005,0.7766028999999998,0
33896,45,COX6C,-0.15000000000000002,-0.06035,0
33897,45,CHCHD7,0.02,0.012624,0
33898,45,HMGA1,-0.18,-0.0722596,0
33899,45,PTEN,1.5800000000000007,1.2658780000000003,0
33900,45,FIP1L1,-0.029999999999999992,-0.017790100000000003,0
33901,45,JAK1,0.8000000000000003,0.6207152999999999,0
33902,45,ZMYM2,-0.08000000000000002,-0.054292799999999995,0
33903,45,SUZ12,0.7700000000000001,0.5574655000000001,0
33904,45,FUS,-0.13000000000000003,0.13140720000000003,0
33905,45,BAP1,0.08,0.07590199999999998,0
33906,45,ZCCHC8,-0.06,-0.0186474,0
33907,45,CRNKL1,-0.04,-0.024848400000000003,0
33908,45,RAD17,0.10999999999999999,0.08124709999999999,0
33909,45,ATP1A1,-0.019999999999999997,-0.0087384,0
33910,45,DNMT3A,0.8700000000000003,0.6386026000000002,0
33911,45,FBXW7,1.0300000000000005,0.7913111000000003,0
33912,45,WWTR1,-0.08,-0.0407854,0
33913,45,CDKN1B,0.6000000000000001,0.3739919,0
33914,45,KMT2A,0.44000000000000017,0.353927,0
33915,45,PTPN11,0.9000000000000004,0.6680061000000002,0
33916,45,STAT5B,0.6600000000000001,0.5091475,0
33917,45,CUX1,-0.12,-0.0792191,0
33918,45,ABI1,-0.30000000000000004,-0.10862920000000001,0
33919,45,BRCA1,1.6200000000000012,1.3112578999999995,0
33920,45,SH2B3,0.05,0.036553100000000005,0
33921,45,AFF4,0.13,0.09503429999999999,0
33922,45,NF2,0.019999999999999983,0.07196269999999999,0
33923,45,LMNA,0.040000000000000015,0.043428400000000006,0
33924,45,TSC2,0.55,0.4604480000000001,0
33925,45,GOLPH3,-0.11,-0.06870409999999999,0
33926,45,PCM1,-0.07,-0.0472185,0
33927,45,PPP2R1A,-0.5399999999999999,-0.1938515,0
33928,45,ARID1A,1.770000000000001,1.2854288999999999,0
33929,45,ABL1,0.1999999999999999,0.1792983,0
33930,45,AFF1,0.29,0.2179338,0
33931,45,DAXX,-0.15999999999999998,-0.034210500000000005,0
33932,45,CBFB,0.10999999999999997,0.09397799999999999,0
33933,45,CBLB,0.13,0.1008776,0
33934,45,POLR2A,0.01999999999999999,0.1718004,0
33935,45,PRKACA,0.30000000000000004,0.24639500000000003,0
33936,45,DNM2,-0.13,-0.05789190000000001,0
33937,45,RAP1GDS1,-0.08,-0.0349241,0
33938,45,NCOR1,0.9100000000000004,0.7681638000000001,0
33939,45,NFKBIE,-0.29000000000000004,-0.0983273,0
33940,45,DDX3X,0.13,0.1269007,0
33941,45,ELK4,0.02,0.0149894,0
33942,45,MLLT6,0.12000000000000001,0.0894905,0
33943,45,SRSF2,-1.3699999999999999,-0.3934533,0
33944,45,CTNNA1,0.09,0.0674678,0
33945,45,RBM10,0.2,0.13808459999999997,0
33946,45,PTPRC,0.12000000000000002,0.1241671,0
33947,45,HSP90AA1,1.0600000000000007,0.6910681000000004,0
33948,46,NSD1,0.27999999999999997,0.24527610000000002,1
33949,46,DICER1,0.11,0.18502400000000002,1
33950,46,BIRC6,0.09,0.0885135,1
33951,46,SDHC,0.36,0.2743137,1
33952,46,TFG,0.20999999999999996,0.134799,1
33953,46,MAP2K2,0.31999999999999995,0.2189378,1
33954,46,TFRC,-0.27,-0.0942646,1
33955,46,CREB1,0.9800000000000005,0.7686191000000002,1
33956,46,POLG,-0.01,-0.0031961000000000003,1
33957,46,SETD2,0.5000000000000002,0.47122539999999996,1
33958,46,NAB2,-0.47000000000000003,-0.1387274,1
33959,46,HIF1A,1.640000000000001,1.2126839999999997,1
33960,46,FLCN,-0.05,0.0147171,1
33961,46,MAP2K4,0.06,0.10552199999999998,1
33962,46,CNOT3,0.039999999999999994,0.0403389,1
33963,46,CIITA,0.09000000000000001,0.0598371,1
33964,46,LSM14A,0.12,0.0965313,1
33965,46,AKAP9,-0.06,-0.002640499999999997,1
33966,46,MSN,-0.14000000000000004,-0.029509400000000005,1
33967,46,BCR,8.673617379884035e-18,0.0488592,1
33968,46,TRRAP,0.13,0.19953379999999998,1
33969,46,PPP6C,-0.18,-0.07398659999999999,1
33970,46,NCOA4,-0.11,-0.05028199999999999,1
33971,46,BCL9,0.19,0.1484239,1
33972,46,PRCC,0.14,0.1026547,1
33973,46,LARP4B,0.02,0.012996,1
33974,46,CHD2,0.02,0.0172746,1
33975,46,ASXL1,0.5200000000000002,0.4604570000000001,1
33976,46,SMARCA4,1.8300000000000012,1.387963,1
33977,46,ERC1,-0.03,-0.0210222,1
33978,46,DCTN1,-0.030000000000000002,0.01959779999999999,1
33979,46,PIK3R1,1.2600000000000005,1.0029245999999996,1
33980,46,EED,0.08999999999999998,0.0747228,1
33981,46,CNBP,0.01,0.0057111,1
33982,46,SGK1,0.47,0.3018371,1
33983,46,MLLT10,-0.05,-0.007358000000000003,1
33984,46,BRD4,1.0200000000000005,0.8458561999999998,1
33985,46,RANBP2,0.2799999999999999,0.2530478,1
33986,46,FBXO11,0.07,0.0532182,1
33987,46,PML,0.44000000000000006,0.31399550000000004,1
33988,46,AKT2,1.1500000000000006,0.8083113999999997,1
33989,46,CEP89,0.04,0.02491,1
33990,46,LZTR1,0.09000000000000001,0.09468019999999999,1
33991,46,YWHAE,0.24,0.1529056,1
33992,46,DNAJB1,-0.039999999999999994,-0.007428799999999999,1
33993,46,PRDM2,0.06,0.046998200000000004,1
33994,46,TPM4,0.4700000000000001,0.31578310000000004,1
33995,46,CREBBP,2.0200000000000014,1.5875034,1
33996,46,PMS2,0.8200000000000003,0.6762673000000001,1
33997,46,DDR2,-0.030000000000000006,-0.013653900000000004,1
33998,46,FANCA,0.38999999999999996,0.3113933,1
33999,46,PDE4DIP,0.07,0.0529529,1
34000,46,USP8,-0.060000000000000005,-0.035850400000000004,1
34001,46,MYH9,-0.43000000000000005,-0.11919960000000003,1
34002,46,MYC,-1.8300000000000007,-0.4006205000000001,1
34003,46,NBN,0.6200000000000001,0.4803306,1
34004,46,CCND3,-0.04999999999999999,0.007858000000000006,1
34005,46,TRIP11,-0.1,-0.071346,1
34006,46,CNTRL,-0.09,-0.0657673,1
34007,46,PIK3CA,1.280000000000001,1.0605549000000003,1
34008,46,DDX5,0.32999999999999996,0.309994,1
34009,46,PICALM,-0.009999999999999998,-0.001515099999999995,1
34010,46,RARA,0.24999999999999992,0.20885720000000008,1
34011,46,DDX6,0.060000000000000026,0.1131274,1
34012,46,COL1A1,0.27,0.22987020000000002,1
34013,46,VHL,0.25,0.1727742,1
34014,46,MAPK1,1.5100000000000007,1.0633698,1
34015,46,SRC,0.6700000000000004,0.5201992999999998,1
34016,46,NFE2L2,0.29999999999999993,0.21613339999999998,1
34017,46,MITF,-0.19000000000000003,-0.0355866,1
34018,46,SMAD3,1.270000000000001,1.1618971999999999,1
34019,46,RBM15,0.08,0.06523380000000001,1
34020,46,ATR,0.7,0.5530608,1
34021,46,EPAS1,0.33999999999999997,0.33866499999999994,1
34022,46,TPM3,0.2,0.1477414,1
34023,46,RPL10,0.09,0.11663460000000003,1
34024,46,STAG1,0.11,0.1316652,1
34025,46,SBDS,-0.07,-0.0229578,1
34026,46,KMT2D,1.0400000000000005,0.8385113000000001,1
34027,46,MED12,0.35000000000000003,0.28715060000000003,1
34028,46,BCLAF1,-0.16,-0.022710599999999997,1
34029,46,ASPSCR1,0.01999999999999999,0.019418700000000004,1
34030,46,CDK12,0.51,0.38814079999999995,1
34031,46,EWSR1,0.29999999999999993,0.29744250000000005,1
34032,46,NDRG1,-0.05,-0.011600600000000003,1
34033,46,PSIP1,0.05999999999999999,0.06280319999999999,1
34034,46,TRIM33,0.08,0.07639960000000001,1
34035,46,MTOR,1.1100000000000005,0.8807953999999998,1
34036,46,ARHGAP35,0.21,0.1713537,1
34037,46,POT1,0.01,0.0130192,1
34038,46,EXT1,0.12,0.0875304,1
34039,46,IL6ST,0.3,0.2433203,1
34040,46,IDH2,-0.03999999999999999,0.0347238,1
34041,46,SMARCE1,0.46,0.3065987,1
34042,46,CRTC3,0.08,0.0655404,1
34043,46,TSC1,0.27999999999999997,0.2738734,1
34044,46,BCOR,-0.08000000000000002,0.0152685,1
34045,46,SDHA,0.26,0.1863343,1
34046,46,EP300,2.3000000000000003,1.8332046,1
34047,46,HNRNPA2B1,0.48999999999999994,0.3484282,1
34048,46,CLIP1,-0.11,-0.0588041,1
34049,46,PATZ1,-0.43000000000000005,-0.1253534,1
34050,46,FUBP1,-0.09999999999999999,0.010456800000000013,1
34051,46,HLA-A,-0.05,0.03041979999999999,1
34052,46,CCNC,-0.21000000000000002,-0.0837653,1
34053,46,RPN1,-0.19,-0.06206,1
34054,46,TCF7L2,-0.020000000000000007,0.0816467,1
34055,46,CANT1,0.020000000000000018,0.02920340000000001,1
34056,46,RPL5,-0.8,-0.2036693,1
34057,46,CCDC6,0.060000000000000026,0.0801366,1
34058,46,NCKIPSD,-0.08,-0.0271471,1
34059,46,SMARCD1,0.41000000000000003,0.3536998,1
34060,46,BCL10,0.05,0.0608678,1
34061,46,MAX,0.00999999999999999,0.0535693,1
34062,46,HERPUD1,-0.02,-0.005732,1
34063,46,RAC1,-0.11,0.09797280000000001,1
34064,46,FLNA,0.13000000000000006,0.12332829999999999,1
34065,46,TFE3,-0.6000000000000001,-0.2384027,1
34066,46,NCOR2,0.6800000000000002,0.5754859,1
34067,46,PRPF40B,0.05,0.0325589,1
34068,46,BCL3,-0.13999999999999999,-0.024957099999999986,1
34069,46,TFPT,-0.25,-0.094006,1
34070,46,MLH1,0.7800000000000002,0.6794903999999999,1
34071,46,ARHGAP5,0.13,0.1162836,1
34072,46,CIC,0.0,0.0,1
34073,46,LYN,0.9200000000000003,0.6514576,1
34074,46,TCF12,0.3,0.22582480000000002,1
34075,46,KLF6,0.07,0.0436903,1
34076,46,KMT2C,1.0200000000000002,0.8159988,1
34077,46,PIM1,-0.13999999999999999,-0.023637900000000017,1
34078,46,CCND1,1.3400000000000007,0.8669781000000001,1
34079,46,MLLT1,-0.9700000000000002,-0.2951872,1
34080,46,MEN1,-1.3877787807814457e-17,0.0356879,1
34081,46,CUL3,0.10000000000000002,0.13735479999999997,1
34082,46,RB1,0.6400000000000001,0.5007685,1
34083,46,LPP,-0.11,-0.0349178,1
34084,46,BUB1B,-0.20000000000000004,-0.08314360000000001,1
34085,46,SMAD4,1.570000000000001,1.2591062999999996,1
34086,46,FGFR1,0.36000000000000004,0.28502249999999996,1
34087,46,TMSB4X,0.03,0.022566,1
34088,46,CDK4,0.9700000000000004,0.6603765,1
34089,46,MSI2,0.01,0.007134000000000001,1
34090,46,MSH6,1.0400000000000005,0.8363628999999998,1
34091,46,BRAF,1.2000000000000006,1.0359566999999996,1
34092,46,TCEA1,-0.07999999999999999,0.0014697999999999933,1
34093,46,TNFAIP3,0.18,0.1481127,1
34094,46,RABEP1,-0.03,-0.0183891,1
34095,46,GMPS,-0.09,-0.0448702,1
34096,46,MDM2,1.0000000000000007,0.8147082,1
34097,46,NSD2,0.2,0.13996129999999998,1
34098,46,CASP8,-0.26000000000000006,0.09258759999999999,1
34099,46,PER1,-0.18000000000000002,-0.06778810000000002,1
34100,46,UBR5,0.0,0.025137300000000005,1
34101,46,EIF3E,-0.020000000000000004,0.06033789999999999,1
34102,46,RFWD3,0.020000000000000004,0.026142600000000002,1
34103,46,BRD3,0.17,0.11935079999999998,1
34104,46,PAFAH1B2,0.03,0.0264201,1
34105,46,EXT2,0.009999999999999995,0.021006799999999992,1
34106,46,PLCG1,0.54,0.4112139,1
34107,46,SF3B1,-0.55,-0.22845880000000002,1
34108,46,ARHGEF10L,0.04,0.023492000000000002,1
34109,46,NFATC2,0.22,0.1588815,1
34110,46,SDHD,0.3,0.20759320000000003,1
34111,46,PABPC1,-0.8,-0.19768929999999998,1
34112,46,POLD1,-0.17000000000000004,-0.02531069999999999,1
34113,46,CALR,0.020000000000000018,0.057884599999999994,1
34114,46,PIK3CB,0.8600000000000003,0.6515555000000002,1
34115,46,PPM1D,0.27,0.1985895,1
34116,46,ATRX,1.0000000000000004,0.8316510999999999,1
34117,46,DGCR8,0.18,0.13546369999999996,1
34118,46,DDX10,0.14,0.10496710000000001,1
34119,46,DROSHA,0.47000000000000003,0.3579686,1
34120,46,TNFRSF14,-0.13,-0.04650970000000001,1
34121,46,BCL9L,0.14,0.1017626,1
34122,46,QKI,-1.734723475976807e-18,0.0016349999999999993,1
34123,46,BAZ1A,0.0,0.0,1
34124,46,CHD4,0.4099999999999999,0.32808,1
34125,46,NSD3,0.1,0.1045725,1
34126,46,NT5C2,0.15000000000000002,0.0905399,1
34127,46,CCNB1IP1,0.1,0.0471332,1
34128,46,PCBP1,-0.6799999999999999,-0.16846780000000003,1
34129,46,RALGDS,0.02000000000000001,0.0665974,1
34130,46,ARHGEF12,0.030000000000000006,0.0367502,1
34131,46,HSP90AB1,0.6299999999999999,0.5532003,1
34132,46,FOXO3,1.4000000000000006,0.9970307000000002,1
34133,46,HIP1,-0.02,-0.012002800000000001,1
34134,46,CDC73,0.21000000000000002,0.1654179,1
34135,46,NIN,-0.04000000000000001,-0.023045699999999995,1
34136,46,MDM4,0.09,0.1447483,1
34137,46,COL3A1,0.23,0.18769280000000002,1
34138,46,CTNND1,0.12999999999999998,0.1372541,1
34139,46,SPOP,0.04,0.0616715,1
34140,46,TMEM127,0.1,0.0602438,1
34141,46,CREB3L2,0.2,0.1415682,1
34142,46,MSH2,1.0200000000000005,0.8433039000000001,1
34143,46,FNBP1,-1.734723475976807e-18,0.012352799999999997,1
34144,46,ATF1,0.1,0.07786390000000001,1
34145,46,EIF1AX,-0.52,-0.2015263,1
34146,46,PMS1,0.6,0.46462649999999994,1
34147,46,DEK,0.12,0.1155177,1
34148,46,ERBB2,0.9300000000000003,0.5971066000000003,1
34149,46,AKT1,1.1500000000000006,0.7781285000000003,1
34150,46,CHEK2,0.6500000000000002,0.6037052,1
34151,46,SDHB,0.39,0.29250450000000006,1
34152,46,NCOA1,0.37000000000000005,0.297383,1
34153,46,CHIC2,0.07,0.0408282,1
34154,46,RUNX1,0.3200000000000002,0.6580672,1
34155,46,STAT6,0.43000000000000005,0.3530479000000001,1
34156,46,FH,-0.09,-0.023190399999999996,1
34157,46,AKT3,1.0600000000000003,0.7450579000000002,1
34158,46,GNAS,0.3900000000000001,0.2682988,1
34159,46,CTNNB1,1.4600000000000009,1.0496158000000002,1
34160,46,NONO,0.35,0.2823732,1
34161,46,SMARCB1,1.0400000000000003,0.7720027,1
34162,46,PRKAR1A,0.2,0.17351059999999996,1
34163,46,ITGAV,0.030000000000000013,0.0441705,1
34164,46,SS18,0.4,0.2714852,1
34165,46,MAP2K1,1.0000000000000004,0.6267712999999998,1
34166,46,SIRPA,-0.009999999999999998,0.0006251,1
34167,46,PPFIBP1,0.38,0.2698089,1
34168,46,RPL22,-0.19,0.0934815,1
34169,46,CYLD,0.28,0.22447509999999998,1
34170,46,ARID1B,0.79,0.60532,1
34171,46,SETDB1,0.31,0.2182531,1
34172,46,AFDN,-0.31,-0.10014819999999998,1
34173,46,ZRSR2,0.010000000000000009,0.013714500000000008,1
34174,46,PBRM1,0.8700000000000001,0.6172926999999998,1
34175,46,XPC,0.5,0.3176822,1
34176,46,ASXL2,0.26,0.17968030000000002,1
34177,46,TRIM24,-0.25,-0.07915619999999998,1
34178,46,SFPQ,-0.29000000000000004,-0.05905439999999999,1
34179,46,NCOA2,0.6000000000000001,0.47031670000000003,1
34180,46,FOXO4,0.36,0.23944400000000002,1
34181,46,LEF1,0.28,0.2338566,1
34182,46,B2M,-0.31,-0.127083,1
34183,46,DDIT3,-0.26,-0.0943371,1
34184,46,BCL6,0.23000000000000004,0.22502760000000002,1
34185,46,KRAS,-0.22,0.09218760000000002,1
34186,46,FAT1,0.1,0.07398360000000001,1
34187,46,ABL2,0.04,0.036644300000000005,1
34188,46,NF1,1.2200000000000004,0.9543214,1
34189,46,BTG1,-0.03,-0.0150936,1
34190,46,EIF4A2,0.060000000000000005,0.035183599999999995,1
34191,46,SET,0.16999999999999998,0.13655660000000003,1
34192,46,EPS15,0.07,0.06350990000000001,1
34193,46,RNF213,0.05,0.0427243,1
34194,46,CTCF,0.9700000000000004,0.6663906999999999,1
34195,46,WDCP,0.21,0.1301476,1
34196,46,KAT7,0.13000000000000003,0.1090373,1
34197,46,KDM5C,0.2,0.18227930000000003,1
34198,46,TGFBR2,0.21,0.20977500000000004,1
34199,46,ATM,0.7800000000000005,0.8209725999999998,1
34200,46,NUMA1,-3.469446951953614e-18,0.014366699999999996,1
34201,46,STAT3,1.1200000000000006,0.981261,1
34202,46,SUB1,-0.16,-0.0635532,1
34203,46,NUP98,0.1,0.13967240000000003,1
34204,46,ELL,0.14,0.0731639,1
34205,46,MAP3K1,0.47000000000000003,0.35820329999999995,1
34206,46,MALT1,0.18,0.1615088,1
34207,46,XPO1,0.49000000000000016,0.38296859999999994,1
34208,46,SETD1B,0.22999999999999998,0.1737413,1
34209,46,ETV6,-0.11,-0.023158999999999985,1
34210,46,TBL1XR1,0.19000000000000003,0.1308601,1
34211,46,NUP214,-0.06000000000000001,0.1488104,1
34212,46,TPR,0.09999999999999999,0.0788116,1
34213,46,ATIC,0.09999999999999999,0.11218399999999999,1
34214,46,NACA,0.22999999999999998,0.1438335,1
34215,46,MYO5A,0.01,0.007574,1
34216,46,SMC1A,0.41000000000000003,0.439767,1
34217,46,LASP1,-0.24,-0.1222458,1
34218,46,ERCC5,0.39999999999999997,0.25549990000000006,1
34219,46,JUN,-0.9499999999999997,-0.09278459999999997,1
34220,46,THRAP3,0.029999999999999992,0.0235281,1
34221,46,STAG2,0.33,0.30411170000000004,1
34222,46,RAF1,0.9800000000000004,0.7167685,1
34223,46,ERCC3,0.63,0.5099840999999999,1
34224,46,SMAD2,0.5300000000000002,0.5474277000000001,1
34225,46,TAF15,0.19000000000000003,0.1581071,1
34226,46,ARNT,0.21999999999999997,0.19964620000000005,1
34227,46,CLTC,-0.7200000000000001,-0.3515632999999999,1
34228,46,IKBKB,0.5200000000000002,0.4204949,1
34229,46,IDH1,-0.29000000000000004,-0.08064550000000001,1
34230,46,SND1,-0.019999999999999997,0.0010406,1
34231,46,KNSTRN,0.02,0.0149444,1
34232,46,RHOA,-2.2700000000000005,-0.5972339,1
34233,46,PALB2,0.6900000000000001,0.5624399999999999,1
34234,46,ARID2,0.8500000000000001,0.6439504,1
34235,46,EZR,-0.21,-0.061096099999999987,1
34236,46,TP53,-0.22999999999999982,0.26335139999999996,1
34237,46,ARAF,0.41,0.23795510000000003,1
34238,46,KIF5B,0.5000000000000001,0.36637510000000006,1
34239,46,KAT6A,0.28,0.2540269,1
34240,46,KTN1,-0.039999999999999994,0.005792600000000002,1
34241,46,GOLGA5,-0.09999999999999999,-0.061846599999999995,1
34242,46,KDM5A,0.24,0.23162050000000003,1
34243,46,RAD21,0.6000000000000001,0.47906609999999994,1
34244,46,GNAQ,0.24000000000000002,0.214258,1
34245,46,CAMTA1,0.06,0.044514399999999996,1
34246,46,ERCC2,0.7100000000000001,0.5342007,1
34247,46,EZH2,1.6500000000000012,1.255361,1
34248,46,TOP1,0.31000000000000005,0.24566330000000003,1
34249,46,SRSF3,-0.4299999999999999,-0.08840180000000003,1
34250,46,NPM1,0.06,0.14557749999999997,1
34251,46,BAX,-0.71,-0.17753190000000002,1
34252,46,NOTCH2,0.28,0.2296833,1
34253,46,TRAF7,0.02,0.0141536,1
34254,46,KDM6A,0.7600000000000001,0.8231320000000002,1
34255,46,SPEN,0.11000000000000001,0.08291050000000001,1
34256,46,TRIM27,-0.53,-0.1598058,1
34257,46,CRTC1,0.14,0.10848689999999998,1
34258,46,EML4,0.16,0.20185219999999998,1
34259,46,USP9X,-0.1,-0.07196300000000001,1
34260,46,PTPRK,0.0,0.0,1
34261,46,CD74,-0.17,-0.002827799999999988,1
34262,46,CBL,0.48999999999999994,0.4245348,1
34263,46,ZNF384,0.03,0.022848100000000003,1
34264,46,NOTCH1,1.1700000000000006,0.8491854,1
34265,46,COX6C,-0.13999999999999999,-0.05333559999999999,1
34266,46,CHCHD7,0.02,0.0124434,1
34267,46,HMGA1,-0.07,-0.0212007,1
34268,46,PTEN,1.5700000000000012,1.2984998000000003,1
34269,46,FIP1L1,-0.06999999999999999,-0.03169569999999999,1
34270,46,JAK1,0.8300000000000003,0.6651655,1
34271,46,ZMYM2,-0.029999999999999992,-0.018756799999999997,1
34272,46,SUZ12,0.7000000000000002,0.5593568000000001,1
34273,46,FUS,-0.26,0.07791239999999999,1
34274,46,BAP1,-0.33,-0.1242579,1
34275,46,ZCCHC8,-0.09,-0.0245763,1
34276,46,CRNKL1,-0.009999999999999998,-0.0061458999999999975,1
34277,46,RAD17,0.16999999999999998,0.1184905,1
34278,46,ATP1A1,0.01,0.0070114,1
34279,46,DNMT3A,1.0600000000000003,0.8467107000000003,1
34280,46,FBXW7,0.9900000000000004,0.8104363999999998,1
34281,46,WWTR1,-0.23,-0.0953384,1
34282,46,CDKN1B,0.41000000000000014,0.3170895000000001,1
34283,46,KMT2A,0.30000000000000004,0.33999129999999983,1
34284,46,PTPN11,1.1100000000000003,0.8257709999999999,1
34285,46,STAT5B,0.67,0.5396426,1
34286,46,CUX1,-0.12,-0.0763384,1
34287,46,ABI1,-0.33000000000000007,-0.09508480000000001,1
34288,46,BRCA1,1.7700000000000011,1.3951983999999995,1
34289,46,SH2B3,0.09,0.0543725,1
34290,46,AFF4,0.060000000000000005,0.0715613,1
34291,46,NF2,0.16999999999999996,0.14897359999999998,1
34292,46,LMNA,0.03999999999999999,0.03596289999999999,1
34293,46,TSC2,0.8400000000000003,0.6580742000000002,1
34294,46,GOLPH3,-0.039999999999999994,-0.027048999999999997,1
34295,46,PCM1,-0.030000000000000002,-0.022597000000000003,1
34296,46,PPP2R1A,-0.37,-0.09281159999999998,1
34297,46,ARID1A,1.710000000000001,1.3240784,1
34298,46,ABL1,-0.32,0.025526899999999943,1
34299,46,AFF1,0.12,0.1352447,1
34300,46,DAXX,-0.52,-0.13243490000000002,1
34301,46,CBFB,0.13,0.12343080000000001,1
34302,46,CBLB,0.16000000000000003,0.1365283,1
34303,46,POLR2A,-0.14,0.15063880000000004,1
34304,46,PRKACA,0.18000000000000008,0.25556219999999996,1
34305,46,DNM2,-0.1,-0.0519283,1
34306,46,RAP1GDS1,-0.010000000000000023,0.019208000000000003,1
34307,46,NCOR1,0.9000000000000001,0.8445832000000001,1
34308,46,NFKBIE,-0.26,-0.0902354,1
34309,46,DDX3X,0.24,0.2143729,1
34310,46,ELK4,0.03,0.025119,1
34311,46,MLLT6,0.09,0.0643503,1
34312,46,SRSF2,-2.5700000000000003,-0.6327942000000001,1
34313,46,CTNNA1,0.15,0.11368009999999999,1
34314,46,RBM10,0.17,0.12055120000000001,1
34315,46,PTPRC,-1.0408340855860843e-17,0.10144929999999999,1
34316,46,HSP90AA1,0.8500000000000003,0.5989253000000002,1
34317,46,NSD1,0.23,0.18891059999999998,0
34318,46,DICER1,0.26999999999999996,0.2567663,0
34319,46,BIRC6,0.09,0.0774629,0
34320,46,SDHC,0.2700000000000001,0.1944853,0
34321,46,TFG,0.30999999999999994,0.1769338,0
34322,46,MAP2K2,0.21000000000000002,0.1938968,0
34323,46,TFRC,-0.24,-0.12592509999999998,0
34324,46,CREB1,0.7200000000000004,0.5504921999999998,0
34325,46,POLG,0.01,0.003447,0
34326,46,SETD2,0.6700000000000003,0.5677605,0
34327,46,NAB2,-0.32999999999999996,-0.11271239999999999,0
34328,46,HIF1A,1.530000000000001,1.1121396000000003,0
34329,46,FLCN,0.03,0.032051699999999995,0
34330,46,MAP2K4,-0.020000000000000018,0.0656113,0
34331,46,CNOT3,3.469446951953614e-18,0.010374200000000005,0
34332,46,CIITA,0.08,0.0482663,0
34333,46,LSM14A,0.09,0.07901839999999999,0
34334,46,AKAP9,-0.07,-0.018151300000000002,0
34335,46,MSN,-0.41999999999999993,-0.11192369999999999,0
34336,46,BCR,0.05,0.051574699999999994,0
34337,46,TRRAP,-0.029999999999999975,0.12096130000000001,0
34338,46,PPP6C,-0.19,-0.08913389999999999,0
34339,46,NCOA4,-0.15000000000000002,-0.0746467,0
34340,46,BCL9,0.13,0.10274739999999999,0
34341,46,PRCC,0.03000000000000001,0.022645300000000007,0
34342,46,LARP4B,0.01,0.0058093,0
34343,46,CHD2,0.01,0.0075472,0
34344,46,ASXL1,0.5700000000000001,0.5031292999999999,0
34345,46,SMARCA4,1.3900000000000008,1.0644272999999995,0
34346,46,ERC1,-0.02,-0.015514600000000002,0
34347,46,DCTN1,-0.35,-0.15735339999999998,0
34348,46,PIK3R1,1.2500000000000007,0.9230124,0
34349,46,EED,-0.010000000000000012,0.03510599999999997,0
34350,46,CNBP,0.0,0.0,0
34351,46,SGK1,0.3,0.17983910000000003,0
34352,46,MLLT10,-0.15000000000000002,-0.0646378,0
34353,46,BRD4,0.9500000000000004,0.7343379,0
34354,46,RANBP2,0.18000000000000005,0.21416759999999996,0
34355,46,FBXO11,0.03,0.0240572,0
34356,46,PML,0.39,0.2769368,0
34357,46,AKT2,0.9400000000000003,0.6483459,0
34358,46,CEP89,0.07,0.0446531,0
34359,46,LZTR1,0.1,0.09290840000000002,0
34360,46,YWHAE,0.22999999999999998,0.14950409999999997,0
34361,46,DNAJB1,-0.05,-0.0075041,0
34362,46,PRDM2,0.03,0.0215414,0
34363,46,TPM4,0.46,0.30371890000000007,0
34364,46,CREBBP,1.8100000000000012,1.4828829000000006,0
34365,46,PMS2,0.6100000000000001,0.5640809000000001,0
34366,46,DDR2,0.06,0.0385803,0
34367,46,FANCA,0.35000000000000003,0.2914701,0
34368,46,PDE4DIP,0.060000000000000005,0.043129299999999995,0
34369,46,USP8,-0.07,-0.027922999999999993,0
34370,46,MYH9,-0.27,-0.0538119,0
34371,46,MYC,-0.6000000000000001,-0.18255610000000005,0
34372,46,NBN,0.51,0.38684920000000006,0
34373,46,CCND3,-0.12999999999999998,-0.016193300000000008,0
34374,46,TRIP11,-0.13,-0.08914380000000001,0
34375,46,CNTRL,-0.1,-0.0667673,0
34376,46,PIK3CA,1.520000000000001,1.1171478999999997,0
34377,46,DDX5,0.33999999999999997,0.30343149999999997,0
34378,46,PICALM,3.469446951953614e-18,0.0018373000000000035,0
34379,46,RARA,0.4400000000000001,0.3130479999999998,0
34380,46,DDX6,-0.09999999999999999,0.05661909999999999,0
34381,46,COL1A1,0.05999999999999999,0.0821528,0
34382,46,VHL,0.15999999999999998,0.1207199,0
34383,46,MAPK1,1.5800000000000007,1.0181114,0
34384,46,SRC,-0.58,-0.024176599999999986,0
34385,46,NFE2L2,0.23,0.14415139999999999,0
34386,46,MITF,-0.3,-0.05492400000000001,0
34387,46,SMAD3,1.1700000000000008,0.9240327000000002,0
34388,46,RBM15,0.05,0.04747420000000001,0
34389,46,ATR,0.6700000000000003,0.5705074,0
34390,46,EPAS1,0.38999999999999996,0.3270408999999999,0
34391,46,TPM3,0.20000000000000004,0.13701360000000004,0
34392,46,RPL10,0.1,0.11632409999999999,0
34393,46,STAG1,0.12,0.12079520000000002,0
34394,46,SBDS,-0.11000000000000001,-0.034676,0
34395,46,KMT2D,0.9400000000000004,0.7022481999999999,0
34396,46,MED12,0.29,0.2335308,0
34397,46,BCLAF1,-0.009999999999999988,0.0316555,0
34398,46,ASPSCR1,-0.02999999999999999,-0.006032299999999989,0
34399,46,CDK12,0.3,0.2213122,0
34400,46,EWSR1,0.3799999999999999,0.31284059999999997,0
34401,46,NDRG1,-0.04000000000000001,-0.01641220000000001,0
34402,46,PSIP1,-0.18000000000000002,-0.09065340000000001,0
34403,46,TRIM33,0.019999999999999997,0.024630299999999994,0
34404,46,MTOR,1.2800000000000005,0.9294947,0
34405,46,ARHGAP35,0.11,0.12804469999999998,0
34406,46,POT1,-0.07,-0.013977399999999997,0
34407,46,EXT1,0.1,0.06446,0
34408,46,IL6ST,0.28,0.2176967,0
34409,46,IDH2,-0.020000000000000004,0.029521600000000002,0
34410,46,SMARCE1,0.46,0.2936387000000001,0
34411,46,CRTC3,0.09,0.06476820000000001,0
34412,46,TSC1,0.33,0.2940814,0
34413,46,BCOR,-0.14999999999999997,-0.011528100000000003,0
34414,46,SDHA,0.23,0.1395797,0
34415,46,EP300,1.6500000000000012,1.2978559000000005,0
34416,46,HNRNPA2B1,0.24,0.22226440000000003,0
34417,46,CLIP1,-0.11,-0.0604963,0
34418,46,PATZ1,-0.53,-0.139833,0
34419,46,FUBP1,-0.16999999999999998,-0.0142436,0
34420,46,HLA-A,-0.17000000000000004,-0.0029578000000000035,0
34421,46,CCNC,-0.06999999999999999,-0.0264073,0
34422,46,RPN1,-0.37,-0.08344789999999999,0
34423,46,TCF7L2,0.009999999999999978,0.06002370000000001,0
34424,46,CANT1,0.1,0.0565581,0
34425,46,RPL5,-0.69,-0.17857130000000002,0
34426,46,CCDC6,0.020000000000000004,0.05979059999999999,0
34427,46,NCKIPSD,0.04,0.023179200000000004,0
34428,46,SMARCD1,0.44,0.31367999999999996,0
34429,46,BCL10,1.3877787807814457e-17,0.0313173,0
34430,46,MAX,-0.019999999999999993,0.0019133000000000015,0
34431,46,HERPUD1,0.01,0.0038606,0
34432,46,RAC1,-0.12000000000000002,0.03286209999999998,0
34433,46,FLNA,0.11999999999999998,0.1063614,0
34434,46,TFE3,-0.49,-0.20090009999999997,0
34435,46,NCOR2,0.7300000000000002,0.5623825,0
34436,46,PRPF40B,-0.019999999999999997,-0.0100055,0
34437,46,BCL3,-0.039999999999999994,-0.010829399999999996,0
34438,46,TFPT,-0.29000000000000004,-0.0907121,0
34439,46,MLH1,0.8400000000000001,0.699297,0
34440,46,ARHGAP5,0.14,0.1152947,0
34441,46,CIC,0.0,0.0,0
34442,46,LYN,0.7900000000000003,0.5633111999999999,0
34443,46,TCF12,0.29,0.22439350000000002,0
34444,46,KLF6,0.04,0.0233007,0
34445,46,KMT2C,0.9800000000000002,0.7811212,0
34446,46,PIM1,-0.23,-0.0776584,0
34447,46,CCND1,1.4500000000000008,0.9156285000000002,0
34448,46,MLLT1,-1.0400000000000003,-0.3273921,0
34449,46,MEN1,0.019999999999999993,0.06450920000000002,0
34450,46,CUL3,0.14,0.1310035,0
34451,46,RB1,0.71,0.5341076,0
34452,46,LPP,-0.07,-0.010981599999999998,0
34453,46,BUB1B,-0.15999999999999998,-0.08527989999999999,0
34454,46,SMAD4,1.3800000000000008,1.0572709,0
34455,46,FGFR1,0.23,0.1526959,0
34456,46,TMSB4X,0.04,0.0302336,0
34457,46,CDK4,0.5800000000000002,0.39462280000000005,0
34458,46,MSI2,0.01,0.0074559,0
34459,46,MSH6,0.8500000000000004,0.6769492,0
34460,46,BRAF,1.0600000000000003,0.9253069999999998,0
34461,46,TCEA1,-0.08999999999999998,-0.012501500000000002,0
34462,46,TNFAIP3,0.13000000000000003,0.1133807,0
34463,46,RABEP1,0.009999999999999998,0.005400899999999997,0
34464,46,GMPS,-0.04999999999999999,-0.035154500000000005,0
34465,46,MDM2,1.2300000000000006,0.8463994000000001,0
34466,46,NSD2,0.19,0.1369499,0
34467,46,CASP8,0.010000000000000014,0.1795194,0
34468,46,PER1,-0.22999999999999998,-0.054041099999999995,0
34469,46,UBR5,-0.049999999999999996,-0.0236481,0
34470,46,EIF3E,-0.05,0.05693340000000001,0
34471,46,RFWD3,0.030000000000000002,0.031618600000000004,0
34472,46,BRD3,0.12,0.10084889999999999,0
34473,46,PAFAH1B2,0.02,0.016630799999999998,0
34474,46,EXT2,0.010000000000000009,0.006301100000000011,0
34475,46,PLCG1,0.5099999999999999,0.37246559999999995,0
34476,46,SF3B1,-0.28,-0.099922,0
34477,46,ARHGEF10L,0.02,0.0105394,0
34478,46,NFATC2,0.20000000000000004,0.140015,0
34479,46,SDHD,0.24000000000000002,0.1466839,0
34480,46,PABPC1,-0.97,-0.24969650000000002,0
34481,46,POLD1,-0.28,-0.06983469999999999,0
34482,46,CALR,0.030000000000000002,0.032153299999999996,0
34483,46,PIK3CB,0.4899999999999999,0.4230743999999999,0
34484,46,PPM1D,0.20000000000000004,0.15746819999999997,0
34485,46,ATRX,0.9400000000000005,0.7620428,0
34486,46,DGCR8,0.15,0.0938754,0
34487,46,DDX10,0.16,0.11004530000000001,0
34488,46,DROSHA,0.38000000000000006,0.27521510000000005,0
34489,46,TNFRSF14,-0.12,-0.044124000000000003,0
34490,46,BCL9L,0.12000000000000001,0.0856123,0
34491,46,QKI,-0.060000000000000005,-0.0391814,0
34492,46,BAZ1A,0.01,0.0075017,0
34493,46,CHD4,0.16999999999999998,0.15194920000000003,0
34494,46,NSD3,0.06000000000000001,0.05583200000000001,0
34495,46,NT5C2,0.16,0.0929192,0
34496,46,CCNB1IP1,0.09999999999999999,0.0493576,0
34497,46,PCBP1,-0.8500000000000001,-0.25841539999999996,0
34498,46,RALGDS,0.12,0.09553429999999999,0
34499,46,ARHGEF12,-0.010000000000000002,0.0091168,0
34500,46,HSP90AB1,1.1100000000000003,0.7623367000000002,0
34501,46,FOXO3,1.2900000000000005,0.9012143,0
34502,46,HIP1,-0.02,-0.0124224,0
34503,46,CDC73,-0.19,-0.039484599999999995,0
34504,46,NIN,0.009999999999999995,0.009175600000000003,0
34505,46,MDM4,0.09,0.1484022,0
34506,46,COL3A1,0.12000000000000001,0.1090965,0
34507,46,CTNND1,0.14,0.15246920000000003,0
34508,46,SPOP,-0.04000000000000001,0.0022180999999999867,0
34509,46,TMEM127,0.06,0.05372539999999999,0
34510,46,CREB3L2,0.09000000000000001,0.052693800000000006,0
34511,46,MSH2,0.8700000000000003,0.6588479,0
34512,46,FNBP1,0.01,0.0143427,0
34513,46,ATF1,-0.009999999999999995,-0.0009042999999999968,0
34514,46,EIF1AX,-0.51,-0.23881150000000004,0
34515,46,PMS1,0.5,0.38657199999999997,0
34516,46,DEK,0.09000000000000001,0.09202690000000002,0
34517,46,ERBB2,1.1100000000000005,0.7262974,0
34518,46,AKT1,0.9400000000000004,0.5890529000000001,0
34519,46,CHEK2,0.25,0.33570649999999996,0
34520,46,SDHB,0.39999999999999997,0.265917,0
34521,46,NCOA1,0.44999999999999996,0.31920429999999994,0
34522,46,CHIC2,0.060000000000000005,0.036168000000000006,0
34523,46,RUNX1,0.5800000000000004,0.6475511,0
34524,46,STAT6,0.26,0.1895917,0
34525,46,FH,-0.12,-0.04276350000000002,0
34526,46,AKT3,1.0200000000000002,0.6875427000000003,0
34527,46,GNAS,0.22,0.1361576,0
34528,46,CTNNB1,1.620000000000001,1.1217886000000001,0
34529,46,NONO,0.06999999999999999,0.0571054,0
34530,46,SMARCB1,0.8900000000000003,0.6527113000000002,0
34531,46,PRKAR1A,0.14,0.12267489999999999,0
34532,46,ITGAV,1.734723475976807e-18,0.018480800000000002,0
34533,46,SS18,0.37,0.2418559,0
34534,46,MAP2K1,1.1100000000000005,0.7160268000000001,0
34535,46,SIRPA,-0.019999999999999997,-0.010099699999999996,0
34536,46,PPFIBP1,0.39,0.2693938,0
34537,46,RPL22,-0.13999999999999996,0.0845635,0
34538,46,CYLD,0.28,0.2208916,0
34539,46,ARID1B,0.6399999999999999,0.4763451,0
34540,46,SETDB1,0.3,0.21898700000000001,0
34541,46,AFDN,-0.36,-0.12338190000000003,0
34542,46,ZRSR2,0.26,0.20445959999999996,0
34543,46,PBRM1,0.9500000000000004,0.6897987000000001,0
34544,46,XPC,0.6100000000000001,0.4159412,0
34545,46,ASXL2,0.2,0.13309759999999998,0
34546,46,TRIM24,-0.26,-0.1192497,0
34547,46,SFPQ,-0.09999999999999998,0.0054927,0
34548,46,NCOA2,0.53,0.3769444,0
34549,46,FOXO4,0.42000000000000004,0.2786628,0
34550,46,LEF1,0.09,0.07811799999999999,0
34551,46,B2M,-0.59,-0.22620770000000004,0
34552,46,DDIT3,-0.35,-0.08882840000000002,0
34553,46,BCL6,0.5700000000000001,0.3980041000000001,0
34554,46,KRAS,-1.4100000000000006,-0.3943047,0
34555,46,FAT1,0.06000000000000001,0.0559674,0
34556,46,ABL2,0.09000000000000001,0.0688214,0
34557,46,NF1,0.7700000000000005,0.6460147000000003,0
34558,46,BTG1,-0.02,-0.0107314,0
34559,46,EIF4A2,0.09999999999999999,0.08727520000000001,0
34560,46,SET,0.16000000000000003,0.1405632,0
34561,46,EPS15,0.04,0.03914190000000001,0
34562,46,RNF213,0.04,0.030732699999999995,0
34563,46,CTCF,0.8800000000000003,0.6314191999999998,0
34564,46,WDCP,0.14,0.1020248,0
34565,46,KAT7,0.12000000000000001,0.0962834,0
34566,46,KDM5C,0.12,0.11613709999999998,0
34567,46,TGFBR2,0.22000000000000003,0.16875489999999999,0
34568,46,ATM,1.4300000000000008,1.1231243,0
34569,46,NUMA1,1.734723475976807e-18,0.009465799999999998,0
34570,46,STAT3,1.570000000000001,1.2243958999999998,0
34571,46,SUB1,-0.28,-0.1044283,0
34572,46,NUP98,0.07999999999999999,0.09494709999999996,0
34573,46,ELL,0.019999999999999997,0.025246499999999988,0
34574,46,MAP3K1,0.39999999999999997,0.3189438,0
34575,46,MALT1,0.16,0.15236899999999998,0
34576,46,XPO1,0.33000000000000007,0.2727627,0
34577,46,SETD1B,0.13,0.0981851,0
34578,46,ETV6,-0.21,-0.0886529,0
34579,46,TBL1XR1,0.18,0.11864969999999998,0
34580,46,NUP214,1.0408340855860843e-17,0.08723829999999999,0
34581,46,TPR,0.10999999999999999,0.0968513,0
34582,46,ATIC,0.029999999999999995,0.02861679999999999,0
34583,46,NACA,0.24,0.1670851,0
34584,46,MYO5A,0.009999999999999998,0.008958099999999998,0
34585,46,SMC1A,0.6000000000000001,0.49778740000000005,0
34586,46,LASP1,-0.25,-0.133334,0
34587,46,ERCC5,0.48000000000000004,0.32830080000000006,0
34588,46,JUN,-0.13000000000000003,0.11846439999999996,0
34589,46,THRAP3,0.1,0.0831589,0
34590,46,STAG2,0.44999999999999996,0.36357150000000005,0
34591,46,RAF1,1.1100000000000003,0.7967768,0
34592,46,ERCC3,0.54,0.4422669,0
34593,46,SMAD2,0.6200000000000002,0.5441980999999999,0
34594,46,TAF15,0.18000000000000002,0.1517311,0
34595,46,ARNT,0.2899999999999999,0.23665550000000002,0
34596,46,CLTC,-0.5299999999999999,-0.2781155,0
34597,46,IKBKB,0.5100000000000002,0.45148659999999996,0
34598,46,IDH1,-0.7800000000000002,-0.23141040000000002,0
34599,46,SND1,-0.009999999999999997,-0.003150099999999997,0
34600,46,KNSTRN,0.03,0.023850299999999998,0
34601,46,RHOA,-1.37,-0.36504619999999993,0
34602,46,PALB2,0.58,0.49046239999999997,0
34603,46,ARID2,0.7500000000000002,0.5745197,0
34604,46,EZR,-0.10000000000000002,0.0016509999999999928,0
34605,46,TP53,-1.24,-0.2067311,0
34606,46,ARAF,0.39000000000000007,0.2139184,0
34607,46,KIF5B,0.45999999999999996,0.3282643,0
34608,46,KAT6A,0.18999999999999997,0.1857039,0
34609,46,KTN1,-0.1,-0.029286900000000008,0
34610,46,GOLGA5,-0.14,-0.09567260000000001,0
34611,46,KDM5A,0.23999999999999996,0.208365,0
34612,46,RAD21,0.44000000000000006,0.34296449999999995,0
34613,46,GNAQ,0.12000000000000002,0.0883067,0
34614,46,CAMTA1,0.03,0.0195522,0
34615,46,ERCC2,0.6100000000000001,0.4370962,0
34616,46,EZH2,1.8700000000000012,1.2480968000000001,0
34617,46,TOP1,0.10000000000000002,0.0931422,0
34618,46,SRSF3,-0.28,-0.09506360000000001,0
34619,46,NPM1,-0.14,0.09942860000000003,0
34620,46,BAX,-0.51,-0.1596311,0
34621,46,NOTCH2,0.26,0.2067597,0
34622,46,TRAF7,0.03,0.0234885,0
34623,46,KDM6A,0.8500000000000003,0.7422764999999999,0
34624,46,SPEN,0.1,0.07644429999999999,0
34625,46,TRIM27,-0.39,-0.1457952,0
34626,46,CRTC1,0.15000000000000002,0.1130902,0
34627,46,EML4,0.26,0.21649849999999998,0
34628,46,USP9X,-0.030000000000000002,-0.0176962,0
34629,46,PTPRK,0.01,0.0071504,0
34630,46,CD74,-0.25,-0.048300800000000005,0
34631,46,CBL,0.5700000000000001,0.43219689999999994,0
34632,46,ZNF384,-0.08,-0.0412656,0
34633,46,NOTCH1,0.9600000000000005,0.7296985,0
34634,46,COX6C,-0.17,-0.06518070000000001,0
34635,46,CHCHD7,0.03,0.020410499999999998,0
34636,46,HMGA1,-0.12,-0.054138500000000006,0
34637,46,PTEN,1.4400000000000008,1.1606971999999998,0
34638,46,FIP1L1,-0.009999999999999995,-0.007843799999999998,0
34639,46,JAK1,0.8300000000000003,0.6448368999999999,0
34640,46,ZMYM2,-0.07,-0.0486923,0
34641,46,SUZ12,0.7900000000000003,0.5783413000000002,0
34642,46,FUS,-0.18999999999999995,0.106553,0
34643,46,BAP1,0.01999999999999999,0.03899429999999999,0
34644,46,ZCCHC8,-0.06,-0.018715799999999998,0
34645,46,CRNKL1,-0.06,-0.0340932,0
34646,46,RAD17,0.14,0.10106999999999998,0
34647,46,ATP1A1,0.0,0.002441099999999998,0
34648,46,DNMT3A,0.8800000000000004,0.6551029999999999,0
34649,46,FBXW7,1.0000000000000002,0.7817910999999999,0
34650,46,WWTR1,-0.07999999999999999,-0.0382836,0
34651,46,CDKN1B,0.5400000000000001,0.3373111,0
34652,46,KMT2A,0.4500000000000001,0.38277440000000007,0
34653,46,PTPN11,0.9400000000000004,0.7189264,0
34654,46,STAT5B,0.6900000000000003,0.5326999,0
34655,46,CUX1,-0.08,-0.054723600000000004,0
34656,46,ABI1,-0.39999999999999997,-0.1368178,0
34657,46,BRCA1,1.7300000000000013,1.3660809999999997,0
34658,46,SH2B3,0.04,0.0302137,0
34659,46,AFF4,0.14,0.10555440000000002,0
34660,46,NF2,0.039999999999999994,0.0847932,0
34661,46,LMNA,0.04,0.046130500000000005,0
34662,46,TSC2,0.6100000000000002,0.49181110000000006,0
34663,46,GOLPH3,-0.11,-0.0678536,0
34664,46,PCM1,-0.05,-0.03319710000000001,0
34665,46,PPP2R1A,-0.4700000000000001,-0.1685762,0
34666,46,ARID1A,1.7100000000000009,1.2347051,0
34667,46,ABL1,0.27000000000000013,0.22131320000000004,0
34668,46,AFF1,0.18,0.1530102,0
34669,46,DAXX,-0.35,-0.1000855,0
34670,46,CBFB,0.11999999999999998,0.10052090000000001,0
34671,46,CBLB,0.13,0.1026903,0
34672,46,POLR2A,-0.03,0.13849179999999997,0
34673,46,PRKACA,0.24999999999999994,0.21016990000000002,0
34674,46,DNM2,-0.15,-0.0548557,0
34675,46,RAP1GDS1,-0.06000000000000001,-0.018266200000000007,0
34676,46,NCOR1,0.9100000000000004,0.7947929,0
34677,46,NFKBIE,-0.28,-0.09580280000000001,0
34678,46,DDX3X,0.15,0.1352455,0
34679,46,ELK4,0.02,0.014813400000000001,0
34680,46,MLLT6,0.11000000000000001,0.0927294,0
34681,46,SRSF2,-1.29,-0.38184440000000003,0
34682,46,CTNNA1,0.11,0.0818368,0
34683,46,RBM10,0.22,0.1541863,0
34684,46,PTPRC,0.12,0.116614,0
34685,46,HSP90AA1,1.0800000000000005,0.7190597999999999,0
34686,47,NSD1,0.34,0.2924167,1
34687,47,DICER1,0.17999999999999997,0.24723590000000004,1
34688,47,BIRC6,0.17000000000000004,0.1479403,1
34689,47,SDHC,0.28,0.237057,1
34690,47,TFG,0.21999999999999997,0.131362,1
34691,47,MAP2K2,0.4,0.2582023,1
34692,47,TFRC,-0.32000000000000006,-0.1128993,1
34693,47,CREB1,0.9700000000000005,0.7874118,1
34694,47,POLG,0.0,0.0,1
34695,47,SETD2,0.6100000000000003,0.5616890000000001,1
34696,47,NAB2,-0.58,-0.1496708,1
34697,47,HIF1A,1.580000000000001,1.2095085,1
34698,47,FLCN,-0.060000000000000005,0.019937700000000003,1
34699,47,MAP2K4,0.010000000000000002,0.0886663,1
34700,47,CNOT3,0.06999999999999999,0.058680199999999995,1
34701,47,CIITA,0.1,0.0624859,1
34702,47,LSM14A,0.15,0.12182,1
34703,47,AKAP9,-0.12,-0.015828999999999996,1
34704,47,MSN,-0.24000000000000002,-0.0671533,1
34705,47,BCR,-0.029999999999999992,0.0416932,1
34706,47,TRRAP,0.11000000000000001,0.22147750000000005,1
34707,47,PPP6C,-0.16,-0.06830720000000001,1
34708,47,NCOA4,-0.09,-0.023227699999999997,1
34709,47,BCL9,0.17,0.13759929999999998,1
34710,47,PRCC,0.1,0.0796746,1
34711,47,LARP4B,0.03,0.021347699999999997,1
34712,47,CHD2,0.02,0.0172858,1
34713,47,ASXL1,0.3400000000000001,0.3842746,1
34714,47,SMARCA4,1.930000000000001,1.4879888,1
34715,47,ERC1,0.0,-7.749999999999944e-05,1
34716,47,DCTN1,-0.030000000000000006,0.031376199999999986,1
34717,47,PIK3R1,1.1000000000000005,0.9446435,1
34718,47,EED,0.18,0.13211,1
34719,47,CNBP,0.02,0.0125766,1
34720,47,SGK1,0.4799999999999999,0.3191669,1
34721,47,MLLT10,-0.08999999999999998,-0.0325676,1
34722,47,BRD4,1.0600000000000005,0.9103634,1
34723,47,RANBP2,0.33,0.3090144,1
34724,47,FBXO11,0.08,0.0621865,1
34725,47,PML,0.3599999999999999,0.23435499999999998,1
34726,47,AKT2,1.2000000000000006,0.8273955000000001,1
34727,47,CEP89,0.05,0.032674,1
34728,47,LZTR1,0.09,0.10447199999999998,1
34729,47,YWHAE,0.18,0.11740790000000001,1
34730,47,DNAJB1,-0.05,-0.009819500000000007,1
34731,47,PRDM2,0.07,0.0579345,1
34732,47,TPM4,0.4700000000000001,0.3110729,1
34733,47,CREBBP,1.9400000000000013,1.5715042000000004,1
34734,47,PMS2,0.9100000000000004,0.7679346,1
34735,47,DDR2,-0.02,-0.010367799999999996,1
34736,47,FANCA,0.4,0.33465039999999996,1
34737,47,PDE4DIP,0.08,0.06332940000000001,1
34738,47,USP8,-0.07,-0.027604100000000006,1
34739,47,MYH9,-0.35000000000000003,-0.09763949999999999,1
34740,47,MYC,-1.4200000000000004,-0.2683511000000002,1
34741,47,NBN,0.6,0.4812662000000001,1
34742,47,CCND3,-0.030000000000000006,0.0341938,1
34743,47,TRIP11,-0.07,-0.05295010000000001,1
34744,47,CNTRL,-0.039999999999999994,-0.03425190000000001,1
34745,47,PIK3CA,1.0300000000000005,0.9692267999999997,1
34746,47,DDX5,0.4199999999999998,0.3807345999999999,1
34747,47,PICALM,0.010000000000000002,0.013914300000000004,1
34748,47,RARA,-0.13,0.04750319999999998,1
34749,47,DDX6,-0.010000000000000002,0.1029133,1
34750,47,COL1A1,0.18000000000000002,0.16594330000000002,1
34751,47,VHL,0.29000000000000004,0.2165575,1
34752,47,MAPK1,1.700000000000001,1.2023409999999994,1
34753,47,SRC,0.5600000000000003,0.4768436,1
34754,47,NFE2L2,0.24000000000000007,0.1930532,1
34755,47,MITF,-0.11000000000000001,0.014058800000000003,1
34756,47,SMAD3,1.1400000000000008,1.1698194000000002,1
34757,47,RBM15,0.07,0.0620044,1
34758,47,ATR,0.7200000000000002,0.5898599,1
34759,47,EPAS1,0.31999999999999995,0.3421777000000001,1
34760,47,TPM3,0.03000000000000004,0.04893409999999999,1
34761,47,RPL10,0.04000000000000002,0.0907056,1
34762,47,STAG1,0.15000000000000002,0.15376270000000003,1
34763,47,SBDS,-0.09,-0.0252753,1
34764,47,KMT2D,1.0100000000000005,0.8077633999999999,1
34765,47,MED12,0.37000000000000005,0.3109355,1
34766,47,BCLAF1,-0.05000000000000001,0.0314717,1
34767,47,ASPSCR1,0.04000000000000001,0.03338390000000001,1
34768,47,CDK12,0.51,0.41522820000000005,1
34769,47,EWSR1,0.33,0.33033429999999997,1
34770,47,NDRG1,-0.030000000000000002,-0.005456599999999999,1
34771,47,PSIP1,0.10999999999999999,0.0968627,1
34772,47,TRIM33,0.12000000000000001,0.10975320000000001,1
34773,47,MTOR,1.2200000000000004,0.9591710999999999,1
34774,47,ARHGAP35,0.18999999999999997,0.1609599,1
34775,47,POT1,1.734723475976807e-18,0.009762100000000003,1
34776,47,EXT1,0.12,0.091902,1
34777,47,IL6ST,0.34,0.2864619,1
34778,47,IDH2,-0.23,-0.0405042,1
34779,47,SMARCE1,0.39,0.2549963,1
34780,47,CRTC3,0.09999999999999999,0.0816078,1
34781,47,TSC1,0.30000000000000004,0.3041780999999999,1
34782,47,BCOR,-0.04,0.022688200000000016,1
34783,47,SDHA,0.3,0.21606469999999997,1
34784,47,EP300,2.380000000000001,1.9431520999999996,1
34785,47,HNRNPA2B1,0.48,0.3380264,1
34786,47,CLIP1,-0.09000000000000001,-0.046031100000000005,1
34787,47,PATZ1,-0.5,-0.1321396,1
34788,47,FUBP1,-0.06,0.0204002,1
34789,47,HLA-A,-0.039999999999999994,0.0533654,1
34790,47,CCNC,-0.23999999999999996,-0.1001612,1
34791,47,RPN1,-0.22000000000000003,-0.0596025,1
34792,47,TCF7L2,0.02,0.11166190000000004,1
34793,47,CANT1,0.03,0.0222513,1
34794,47,RPL5,-0.64,-0.1927581,1
34795,47,CCDC6,0.07000000000000002,0.0939884,1
34796,47,NCKIPSD,-0.06,-0.025655000000000004,1
34797,47,SMARCD1,0.42,0.3432364,1
34798,47,BCL10,0.060000000000000005,0.0767388,1
34799,47,MAX,0.039999999999999994,0.07029980000000001,1
34800,47,HERPUD1,-0.01,-0.0034625000000000003,1
34801,47,RAC1,0.15999999999999995,0.1827693,1
34802,47,FLNA,0.20999999999999996,0.1550944,1
34803,47,TFE3,-0.86,-0.28259059999999997,1
34804,47,NCOR2,0.6600000000000001,0.5390170000000001,1
34805,47,PRPF40B,0.04,0.026517399999999997,1
34806,47,BCL3,-0.19000000000000003,-0.027041800000000005,1
34807,47,TFPT,-0.25,-0.0868774,1
34808,47,MLH1,0.91,0.7925025999999997,1
34809,47,ARHGAP5,0.12,0.10640960000000001,1
34810,47,CIC,0.0,0.0,1
34811,47,LYN,0.7799999999999998,0.6052956,1
34812,47,TCF12,0.33,0.2569454,1
34813,47,KLF6,0.07,0.045830899999999994,1
34814,47,KMT2C,1.0200000000000002,0.8509017000000002,1
34815,47,PIM1,-0.15,-0.0315811,1
34816,47,CCND1,0.9900000000000004,0.6552841,1
34817,47,MLLT1,-1.1600000000000004,-0.3250038,1
34818,47,MEN1,-0.010000000000000005,0.02484659999999999,1
34819,47,CUL3,0.09,0.14310129999999996,1
34820,47,RB1,0.6100000000000001,0.4982844,1
34821,47,LPP,-0.12000000000000002,-0.0281168,1
34822,47,BUB1B,-0.17,-0.05786959999999999,1
34823,47,SMAD4,1.580000000000001,1.3077170999999996,1
34824,47,FGFR1,0.29,0.2514768,1
34825,47,TMSB4X,0.03,0.0233154,1
34826,47,CDK4,1.0300000000000002,0.7360105999999998,1
34827,47,MSI2,0.01,0.0076986,1
34828,47,MSH6,1.0400000000000005,0.8826799,1
34829,47,BRAF,1.2000000000000006,1.0706414000000002,1
34830,47,TCEA1,-0.11,-0.007376400000000005,1
34831,47,TNFAIP3,0.12000000000000001,0.1192107,1
34832,47,RABEP1,0.0,0.0014599999999999995,1
34833,47,GMPS,-0.06000000000000001,-0.024586699999999996,1
34834,47,MDM2,1.2200000000000009,0.8934977,1
34835,47,NSD2,0.22,0.1627436,1
34836,47,CASP8,-0.16000000000000006,0.1335177,1
34837,47,PER1,-0.21000000000000002,-0.0764746,1
34838,47,UBR5,0.010000000000000005,0.03495669999999999,1
34839,47,EIF3E,0.04,0.0682682,1
34840,47,RFWD3,0.04,0.037804000000000004,1
34841,47,BRD3,0.13,0.09157300000000002,1
34842,47,PAFAH1B2,0.03,0.0265923,1
34843,47,EXT2,0.009999999999999995,0.021772600000000003,1
34844,47,PLCG1,0.54,0.42560409999999993,1
34845,47,SF3B1,-0.5,-0.2199813,1
34846,47,ARHGEF10L,0.04,0.0228884,1
34847,47,NFATC2,0.24000000000000002,0.1783823,1
34848,47,SDHD,0.27999999999999997,0.2128498,1
34849,47,PABPC1,-1.0,-0.23492909999999997,1
34850,47,POLD1,-0.06000000000000001,-0.0004195000000000032,1
34851,47,CALR,0.12999999999999995,0.11691549999999999,1
34852,47,PIK3CB,0.7400000000000002,0.6057193,1
34853,47,PPM1D,0.27,0.20632230000000001,1
34854,47,ATRX,0.9400000000000005,0.8137041000000002,1
34855,47,DGCR8,0.21000000000000002,0.16541440000000002,1
34856,47,DDX10,0.18,0.1406228,1
34857,47,DROSHA,0.5300000000000001,0.42288450000000005,1
34858,47,TNFRSF14,-0.14,-0.041068600000000004,1
34859,47,BCL9L,0.15000000000000002,0.11137389999999998,1
34860,47,QKI,0.05,0.03887279999999999,1
34861,47,BAZ1A,0.01,0.007628,1
34862,47,CHD4,0.42999999999999994,0.3700218000000001,1
34863,47,NSD3,0.1,0.113907,1
34864,47,NT5C2,0.17,0.09821189999999999,1
34865,47,CCNB1IP1,0.14,0.0676198,1
34866,47,PCBP1,-0.9799999999999999,-0.2309125,1
34867,47,RALGDS,0.030000000000000006,0.07751909999999998,1
34868,47,ARHGEF12,0.0,0.025913399999999996,1
34869,47,HSP90AB1,1.0100000000000005,0.7144969,1
34870,47,FOXO3,1.4600000000000009,1.0693280000000003,1
34871,47,HIP1,-0.03,-0.018635099999999998,1
34872,47,CDC73,0.12000000000000001,0.1272425,1
34873,47,NIN,-0.020000000000000004,-0.009886800000000012,1
34874,47,MDM4,0.14999999999999997,0.182061,1
34875,47,COL3A1,0.24000000000000002,0.1952217,1
34876,47,CTNND1,0.14,0.15149360000000003,1
34877,47,SPOP,0.12000000000000001,0.1140533,1
34878,47,TMEM127,0.11000000000000001,0.0668818,1
34879,47,CREB3L2,0.13,0.0887029,1
34880,47,MSH2,0.9900000000000004,0.8247095000000002,1
34881,47,FNBP1,-6.938893903907228e-18,0.027732,1
34882,47,ATF1,0.16000000000000003,0.11720640000000002,1
34883,47,EIF1AX,-0.51,-0.20509119999999997,1
34884,47,PMS1,0.63,0.4904874000000001,1
34885,47,DEK,0.17,0.13988880000000004,1
34886,47,ERBB2,0.54,0.3849716000000001,1
34887,47,AKT1,-0.25,0.07937140000000006,1
34888,47,CHEK2,0.6700000000000002,0.6350939999999999,1
34889,47,SDHB,0.45000000000000007,0.324567,1
34890,47,NCOA1,0.38999999999999996,0.3198035,1
34891,47,CHIC2,0.08,0.04920480000000001,1
34892,47,RUNX1,0.3800000000000001,0.6769780999999999,1
34893,47,STAT6,0.38,0.34677690000000005,1
34894,47,FH,-0.05,-0.006020000000000018,1
34895,47,AKT3,1.1100000000000003,0.7934985999999997,1
34896,47,GNAS,0.38,0.27315639999999997,1
34897,47,CTNNB1,1.3600000000000008,0.9589953999999999,1
34898,47,NONO,0.30000000000000004,0.2633464,1
34899,47,SMARCB1,1.0500000000000003,0.7933134000000001,1
34900,47,PRKAR1A,0.21,0.19623249999999998,1
34901,47,ITGAV,0.009999999999999998,0.0405746,1
34902,47,SS18,0.42000000000000004,0.2951722,1
34903,47,MAP2K1,1.0500000000000005,0.6261827000000002,1
34904,47,SIRPA,-0.04000000000000001,-0.0010199000000000076,1
34905,47,PPFIBP1,0.38,0.27089320000000006,1
34906,47,RPL22,-0.15,0.08578429999999998,1
34907,47,CYLD,0.35,0.2805476,1
34908,47,ARID1B,0.8300000000000001,0.6452007000000002,1
34909,47,SETDB1,0.33,0.2418409,1
34910,47,AFDN,-0.33999999999999997,-0.0869862,1
34911,47,ZRSR2,-0.09,-0.0506679,1
34912,47,PBRM1,0.9700000000000004,0.7229066,1
34913,47,XPC,0.43,0.25955340000000005,1
34914,47,ASXL2,0.28,0.201623,1
34915,47,TRIM24,-0.16,-0.013778100000000007,1
34916,47,SFPQ,-0.3899999999999999,-0.08496749999999999,1
34917,47,NCOA2,0.6100000000000001,0.49745969999999995,1
34918,47,FOXO4,0.32999999999999996,0.2127456,1
34919,47,LEF1,0.21999999999999997,0.19499240000000004,1
34920,47,B2M,-0.32,-0.1186,1
34921,47,DDIT3,-0.19,-0.0758597,1
34922,47,BCL6,0.15,0.18366849999999998,1
34923,47,KRAS,-0.19000000000000009,0.08899069999999998,1
34924,47,FAT1,0.14,0.09999390000000001,1
34925,47,ABL2,0.060000000000000005,0.0518008,1
34926,47,NF1,1.1300000000000006,0.9479372000000001,1
34927,47,BTG1,-0.03,-0.0151515,1
34928,47,EIF4A2,0.04,0.0227163,1
34929,47,SET,0.18,0.14418920000000005,1
34930,47,EPS15,0.09,0.07905100000000001,1
34931,47,RNF213,0.05,0.043285800000000006,1
34932,47,CTCF,1.1000000000000003,0.7785396000000001,1
34933,47,WDCP,0.25,0.1564258,1
34934,47,KAT7,0.16,0.13630710000000001,1
34935,47,KDM5C,0.20000000000000004,0.1836215,1
34936,47,TGFBR2,0.21999999999999995,0.2048733,1
34937,47,ATM,1.1100000000000005,1.0456651000000001,1
34938,47,NUMA1,0.030000000000000002,0.037375399999999996,1
34939,47,STAT3,1.0800000000000005,0.9291029999999999,1
34940,47,SUB1,-0.09000000000000001,-0.03667290000000001,1
34941,47,NUP98,0.2399999999999999,0.23853790000000005,1
34942,47,ELL,0.07,0.040209200000000014,1
34943,47,MAP3K1,0.32000000000000006,0.27262,1
34944,47,MALT1,0.12999999999999998,0.15347619999999998,1
34945,47,XPO1,0.4600000000000002,0.38962070000000004,1
34946,47,SETD1B,0.28,0.2212366,1
34947,47,ETV6,-0.12000000000000001,-0.01891790000000001,1
34948,47,TBL1XR1,0.2,0.1407976,1
34949,47,NUP214,-0.16999999999999998,0.13169129999999996,1
34950,47,TPR,0.12000000000000001,0.10255790000000001,1
34951,47,ATIC,0.15,0.1467878,1
34952,47,NACA,0.22,0.1305212,1
34953,47,MYO5A,0.01,0.007784800000000001,1
34954,47,SMC1A,0.3600000000000001,0.4040539,1
34955,47,LASP1,-0.27,-0.1332876,1
34956,47,ERCC5,0.45999999999999996,0.29034000000000004,1
34957,47,JUN,-0.8599999999999999,-0.07109200000000002,1
34958,47,THRAP3,0.08,0.061841400000000005,1
34959,47,STAG2,0.19000000000000003,0.24912679999999998,1
34960,47,RAF1,0.8800000000000003,0.6722112000000001,1
34961,47,ERCC3,0.68,0.5471855,1
34962,47,SMAD2,0.3800000000000002,0.4839309999999999,1
34963,47,TAF15,0.19000000000000003,0.1596317,1
34964,47,ARNT,0.20999999999999994,0.21757870000000004,1
34965,47,CLTC,-0.6800000000000002,-0.2998289999999999,1
34966,47,IKBKB,0.5100000000000001,0.4771404,1
34967,47,IDH1,-0.7100000000000002,-0.20499250000000002,1
34968,47,SND1,0.03,0.035520300000000005,1
34969,47,KNSTRN,0.03,0.0229104,1
34970,47,RHOA,-2.4600000000000004,-0.5922088000000001,1
34971,47,PALB2,0.7500000000000002,0.6252451000000002,1
34972,47,ARID2,0.8700000000000001,0.6815872,1
34973,47,EZR,-0.00999999999999999,0.024930000000000035,1
34974,47,TP53,-0.5899999999999999,0.15747270000000008,1
34975,47,ARAF,0.33999999999999997,0.2008362,1
34976,47,KIF5B,0.54,0.39766819999999997,1
34977,47,KAT6A,0.19999999999999996,0.2199497,1
34978,47,KTN1,-0.06999999999999999,0.00039370000000000377,1
34979,47,GOLGA5,-0.08,-0.054646200000000006,1
34980,47,KDM5A,0.29000000000000004,0.2741456,1
34981,47,RAD21,0.5800000000000001,0.4801081,1
34982,47,GNAQ,0.29999999999999993,0.22055010000000003,1
34983,47,CAMTA1,0.07,0.0534139,1
34984,47,ERCC2,0.7300000000000001,0.5478256,1
34985,47,EZH2,1.5800000000000012,1.2220502,1
34986,47,TOP1,0.30000000000000004,0.24396349999999997,1
34987,47,SRSF3,-0.3299999999999999,-0.066007,1
34988,47,NPM1,0.25999999999999995,0.24078899999999998,1
34989,47,BAX,-0.6900000000000001,-0.15659700000000001,1
34990,47,NOTCH2,0.29000000000000004,0.24456899999999998,1
34991,47,TRAF7,0.02,0.014176,1
34992,47,KDM6A,0.8500000000000002,0.8376125999999999,1
34993,47,SPEN,0.14,0.10992900000000001,1
34994,47,TRIM27,-0.42000000000000004,-0.1373108,1
34995,47,CRTC1,0.15,0.11583959999999999,1
34996,47,EML4,0.15999999999999995,0.2364884,1
34997,47,USP9X,0.010000000000000002,0.0069903,1
34998,47,PTPRK,0.0,0.0,1
34999,47,CD74,-0.22,-0.014505399999999988,1
35000,47,CBL,0.4500000000000001,0.43217599999999995,1
35001,47,ZNF384,0.03,0.0243258,1
35002,47,NOTCH1,1.2100000000000006,0.8583676,1
35003,47,COX6C,-0.14,-0.038326200000000005,1
35004,47,CHCHD7,0.02,0.012801400000000001,1
35005,47,HMGA1,-0.09,-0.028977800000000005,1
35006,47,PTEN,1.2200000000000009,1.1441599000000007,1
35007,47,FIP1L1,-0.06,-0.023736599999999997,1
35008,47,JAK1,0.8900000000000003,0.7390603999999998,1
35009,47,ZMYM2,0.009999999999999998,0.009915700000000001,1
35010,47,SUZ12,0.8500000000000003,0.6760451000000002,1
35011,47,FUS,-0.44000000000000006,0.031928,1
35012,47,BAP1,-0.24,-0.0997623,1
35013,47,ZCCHC8,-0.05,-0.0166115,1
35014,47,CRNKL1,0.01,0.007406899999999999,1
35015,47,RAD17,0.18,0.1362849,1
35016,47,ATP1A1,0.03,0.017081,1
35017,47,DNMT3A,1.1200000000000003,0.9080676000000001,1
35018,47,FBXW7,1.0500000000000005,0.8662515999999999,1
35019,47,WWTR1,-0.24000000000000005,-0.0852476,1
35020,47,CDKN1B,0.5099999999999999,0.3611658,1
35021,47,KMT2A,0.3500000000000001,0.3755524999999999,1
35022,47,PTPN11,1.0700000000000005,0.8819695,1
35023,47,STAT5B,0.6800000000000003,0.5747981999999999,1
35024,47,CUX1,-0.11,-0.0703905,1
35025,47,ABI1,-0.22,-0.061148600000000004,1
35026,47,BRCA1,1.8800000000000012,1.5094740999999998,1
35027,47,SH2B3,0.07,0.041094900000000004,1
35028,47,AFF4,-0.02000000000000001,0.015690099999999995,1
35029,47,NF2,0.16000000000000003,0.14895229999999998,1
35030,47,LMNA,0.0,0.023209600000000007,1
35031,47,TSC2,0.8400000000000003,0.6726425,1
35032,47,GOLPH3,-0.039999999999999994,-0.027995,1
35033,47,PCM1,-0.03,-0.022771800000000005,1
35034,47,PPP2R1A,-0.27999999999999997,-0.0742754,1
35035,47,ARID1A,1.7900000000000011,1.4169430000000003,1
35036,47,ABL1,-0.1400000000000001,0.11272239999999997,1
35037,47,AFF1,0.06000000000000001,0.0938805,1
35038,47,DAXX,-0.41999999999999993,-0.1064843,1
35039,47,CBFB,0.10000000000000002,0.1206912,1
35040,47,CBLB,0.18,0.15934600000000002,1
35041,47,POLR2A,-0.3,0.09246929999999995,1
35042,47,PRKACA,0.26999999999999996,0.2692796999999999,1
35043,47,DNM2,-0.09,-0.034353400000000006,1
35044,47,RAP1GDS1,-0.019999999999999976,0.031669400000000014,1
35045,47,NCOR1,0.8100000000000002,0.8302272999999999,1
35046,47,NFKBIE,-0.43000000000000005,-0.1281881,1
35047,47,DDX3X,0.31000000000000005,0.25728609999999996,1
35048,47,ELK4,0.03,0.025379699999999998,1
35049,47,MLLT6,0.019999999999999997,0.035703700000000005,1
35050,47,SRSF2,-2.7300000000000004,-0.6279511,1
35051,47,CTNNA1,0.13,0.10121670000000002,1
35052,47,RBM10,0.19000000000000003,0.13528410000000002,1
35053,47,PTPRC,-1.3877787807814457e-17,0.1053543,1
35054,47,HSP90AA1,0.7100000000000002,0.5160209000000001,1
35055,47,NSD1,0.25,0.20873160000000002,0
35056,47,DICER1,0.25,0.24083000000000002,0
35057,47,BIRC6,0.06999999999999999,0.0570863,0
35058,47,SDHC,0.30000000000000004,0.19733,0
35059,47,TFG,0.31,0.1725581,0
35060,47,MAP2K2,0.29000000000000004,0.2262683,0
35061,47,TFRC,-0.28,-0.14127250000000002,0
35062,47,CREB1,0.8000000000000005,0.5835781000000001,0
35063,47,POLG,0.01,0.0039495,0
35064,47,SETD2,0.7100000000000002,0.5900947999999999,0
35065,47,NAB2,-0.31000000000000005,-0.1136554,0
35066,47,HIF1A,1.6000000000000008,1.1284207,0
35067,47,FLCN,0.05,0.042899900000000005,0
35068,47,MAP2K4,-0.07999999999999999,0.0404403,0
35069,47,CNOT3,-0.04,-0.013254000000000002,0
35070,47,CIITA,0.11,0.07323279999999999,0
35071,47,LSM14A,0.08,0.0699864,0
35072,47,AKAP9,-0.04999999999999999,-0.008729099999999997,0
35073,47,MSN,-0.32999999999999996,-0.07852300000000001,0
35074,47,BCR,0.03000000000000001,0.035209599999999994,0
35075,47,TRRAP,0.020000000000000018,0.1140121,0
35076,47,PPP6C,-0.16,-0.0781535,0
35077,47,NCOA4,-0.20000000000000004,-0.10811330000000002,0
35078,47,BCL9,0.14,0.10901359999999999,0
35079,47,PRCC,0.07,0.0473744,0
35080,47,LARP4B,0.0,0.0,0
35081,47,CHD2,0.01,0.0075727,0
35082,47,ASXL1,0.41000000000000003,0.41230979999999995,0
35083,47,SMARCA4,1.2600000000000007,0.9607357999999997,0
35084,47,ERC1,-0.01,-0.0076771999999999995,0
35085,47,DCTN1,-0.24,-0.11738850000000002,0
35086,47,PIK3R1,1.4100000000000008,0.9732594999999999,0
35087,47,EED,0.039999999999999994,0.058799199999999996,0
35088,47,CNBP,0.01,0.005446100000000001,0
35089,47,SGK1,0.32999999999999996,0.19565609999999997,0
35090,47,MLLT10,-0.039999999999999994,-0.00027100000000000214,0
35091,47,BRD4,1.0100000000000005,0.7537537000000001,0
35092,47,RANBP2,0.17,0.19976789999999997,0
35093,47,FBXO11,0.05,0.0427811,0
35094,47,PML,0.37,0.26868780000000003,0
35095,47,AKT2,0.9700000000000003,0.6449406999999999,0
35096,47,CEP89,0.05,0.0280548,0
35097,47,LZTR1,0.03000000000000001,0.057153300000000004,0
35098,47,YWHAE,0.3400000000000001,0.21678919999999996,0
35099,47,DNAJB1,-0.020000000000000004,0.007679399999999996,0
35100,47,PRDM2,0.02,0.015125300000000001,0
35101,47,TPM4,0.48000000000000004,0.3040737,0
35102,47,CREBBP,1.9400000000000013,1.5403092999999997,0
35103,47,PMS2,0.6600000000000001,0.5787894,0
35104,47,DDR2,0.05,0.031793699999999994,0
35105,47,FANCA,0.35,0.2747276,0
35106,47,PDE4DIP,0.04,0.0257108,0
35107,47,USP8,-0.08,-0.03730969999999999,0
35108,47,MYH9,-0.19,-0.01518760000000001,0
35109,47,MYC,-0.4500000000000001,-0.1406471,0
35110,47,NBN,0.52,0.3861109,0
35111,47,CCND3,-0.039999999999999994,0.022046100000000003,0
35112,47,TRIP11,-0.11,-0.0718964,0
35113,47,CNTRL,-0.08,-0.0569958,0
35114,47,PIK3CA,1.4700000000000009,1.0341827,0
35115,47,DDX5,0.27,0.23851670000000005,0
35116,47,PICALM,3.469446951953614e-18,0.003500000000000003,0
35117,47,RARA,0.38000000000000006,0.28986270000000003,0
35118,47,DDX6,-0.009999999999999998,0.06228549999999999,0
35119,47,COL1A1,0.08,0.10467969999999999,0
35120,47,VHL,0.21000000000000002,0.1586643,0
35121,47,MAPK1,1.570000000000001,0.9910421999999998,0
35122,47,SRC,-0.09000000000000005,0.15649879999999997,0
35123,47,NFE2L2,0.21,0.1448593,0
35124,47,MITF,-0.26999999999999996,-0.05044999999999999,0
35125,47,SMAD3,1.2100000000000009,0.9186894000000001,0
35126,47,RBM15,0.060000000000000005,0.05457060000000001,0
35127,47,ATR,0.6300000000000001,0.5249856,0
35128,47,EPAS1,0.42000000000000004,0.35085330000000003,0
35129,47,TPM3,0.18000000000000002,0.1297903,0
35130,47,RPL10,0.13999999999999999,0.12479010000000001,0
35131,47,STAG1,0.14,0.1287556,0
35132,47,SBDS,-0.05,-0.0194407,0
35133,47,KMT2D,0.9100000000000004,0.6592722000000001,0
35134,47,MED12,0.30000000000000004,0.2411278,0
35135,47,BCLAF1,-0.060000000000000005,0.011313500000000008,0
35136,47,ASPSCR1,0.019999999999999997,0.017135099999999993,0
35137,47,CDK12,0.28,0.2022913,0
35138,47,EWSR1,0.44999999999999996,0.3515685,0
35139,47,NDRG1,-0.039999999999999994,-0.018782600000000003,0
35140,47,PSIP1,-0.18,-0.08718419999999999,0
35141,47,TRIM33,0.019999999999999997,0.026003700000000005,0
35142,47,MTOR,1.2300000000000006,0.8657280999999998,0
35143,47,ARHGAP35,0.12000000000000001,0.1369826,0
35144,47,POT1,-0.06,-0.012136400000000002,0
35145,47,EXT1,0.11,0.0723283,0
35146,47,IL6ST,0.28,0.21298079999999997,0
35147,47,IDH2,0.22,0.1696931,0
35148,47,SMARCE1,0.41000000000000003,0.24812669999999998,0
35149,47,CRTC3,0.09,0.07086880000000001,0
35150,47,TSC1,0.33,0.28051929999999997,0
35151,47,BCOR,-0.14999999999999997,-0.014987799999999992,0
35152,47,SDHA,0.24,0.13939709999999997,0
35153,47,EP300,1.5600000000000012,1.2491237,0
35154,47,HNRNPA2B1,0.25,0.20950009999999997,0
35155,47,CLIP1,-0.12,-0.067509,0
35156,47,PATZ1,-0.4,-0.11770360000000002,0
35157,47,FUBP1,-0.15999999999999998,-0.0222252,0
35158,47,HLA-A,-0.2,0.010252399999999988,0
35159,47,CCNC,-0.13,-0.056713200000000005,0
35160,47,RPN1,-0.28,-0.06887000000000001,0
35161,47,TCF7L2,0.08000000000000003,0.10450219999999999,0
35162,47,CANT1,0.07,0.044969800000000004,0
35163,47,RPL5,-0.61,-0.1633861,0
35164,47,CCDC6,0.030000000000000013,0.05498769999999999,0
35165,47,NCKIPSD,0.02,0.011784400000000002,0
35166,47,SMARCD1,0.43,0.2868988,0
35167,47,BCL10,-0.010000000000000002,0.022256800000000004,0
35168,47,MAX,5.204170427930421e-18,0.020044299999999994,0
35169,47,HERPUD1,0.02,0.0082334,0
35170,47,RAC1,-0.049999999999999975,0.06498209999999999,0
35171,47,FLNA,0.17,0.1347851,0
35172,47,TFE3,-0.38999999999999996,-0.1627102,0
35173,47,NCOR2,0.7200000000000002,0.5262110000000001,0
35174,47,PRPF40B,-0.03,-0.0180564,0
35175,47,BCL3,-0.020000000000000007,0.007395100000000004,0
35176,47,TFPT,-0.24,-0.0844116,0
35177,47,MLH1,0.8800000000000001,0.7009634000000001,0
35178,47,ARHGAP5,0.12,0.1068413,0
35179,47,CIC,0.0,0.0,0
35180,47,LYN,0.8900000000000002,0.6278619000000001,0
35181,47,TCF12,0.27999999999999997,0.20912039999999996,0
35182,47,KLF6,0.02,0.0113155,0
35183,47,KMT2C,1.0000000000000002,0.7762162,0
35184,47,PIM1,-0.15,-0.0537531,0
35185,47,CCND1,1.2500000000000007,0.7656783999999998,0
35186,47,MLLT1,-0.8700000000000001,-0.26372139999999994,0
35187,47,MEN1,0.009999999999999997,0.03815769999999999,0
35188,47,CUL3,0.12000000000000001,0.11221410000000001,0
35189,47,RB1,0.6499999999999999,0.4833141,0
35190,47,LPP,-0.06999999999999999,-0.021388400000000002,0
35191,47,BUB1B,-0.20000000000000004,-0.1087028,0
35192,47,SMAD4,1.4600000000000009,1.0647351,0
35193,47,FGFR1,0.25,0.163465,0
35194,47,TMSB4X,0.04,0.030726,0
35195,47,CDK4,0.5000000000000001,0.3516872,0
35196,47,MSI2,0.0,0.0,0
35197,47,MSH6,0.7900000000000001,0.6014634000000002,0
35198,47,BRAF,1.0400000000000003,0.8984014000000003,0
35199,47,TCEA1,-0.05999999999999998,-0.001646700000000001,0
35200,47,TNFAIP3,0.09999999999999999,0.0967569,0
35201,47,RABEP1,0.010000000000000002,0.005974100000000003,0
35202,47,GMPS,-0.07,-0.03804619999999999,0
35203,47,MDM2,1.1800000000000004,0.7819709000000001,0
35204,47,NSD2,0.16,0.10828440000000002,0
35205,47,CASP8,0.07999999999999997,0.2097915,0
35206,47,PER1,-0.2,-0.04442590000000002,0
35207,47,UBR5,-0.04999999999999999,-0.010245699999999995,0
35208,47,EIF3E,-0.01999999999999999,0.06602350000000001,0
35209,47,RFWD3,0.020000000000000004,0.025135600000000004,0
35210,47,BRD3,0.12,0.09953500000000001,0
35211,47,PAFAH1B2,0.02,0.0158308,0
35212,47,EXT2,0.009999999999999995,0.011164300000000002,0
35213,47,PLCG1,0.48999999999999994,0.35506679999999996,0
35214,47,SF3B1,-0.32999999999999996,-0.1273966,0
35215,47,ARHGEF10L,0.02,0.010498799999999999,0
35216,47,NFATC2,0.2,0.14017079999999998,0
35217,47,SDHD,0.25,0.13515819999999998,0
35218,47,PABPC1,-0.9299999999999999,-0.24799710000000003,0
35219,47,POLD1,-0.13999999999999999,-0.015790700000000005,0
35220,47,CALR,0.06999999999999999,0.05792900000000001,0
35221,47,PIK3CB,0.6000000000000001,0.46228409999999986,0
35222,47,PPM1D,0.19000000000000003,0.14071699999999998,0
35223,47,ATRX,1.0000000000000004,0.7806305000000001,0
35224,47,DGCR8,0.14,0.0882105,0
35225,47,DDX10,0.13,0.08796510000000002,0
35226,47,DROSHA,0.44000000000000006,0.32103280000000006,0
35227,47,TNFRSF14,-0.1,-0.040087000000000005,0
35228,47,BCL9L,0.14,0.09974659999999999,0
35229,47,QKI,-0.09,-0.0536474,0
35230,47,BAZ1A,0.01,0.0071625000000000005,0
35231,47,CHD4,0.15999999999999998,0.1520634,0
35232,47,NSD3,0.05,0.0421151,0
35233,47,NT5C2,0.15,0.0865736,0
35234,47,CCNB1IP1,0.1,0.0466486,0
35235,47,PCBP1,-0.81,-0.2529018,0
35236,47,RALGDS,0.12,0.08841459999999998,0
35237,47,ARHGEF12,-0.019999999999999997,-0.00030149999999999795,0
35238,47,HSP90AB1,1.0100000000000005,0.6686184000000001,0
35239,47,FOXO3,1.2400000000000007,0.8467219,0
35240,47,HIP1,-0.02,-0.012108,0
35241,47,CDC73,-0.12000000000000001,-0.009449900000000002,0
35242,47,NIN,0.02,0.013196900000000004,0
35243,47,MDM4,0.06999999999999998,0.14241499999999999,0
35244,47,COL3A1,0.15,0.13748660000000001,0
35245,47,CTNND1,0.15000000000000002,0.15116359999999998,0
35246,47,SPOP,-0.04000000000000001,-0.0022804000000000045,0
35247,47,TMEM127,0.020000000000000004,0.03631729999999999,0
35248,47,CREB3L2,0.07,0.04734810000000001,0
35249,47,MSH2,0.8300000000000003,0.6008188999999998,0
35250,47,FNBP1,3.469446951953614e-18,0.007195699999999999,0
35251,47,ATF1,0.04000000000000001,0.0235746,0
35252,47,EIF1AX,-0.55,-0.2365072,0
35253,47,PMS1,0.5499999999999999,0.4102153,0
35254,47,DEK,0.06999999999999999,0.0776319,0
35255,47,ERBB2,1.0400000000000005,0.6706527,0
35256,47,AKT1,1.2300000000000006,0.7615425999999998,0
35257,47,CHEK2,0.34,0.37262349999999994,0
35258,47,SDHB,0.37999999999999995,0.2400208,0
35259,47,NCOA1,0.39000000000000007,0.27212749999999997,0
35260,47,CHIC2,0.04,0.0194123,0
35261,47,RUNX1,0.5800000000000005,0.6588358999999998,0
35262,47,STAT6,0.25,0.1666506,0
35263,47,FH,-0.20999999999999996,-0.07749560000000001,0
35264,47,AKT3,0.8900000000000003,0.6034868,0
35265,47,GNAS,0.26,0.16988580000000003,0
35266,47,CTNNB1,1.2600000000000007,0.8753076,0
35267,47,NONO,0.14,0.09525779999999999,0
35268,47,SMARCB1,0.9300000000000004,0.6733375,0
35269,47,PRKAR1A,0.08,0.0874955,0
35270,47,ITGAV,0.029999999999999995,0.033183399999999995,0
35271,47,SS18,0.38,0.23895720000000004,0
35272,47,MAP2K1,1.0600000000000005,0.6536962,0
35273,47,SIRPA,-0.02,-0.0091646,0
35274,47,PPFIBP1,0.37,0.2405774,0
35275,47,RPL22,-0.19999999999999996,0.0678157,0
35276,47,CYLD,0.30000000000000004,0.2311277,0
35277,47,ARID1B,0.6599999999999999,0.47949509999999995,0
35278,47,SETDB1,0.33,0.2327967,0
35279,47,AFDN,-0.34,-0.12217689999999996,0
35280,47,ZRSR2,0.32000000000000006,0.2290654,0
35281,47,PBRM1,0.9300000000000004,0.6629835000000001,0
35282,47,XPC,0.6000000000000001,0.4018668,0
35283,47,ASXL2,0.24,0.1561018,0
35284,47,TRIM24,-0.26,-0.10412380000000002,0
35285,47,SFPQ,-0.12,-0.007349700000000001,0
35286,47,NCOA2,0.55,0.39220419999999995,0
35287,47,FOXO4,0.4700000000000001,0.30068179999999994,0
35288,47,LEF1,0.08,0.07476850000000002,0
35289,47,B2M,-0.5000000000000001,-0.17935579999999998,0
35290,47,DDIT3,-0.37,-0.09252449999999998,0
35291,47,BCL6,0.56,0.3855042,0
35292,47,KRAS,-1.86,-0.4714903,0
35293,47,FAT1,0.05,0.043602199999999994,0
35294,47,ABL2,0.09,0.06684949999999999,0
35295,47,NF1,0.7800000000000002,0.6358600000000001,0
35296,47,BTG1,-0.02,-0.0106958,0
35297,47,EIF4A2,0.09,0.0754182,0
35298,47,SET,0.18000000000000002,0.1457783,0
35299,47,EPS15,0.010000000000000002,0.01774830000000001,0
35300,47,RNF213,0.03,0.0240834,0
35301,47,CTCF,0.8900000000000003,0.6294188000000002,0
35302,47,WDCP,0.13,0.0820612,0
35303,47,KAT7,0.09999999999999999,0.0760837,0
35304,47,KDM5C,0.14,0.1332905,0
35305,47,TGFBR2,0.22999999999999995,0.15917189999999998,0
35306,47,ATM,1.3800000000000008,1.0716466,0
35307,47,NUMA1,-0.010000000000000004,0.003380499999999999,0
35308,47,STAT3,1.5400000000000007,1.1756984000000001,0
35309,47,SUB1,-0.26,-0.1019014,0
35310,47,NUP98,0.03999999999999999,0.06973090000000001,0
35311,47,ELL,-0.05,-0.00195870000000002,0
35312,47,MAP3K1,0.36,0.2920385000000001,0
35313,47,MALT1,0.15000000000000002,0.14463830000000003,0
35314,47,XPO1,0.26,0.22133829999999996,0
35315,47,SETD1B,0.14,0.0980926,0
35316,47,ETV6,-0.19999999999999998,-0.07356150000000002,0
35317,47,TBL1XR1,0.19000000000000003,0.1272045,0
35318,47,NUP214,-0.030000000000000006,0.07514209999999999,0
35319,47,TPR,0.08000000000000002,0.09022299999999998,0
35320,47,ATIC,0.05000000000000001,0.050667399999999994,0
35321,47,NACA,0.24,0.16904270000000002,0
35322,47,MYO5A,0.0,0.003133799999999999,0
35323,47,SMC1A,0.6300000000000001,0.5007015,0
35324,47,LASP1,-0.22000000000000003,-0.12471520000000001,0
35325,47,ERCC5,0.47,0.30162190000000005,0
35326,47,JUN,-0.13000000000000003,0.15335040000000003,0
35327,47,THRAP3,0.07,0.05924590000000001,0
35328,47,STAG2,0.48,0.3844907999999999,0
35329,47,RAF1,1.1500000000000006,0.7982013,0
35330,47,ERCC3,0.59,0.4668762,0
35331,47,SMAD2,0.56,0.4914323999999999,0
35332,47,TAF15,0.18000000000000002,0.14188250000000002,0
35333,47,ARNT,0.33000000000000007,0.26677690000000004,0
35334,47,CLTC,-0.5499999999999999,-0.3084898000000001,0
35335,47,IKBKB,0.5200000000000002,0.4374447,0
35336,47,IDH1,-0.7300000000000002,-0.19911040000000002,0
35337,47,SND1,-0.009999999999999997,-0.0031888000000000055,0
35338,47,KNSTRN,0.03,0.023858999999999998,0
35339,47,RHOA,-1.2700000000000002,-0.3210612000000001,0
35340,47,PALB2,0.6200000000000001,0.5117181,0
35341,47,ARID2,0.7400000000000002,0.5432518,0
35342,47,EZR,-0.12,-0.017594000000000002,0
35343,47,TP53,-0.7999999999999998,0.01207000000000001,0
35344,47,ARAF,0.41999999999999993,0.23602459999999997,0
35345,47,KIF5B,0.4,0.2857608999999999,0
35346,47,KAT6A,0.21,0.1865788,0
35347,47,KTN1,-0.09000000000000001,-0.026214900000000003,0
35348,47,GOLGA5,-0.13,-0.086126,0
35349,47,KDM5A,0.26999999999999996,0.225035,0
35350,47,RAD21,0.5,0.3779941,0
35351,47,GNAQ,0.11000000000000001,0.0846365,0
35352,47,CAMTA1,-0.01,-0.005054800000000001,0
35353,47,ERCC2,0.65,0.4653944,0
35354,47,EZH2,1.8500000000000012,1.1902174000000003,0
35355,47,TOP1,0.14999999999999997,0.11778249999999998,0
35356,47,SRSF3,-0.3500000000000001,-0.1165099,0
35357,47,NPM1,0.029999999999999985,0.1747751,0
35358,47,BAX,-0.42999999999999994,-0.14191440000000002,0
35359,47,NOTCH2,0.29000000000000004,0.2295841,0
35360,47,TRAF7,0.04,0.0310868,0
35361,47,KDM6A,0.8300000000000002,0.7073248000000001,0
35362,47,SPEN,0.09999999999999999,0.0750864,0
35363,47,TRIM27,-0.42,-0.1510187,0
35364,47,CRTC1,0.14,0.1137657,0
35365,47,EML4,0.24000000000000007,0.20382890000000004,0
35366,47,USP9X,-0.06999999999999999,-0.04325820000000001,0
35367,47,PTPRK,0.01,0.006796900000000001,0
35368,47,CD74,-0.16999999999999998,-0.019970599999999998,0
35369,47,CBL,0.5800000000000001,0.42576470000000005,0
35370,47,ZNF384,-0.1,-0.048013,0
35371,47,NOTCH1,0.9300000000000005,0.6915906999999999,0
35372,47,COX6C,-0.13,-0.056567400000000004,0
35373,47,CHCHD7,0.03,0.0195528,0
35374,47,HMGA1,-0.10999999999999999,-0.0516958,0
35375,47,PTEN,1.5500000000000007,1.1982995000000003,0
35376,47,FIP1L1,-0.049999999999999996,-0.0325159,0
35377,47,JAK1,0.8200000000000003,0.6244856000000001,0
35378,47,ZMYM2,-0.09000000000000001,-0.06022519999999999,0
35379,47,SUZ12,0.7200000000000002,0.49487119999999996,0
35380,47,FUS,-0.16000000000000006,0.10960220000000001,0
35381,47,BAP1,0.05,0.0633698,0
35382,47,ZCCHC8,-0.06,-0.018708,0
35383,47,CRNKL1,-0.049999999999999996,-0.027373300000000003,0
35384,47,RAD17,0.11,0.0778663,0
35385,47,ATP1A1,-0.01,-0.005599800000000002,0
35386,47,DNMT3A,0.7600000000000002,0.6009348,0
35387,47,FBXW7,1.0000000000000002,0.7529681000000001,0
35388,47,WWTR1,-0.07,-0.036500000000000005,0
35389,47,CDKN1B,0.6500000000000001,0.39925299999999986,0
35390,47,KMT2A,0.4099999999999999,0.34010039999999997,0
35391,47,PTPN11,0.9600000000000002,0.6937473999999999,0
35392,47,STAT5B,0.7000000000000002,0.5161856,0
35393,47,CUX1,-0.11,-0.07243440000000001,0
35394,47,ABI1,-0.36000000000000004,-0.1321781,0
35395,47,BRCA1,1.750000000000001,1.3313829999999998,0
35396,47,SH2B3,0.03,0.024687399999999998,0
35397,47,AFF4,0.07,0.06231910000000001,0
35398,47,NF2,-0.09999999999999999,0.007906999999999997,0
35399,47,LMNA,0.07000000000000002,0.0611232,0
35400,47,TSC2,0.4899999999999999,0.41128450000000005,0
35401,47,GOLPH3,-0.11,-0.06681809999999999,0
35402,47,PCM1,-0.06,-0.040365000000000005,0
35403,47,PPP2R1A,-0.36,-0.12363130000000003,0
35404,47,ARID1A,1.8100000000000012,1.3012338999999997,0
35405,47,ABL1,0.21999999999999995,0.20507490000000003,0
35406,47,AFF1,0.22000000000000003,0.1725546,0
35407,47,DAXX,-0.24000000000000002,-0.04574400000000001,0
35408,47,CBFB,0.09999999999999999,0.08038000000000002,0
35409,47,CBLB,0.12000000000000001,0.0911251,0
35410,47,POLR2A,0.010000000000000009,0.15922150000000002,0
35411,47,PRKACA,0.34,0.24615920000000002,0
35412,47,DNM2,-0.1,-0.0456114,0
35413,47,RAP1GDS1,-0.09,-0.04197,0
35414,47,NCOR1,0.9000000000000002,0.7603552999999998,0
35415,47,NFKBIE,-0.28,-0.099888,0
35416,47,DDX3X,0.1,0.1022771,0
35417,47,ELK4,0.02,0.014386000000000001,0
35418,47,MLLT6,0.12000000000000001,0.0960133,0
35419,47,SRSF2,-1.18,-0.32364010000000004,0
35420,47,CTNNA1,0.1,0.0732697,0
35421,47,RBM10,0.21,0.14255840000000003,0
35422,47,PTPRC,0.10999999999999999,0.1192066,0
35423,47,HSP90AA1,1.0400000000000005,0.6755838000000002,0
35424,48,NSD1,0.33,0.2874,1
35425,48,DICER1,0.16,0.2313451,1
35426,48,BIRC6,0.13,0.12132190000000001,1
35427,48,SDHC,0.41999999999999993,0.3183524999999999,1
35428,48,TFG,0.19000000000000003,0.1189191,1
35429,48,MAP2K2,0.20000000000000004,0.1631652,1
35430,48,TFRC,-0.25000000000000006,-0.0768544,1
35431,48,CREB1,0.9900000000000005,0.8448154000000002,1
35432,48,POLG,-0.02,-0.0053432,1
35433,48,SETD2,0.5800000000000003,0.5527982999999999,1
35434,48,NAB2,-0.52,-0.1492608,1
35435,48,HIF1A,1.670000000000001,1.2995246999999999,1
35436,48,FLCN,-0.05999999999999999,0.01738280000000001,1
35437,48,MAP2K4,0.05,0.1171285,1
35438,48,CNOT3,0.05,0.05829340000000001,1
35439,48,CIITA,0.09000000000000001,0.0548015,1
35440,48,LSM14A,0.14,0.1138846,1
35441,48,AKAP9,-0.07,-0.005146399999999995,1
35442,48,MSN,-0.24,-0.07869720000000001,1
35443,48,BCR,-0.07999999999999999,0.038573899999999994,1
35444,48,TRRAP,-0.02000000000000003,0.2089093,1
35445,48,PPP6C,-0.11,-0.0465934,1
35446,48,NCOA4,-0.03999999999999998,0.012165600000000009,1
35447,48,BCL9,0.19,0.15947099999999997,1
35448,48,PRCC,0.15000000000000002,0.11172869999999999,1
35449,48,LARP4B,0.03,0.0223404,1
35450,48,CHD2,0.02,0.0178928,1
35451,48,ASXL1,0.32000000000000006,0.36218359999999994,1
35452,48,SMARCA4,1.9200000000000013,1.4740937000000003,1
35453,48,ERC1,0.0,-8.250000000000098e-05,1
35454,48,DCTN1,-0.07,0.004678899999999993,1
35455,48,PIK3R1,1.2500000000000007,1.0372345,1
35456,48,EED,0.07,0.0706702,1
35457,48,CNBP,0.02,0.0124326,1
35458,48,SGK1,0.52,0.34890770000000004,1
35459,48,MLLT10,-0.13,-0.06383609999999999,1
35460,48,BRD4,0.9400000000000004,0.8374886999999999,1
35461,48,RANBP2,0.31,0.2953435,1
35462,48,FBXO11,0.08,0.0657822,1
35463,48,PML,0.34,0.2605394000000001,1
35464,48,AKT2,1.1400000000000006,0.8281832000000001,1
35465,48,CEP89,0.05,0.031157999999999998,1
35466,48,LZTR1,0.09999999999999999,0.10679019999999999,1
35467,48,YWHAE,0.20000000000000004,0.1267368,1
35468,48,DNAJB1,-0.07,-0.019690599999999996,1
35469,48,PRDM2,0.07,0.0581198,1
35470,48,TPM4,0.52,0.36584690000000003,1
35471,48,CREBBP,1.9000000000000012,1.5696955,1
35472,48,PMS2,0.7600000000000002,0.6540113000000001,1
35473,48,DDR2,3.469446951953614e-18,-0.0017417000000000023,1
35474,48,FANCA,0.38,0.32710130000000004,1
35475,48,PDE4DIP,0.07,0.053585400000000005,1
35476,48,USP8,-0.06,-0.0305094,1
35477,48,MYH9,-0.53,-0.13486260000000003,1
35478,48,MYC,-1.9500000000000008,-0.4572683,1
35479,48,NBN,0.6300000000000001,0.5068799,1
35480,48,CCND3,-0.14000000000000004,-0.015959400000000012,1
35481,48,TRIP11,-0.12,-0.08662800000000001,1
35482,48,CNTRL,-0.05,-0.0424756,1
35483,48,PIK3CA,1.4000000000000008,1.1889307999999998,1
35484,48,DDX5,0.24999999999999994,0.27517909999999995,1
35485,48,PICALM,0.010000000000000002,0.012683700000000006,1
35486,48,RARA,-0.19000000000000006,0.03243209999999999,1
35487,48,DDX6,0.09000000000000002,0.14119459999999998,1
35488,48,COL1A1,0.19000000000000003,0.16626429999999998,1
35489,48,VHL,0.21,0.15145189999999994,1
35490,48,MAPK1,1.850000000000001,1.3436362,1
35491,48,SRC,0.27,0.3651613,1
35492,48,NFE2L2,0.38,0.27881430000000007,1
35493,48,MITF,-0.13,-0.0007281999999999983,1
35494,48,SMAD3,1.270000000000001,1.1934629,1
35495,48,RBM15,0.1,0.083754,1
35496,48,ATR,0.7700000000000004,0.6471636000000001,1
35497,48,EPAS1,0.41000000000000003,0.397491,1
35498,48,TPM3,0.19999999999999998,0.15760100000000002,1
35499,48,RPL10,0.11000000000000001,0.1268477,1
35500,48,STAG1,0.13999999999999999,0.1593521,1
35501,48,SBDS,-0.05,-0.0175081,1
35502,48,KMT2D,0.9900000000000003,0.8342803999999999,1
35503,48,MED12,0.38,0.3143117,1
35504,48,BCLAF1,-0.11000000000000001,0.006444100000000003,1
35505,48,ASPSCR1,-0.030000000000000006,-0.0044439999999999966,1
35506,48,CDK12,0.55,0.44233980000000006,1
35507,48,EWSR1,0.29999999999999993,0.32391260000000005,1
35508,48,NDRG1,-0.04,-0.007139799999999999,1
35509,48,PSIP1,0.039999999999999994,0.05396,1
35510,48,TRIM33,0.12000000000000001,0.10934440000000001,1
35511,48,MTOR,1.0400000000000005,0.8892988,1
35512,48,ARHGAP35,0.18,0.1591822,1
35513,48,POT1,0.02,0.019781600000000003,1
35514,48,EXT1,0.11,0.0808687,1
35515,48,IL6ST,0.33,0.2782967,1
35516,48,IDH2,0.039999999999999994,0.0770961,1
35517,48,SMARCE1,0.43000000000000005,0.2951138,1
35518,48,CRTC3,0.09,0.07615469999999999,1
35519,48,TSC1,0.33,0.3288696,1
35520,48,BCOR,-0.12000000000000004,0.033566200000000004,1
35521,48,SDHA,0.26,0.20107709999999998,1
35522,48,EP300,2.3900000000000006,2.0142673,1
35523,48,HNRNPA2B1,0.5000000000000001,0.355856,1
35524,48,CLIP1,-0.07,-0.0416717,1
35525,48,PATZ1,-0.6900000000000001,-0.1537102,1
35526,48,FUBP1,-0.22000000000000003,-0.035073400000000005,1
35527,48,HLA-A,-0.09,0.0033943999999999884,1
35528,48,CCNC,-0.14000000000000004,-0.05765220000000001,1
35529,48,RPN1,-0.15999999999999998,-0.058892599999999996,1
35530,48,TCF7L2,0.020000000000000004,0.11611199999999999,1
35531,48,CANT1,-0.06999999999999998,0.015585500000000016,1
35532,48,RPL5,-0.6600000000000001,-0.17677710000000002,1
35533,48,CCDC6,0.11000000000000003,0.12031990000000001,1
35534,48,NCKIPSD,-0.06,-0.006786199999999999,1
35535,48,SMARCD1,0.43000000000000005,0.3638117,1
35536,48,BCL10,0.04,0.0726444,1
35537,48,MAX,0.029999999999999992,0.06959699999999999,1
35538,48,HERPUD1,-0.04,-0.0102972,1
35539,48,RAC1,-0.04,0.11385800000000001,1
35540,48,FLNA,0.04000000000000001,0.06387140000000001,1
35541,48,TFE3,-0.64,-0.24580629999999998,1
35542,48,NCOR2,0.5700000000000002,0.5163300999999999,1
35543,48,PRPF40B,0.060000000000000005,0.042957800000000004,1
35544,48,BCL3,-0.11000000000000004,-0.016611299999999992,1
35545,48,TFPT,-0.41000000000000003,-0.1126395,1
35546,48,MLH1,0.8000000000000003,0.7091234999999998,1
35547,48,ARHGAP5,0.13,0.11929020000000001,1
35548,48,CIC,0.0,0.0,1
35549,48,LYN,0.8600000000000002,0.6357778000000001,1
35550,48,TCF12,0.34,0.2731962,1
35551,48,KLF6,0.06,0.0390981,1
35552,48,KMT2C,0.9500000000000003,0.8029137,1
35553,48,PIM1,-0.060000000000000026,0.0005345999999999997,1
35554,48,CCND1,1.3300000000000007,0.8391289,1
35555,48,MLLT1,-1.4100000000000004,-0.3766299000000001,1
35556,48,MEN1,-0.13,-0.04349940000000001,1
35557,48,CUL3,0.17,0.1946797,1
35558,48,RB1,0.69,0.5562321,1
35559,48,LPP,-0.13,-0.033224000000000004,1
35560,48,BUB1B,-0.13999999999999999,-0.041972100000000005,1
35561,48,SMAD4,1.680000000000001,1.3689997,1
35562,48,FGFR1,0.3,0.2615464,1
35563,48,TMSB4X,0.04,0.0321296,1
35564,48,CDK4,0.9400000000000004,0.667738,1
35565,48,MSI2,0.01,0.0077914,1
35566,48,MSH6,1.0400000000000005,0.8745906000000003,1
35567,48,BRAF,1.2900000000000007,1.1240901000000008,1
35568,48,TCEA1,-0.07,0.006062500000000012,1
35569,48,TNFAIP3,0.12,0.1265789,1
35570,48,RABEP1,-0.010000000000000002,-0.007861300000000002,1
35571,48,GMPS,-0.13,-0.06728899999999999,1
35572,48,MDM2,1.2000000000000008,0.9784107,1
35573,48,NSD2,0.21,0.15460739999999998,1
35574,48,CASP8,-0.39,0.04228169999999998,1
35575,48,PER1,-0.25,-0.0840873,1
35576,48,UBR5,-0.03,0.013734000000000003,1
35577,48,EIF3E,0.0,0.061195400000000004,1
35578,48,RFWD3,0.04,0.037500900000000004,1
35579,48,BRD3,0.12999999999999998,0.09796220000000001,1
35580,48,PAFAH1B2,0.03,0.026746199999999998,1
35581,48,EXT2,0.009999999999999995,0.0166047,1
35582,48,PLCG1,0.4599999999999999,0.40745450000000005,1
35583,48,SF3B1,-0.54,-0.24946159999999998,1
35584,48,ARHGEF10L,0.04,0.022348,1
35585,48,NFATC2,0.23,0.16449260000000002,1
35586,48,SDHD,0.33999999999999997,0.24039609999999997,1
35587,48,PABPC1,-0.79,-0.21347469999999996,1
35588,48,POLD1,-0.35,-0.0700516,1
35589,48,CALR,0.02000000000000001,0.05305069999999999,1
35590,48,PIK3CB,0.7500000000000002,0.6251836,1
35591,48,PPM1D,0.31000000000000005,0.24147120000000002,1
35592,48,ATRX,0.9700000000000004,0.8476222,1
35593,48,DGCR8,0.22000000000000003,0.1765719,1
35594,48,DDX10,0.16,0.1264748,1
35595,48,DROSHA,0.5800000000000001,0.45951489999999995,1
35596,48,TNFRSF14,-0.18,-0.0594792,1
35597,48,BCL9L,0.14,0.10497549999999997,1
35598,48,QKI,0.04,0.0295201,1
35599,48,BAZ1A,0.0,0.0,1
35600,48,CHD4,0.27,0.2781765,1
35601,48,NSD3,0.09,0.10485529999999998,1
35602,48,NT5C2,0.18000000000000002,0.114124,1
35603,48,CCNB1IP1,0.12000000000000001,0.05821040000000001,1
35604,48,PCBP1,-0.85,-0.22102770000000002,1
35605,48,RALGDS,-0.13,0.0245785,1
35606,48,ARHGEF12,0.0,0.030452799999999995,1
35607,48,HSP90AB1,0.9300000000000002,0.6598498,1
35608,48,FOXO3,1.4700000000000009,1.1059096,1
35609,48,HIP1,-0.02,-0.0123538,1
35610,48,CDC73,0.1,0.11655070000000002,1
35611,48,NIN,-0.030000000000000002,-0.0210837,1
35612,48,MDM4,0.05,0.14668210000000004,1
35613,48,COL3A1,0.21,0.1711022,1
35614,48,CTNND1,0.13,0.16049370000000002,1
35615,48,SPOP,0.05,0.0726014,1
35616,48,TMEM127,0.08000000000000002,0.0471872,1
35617,48,CREB3L2,0.15000000000000002,0.10217110000000001,1
35618,48,MSH2,1.0700000000000005,0.8988586000000003,1
35619,48,FNBP1,0.03,0.040981500000000004,1
35620,48,ATF1,0.15000000000000002,0.109727,1
35621,48,EIF1AX,-0.44999999999999996,-0.1837524,1
35622,48,PMS1,0.4799999999999999,0.3803731,1
35623,48,DEK,0.19,0.1595248,1
35624,48,ERBB2,1.0200000000000005,0.6534586000000001,1
35625,48,AKT1,0.8100000000000002,0.5547796,1
35626,48,CHEK2,0.6400000000000002,0.6408216,1
35627,48,SDHB,0.41000000000000003,0.31472010000000006,1
35628,48,NCOA1,0.46,0.37504590000000004,1
35629,48,CHIC2,0.09,0.06197949999999999,1
35630,48,RUNX1,0.18999999999999986,0.5792077999999997,1
35631,48,STAT6,0.38,0.36451160000000005,1
35632,48,FH,-0.09,-0.015278900000000019,1
35633,48,AKT3,1.1100000000000003,0.823099,1
35634,48,GNAS,0.37,0.2553742,1
35635,48,CTNNB1,1.560000000000001,1.1186181,1
35636,48,NONO,0.3400000000000001,0.28149669999999993,1
35637,48,SMARCB1,0.9600000000000004,0.7617735,1
35638,48,PRKAR1A,0.2,0.19211219999999998,1
35639,48,ITGAV,0.009999999999999998,0.04280839999999999,1
35640,48,SS18,0.4,0.2885827,1
35641,48,MAP2K1,1.0200000000000002,0.6611246000000001,1
35642,48,SIRPA,-0.07,-0.0125888,1
35643,48,PPFIBP1,0.37999999999999995,0.2790035,1
35644,48,RPL22,-0.13,0.10850420000000002,1
35645,48,CYLD,0.30000000000000004,0.24184940000000002,1
35646,48,ARID1B,0.8700000000000001,0.6958352999999999,1
35647,48,SETDB1,0.32,0.2295157,1
35648,48,AFDN,-0.32999999999999996,-0.11002130000000002,1
35649,48,ZRSR2,-0.05000000000000001,-0.018533700000000024,1
35650,48,PBRM1,0.9700000000000004,0.7334474,1
35651,48,XPC,0.51,0.3208989,1
35652,48,ASXL2,0.28,0.2029665,1
35653,48,TRIM24,-0.18,-0.006852199999999989,1
35654,48,SFPQ,-0.35,-0.09428890000000001,1
35655,48,NCOA2,0.6100000000000001,0.5039293,1
35656,48,FOXO4,0.2700000000000001,0.18936209999999995,1
35657,48,LEF1,0.31000000000000005,0.25629870000000005,1
35658,48,B2M,-0.4000000000000001,-0.1775889,1
35659,48,DDIT3,-0.32000000000000006,-0.1033028,1
35660,48,BCL6,0.39,0.3188387,1
35661,48,KRAS,0.010000000000000049,0.17999530000000002,1
35662,48,FAT1,0.11,0.0809773,1
35663,48,ABL2,0.039999999999999994,0.0479497,1
35664,48,NF1,1.2600000000000007,1.0376493,1
35665,48,BTG1,-0.05,-0.023305000000000003,1
35666,48,EIF4A2,0.11,0.0653518,1
35667,48,SET,0.16999999999999998,0.1385747,1
35668,48,EPS15,0.11,0.0985579,1
35669,48,RNF213,0.05,0.0442317,1
35670,48,CTCF,0.9900000000000004,0.6902527999999999,1
35671,48,WDCP,0.22999999999999995,0.13717599999999996,1
35672,48,KAT7,0.15,0.1271609,1
35673,48,KDM5C,0.22000000000000003,0.20753,1
35674,48,TGFBR2,0.24,0.1969652,1
35675,48,ATM,0.6300000000000001,0.8173062999999999,1
35676,48,NUMA1,-3.469446951953614e-18,0.017820100000000002,1
35677,48,STAT3,0.9300000000000005,0.9467266000000001,1
35678,48,SUB1,-0.12,-0.051882399999999995,1
35679,48,NUP98,0.10999999999999999,0.16045059999999997,1
35680,48,ELL,0.14,0.0688394,1
35681,48,MAP3K1,0.4500000000000001,0.3509381,1
35682,48,MALT1,0.15000000000000002,0.14917160000000002,1
35683,48,XPO1,0.52,0.42578989999999994,1
35684,48,SETD1B,0.30000000000000004,0.2407441,1
35685,48,ETV6,-0.12000000000000001,-0.002580299999999992,1
35686,48,TBL1XR1,0.26999999999999996,0.1967414,1
35687,48,NUP214,-0.04999999999999999,0.1591351,1
35688,48,TPR,0.12,0.0973,1
35689,48,ATIC,0.049999999999999996,0.10980170000000002,1
35690,48,NACA,0.22999999999999998,0.143289,1
35691,48,MYO5A,0.03,0.0222439,1
35692,48,SMC1A,0.30000000000000004,0.42984870000000003,1
35693,48,LASP1,-0.27,-0.13092020000000001,1
35694,48,ERCC5,0.39,0.23569820000000002,1
35695,48,JUN,-0.7799999999999997,-0.08609499999999998,1
35696,48,THRAP3,0.06999999999999999,0.05285460000000001,1
35697,48,STAG2,0.3300000000000002,0.3158287000000001,1
35698,48,RAF1,0.9500000000000004,0.7273993000000001,1
35699,48,ERCC3,0.5599999999999999,0.47614000000000006,1
35700,48,SMAD2,0.5400000000000003,0.5765669,1
35701,48,TAF15,0.21000000000000002,0.1676761,1
35702,48,ARNT,0.21999999999999997,0.2119146,1
35703,48,CLTC,-0.6800000000000002,-0.28065200000000007,1
35704,48,IKBKB,0.41000000000000003,0.43598460000000006,1
35705,48,IDH1,-0.5800000000000001,-0.15593669999999998,1
35706,48,SND1,0.02000000000000001,0.0318589,1
35707,48,KNSTRN,0.02,0.014785,1
35708,48,RHOA,-2.9100000000000006,-0.6994782000000002,1
35709,48,PALB2,0.6600000000000001,0.5651717999999999,1
35710,48,ARID2,0.8600000000000001,0.6926576,1
35711,48,EZR,-0.16,-0.032246899999999995,1
35712,48,TP53,-0.25,0.21503399999999986,1
35713,48,ARAF,0.37000000000000005,0.2149971,1
35714,48,KIF5B,0.5600000000000002,0.42852490000000004,1
35715,48,KAT6A,0.22,0.23840150000000004,1
35716,48,KTN1,-0.08,-0.0096234,1
35717,48,GOLGA5,-0.08000000000000002,-0.048735499999999994,1
35718,48,KDM5A,0.27,0.2586629,1
35719,48,RAD21,0.5700000000000001,0.4753447,1
35720,48,GNAQ,0.31000000000000005,0.2438967,1
35721,48,CAMTA1,0.06,0.0445298,1
35722,48,ERCC2,0.63,0.4961209,1
35723,48,EZH2,1.310000000000001,1.1226062000000003,1
35724,48,TOP1,0.28,0.21947480000000003,1
35725,48,SRSF3,-0.34999999999999987,-0.0662603,1
35726,48,NPM1,0.029999999999999995,0.12087679999999999,1
35727,48,BAX,-0.7,-0.1576341,1
35728,48,NOTCH2,0.3,0.2537469,1
35729,48,TRAF7,0.01,0.0068894,1
35730,48,KDM6A,0.7100000000000002,0.8079010999999999,1
35731,48,SPEN,0.15,0.11930389999999999,1
35732,48,TRIM27,-0.6,-0.1735039,1
35733,48,CRTC1,0.15999999999999998,0.1256676,1
35734,48,EML4,0.32000000000000006,0.3158364999999999,1
35735,48,USP9X,-0.03,-0.023940799999999998,1
35736,48,PTPRK,0.0,0.0,1
35737,48,CD74,-0.2,-0.0097912,1
35738,48,CBL,0.47000000000000003,0.45641770000000004,1
35739,48,ZNF384,0.03,0.0241338,1
35740,48,NOTCH1,1.2100000000000006,0.8941648,1
35741,48,COX6C,-0.15999999999999998,-0.050289,1
35742,48,CHCHD7,0.01,0.0057167,1
35743,48,HMGA1,-0.08,-0.0302468,1
35744,48,PTEN,1.5200000000000011,1.335653399999999,1
35745,48,FIP1L1,-0.020000000000000004,-0.004811400000000007,1
35746,48,JAK1,0.8700000000000003,0.7298940000000002,1
35747,48,ZMYM2,0.0,0.0032102999999999993,1
35748,48,SUZ12,0.9100000000000004,0.6908194000000002,1
35749,48,FUS,-0.5299999999999999,-0.003422400000000006,1
35750,48,BAP1,-0.41,-0.16766879999999998,1
35751,48,ZCCHC8,-0.1,-0.026533,1
35752,48,CRNKL1,0.0,-6.339999999999991e-05,1
35753,48,RAD17,0.16999999999999998,0.12089639999999999,1
35754,48,ATP1A1,0.01,0.006427800000000001,1
35755,48,DNMT3A,1.0700000000000003,0.8883026,1
35756,48,FBXW7,0.9500000000000004,0.8185226,1
35757,48,WWTR1,-0.15000000000000002,-0.0641933,1
35758,48,CDKN1B,0.42000000000000004,0.30532149999999997,1
35759,48,KMT2A,0.20999999999999994,0.29042099999999993,1
35760,48,PTPN11,1.1100000000000005,0.9267325999999998,1
35761,48,STAT5B,0.7200000000000002,0.5931181,1
35762,48,CUX1,-0.08000000000000002,-0.053140099999999996,1
35763,48,ABI1,-0.33999999999999997,-0.08706269999999999,1
35764,48,BRCA1,1.9500000000000013,1.6038051999999996,1
35765,48,SH2B3,0.09,0.0555625,1
35766,48,AFF4,-0.04000000000000001,-0.0009426000000000018,1
35767,48,NF2,0.15,0.1521896,1
35768,48,LMNA,0.06000000000000001,0.050130299999999996,1
35769,48,TSC2,0.8500000000000003,0.6884286000000001,1
35770,48,GOLPH3,-0.049999999999999996,-0.035916899999999995,1
35771,48,PCM1,-0.04,-0.0330118,1
35772,48,PPP2R1A,-0.41000000000000014,-0.09606590000000001,1
35773,48,ARID1A,1.8300000000000012,1.4623501,1
35774,48,ABL1,-0.52,-0.05516579999999993,1
35775,48,AFF1,0.1,0.11257310000000001,1
35776,48,DAXX,-0.54,-0.1414353,1
35777,48,CBFB,0.060000000000000005,0.10599710000000002,1
35778,48,CBLB,0.17,0.1517319,1
35779,48,POLR2A,-0.16999999999999998,0.15624810000000003,1
35780,48,PRKACA,0.18000000000000008,0.23765730000000007,1
35781,48,DNM2,-0.11,-0.036101299999999996,1
35782,48,RAP1GDS1,0.020000000000000004,0.038713599999999994,1
35783,48,NCOR1,0.7800000000000001,0.8608636,1
35784,48,NFKBIE,-0.39,-0.11347659999999998,1
35785,48,DDX3X,0.3,0.27115510000000004,1
35786,48,ELK4,0.03,0.0258246,1
35787,48,MLLT6,0.07,0.05918759999999999,1
35788,48,SRSF2,-2.89,-0.6771371000000002,1
35789,48,CTNNA1,0.16,0.12516870000000002,1
35790,48,RBM10,0.08,0.06684469999999999,1
35791,48,PTPRC,-0.05000000000000002,0.0738052,1
35792,48,HSP90AA1,0.9900000000000004,0.6755670000000001,1
35793,48,NSD1,0.27,0.21830530000000004,0
35794,48,DICER1,0.27,0.24969729999999998,0
35795,48,BIRC6,0.060000000000000005,0.052593900000000006,0
35796,48,SDHC,0.27,0.1866075,0
35797,48,TFG,0.35000000000000003,0.20394240000000002,0
35798,48,MAP2K2,0.32999999999999996,0.2558319,0
35799,48,TFRC,-0.21,-0.09883549999999999,0
35800,48,CREB1,0.7200000000000004,0.5393332000000002,0
35801,48,POLG,0.01,0.0037212,0
35802,48,SETD2,0.7100000000000002,0.593653,0
35803,48,NAB2,-0.29000000000000004,-0.10935860000000001,0
35804,48,HIF1A,1.570000000000001,1.1185517999999999,0
35805,48,FLCN,0.04,0.0355196,0
35806,48,MAP2K4,-0.08999999999999998,0.042856399999999996,0
35807,48,CNOT3,-0.039999999999999994,-0.008308799999999998,0
35808,48,CIITA,0.09000000000000001,0.056443099999999996,0
35809,48,LSM14A,0.09,0.0807218,0
35810,48,AKAP9,-0.060000000000000005,-0.0160601,0
35811,48,MSN,-0.29000000000000004,-0.07220959999999998,0
35812,48,BCR,0.040000000000000015,0.04821450000000002,0
35813,48,TRRAP,0.02000000000000003,0.12528219999999998,0
35814,48,PPP6C,-0.19,-0.0909529,0
35815,48,NCOA4,-0.15,-0.07955599999999999,0
35816,48,BCL9,0.13999999999999999,0.10586709999999999,0
35817,48,PRCC,0.05,0.03878530000000001,0
35818,48,LARP4B,0.0,0.0,0
35819,48,CHD2,0.01,0.007495000000000001,0
35820,48,ASXL1,0.43999999999999995,0.4327618,0
35821,48,SMARCA4,1.1400000000000006,0.9112073999999999,0
35822,48,ERC1,-0.02,-0.015066,0
35823,48,DCTN1,-0.2799999999999999,-0.1322379,0
35824,48,PIK3R1,1.3300000000000007,0.9307110000000001,0
35825,48,EED,-0.010000000000000014,0.03970089999999999,0
35826,48,CNBP,0.01,0.0056315,0
35827,48,SGK1,0.3,0.17451180000000002,0
35828,48,MLLT10,-0.10000000000000002,-0.037563700000000005,0
35829,48,BRD4,1.0100000000000002,0.7642421999999999,0
35830,48,RANBP2,0.18000000000000005,0.21815369999999995,0
35831,48,FBXO11,0.04,0.0327872,0
35832,48,PML,0.4,0.2894072000000001,0
35833,48,AKT2,0.9400000000000003,0.6298579,0
35834,48,CEP89,0.07,0.0427033,0
35835,48,LZTR1,0.02,0.0575927,0
35836,48,YWHAE,0.26,0.17023310000000005,0
35837,48,DNAJB1,-0.03,-0.0020995999999999966,0
35838,48,PRDM2,0.03,0.0228171,0
35839,48,TPM4,0.46,0.2938165,0
35840,48,CREBBP,1.8300000000000012,1.4857368,0
35841,48,PMS2,0.6500000000000001,0.5820986000000001,0
35842,48,DDR2,0.039999999999999994,0.023349299999999996,0
35843,48,FANCA,0.37,0.2970751,0
35844,48,PDE4DIP,0.05,0.033351,0
35845,48,USP8,-0.04,-0.0187157,0
35846,48,MYH9,-0.26,-0.0460347,0
35847,48,MYC,-0.8199999999999998,-0.2961083999999999,0
35848,48,NBN,0.52,0.3917557,0
35849,48,CCND3,-0.14,-0.020292600000000008,0
35850,48,TRIP11,-0.14,-0.090484,0
35851,48,CNTRL,-0.08,-0.0491901,0
35852,48,PIK3CA,1.450000000000001,1.0493808000000002,0
35853,48,DDX5,0.30000000000000004,0.25694630000000007,0
35854,48,PICALM,-0.009999999999999998,-0.0060623,0
35855,48,RARA,0.6200000000000001,0.4114528999999999,0
35856,48,DDX6,-0.03000000000000001,0.07188080000000002,0
35857,48,COL1A1,0.10999999999999999,0.1126277,0
35858,48,VHL,0.19999999999999998,0.14414000000000002,0
35859,48,MAPK1,1.590000000000001,1.0104668000000003,0
35860,48,SRC,-0.68,-0.06353059999999999,0
35861,48,NFE2L2,0.23,0.14264540000000003,0
35862,48,MITF,-0.22,-0.04822970000000001,0
35863,48,SMAD3,1.2100000000000009,0.9179088999999999,0
35864,48,RBM15,0.07,0.0577039,0
35865,48,ATR,0.6600000000000001,0.5565662,0
35866,48,EPAS1,0.43,0.3626535000000001,0
35867,48,TPM3,0.28,0.1861277,0
35868,48,RPL10,0.16000000000000003,0.1383878,0
35869,48,STAG1,0.12000000000000001,0.11781639999999999,0
35870,48,SBDS,-0.05,-0.019861399999999998,0
35871,48,KMT2D,0.9600000000000004,0.7051588,0
35872,48,MED12,0.3,0.23923159999999996,0
35873,48,BCLAF1,0.009999999999999995,0.042713100000000004,0
35874,48,ASPSCR1,0.009999999999999997,0.010579199999999992,0
35875,48,CDK12,0.28,0.2061293,0
35876,48,EWSR1,0.37999999999999995,0.3241013000000001,0
35877,48,NDRG1,-0.06,-0.026612200000000003,0
35878,48,PSIP1,-0.18,-0.080735,0
35879,48,TRIM33,0.039999999999999994,0.0367709,0
35880,48,MTOR,1.1600000000000006,0.8493357999999996,0
35881,48,ARHGAP35,0.09000000000000001,0.1269068,0
35882,48,POT1,-0.030000000000000002,-0.004756200000000002,0
35883,48,EXT1,0.1,0.069021,0
35884,48,IL6ST,0.29000000000000004,0.22494250000000002,0
35885,48,IDH2,0.04000000000000001,0.0673066,0
35886,48,SMARCE1,0.44,0.2794329,0
35887,48,CRTC3,0.09,0.0662945,0
35888,48,TSC1,0.37000000000000005,0.3124887,0
35889,48,BCOR,-0.16999999999999998,-0.021366100000000002,0
35890,48,SDHA,0.22000000000000003,0.14304989999999998,0
35891,48,EP300,1.5300000000000011,1.2286992000000003,0
35892,48,HNRNPA2B1,0.28,0.2393756,0
35893,48,CLIP1,-0.09,-0.0508223,0
35894,48,PATZ1,-0.43,-0.12552750000000001,0
35895,48,FUBP1,-0.16,-0.011947400000000002,0
35896,48,HLA-A,-0.11000000000000001,0.021627200000000003,0
35897,48,CCNC,-0.09999999999999999,-0.04121009999999999,0
35898,48,RPN1,-0.25,-0.07905929999999999,0
35899,48,TCF7L2,0.060000000000000005,0.07666469999999999,0
35900,48,CANT1,0.11,0.06575070000000001,0
35901,48,RPL5,-0.57,-0.156497,0
35902,48,CCDC6,0.03999999999999998,0.06693749999999998,0
35903,48,NCKIPSD,0.03,0.017686100000000003,0
35904,48,SMARCD1,0.45,0.30314019999999997,0
35905,48,BCL10,-0.020000000000000018,0.025734400000000004,0
35906,48,MAX,6.938893903907228e-18,0.014256400000000004,0
35907,48,HERPUD1,0.02,0.0087066,0
35908,48,RAC1,0.060000000000000005,0.12628119999999998,0
35909,48,FLNA,0.12000000000000001,0.1139667,0
35910,48,TFE3,-0.42000000000000004,-0.18739080000000002,0
35911,48,NCOR2,0.7300000000000002,0.5498223000000001,0
35912,48,PRPF40B,-0.03,-0.0172311,0
35913,48,BCL3,-0.060000000000000005,-0.010436000000000008,0
35914,48,TFPT,-0.27,-0.09576810000000001,0
35915,48,MLH1,0.9100000000000001,0.7378578000000002,0
35916,48,ARHGAP5,0.13,0.10456539999999999,0
35917,48,CIC,0.0,0.0,0
35918,48,LYN,0.8500000000000003,0.6046518,0
35919,48,TCF12,0.25,0.18544760000000005,0
35920,48,KLF6,0.05,0.0284399,0
35921,48,KMT2C,1.0200000000000005,0.7983963999999999,0
35922,48,PIM1,-0.17000000000000004,-0.0579141,0
35923,48,CCND1,1.4100000000000008,0.8624701999999999,0
35924,48,MLLT1,-0.8800000000000001,-0.2788859999999999,0
35925,48,MEN1,-3.469446951953614e-18,0.0276656,0
35926,48,CUL3,0.08000000000000003,0.0935252,0
35927,48,RB1,0.6700000000000002,0.4931025,0
35928,48,LPP,-0.05999999999999999,-0.016922099999999995,0
35929,48,BUB1B,-0.16,-0.07826860000000001,0
35930,48,SMAD4,1.3500000000000008,1.0083116,0
35931,48,FGFR1,0.19,0.13776130000000003,0
35932,48,TMSB4X,0.04,0.0316716,0
35933,48,CDK4,0.68,0.4556025000000001,0
35934,48,MSI2,0.01,0.0072887,0
35935,48,MSH6,0.8100000000000003,0.6430579000000002,0
35936,48,BRAF,0.9800000000000003,0.8479011,0
35937,48,TCEA1,-0.05000000000000001,0.0068161999999999945,0
35938,48,TNFAIP3,0.09,0.0973946,0
35939,48,RABEP1,0.009999999999999998,0.005061799999999998,0
35940,48,GMPS,-0.07,-0.03882599999999999,0
35941,48,MDM2,1.1400000000000006,0.7889276,0
35942,48,NSD2,0.17999999999999997,0.13393139999999998,0
35943,48,CASP8,0.049999999999999975,0.1806609,0
35944,48,PER1,-0.25999999999999995,-0.050714199999999994,0
35945,48,UBR5,-0.04000000000000001,-0.013477700000000004,0
35946,48,EIF3E,-0.060000000000000005,0.05413670000000001,0
35947,48,RFWD3,0.020000000000000004,0.02561750000000001,0
35948,48,BRD3,0.11,0.09057969999999999,0
35949,48,PAFAH1B2,0.02,0.016568,0
35950,48,EXT2,0.020000000000000004,0.014493799999999994,0
35951,48,PLCG1,0.49000000000000005,0.3509556,0
35952,48,SF3B1,-0.32,-0.12535130000000003,0
35953,48,ARHGEF10L,0.02,0.0108176,0
35954,48,NFATC2,0.21000000000000002,0.14720190000000002,0
35955,48,SDHD,0.28,0.16787510000000003,0
35956,48,PABPC1,-0.81,-0.20303070000000004,0
35957,48,POLD1,-0.2,-0.038849700000000015,0
35958,48,CALR,0.010000000000000012,0.0202735,0
35959,48,PIK3CB,0.5700000000000001,0.46986050000000007,0
35960,48,PPM1D,0.18000000000000002,0.13628949999999998,0
35961,48,ATRX,1.0100000000000007,0.7928041,0
35962,48,DGCR8,0.16,0.10220299999999999,0
35963,48,DDX10,0.15000000000000002,0.09993490000000001,0
35964,48,DROSHA,0.42000000000000004,0.3151277,0
35965,48,TNFRSF14,-0.13,-0.0460018,0
35966,48,BCL9L,0.12000000000000001,0.0835779,0
35967,48,QKI,-0.06999999999999999,-0.0439499,0
35968,48,BAZ1A,0.02,0.014474,0
35969,48,CHD4,0.22999999999999995,0.19910899999999998,0
35970,48,NSD3,0.05,0.047073699999999996,0
35971,48,NT5C2,0.17,0.10413430000000001,0
35972,48,CCNB1IP1,0.09000000000000001,0.040429900000000005,0
35973,48,PCBP1,-0.8400000000000001,-0.26346690000000006,0
35974,48,RALGDS,0.16,0.1134558,0
35975,48,ARHGEF12,-0.03,-0.0061692,0
35976,48,HSP90AB1,1.1800000000000004,0.8074991,0
35977,48,FOXO3,1.2800000000000007,0.8708030999999998,0
35978,48,HIP1,-0.03,-0.0185231,0
35979,48,CDC73,-0.09000000000000001,-0.00042139999999998845,0
35980,48,NIN,0.03,0.021806400000000004,0
35981,48,MDM4,0.07,0.14310880000000004,0
35982,48,COL3A1,0.13,0.11545470000000001,0
35983,48,CTNND1,0.11000000000000001,0.1349887,0
35984,48,SPOP,-0.03,0.0013627000000000023,0
35985,48,TMEM127,0.14,0.09525990000000001,0
35986,48,CREB3L2,0.07,0.0429714,0
35987,48,MSH2,0.8600000000000003,0.6416763999999999,0
35988,48,FNBP1,0.0,0.004585000000000002,0
35989,48,ATF1,-0.029999999999999995,-0.0133402,0
35990,48,EIF1AX,-0.55,-0.23685790000000004,0
35991,48,PMS1,0.54,0.4126289,0
35992,48,DEK,0.12000000000000001,0.10769360000000001,0
35993,48,ERBB2,1.0100000000000005,0.6360027000000001,0
35994,48,AKT1,1.510000000000001,0.9324732000000001,0
35995,48,CHEK2,0.20000000000000004,0.329833,0
35996,48,SDHB,0.4,0.2656093,0
35997,48,NCOA1,0.36999999999999994,0.2662288,0
35998,48,CHIC2,0.04000000000000001,0.0218659,0
35999,48,RUNX1,0.4700000000000002,0.6058520000000001,0
36000,48,STAT6,0.26,0.17156599999999997,0
36001,48,FH,-0.15,-0.06144990000000001,0
36002,48,AKT3,1.0900000000000003,0.7150326999999999,0
36003,48,GNAS,0.21,0.13774390000000003,0
36004,48,CTNNB1,1.2200000000000004,0.8254198999999998,0
36005,48,NONO,0.09999999999999999,0.07286750000000002,0
36006,48,SMARCB1,0.9400000000000004,0.6872468,0
36007,48,PRKAR1A,0.13,0.11015910000000001,0
36008,48,ITGAV,0.029999999999999985,0.039337000000000004,0
36009,48,SS18,0.4,0.2551092,0
36010,48,MAP2K1,1.0600000000000005,0.6749096000000001,0
36011,48,SIRPA,0.02,0.0116724,0
36012,48,PPFIBP1,0.39999999999999997,0.26961670000000004,0
36013,48,RPL22,-0.16999999999999998,0.08683420000000001,0
36014,48,CYLD,0.29000000000000004,0.22746130000000003,0
36015,48,ARID1B,0.6799999999999999,0.48905430000000005,0
36016,48,SETDB1,0.31,0.22290400000000002,0
36017,48,AFDN,-0.38,-0.1198519,0
36018,48,ZRSR2,0.32000000000000006,0.22904220000000006,0
36019,48,PBRM1,0.9600000000000004,0.6904102,0
36020,48,XPC,0.5700000000000001,0.3768285,0
36021,48,ASXL2,0.26,0.17447830000000003,0
36022,48,TRIM24,-0.19,-0.076801,0
36023,48,SFPQ,-0.1,0.006296699999999985,0
36024,48,NCOA2,0.56,0.4083114,0
36025,48,FOXO4,0.43000000000000005,0.2780444,0
36026,48,LEF1,-0.009999999999999981,0.0306304,0
36027,48,B2M,-0.63,-0.22535790000000003,0
36028,48,DDIT3,-0.35,-0.09052470000000001,0
36029,48,BCL6,0.52,0.35890299999999997,0
36030,48,KRAS,-2.0300000000000002,-0.5277453,0
36031,48,FAT1,0.05000000000000001,0.051883399999999996,0
36032,48,ABL2,0.12000000000000001,0.0836531,0
36033,48,NF1,0.7800000000000002,0.6328071000000002,0
36034,48,BTG1,-0.02,-0.010672200000000001,0
36035,48,EIF4A2,0.09999999999999998,0.0838724,0
36036,48,SET,0.16,0.1445847,0
36037,48,EPS15,0.03,0.0299856,0
36038,48,RNF213,0.03,0.024316499999999998,0
36039,48,CTCF,0.9100000000000004,0.6496934,0
36040,48,WDCP,0.06999999999999998,0.06077820000000001,0
36041,48,KAT7,0.09999999999999999,0.079667,0
36042,48,KDM5C,0.14,0.1349846,0
36043,48,TGFBR2,0.19000000000000006,0.14783169999999995,0
36044,48,ATM,1.4900000000000009,1.1433407000000004,0
36045,48,NUMA1,-0.029999999999999992,-0.0055673,0
36046,48,STAT3,1.5600000000000007,1.1829774000000002,0
36047,48,SUB1,-0.32,-0.11310490000000001,0
36048,48,NUP98,0.08,0.10054740000000001,0
36049,48,ELL,0.010000000000000012,0.0247111,0
36050,48,MAP3K1,0.38,0.2963849,0
36051,48,MALT1,0.13,0.13061820000000002,0
36052,48,XPO1,0.32000000000000006,0.26666310000000004,0
36053,48,SETD1B,0.12999999999999998,0.094125,0
36054,48,ETV6,-0.22,-0.0846519,0
36055,48,TBL1XR1,0.18000000000000002,0.11637689999999999,0
36056,48,NUP214,0.02000000000000001,0.1048794,0
36057,48,TPR,0.12,0.10486549999999999,0
36058,48,ATIC,0.11000000000000001,0.0759419,0
36059,48,NACA,0.24,0.172431,0
36060,48,MYO5A,0.009999999999999998,0.0092779,0
36061,48,SMC1A,0.6100000000000001,0.5034694999999999,0
36062,48,LASP1,-0.2,-0.1131476,0
36063,48,ERCC5,0.47,0.3179511000000001,0
36064,48,JUN,0.14999999999999997,0.24669770000000002,0
36065,48,THRAP3,0.06999999999999999,0.0593823,0
36066,48,STAG2,0.47,0.3645476000000001,0
36067,48,RAF1,1.1300000000000003,0.7883285000000001,0
36068,48,ERCC3,0.6,0.47633659999999994,0
36069,48,SMAD2,0.5000000000000002,0.4592938,0
36070,48,TAF15,0.18000000000000002,0.1490939,0
36071,48,ARNT,0.33000000000000007,0.2606643,0
36072,48,CLTC,-0.5400000000000001,-0.29574290000000003,0
36073,48,IKBKB,0.5300000000000002,0.4355443,0
36074,48,IDH1,-0.7500000000000001,-0.19493529999999998,0
36075,48,SND1,3.469446951953614e-18,0.0049488000000000015,0
36076,48,KNSTRN,0.03,0.0242859,0
36077,48,RHOA,-1.44,-0.38344290000000014,0
36078,48,PALB2,0.5999999999999999,0.5069458000000001,0
36079,48,ARID2,0.7400000000000002,0.5421276,0
36080,48,EZR,-0.08,0.015084100000000001,0
36081,48,TP53,-1.21,-0.2150435000000001,0
36082,48,ARAF,0.42000000000000004,0.23354750000000002,0
36083,48,KIF5B,0.42,0.2968753,0
36084,48,KAT6A,0.19999999999999998,0.1815976,0
36085,48,KTN1,-0.08,-0.0247903,0
36086,48,GOLGA5,-0.14,-0.09173189999999999,0
36087,48,KDM5A,0.24,0.2109117,0
36088,48,RAD21,0.49,0.37881400000000004,0
36089,48,GNAQ,0.11000000000000001,0.071331,0
36090,48,CAMTA1,0.01,0.006892199999999999,0
36091,48,ERCC2,0.66,0.47888590000000003,0
36092,48,EZH2,1.7800000000000011,1.1740873000000003,0
36093,48,TOP1,0.14,0.11654030000000001,0
36094,48,SRSF3,-0.38,-0.1382971,0
36095,48,NPM1,0.020000000000000007,0.1713726,0
36096,48,BAX,-0.51,-0.1660801,0
36097,48,NOTCH2,0.26,0.2050781,0
36098,48,TRAF7,0.03,0.0230619,0
36099,48,KDM6A,0.8100000000000003,0.6843348000000001,0
36100,48,SPEN,0.11,0.08330800000000001,0
36101,48,TRIM27,-0.45,-0.15905249999999999,0
36102,48,CRTC1,0.14,0.10786079999999999,0
36103,48,EML4,0.19,0.16524569999999997,0
36104,48,USP9X,-0.1,-0.06562949999999998,0
36105,48,PTPRK,0.01,0.007057900000000001,0
36106,48,CD74,-0.14,-0.012462799999999996,0
36107,48,CBL,0.55,0.40276920000000005,0
36108,48,ZNF384,-0.08,-0.0399915,0
36109,48,NOTCH1,0.9200000000000005,0.6985006,0
36110,48,COX6C,-0.14,-0.060014300000000007,0
36111,48,CHCHD7,0.02,0.0127872,0
36112,48,HMGA1,-0.13,-0.056629599999999995,0
36113,48,PTEN,1.510000000000001,1.1724190000000005,0
36114,48,FIP1L1,6.938893903907228e-18,-0.003774400000000004,0
36115,48,JAK1,0.7800000000000002,0.6126693000000001,0
36116,48,ZMYM2,-0.07,-0.046870300000000004,0
36117,48,SUZ12,0.7200000000000002,0.5158983,0
36118,48,FUS,-0.10000000000000003,0.1400995,0
36119,48,BAP1,0.07999999999999999,0.0827055,0
36120,48,ZCCHC8,-0.07,-0.021744800000000005,0
36121,48,CRNKL1,-0.07,-0.035925700000000005,0
36122,48,RAD17,0.11000000000000001,0.08184699999999999,0
36123,48,ATP1A1,-0.009999999999999998,-0.004131099999999999,0
36124,48,DNMT3A,0.7900000000000004,0.6148333,0
36125,48,FBXW7,0.9300000000000005,0.7069408000000001,0
36126,48,WWTR1,-0.09999999999999999,-0.047942399999999996,0
36127,48,CDKN1B,0.5700000000000001,0.3493228,0
36128,48,KMT2A,0.44999999999999996,0.3741436,0
36129,48,PTPN11,0.9100000000000004,0.6955083,0
36130,48,STAT5B,0.7900000000000003,0.5874808,0
36131,48,CUX1,-0.11,-0.07169179999999999,0
36132,48,ABI1,-0.3,-0.10856319999999998,0
36133,48,BRCA1,1.750000000000001,1.3696687999999997,0
36134,48,SH2B3,1.734723475976807e-18,0.013862300000000001,0
36135,48,AFF4,0.18000000000000002,0.1267085,0
36136,48,NF2,-0.06999999999999998,0.03379920000000001,0
36137,48,LMNA,0.07000000000000002,0.0636662,0
36138,48,TSC2,0.48000000000000004,0.4123306,0
36139,48,GOLPH3,-0.1,-0.06321199999999999,0
36140,48,PCM1,-0.07,-0.0459484,0
36141,48,PPP2R1A,-0.36000000000000004,-0.11752879999999999,0
36142,48,ARID1A,1.7200000000000009,1.2419411,0
36143,48,ABL1,0.22000000000000003,0.18933690000000003,0
36144,48,AFF1,0.27,0.2092983,0
36145,48,DAXX,-0.06999999999999999,0.0033331000000000003,0
36146,48,CBFB,0.1,0.08767969999999999,0
36147,48,CBLB,0.13,0.0990047,0
36148,48,POLR2A,0.01999999999999999,0.16492619999999994,0
36149,48,PRKACA,0.30000000000000004,0.2468857,0
36150,48,DNM2,-0.14,-0.0550272,0
36151,48,RAP1GDS1,-0.06,-0.022295199999999998,0
36152,48,NCOR1,0.9400000000000004,0.7919326999999999,0
36153,48,NFKBIE,-0.32000000000000006,-0.1116285,0
36154,48,DDX3X,0.09000000000000002,0.0990992,0
36155,48,ELK4,0.01,0.006870800000000001,0
36156,48,MLLT6,0.13,0.10089209999999998,0
36157,48,SRSF2,-1.16,-0.33334490000000006,0
36158,48,CTNNA1,0.12000000000000001,0.090563,0
36159,48,RBM10,0.2,0.13989790000000002,0
36160,48,PTPRC,0.06999999999999999,0.09443409999999999,0
36161,48,HSP90AA1,1.3600000000000008,0.9121603000000004,0
36162,49,NSD1,0.28,0.2452739,1
36163,49,DICER1,0.19000000000000003,0.24222740000000004,1
36164,49,BIRC6,0.12,0.1108011,1
36165,49,SDHC,0.38,0.2920794,1
36166,49,TFG,0.21000000000000002,0.13392880000000001,1
36167,49,MAP2K2,0.27999999999999997,0.1896827,1
36168,49,TFRC,-0.24000000000000002,-0.10131290000000001,1
36169,49,CREB1,0.8900000000000005,0.7529188000000002,1
36170,49,POLG,-0.01,-0.0029364,1
36171,49,SETD2,0.6300000000000003,0.5718290999999999,1
36172,49,NAB2,-0.48,-0.1487618,1
36173,49,HIF1A,1.700000000000001,1.2822901000000004,1
36174,49,FLCN,-0.1,0.010213899999999995,1
36175,49,MAP2K4,0.05000000000000001,0.108294,1
36176,49,CNOT3,0.030000000000000002,0.0325967,1
36177,49,CIITA,0.09999999999999999,0.0655691,1
36178,49,LSM14A,0.14,0.1143864,1
36179,49,AKAP9,-0.05,0.007913199999999995,1
36180,49,MSN,-0.21000000000000005,-0.058148600000000016,1
36181,49,BCR,-0.04,0.0306007,1
36182,49,TRRAP,0.029999999999999992,0.17725600000000002,1
36183,49,PPP6C,-0.16,-0.0671499,1
36184,49,NCOA4,-0.11000000000000001,-0.03812060000000002,1
36185,49,BCL9,0.19,0.1515911,1
36186,49,PRCC,0.12,0.09038420000000003,1
36187,49,LARP4B,0.02,0.014303,1
36188,49,CHD2,0.02,0.0176596,1
36189,49,ASXL1,0.42000000000000004,0.4152488000000002,1
36190,49,SMARCA4,1.8900000000000012,1.4494098000000002,1
36191,49,ERC1,-0.03,-0.021987,1
36192,49,DCTN1,-0.05,0.004124100000000016,1
36193,49,PIK3R1,1.2300000000000006,0.9957079000000002,1
36194,49,EED,0.09999999999999998,0.0852343,1
36195,49,CNBP,0.01,0.005742000000000001,1
36196,49,SGK1,0.45999999999999996,0.31085549999999995,1
36197,49,MLLT10,-0.11,-0.0437019,1
36198,49,BRD4,0.9400000000000004,0.8250306,1
36199,49,RANBP2,0.26,0.24905169999999993,1
36200,49,FBXO11,0.04,0.034444300000000004,1
36201,49,PML,0.32999999999999996,0.23908819999999995,1
36202,49,AKT2,1.1,0.7902936999999998,1
36203,49,CEP89,0.060000000000000005,0.0389819,1
36204,49,LZTR1,0.06,0.0881271,1
36205,49,YWHAE,0.22000000000000003,0.1390201,1
36206,49,DNAJB1,-0.05,-0.009795600000000008,1
36207,49,PRDM2,0.06,0.048289,1
36208,49,TPM4,0.5,0.34145709999999996,1
36209,49,CREBBP,1.9300000000000013,1.5596191999999995,1
36210,49,PMS2,0.7400000000000002,0.6369884,1
36211,49,DDR2,-0.02,-0.012283999999999996,1
36212,49,FANCA,0.37,0.30687960000000003,1
36213,49,PDE4DIP,0.07,0.052956199999999995,1
36214,49,USP8,-0.06,-0.030793599999999994,1
36215,49,MYH9,-0.41000000000000003,-0.1170322,1
36216,49,MYC,-1.0699999999999998,-0.1772271,1
36217,49,NBN,0.5900000000000001,0.4685612,1
36218,49,CCND3,-0.04000000000000001,0.014476599999999992,1
36219,49,TRIP11,-0.1,-0.0735286,1
36220,49,CNTRL,-0.07999999999999999,-0.0599813,1
36221,49,PIK3CA,1.2500000000000009,1.0614792000000002,1
36222,49,DDX5,0.3,0.2933102,1
36223,49,PICALM,-0.009999999999999998,-0.0026482999999999993,1
36224,49,RARA,0.13000000000000003,0.154824,1
36225,49,DDX6,0.010000000000000009,0.0974498,1
36226,49,COL1A1,0.19000000000000003,0.162838,1
36227,49,VHL,0.23000000000000007,0.1681238,1
36228,49,MAPK1,1.670000000000001,1.1837344000000003,1
36229,49,SRC,0.4,0.39586200000000005,1
36230,49,NFE2L2,0.32000000000000006,0.23637319999999998,1
36231,49,MITF,-0.26,-0.0718926,1
36232,49,SMAD3,1.260000000000001,1.1510932999999999,1
36233,49,RBM15,0.07,0.058867699999999995,1
36234,49,ATR,0.7200000000000002,0.5856321,1
36235,49,EPAS1,0.36,0.34832280000000004,1
36236,49,TPM3,0.17000000000000004,0.1360479,1
36237,49,RPL10,0.09000000000000001,0.10789950000000001,1
36238,49,STAG1,0.12000000000000001,0.1350362,1
36239,49,SBDS,-0.04,-0.0136071,1
36240,49,KMT2D,0.9900000000000004,0.7882047,1
36241,49,MED12,0.3500000000000001,0.29221830000000004,1
36242,49,BCLAF1,-0.05999999999999999,0.012701500000000004,1
36243,49,ASPSCR1,-0.02000000000000001,-0.0037702000000000117,1
36244,49,CDK12,0.5,0.40183,1
36245,49,EWSR1,0.25999999999999995,0.27994519999999995,1
36246,49,NDRG1,-0.049999999999999996,-0.016261699999999997,1
36247,49,PSIP1,0.05999999999999999,0.060500500000000006,1
36248,49,TRIM33,0.09000000000000001,0.07959700000000001,1
36249,49,MTOR,1.1600000000000006,0.9251139,1
36250,49,ARHGAP35,0.14,0.1343206,1
36251,49,POT1,0.02,0.0167635,1
36252,49,EXT1,0.12,0.089544,1
36253,49,IL6ST,0.31,0.2570886,1
36254,49,IDH2,-0.11,-0.0040261,1
36255,49,SMARCE1,0.33999999999999997,0.24076269999999994,1
36256,49,CRTC3,0.09,0.07379160000000001,1
36257,49,TSC1,0.27999999999999997,0.29003,1
36258,49,BCOR,-0.09,0.012544300000000001,1
36259,49,SDHA,0.24000000000000002,0.173085,1
36260,49,EP300,2.3400000000000007,1.9143169999999996,1
36261,49,HNRNPA2B1,0.47000000000000003,0.3331655,1
36262,49,CLIP1,-0.12000000000000001,-0.06714300000000001,1
36263,49,PATZ1,-0.44999999999999996,-0.13038270000000002,1
36264,49,FUBP1,-0.07999999999999999,0.0194362,1
36265,49,HLA-A,-0.07,0.025965500000000002,1
36266,49,CCNC,-0.21,-0.09173529999999999,1
36267,49,RPN1,-0.19,-0.06799030000000002,1
36268,49,TCF7L2,0.019999999999999987,0.09581289999999999,1
36269,49,CANT1,-0.01999999999999999,0.017339599999999997,1
36270,49,RPL5,-0.56,-0.17191190000000006,1
36271,49,CCDC6,0.059999999999999984,0.0795943,1
36272,49,NCKIPSD,-0.06,-0.0192792,1
36273,49,SMARCD1,0.43000000000000005,0.3537207,1
36274,49,BCL10,0.06999999999999999,0.0788238,1
36275,49,MAX,0.019999999999999993,0.06093570000000001,1
36276,49,HERPUD1,-0.02,-0.0060106000000000005,1
36277,49,RAC1,0.02000000000000001,0.1334583,1
36278,49,FLNA,0.08000000000000002,0.07610600000000001,1
36279,49,TFE3,-0.7900000000000001,-0.2891454,1
36280,49,NCOR2,0.5900000000000002,0.5059296,1
36281,49,PRPF40B,0.03,0.017472599999999998,1
36282,49,BCL3,-0.11000000000000004,-0.0181979,1
36283,49,TFPT,-0.34,-0.1114744,1
36284,49,MLH1,0.8,0.7141913000000001,1
36285,49,ARHGAP5,0.12,0.1101456,1
36286,49,CIC,0.01,0.0071032,1
36287,49,LYN,0.7899999999999999,0.5810834,1
36288,49,TCF12,0.31,0.2444864,1
36289,49,KLF6,0.05,0.0330774,1
36290,49,KMT2C,0.9600000000000004,0.7965975000000001,1
36291,49,PIM1,-0.13999999999999999,-0.022865999999999997,1
36292,49,CCND1,1.2300000000000006,0.7761697999999998,1
36293,49,MLLT1,-1.1800000000000004,-0.3388355999999999,1
36294,49,MEN1,-0.14,-0.0435132,1
36295,49,CUL3,0.11,0.13995259999999998,1
36296,49,RB1,0.6500000000000001,0.5382760999999999,1
36297,49,LPP,-0.1,-0.026380799999999996,1
36298,49,BUB1B,-0.21000000000000005,-0.09071280000000001,1
36299,49,SMAD4,1.650000000000001,1.3298222000000002,1
36300,49,FGFR1,0.31,0.2653736,1
36301,49,TMSB4X,0.03,0.0231579,1
36302,49,CDK4,0.9700000000000004,0.6516867,1
36303,49,MSI2,0.01,0.007557500000000001,1
36304,49,MSH6,1.0000000000000004,0.8070880000000001,1
36305,49,BRAF,1.2600000000000005,1.0749904000000001,1
36306,49,TCEA1,-0.09999999999999999,-0.002879899999999991,1
36307,49,TNFAIP3,0.16,0.1337427,1
36308,49,RABEP1,-0.020000000000000004,-0.0132461,1
36309,49,GMPS,-0.1,-0.05802850000000001,1
36310,49,MDM2,1.0800000000000007,0.8368553,1
36311,49,NSD2,0.21,0.1549718,1
36312,49,CASP8,-0.13999999999999999,0.101915,1
36313,49,PER1,-0.21000000000000002,-0.07618830000000001,1
36314,49,UBR5,0.010000000000000004,0.029139300000000003,1
36315,49,EIF3E,-0.020000000000000004,0.048537199999999996,1
36316,49,RFWD3,0.030000000000000002,0.0318075,1
36317,49,BRD3,0.1,0.0730489,1
36318,49,PAFAH1B2,0.03,0.0264534,1
36319,49,EXT2,0.009999999999999995,0.0200361,1
36320,49,PLCG1,0.5299999999999999,0.42078629999999995,1
36321,49,SF3B1,-0.6000000000000001,-0.278424,1
36322,49,ARHGEF10L,0.03,0.0151221,1
36323,49,NFATC2,0.22,0.1625201,1
36324,49,SDHD,0.30000000000000004,0.2166992,1
36325,49,PABPC1,-0.8300000000000002,-0.2187236,1
36326,49,POLD1,-0.33999999999999997,-0.07425890000000002,1
36327,49,CALR,0.030000000000000013,0.06139580000000001,1
36328,49,PIK3CB,0.7200000000000002,0.5806844,1
36329,49,PPM1D,0.26,0.1991946,1
36330,49,ATRX,0.9900000000000004,0.8424036000000001,1
36331,49,DGCR8,0.16,0.12440190000000001,1
36332,49,DDX10,0.14,0.109038,1
36333,49,DROSHA,0.5,0.3925561000000001,1
36334,49,TNFRSF14,-0.16,-0.0566304,1
36335,49,BCL9L,0.13,0.09738229999999999,1
36336,49,QKI,0.0,0.0005155999999999997,1
36337,49,BAZ1A,0.01,0.0075461,1
36338,49,CHD4,0.3500000000000001,0.3027982,1
36339,49,NSD3,0.12,0.11705360000000001,1
36340,49,NT5C2,0.15000000000000002,0.08995500000000001,1
36341,49,CCNB1IP1,0.13,0.06008250000000001,1
36342,49,PCBP1,-0.83,-0.22522180000000003,1
36343,49,RALGDS,-0.030000000000000006,0.046011800000000005,1
36344,49,ARHGEF12,0.009999999999999995,0.0300631,1
36345,49,HSP90AB1,0.9200000000000002,0.6673384,1
36346,49,FOXO3,1.4500000000000008,1.0712488,1
36347,49,HIP1,-0.01,-0.006577800000000001,1
36348,49,CDC73,0.09999999999999999,0.10862759999999999,1
36349,49,NIN,-0.019999999999999993,-0.013898700000000003,1
36350,49,MDM4,0.11999999999999998,0.16892680000000002,1
36351,49,COL3A1,0.21,0.17160170000000002,1
36352,49,CTNND1,0.13,0.15223430000000004,1
36353,49,SPOP,0.060000000000000005,0.07114600000000001,1
36354,49,TMEM127,0.09,0.05508149999999999,1
36355,49,CREB3L2,0.16,0.10762990000000001,1
36356,49,MSH2,0.9200000000000002,0.7796284,1
36357,49,FNBP1,-3.469446951953614e-18,0.017280999999999994,1
36358,49,ATF1,0.11,0.07819450000000001,1
36359,49,EIF1AX,-0.5,-0.20640330000000004,1
36360,49,PMS1,0.5099999999999999,0.3936932,1
36361,49,DEK,0.11,0.11639240000000001,1
36362,49,ERBB2,0.9400000000000004,0.6203469999999998,1
36363,49,AKT1,0.5900000000000001,0.44896780000000003,1
36364,49,CHEK2,0.55,0.5551053999999999,1
36365,49,SDHB,0.37,0.2722082,1
36366,49,NCOA1,0.41,0.3206123,1
36367,49,CHIC2,0.08,0.0535168,1
36368,49,RUNX1,0.11999999999999994,0.5934898999999998,1
36369,49,STAT6,0.4,0.33824880000000007,1
36370,49,FH,-0.06999999999999998,-0.01138169999999998,1
36371,49,AKT3,1.0800000000000003,0.7896063999999999,1
36372,49,GNAS,0.37,0.2630635,1
36373,49,CTNNB1,1.4900000000000009,1.0568669000000002,1
36374,49,NONO,0.31000000000000005,0.2621536,1
36375,49,SMARCB1,0.9800000000000004,0.7472724,1
36376,49,PRKAR1A,0.2,0.1809679,1
36377,49,ITGAV,-0.010000000000000005,0.02865700000000001,1
36378,49,SS18,0.42000000000000004,0.30124429999999996,1
36379,49,MAP2K1,1.0000000000000004,0.6125688000000001,1
36380,49,SIRPA,-0.07,-0.019564300000000003,1
36381,49,PPFIBP1,0.4,0.29039519999999996,1
36382,49,RPL22,-0.21000000000000002,0.08824439999999999,1
36383,49,CYLD,0.28,0.2232927,1
36384,49,ARID1B,0.76,0.5856777,1
36385,49,SETDB1,0.31,0.22588990000000003,1
36386,49,AFDN,-0.43999999999999995,-0.13857360000000002,1
36387,49,ZRSR2,-0.01999999999999999,-0.010494599999999993,1
36388,49,PBRM1,0.9500000000000002,0.7075503999999999,1
36389,49,XPC,0.45,0.279367,1
36390,49,ASXL2,0.25,0.18108769999999996,1
36391,49,TRIM24,-0.22000000000000003,-0.05235650000000001,1
36392,49,SFPQ,-0.29000000000000004,-0.05221210000000001,1
36393,49,NCOA2,0.6000000000000001,0.48122980000000004,1
36394,49,FOXO4,0.45999999999999996,0.29361089999999995,1
36395,49,LEF1,0.17,0.17017560000000004,1
36396,49,B2M,-0.24000000000000005,-0.10075080000000003,1
36397,49,DDIT3,-0.26,-0.0968795,1
36398,49,BCL6,0.2700000000000001,0.2391837,1
36399,49,KRAS,-0.030000000000000034,0.14543659999999994,1
36400,49,FAT1,0.11,0.07951720000000001,1
36401,49,ABL2,0.020000000000000004,0.03209189999999999,1
36402,49,NF1,1.3000000000000007,1.0509946000000003,1
36403,49,BTG1,-0.04,-0.018932,1
36404,49,EIF4A2,0.05,0.028907500000000003,1
36405,49,SET,0.18,0.14728790000000003,1
36406,49,EPS15,0.06,0.0543086,1
36407,49,RNF213,0.05,0.0434472,1
36408,49,CTCF,0.9800000000000004,0.6885091999999998,1
36409,49,WDCP,0.26000000000000006,0.16577540000000002,1
36410,49,KAT7,0.13000000000000003,0.110526,1
36411,49,KDM5C,0.17,0.15986419999999998,1
36412,49,TGFBR2,0.1399999999999999,0.17078959999999999,1
36413,49,ATM,0.9500000000000006,0.9531401999999998,1
36414,49,NUMA1,0.01,0.018824599999999997,1
36415,49,STAT3,1.0700000000000005,0.9477083000000001,1
36416,49,SUB1,-0.11,-0.0495582,1
36417,49,NUP98,0.12999999999999998,0.15883640000000004,1
36418,49,ELL,0.060000000000000005,0.030842899999999993,1
36419,49,MAP3K1,0.4499999999999999,0.347512,1
36420,49,MALT1,0.18,0.16707090000000002,1
36421,49,XPO1,0.5200000000000001,0.4213214,1
36422,49,SETD1B,0.23,0.1805091,1
36423,49,ETV6,-0.12999999999999998,-0.04412610000000001,1
36424,49,TBL1XR1,0.19,0.1329421,1
36425,49,NUP214,-0.08000000000000002,0.14421470000000003,1
36426,49,TPR,0.13,0.10539069999999999,1
36427,49,ATIC,0.09999999999999998,0.1226212,1
36428,49,NACA,0.22999999999999998,0.1455438,1
36429,49,MYO5A,0.01,0.0078815,1
36430,49,SMC1A,0.3600000000000001,0.40514370000000005,1
36431,49,LASP1,-0.24,-0.12453739999999999,1
36432,49,ERCC5,0.39000000000000007,0.24957930000000003,1
36433,49,JUN,-0.9599999999999999,-0.1266954,1
36434,49,THRAP3,0.04,0.03245089999999999,1
36435,49,STAG2,0.33,0.3204405,1
36436,49,RAF1,0.8900000000000003,0.6751007,1
36437,49,ERCC3,0.5399999999999999,0.4520967,1
36438,49,SMAD2,0.5400000000000003,0.5379256,1
36439,49,TAF15,0.2,0.1616889,1
36440,49,ARNT,0.24,0.2156083,1
36441,49,CLTC,-0.7600000000000001,-0.3481178,1
36442,49,IKBKB,0.46000000000000024,0.4120724,1
36443,49,IDH1,-0.54,-0.17940679999999998,1
36444,49,SND1,-0.020000000000000004,0.006005700000000001,1
36445,49,KNSTRN,0.02,0.014873,1
36446,49,RHOA,-2.45,-0.6331226,1
36447,49,PALB2,0.5900000000000001,0.5185306,1
36448,49,ARID2,0.8500000000000001,0.6604755,1
36449,49,EZR,-0.20000000000000004,-0.06935480000000001,1
36450,49,TP53,-0.13000000000000006,0.2576717999999999,1
36451,49,ARAF,0.39999999999999997,0.22797359999999997,1
36452,49,KIF5B,0.5200000000000001,0.3856926,1
36453,49,KAT6A,0.21999999999999997,0.22622299999999998,1
36454,49,KTN1,-0.07,-0.008627499999999998,1
36455,49,GOLGA5,-0.08,-0.0533946,1
36456,49,KDM5A,0.29000000000000004,0.2644475,1
36457,49,RAD21,0.56,0.45539859999999993,1
36458,49,GNAQ,0.2599999999999999,0.2147837,1
36459,49,CAMTA1,0.06,0.044585400000000004,1
36460,49,ERCC2,0.62,0.4797158000000001,1
36461,49,EZH2,1.7000000000000013,1.3068507000000005,1
36462,49,TOP1,0.29000000000000004,0.2325161,1
36463,49,SRSF3,-0.2699999999999999,-0.0543814,1
36464,49,NPM1,0.21999999999999992,0.2289406,1
36465,49,BAX,-0.68,-0.1663622,1
36466,49,NOTCH2,0.29000000000000004,0.2416407,1
36467,49,TRAF7,0.02,0.0139102,1
36468,49,KDM6A,0.9000000000000004,0.8820948999999999,1
36469,49,SPEN,0.13,0.10068150000000001,1
36470,49,TRIM27,-0.51,-0.1601036,1
36471,49,CRTC1,0.15,0.118308,1
36472,49,EML4,0.20000000000000004,0.23867870000000002,1
36473,49,USP9X,-0.05,-0.0387343,1
36474,49,PTPRK,-0.01,-0.0058912,1
36475,49,CD74,-0.26,-0.0439936,1
36476,49,CBL,0.49,0.44555639999999996,1
36477,49,ZNF384,0.03,0.0229945,1
36478,49,NOTCH1,1.1400000000000006,0.8267166999999999,1
36479,49,COX6C,-0.13999999999999999,-0.04908629999999999,1
36480,49,CHCHD7,0.03,0.0197985,1
36481,49,HMGA1,-0.060000000000000005,-0.0244793,1
36482,49,PTEN,1.4200000000000008,1.2400803999999996,1
36483,49,FIP1L1,-0.060000000000000005,-0.021201400000000006,1
36484,49,JAK1,0.8400000000000003,0.6831265,1
36485,49,ZMYM2,-0.029999999999999992,-0.021357799999999996,1
36486,49,SUZ12,0.7600000000000005,0.6103495999999998,1
36487,49,FUS,-0.4,0.023247699999999982,1
36488,49,BAP1,-0.48000000000000004,-0.19032079999999998,1
36489,49,ZCCHC8,-0.07,-0.021067900000000004,1
36490,49,CRNKL1,0.0,0.000648000000000001,1
36491,49,RAD17,0.18,0.129933,1
36492,49,ATP1A1,0.0,0.0014339999999999995,1
36493,49,DNMT3A,1.0900000000000005,0.8613671999999999,1
36494,49,FBXW7,0.9500000000000002,0.7984661,1
36495,49,WWTR1,-0.15,-0.0657581,1
36496,49,CDKN1B,0.43,0.3380453,1
36497,49,KMT2A,0.3900000000000001,0.3871976999999999,1
36498,49,PTPN11,1.0400000000000005,0.8479226999999998,1
36499,49,STAT5B,0.7200000000000001,0.5760134,1
36500,49,CUX1,-0.11000000000000001,-0.0723164,1
36501,49,ABI1,-0.31000000000000005,-0.08789010000000001,1
36502,49,BRCA1,1.5500000000000012,1.2806639000000004,1
36503,49,SH2B3,0.07,0.041215100000000005,1
36504,49,AFF4,0.02000000000000001,0.034246500000000006,1
36505,49,NF2,0.13,0.13100699999999998,1
36506,49,LMNA,0.020000000000000004,0.020823499999999995,1
36507,49,TSC2,0.8200000000000003,0.6598001,1
36508,49,GOLPH3,-0.039999999999999994,-0.028605999999999996,1
36509,49,PCM1,-0.05,-0.0391599,1
36510,49,PPP2R1A,-0.4,-0.12419740000000001,1
36511,49,ARID1A,1.8400000000000012,1.4663070999999999,1
36512,49,ABL1,-0.31999999999999995,0.02530639999999997,1
36513,49,AFF1,0.05999999999999999,0.087823,1
36514,49,DAXX,-0.47000000000000003,-0.12896669999999996,1
36515,49,CBFB,0.1,0.1201065,1
36516,49,CBLB,0.17,0.14667,1
36517,49,POLR2A,-0.14999999999999997,0.15772950000000002,1
36518,49,PRKACA,0.16000000000000006,0.25504390000000005,1
36519,49,DNM2,-0.11000000000000001,-0.055474100000000005,1
36520,49,RAP1GDS1,-0.009999999999999981,0.029645300000000013,1
36521,49,NCOR1,0.9400000000000003,0.8809690000000002,1
36522,49,NFKBIE,-0.30000000000000004,-0.1010643,1
36523,49,DDX3X,0.24000000000000002,0.21539979999999997,1
36524,49,ELK4,0.03,0.0251037,1
36525,49,MLLT6,0.06999999999999999,0.06023490000000001,1
36526,49,SRSF2,-2.620000000000001,-0.6602494000000001,1
36527,49,CTNNA1,0.16,0.1240059,1
36528,49,RBM10,0.16,0.11945150000000003,1
36529,49,PTPRC,0.030000000000000006,0.11742849999999999,1
36530,49,HSP90AA1,0.8600000000000002,0.5890045999999998,1
36531,49,NSD1,0.22,0.1735599,0
36532,49,DICER1,0.23,0.2167199,0
36533,49,BIRC6,0.06999999999999999,0.056260000000000004,0
36534,49,SDHC,0.25,0.1704678,0
36535,49,TFG,0.34,0.1953701,0
36536,49,MAP2K2,0.26999999999999996,0.20913159999999997,0
36537,49,TFRC,-0.27,-0.13448639999999998,0
36538,49,CREB1,0.8200000000000005,0.6029282999999998,0
36539,49,POLG,0.02,0.0079494,0
36540,49,SETD2,0.6700000000000003,0.546417,0
36541,49,NAB2,-0.33999999999999997,-0.11689480000000001,0
36542,49,HIF1A,1.6200000000000008,1.1094676,0
36543,49,FLCN,0.03,0.0364759,0
36544,49,MAP2K4,-0.04000000000000001,0.0579878,0
36545,49,CNOT3,-0.07999999999999999,-0.0277602,0
36546,49,CIITA,0.09999999999999999,0.0669678,0
36547,49,LSM14A,0.06999999999999999,0.06646460000000001,0
36548,49,AKAP9,-0.049999999999999996,-0.008428499999999995,0
36549,49,MSN,-0.22999999999999995,-0.040257400000000006,0
36550,49,BCR,0.019999999999999997,0.027083300000000005,0
36551,49,TRRAP,0.05000000000000003,0.1255486,0
36552,49,PPP6C,-0.2,-0.09772150000000002,0
36553,49,NCOA4,-0.13999999999999996,-0.07773859999999998,0
36554,49,BCL9,0.12000000000000001,0.0901461,0
36555,49,PRCC,0.02,0.017272500000000003,0
36556,49,LARP4B,-0.01,-0.0050469,0
36557,49,CHD2,0.01,0.0073038,0
36558,49,ASXL1,0.5800000000000001,0.5037757,0
36559,49,SMARCA4,1.2700000000000007,0.9634160999999997,0
36560,49,ERC1,-0.019999999999999997,-0.014326899999999997,0
36561,49,DCTN1,-0.32999999999999996,-0.16054709999999997,0
36562,49,PIK3R1,1.4100000000000008,0.9725263000000002,0
36563,49,EED,-0.049999999999999996,0.01878549999999999,0
36564,49,CNBP,0.0,0.0,0
36565,49,SGK1,0.29999999999999993,0.1823962,0
36566,49,MLLT10,-0.09000000000000001,-0.030659400000000003,0
36567,49,BRD4,0.8900000000000005,0.6548520000000001,0
36568,49,RANBP2,0.11000000000000003,0.1500446,0
36569,49,FBXO11,0.04,0.031178900000000002,0
36570,49,PML,0.36,0.2598436,0
36571,49,AKT2,0.9900000000000004,0.6582730999999998,0
36572,49,CEP89,0.07,0.041960899999999995,0
36573,49,LZTR1,0.03,0.0531788,0
36574,49,YWHAE,0.24,0.15394820000000004,0
36575,49,DNAJB1,-6.938893903907228e-18,0.012396599999999994,0
36576,49,PRDM2,0.02,0.016630600000000002,0
36577,49,TPM4,0.43000000000000005,0.2713418,0
36578,49,CREBBP,1.750000000000001,1.3915168999999998,0
36579,49,PMS2,0.6700000000000002,0.5732653000000001,0
36580,49,DDR2,0.030000000000000002,0.017992499999999995,0
36581,49,FANCA,0.32999999999999996,0.2649373,0
36582,49,PDE4DIP,0.03,0.019675500000000002,0
36583,49,USP8,-0.08,-0.039977200000000004,0
36584,49,MYH9,-0.18,-0.021228800000000006,0
36585,49,MYC,-0.6900000000000002,-0.23601179999999988,0
36586,49,NBN,0.49,0.36207209999999995,0
36587,49,CCND3,-0.12000000000000001,-0.012960300000000004,0
36588,49,TRIP11,-0.16999999999999998,-0.1108528,0
36589,49,CNTRL,-0.07,-0.0469426,0
36590,49,PIK3CA,1.4400000000000008,1.001246,0
36591,49,DDX5,0.44000000000000006,0.3543652000000001,0
36592,49,PICALM,-0.009999999999999998,-0.006003599999999998,0
36593,49,RARA,0.51,0.35968870000000003,0
36594,49,DDX6,0.02000000000000001,0.07094189999999999,0
36595,49,COL1A1,0.06999999999999999,0.08951300000000001,0
36596,49,VHL,0.11,0.081825,0
36597,49,MAPK1,1.4100000000000008,0.8773070000000003,0
36598,49,SRC,-0.06,0.19512479999999996,0
36599,49,NFE2L2,0.11999999999999998,0.09818479999999999,0
36600,49,MITF,-0.3,-0.04353290000000001,0
36601,49,SMAD3,1.1600000000000008,0.8677998000000001,0
36602,49,RBM15,0.060000000000000005,0.05161929999999999,0
36603,49,ATR,0.6500000000000001,0.5119476000000001,0
36604,49,EPAS1,0.33,0.30118110000000003,0
36605,49,TPM3,0.19999999999999998,0.13365080000000001,0
36606,49,RPL10,0.09999999999999999,0.10894610000000002,0
36607,49,STAG1,0.09999999999999999,0.0942336,0
36608,49,SBDS,-0.08,-0.027509599999999995,0
36609,49,KMT2D,0.9200000000000004,0.6642650999999998,0
36610,49,MED12,0.30000000000000004,0.23941799999999996,0
36611,49,BCLAF1,-0.019999999999999997,0.017168400000000007,0
36612,49,ASPSCR1,0.010000000000000007,0.02070290000000001,0
36613,49,CDK12,0.25,0.18183390000000002,0
36614,49,EWSR1,0.4599999999999999,0.3642096,0
36615,49,NDRG1,-0.060000000000000005,-0.024709000000000005,0
36616,49,PSIP1,-0.23000000000000004,-0.1102011,0
36617,49,TRIM33,-0.00999999999999999,0.007100300000000006,0
36618,49,MTOR,1.2900000000000007,0.9110558000000001,0
36619,49,ARHGAP35,0.14,0.13988330000000002,0
36620,49,POT1,-0.06,-0.012049800000000001,0
36621,49,EXT1,0.1,0.06015500000000001,0
36622,49,IL6ST,0.26,0.194401,0
36623,49,IDH2,0.09,0.10667019999999999,0
36624,49,SMARCE1,0.44,0.26953150000000003,0
36625,49,CRTC3,0.09,0.066048,0
36626,49,TSC1,0.33,0.2698287,0
36627,49,BCOR,-0.15,-0.019902800000000012,0
36628,49,SDHA,0.23,0.138102,0
36629,49,EP300,1.640000000000001,1.2444193,0
36630,49,HNRNPA2B1,0.22000000000000003,0.21570239999999993,0
36631,49,CLIP1,-0.12,-0.0647861,0
36632,49,PATZ1,-0.4600000000000001,-0.1304273,0
36633,49,FUBP1,-0.12,0.0017391000000000038,0
36634,49,HLA-A,-0.09000000000000001,0.012965900000000002,0
36635,49,CCNC,-0.09,-0.0388285,0
36636,49,RPN1,-0.27,-0.07280060000000001,0
36637,49,TCF7L2,-0.010000000000000031,0.04500719999999999,0
36638,49,CANT1,0.11,0.055238,0
36639,49,RPL5,-0.6199999999999999,-0.17036669999999998,0
36640,49,CCDC6,-0.06000000000000001,0.0166377,0
36641,49,NCKIPSD,0.009999999999999998,0.0071070000000000005,0
36642,49,SMARCD1,0.41,0.27876660000000003,0
36643,49,BCL10,-0.009999999999999995,0.020342600000000002,0
36644,49,MAX,-0.030000000000000002,-0.0015039000000000025,0
36645,49,HERPUD1,0.01,0.0040992,0
36646,49,RAC1,-0.1799999999999999,0.018149399999999982,0
36647,49,FLNA,0.010000000000000016,0.0619884,0
36648,49,TFE3,-0.45999999999999996,-0.17263520000000002,0
36649,49,NCOR2,0.6500000000000001,0.46656839999999994,0
36650,49,PRPF40B,-0.04,-0.023323299999999998,0
36651,49,BCL3,-0.11000000000000001,-0.0314953,0
36652,49,TFPT,-0.21,-0.0789864,0
36653,49,MLH1,0.7900000000000003,0.6355478999999999,0
36654,49,ARHGAP5,0.14,0.10695600000000002,0
36655,49,CIC,0.0,0.0,0
36656,49,LYN,0.8600000000000001,0.6002187999999999,0
36657,49,TCF12,0.26,0.1913907,0
36658,49,KLF6,0.06,0.0352568,0
36659,49,KMT2C,0.9900000000000002,0.7467706,0
36660,49,PIM1,-0.18,-0.052960800000000016,0
36661,49,CCND1,1.600000000000001,0.9863551000000002,0
36662,49,MLLT1,-0.8000000000000003,-0.2627371,0
36663,49,MEN1,-0.06,0.003877099999999991,0
36664,49,CUL3,0.13,0.12771269999999998,0
36665,49,RB1,0.6,0.4560853000000001,0
36666,49,LPP,-0.08,-0.0260134,0
36667,49,BUB1B,-0.15000000000000002,-0.0720431,0
36668,49,SMAD4,1.4200000000000008,1.0403794000000004,0
36669,49,FGFR1,0.18999999999999997,0.1259178,0
36670,49,TMSB4X,0.04,0.031001599999999997,0
36671,49,CDK4,0.6100000000000002,0.4280493,0
36672,49,MSI2,0.01,0.0073387,0
36673,49,MSH6,0.8500000000000003,0.6246767000000001,0
36674,49,BRAF,1.0400000000000003,0.8501362,0
36675,49,TCEA1,-0.12000000000000001,-0.03048790000000001,0
36676,49,TNFAIP3,0.11000000000000001,0.1061511,0
36677,49,RABEP1,-0.009999999999999998,-0.008602899999999998,0
36678,49,GMPS,-0.07999999999999999,-0.04357949999999999,0
36679,49,MDM2,1.2500000000000007,0.8978892999999999,0
36680,49,NSD2,0.13999999999999999,0.09293919999999999,0
36681,49,CASP8,0.12000000000000001,0.1979521,0
36682,49,PER1,-0.22999999999999998,-0.05731069999999999,0
36683,49,UBR5,-0.06999999999999998,-0.028111599999999997,0
36684,49,EIF3E,-0.060000000000000005,0.05736459999999999,0
36685,49,RFWD3,0.030000000000000002,0.030449000000000004,0
36686,49,BRD3,0.05,0.055678200000000004,0
36687,49,PAFAH1B2,0.02,0.0158362,0
36688,49,EXT2,0.0,0.0018400000000000083,0
36689,49,PLCG1,0.56,0.39494759999999995,0
36690,49,SF3B1,-0.24,-0.09181479999999999,0
36691,49,ARHGEF10L,0.02,0.010583,0
36692,49,NFATC2,0.2,0.14054969999999997,0
36693,49,SDHD,0.20999999999999996,0.11962850000000004,0
36694,49,PABPC1,-0.9999999999999999,-0.23878800000000006,0
36695,49,POLD1,-0.24,-0.040180700000000014,0
36696,49,CALR,-0.009999999999999995,0.013670599999999995,0
36697,49,PIK3CB,0.5099999999999999,0.4265293,0
36698,49,PPM1D,0.16,0.1255157,0
36699,49,ATRX,0.9100000000000004,0.6984874999999999,0
36700,49,DGCR8,0.15,0.0938176,0
36701,49,DDX10,0.09,0.058515099999999994,0
36702,49,DROSHA,0.3400000000000001,0.2393106,0
36703,49,TNFRSF14,-0.09,-0.0377172,0
36704,49,BCL9L,0.13,0.0863998,0
36705,49,QKI,-0.13,-0.07574990000000001,0
36706,49,BAZ1A,0.01,0.006796900000000001,0
36707,49,CHD4,0.08999999999999998,0.10477139999999999,0
36708,49,NSD3,0.049999999999999996,0.0431588,0
36709,49,NT5C2,0.17,0.0904447,0
36710,49,CCNB1IP1,0.1,0.04585670000000001,0
36711,49,PCBP1,-0.6000000000000001,-0.20118659999999994,0
36712,49,RALGDS,0.11,0.0890225,0
36713,49,ARHGEF12,-0.009999999999999995,0.0036487000000000065,0
36714,49,HSP90AB1,0.9700000000000002,0.6629766,0
36715,49,FOXO3,1.2600000000000007,0.8590397999999999,0
36716,49,HIP1,-0.02,-0.0124646,0
36717,49,CDC73,-0.03999999999999997,0.0197663,0
36718,49,NIN,0.02,0.0162041,0
36719,49,MDM4,0.13,0.1563647,0
36720,49,COL3A1,0.13,0.11449050000000002,0
36721,49,CTNND1,0.17,0.1515935,0
36722,49,SPOP,0.019999999999999997,0.0280247,0
36723,49,TMEM127,0.07,0.060130600000000006,0
36724,49,CREB3L2,0.060000000000000005,0.03584480000000001,0
36725,49,MSH2,0.7800000000000002,0.542264,0
36726,49,FNBP1,-0.009999999999999998,-0.00015440000000000072,0
36727,49,ATF1,-0.06,-0.025887099999999996,0
36728,49,EIF1AX,-0.42000000000000004,-0.1982768,0
36729,49,PMS1,0.51,0.38060889999999997,0
36730,49,DEK,0.09,0.08807340000000001,0
36731,49,ERBB2,1.1000000000000005,0.7206711999999998,0
36732,49,AKT1,1.0200000000000005,0.6394236999999998,0
36733,49,CHEK2,0.28,0.332396,0
36734,49,SDHB,0.38,0.24728840000000002,0
36735,49,NCOA1,0.43000000000000005,0.2966671,0
36736,49,CHIC2,0.039999999999999994,0.021585999999999994,0
36737,49,RUNX1,0.6000000000000004,0.6615963999999999,0
36738,49,STAT6,0.31000000000000005,0.21902739999999998,0
36739,49,FH,-0.21999999999999997,-0.0844318,0
36740,49,AKT3,1.0400000000000005,0.7113431000000001,0
36741,49,GNAS,0.21,0.12954169999999998,0
36742,49,CTNNB1,1.670000000000001,1.1439551000000003,0
36743,49,NONO,0.09999999999999999,0.06709049999999998,0
36744,49,SMARCB1,0.8400000000000003,0.6081607,0
36745,49,PRKAR1A,0.06,0.06999430000000001,0
36746,49,ITGAV,0.019999999999999993,0.016511600000000005,0
36747,49,SS18,0.37,0.2294672,0
36748,49,MAP2K1,1.0500000000000005,0.6514255999999998,0
36749,49,SIRPA,-0.01,-0.005491700000000001,0
36750,49,PPFIBP1,0.37,0.23481919999999995,0
36751,49,RPL22,-0.17999999999999997,0.07362880000000004,0
36752,49,CYLD,0.28,0.2166121,0
36753,49,ARID1B,0.6499999999999999,0.4669443999999999,0
36754,49,SETDB1,0.28,0.199333,0
36755,49,AFDN,-0.41000000000000003,-0.16669609999999999,0
36756,49,ZRSR2,0.28,0.20389309999999997,0
36757,49,PBRM1,0.9000000000000004,0.6432116999999999,0
36758,49,XPC,0.6100000000000001,0.41282280000000005,0
36759,49,ASXL2,0.22000000000000003,0.1476875,0
36760,49,TRIM24,-0.30000000000000004,-0.1389226,0
36761,49,SFPQ,-0.09000000000000002,0.012910399999999982,0
36762,49,NCOA2,0.5000000000000001,0.3398874,0
36763,49,FOXO4,0.42000000000000004,0.2756039,0
36764,49,LEF1,0.020000000000000007,0.04484390000000001,0
36765,49,B2M,-0.4400000000000001,-0.1761994,0
36766,49,DDIT3,-0.29000000000000004,-0.08770150000000002,0
36767,49,BCL6,0.52,0.3635383000000001,0
36768,49,KRAS,-0.96,-0.21639919999999996,0
36769,49,FAT1,0.05,0.0430264,0
36770,49,ABL2,0.05999999999999999,0.0470629,0
36771,49,NF1,0.6500000000000002,0.536323,0
36772,49,BTG1,-0.02,-0.0108152,0
36773,49,EIF4A2,0.09999999999999999,0.08306439999999998,0
36774,49,SET,0.14,0.1290951,0
36775,49,EPS15,-0.020000000000000004,-0.001824199999999998,0
36776,49,RNF213,0.02,0.015197,0
36777,49,CTCF,0.7900000000000003,0.5728939000000001,0
36778,49,WDCP,0.09999999999999996,0.08474879999999999,0
36779,49,KAT7,0.09999999999999999,0.0785599,0
36780,49,KDM5C,0.15,0.1362902,0
36781,49,TGFBR2,0.23,0.1668651,0
36782,49,ATM,1.3900000000000008,1.0480414,0
36783,49,NUMA1,-0.039999999999999994,-0.012927699999999997,0
36784,49,STAT3,1.5700000000000007,1.1987463,0
36785,49,SUB1,-0.25,-0.08949620000000001,0
36786,49,NUP98,0.019999999999999987,0.06490100000000006,0
36787,49,ELL,0.03999999999999999,0.030297199999999996,0
36788,49,MAP3K1,0.45,0.32225270000000006,0
36789,49,MALT1,0.17,0.1504587,0
36790,49,XPO1,0.22,0.18940179999999998,0
36791,49,SETD1B,0.16,0.12066949999999999,0
36792,49,ETV6,-0.14999999999999997,-0.052424599999999995,0
36793,49,TBL1XR1,0.16000000000000003,0.1014031,0
36794,49,NUP214,-0.03,0.0647559,0
36795,49,TPR,0.1,0.08477690000000002,0
36796,49,ATIC,0.05,0.0437535,0
36797,49,NACA,0.23,0.1619217,0
36798,49,MYO5A,0.0,0.0014268000000000006,0
36799,49,SMC1A,0.6000000000000001,0.46624889999999997,0
36800,49,LASP1,-0.2,-0.11812410000000001,0
36801,49,ERCC5,0.47,0.3145916000000001,0
36802,49,JUN,0.42000000000000015,0.3635167,0
36803,49,THRAP3,0.06,0.0518946,0
36804,49,STAG2,0.52,0.3731663,0
36805,49,RAF1,1.1500000000000004,0.8019299000000001,0
36806,49,ERCC3,0.54,0.4225019000000001,0
36807,49,SMAD2,0.5400000000000003,0.4842255999999999,0
36808,49,TAF15,0.14,0.12237680000000004,0
36809,49,ARNT,0.27,0.2131473,0
36810,49,CLTC,-0.6100000000000001,-0.32475489999999996,0
36811,49,IKBKB,0.5300000000000001,0.4114188,0
36812,49,IDH1,-0.44999999999999996,-0.11912969999999999,0
36813,49,SND1,-0.03,-0.017033600000000003,0
36814,49,KNSTRN,0.03,0.024060599999999998,0
36815,49,RHOA,-1.1000000000000003,-0.30397279999999993,0
36816,49,PALB2,0.5299999999999999,0.44555990000000006,0
36817,49,ARID2,0.72,0.5357544999999999,0
36818,49,EZR,-0.08,0.010520600000000012,0
36819,49,TP53,-1.3600000000000003,-0.3631390999999999,0
36820,49,ARAF,0.37,0.20550249999999998,0
36821,49,KIF5B,0.38999999999999996,0.2678549,0
36822,49,KAT6A,0.18999999999999997,0.17200500000000002,0
36823,49,KTN1,-0.07,-0.023761800000000003,0
36824,49,GOLGA5,-0.15,-0.0947895,0
36825,49,KDM5A,0.21999999999999997,0.19206600000000001,0
36826,49,RAD21,0.38,0.29029000000000005,0
36827,49,GNAQ,0.11,0.08050000000000002,0
36828,49,CAMTA1,0.02,0.01221,0
36829,49,ERCC2,0.6,0.40235860000000007,0
36830,49,EZH2,1.8100000000000012,1.1693664999999995,0
36831,49,TOP1,0.05,0.0634794,0
36832,49,SRSF3,-0.18,-0.05019080000000002,0
36833,49,NPM1,-0.2700000000000001,0.018843299999999986,0
36834,49,BAX,-0.39,-0.1330129,0
36835,49,NOTCH2,0.27,0.2128909,0
36836,49,TRAF7,0.03,0.0220932,0
36837,49,KDM6A,0.8600000000000002,0.7033641,0
36838,49,SPEN,0.09999999999999999,0.0757368,0
36839,49,TRIM27,-0.36,-0.1325945,0
36840,49,CRTC1,0.13,0.0981261,0
36841,49,EML4,0.25,0.1975132,0
36842,49,USP9X,-0.12,-0.0720981,0
36843,49,PTPRK,0.01,0.007162300000000001,0
36844,49,CD74,-0.18,-0.03618330000000001,0
36845,49,CBL,0.6100000000000001,0.4384484,0
36846,49,ZNF384,-0.09,-0.047191500000000004,0
36847,49,NOTCH1,1.0200000000000005,0.7425077000000002,0
36848,49,COX6C,-0.12000000000000001,-0.0514309,0
36849,49,CHCHD7,0.03,0.0196017,0
36850,49,HMGA1,-0.13,-0.0574764,0
36851,49,PTEN,1.4800000000000009,1.1396507000000002,0
36852,49,FIP1L1,-0.03,-0.019358099999999996,0
36853,49,JAK1,0.7900000000000003,0.6039702000000001,0
36854,49,ZMYM2,-0.11,-0.0739903,0
36855,49,SUZ12,0.6800000000000003,0.4801698,0
36856,49,FUS,-2.7755575615628914e-17,0.18880889999999995,0
36857,49,BAP1,0.04000000000000001,0.07225160000000001,0
36858,49,ZCCHC8,-0.09,-0.024182099999999998,0
36859,49,CRNKL1,-0.08,-0.0445444,0
36860,49,RAD17,0.11000000000000001,0.08184060000000001,0
36861,49,ATP1A1,-0.01,-0.005381000000000001,0
36862,49,DNMT3A,0.8800000000000006,0.6304788,0
36863,49,FBXW7,1.0100000000000002,0.7593917000000001,0
36864,49,WWTR1,-0.13,-0.054854000000000014,0
36865,49,CDKN1B,0.6700000000000002,0.43695670000000003,0
36866,49,KMT2A,0.3700000000000001,0.30621550000000003,0
36867,49,PTPN11,0.9500000000000002,0.6718715,0
36868,49,STAT5B,0.7100000000000002,0.5439273,0
36869,49,CUX1,-0.13,-0.0814162,0
36870,49,ABI1,-0.42000000000000004,-0.1366308,0
36871,49,BRCA1,1.6000000000000012,1.2279031999999999,0
36872,49,SH2B3,0.009999999999999998,0.012370600000000002,0
36873,49,AFF4,0.13999999999999999,0.10028999999999999,0
36874,49,NF2,-1.734723475976807e-18,0.0560138,0
36875,49,LMNA,0.02999999999999999,0.04942710000000001,0
36876,49,TSC2,0.6300000000000001,0.4914821000000001,0
36877,49,GOLPH3,-0.11,-0.06389189999999999,0
36878,49,PCM1,-0.07,-0.0440102,0
36879,49,PPP2R1A,-0.54,-0.16759350000000003,0
36880,49,ARID1A,1.6500000000000008,1.1552223999999998,0
36881,49,ABL1,0.17000000000000004,0.17865560000000003,0
36882,49,AFF1,0.23000000000000004,0.18432839999999998,0
36883,49,DAXX,-0.21000000000000005,-0.04095940000000001,0
36884,49,CBFB,0.13999999999999999,0.1026108,0
36885,49,CBLB,0.12000000000000001,0.09080080000000001,0
36886,49,POLR2A,1.3877787807814457e-17,0.12833760000000002,0
36887,49,PRKACA,0.21000000000000002,0.1771358,0
36888,49,DNM2,-0.12,-0.0570377,0
36889,49,RAP1GDS1,-0.06000000000000002,-0.024422400000000018,0
36890,49,NCOR1,0.9100000000000003,0.7470241999999998,0
36891,49,NFKBIE,-0.22000000000000003,-0.0834432,0
36892,49,DDX3X,0.06,0.08391399999999999,0
36893,49,ELK4,0.02,0.0141868,0
36894,49,MLLT6,0.09,0.07143669999999999,0
36895,49,SRSF2,-0.92,-0.24569460000000004,0
36896,49,CTNNA1,0.1,0.07447149999999998,0
36897,49,RBM10,0.2,0.1420372,0
36898,49,PTPRC,0.07,0.0956323,0
36899,49,HSP90AA1,0.8500000000000002,0.5812800999999999,0
36900,50,NSD1,0.32,0.27132919999999994,1
36901,50,DICER1,0.18,0.2270223,1
36902,50,BIRC6,0.09000000000000001,0.1017868,1
36903,50,SDHC,0.39999999999999997,0.29356740000000003,1
36904,50,TFG,0.10999999999999999,0.08852339999999999,1
36905,50,MAP2K2,0.21,0.1828308,1
36906,50,TFRC,-0.21999999999999997,-0.0906049,1
36907,50,CREB1,1.0300000000000005,0.7995274999999998,1
36908,50,POLG,-0.01,-0.0028532999999999996,1
36909,50,SETD2,0.41000000000000003,0.4163121,1
36910,50,NAB2,-0.44999999999999996,-0.14221720000000002,1
36911,50,HIF1A,1.640000000000001,1.2274207000000001,1
36912,50,FLCN,-0.039999999999999994,0.016850800000000003,1
36913,50,MAP2K4,0.12,0.14038279999999997,1
36914,50,CNOT3,0.049999999999999996,0.047996999999999984,1
36915,50,CIITA,0.11,0.07405329999999999,1
36916,50,LSM14A,0.15000000000000002,0.12223600000000001,1
36917,50,AKAP9,-0.03,0.013725300000000003,1
36918,50,MSN,-0.27999999999999997,-0.07982550000000001,1
36919,50,BCR,-0.009999999999999978,0.04988920000000001,1
36920,50,TRRAP,0.14,0.23273149999999998,1
36921,50,PPP6C,-0.21,-0.06484269999999999,1
36922,50,NCOA4,-0.12000000000000001,-0.049381800000000003,1
36923,50,BCL9,0.2,0.15606319999999999,1
36924,50,PRCC,0.15000000000000002,0.11926709999999999,1
36925,50,LARP4B,0.02,0.0137222,1
36926,50,CHD2,0.02,0.0175786,1
36927,50,ASXL1,0.52,0.47016569999999996,1
36928,50,SMARCA4,1.820000000000001,1.4045992000000003,1
36929,50,ERC1,-0.04,-0.0281268,1
36930,50,DCTN1,0.010000000000000016,0.05300900000000001,1
36931,50,PIK3R1,1.3800000000000006,1.0817409000000002,1
36932,50,EED,0.15999999999999998,0.11727770000000001,1
36933,50,CNBP,0.02,0.011942600000000001,1
36934,50,SGK1,0.5,0.33170750000000004,1
36935,50,MLLT10,-0.12000000000000001,-0.0485569,1
36936,50,BRD4,1.0000000000000002,0.8540833999999999,1
36937,50,RANBP2,0.23,0.22670369999999998,1
36938,50,FBXO11,0.08,0.061338300000000005,1
36939,50,PML,0.49,0.33623529999999996,1
36940,50,AKT2,1.0500000000000003,0.7777786999999999,1
36941,50,CEP89,0.05,0.0311983,1
36942,50,LZTR1,1.0408340855860843e-17,0.0732689,1
36943,50,YWHAE,0.24000000000000005,0.14769529999999997,1
36944,50,DNAJB1,-0.05,-0.011006900000000003,1
36945,50,PRDM2,0.07,0.055066699999999996,1
36946,50,TPM4,0.52,0.366577,1
36947,50,CREBBP,1.8200000000000012,1.4685570000000003,1
36948,50,PMS2,0.7000000000000002,0.6129515999999999,1
36949,50,DDR2,-0.030000000000000002,-0.016758800000000004,1
36950,50,FANCA,0.36,0.2877993,1
36951,50,PDE4DIP,0.07,0.052489600000000004,1
36952,50,USP8,-0.05,-0.02661,1
36953,50,MYH9,-0.6,-0.1538041,1
36954,50,MYC,-2.0500000000000007,-0.4955321999999998,1
36955,50,NBN,0.6300000000000001,0.49448719999999996,1
36956,50,CCND3,0.04999999999999999,0.0478996,1
36957,50,TRIP11,-0.11,-0.0785228,1
36958,50,CNTRL,-0.060000000000000005,-0.048199000000000006,1
36959,50,PIK3CA,1.6100000000000012,1.2899387,1
36960,50,DDX5,0.17999999999999994,0.24584049999999993,1
36961,50,PICALM,-0.009999999999999998,-0.0017638999999999988,1
36962,50,RARA,0.19,0.2086946,1
36963,50,DDX6,0.09000000000000002,0.13934889999999997,1
36964,50,COL1A1,0.26,0.222426,1
36965,50,VHL,0.24000000000000002,0.17129560000000002,1
36966,50,MAPK1,1.630000000000001,1.1715994,1
36967,50,SRC,0.31000000000000005,0.3906404,1
36968,50,NFE2L2,0.31999999999999995,0.2360013,1
36969,50,MITF,-0.26,-0.0736692,1
36970,50,SMAD3,1.2200000000000009,1.0553749000000003,1
36971,50,RBM15,0.11000000000000001,0.0881294,1
36972,50,ATR,0.8200000000000003,0.6549520000000001,1
36973,50,EPAS1,0.27999999999999997,0.3047166,1
36974,50,TPM3,0.20000000000000007,0.17398260000000002,1
36975,50,RPL10,0.14,0.1333094,1
36976,50,STAG1,0.10999999999999999,0.1353462,1
36977,50,SBDS,-0.03,-0.0119755,1
36978,50,KMT2D,1.0700000000000005,0.8462732000000003,1
36979,50,MED12,0.34,0.2815498,1
36980,50,BCLAF1,-0.09,0.010456899999999998,1
36981,50,ASPSCR1,0.03,0.0317463,1
36982,50,CDK12,0.51,0.3895009,1
36983,50,EWSR1,0.28,0.2745047,1
36984,50,NDRG1,-0.09,-0.0193251,1
36985,50,PSIP1,0.03,0.0352038,1
36986,50,TRIM33,0.09,0.0832547,1
36987,50,MTOR,1.1300000000000006,0.8919160999999997,1
36988,50,ARHGAP35,0.20000000000000004,0.1655363,1
36989,50,POT1,0.03,0.023938300000000003,1
36990,50,EXT1,0.11,0.0798545,1
36991,50,IL6ST,0.33,0.2752941,1
36992,50,IDH2,0.10000000000000003,0.10335970000000001,1
36993,50,SMARCE1,0.4,0.2781393,1
36994,50,CRTC3,0.07999999999999999,0.068096,1
36995,50,TSC1,0.26,0.2766634,1
36996,50,BCOR,-0.13,0.012529900000000004,1
36997,50,SDHA,0.27,0.2002506,1
36998,50,EP300,2.2700000000000005,1.8562944999999997,1
36999,50,HNRNPA2B1,0.55,0.38693549999999993,1
37000,50,CLIP1,-0.15,-0.0776461,1
37001,50,PATZ1,-0.4700000000000001,-0.13111640000000002,1
37002,50,FUBP1,-0.06,0.028127199999999998,1
37003,50,HLA-A,-0.07,0.030916699999999995,1
37004,50,CCNC,-0.3,-0.11590650000000001,1
37005,50,RPN1,-0.22,-0.07741600000000001,1
37006,50,TCF7L2,0.12000000000000001,0.14590949999999997,1
37007,50,CANT1,-0.010000000000000009,0.024702799999999997,1
37008,50,RPL5,-0.6400000000000001,-0.16832560000000002,1
37009,50,CCDC6,0.06,0.0805745,1
37010,50,NCKIPSD,-0.020000000000000004,0.0011512000000000015,1
37011,50,SMARCD1,0.44,0.3623304,1
37012,50,BCL10,0.07,0.0741405,1
37013,50,MAX,-0.05000000000000002,0.025875199999999998,1
37014,50,HERPUD1,0.01,0.0031632,1
37015,50,RAC1,-0.2699999999999999,0.04355230000000001,1
37016,50,FLNA,0.1,0.09118330000000001,1
37017,50,TFE3,-0.5800000000000001,-0.23574679999999998,1
37018,50,NCOR2,0.6300000000000002,0.5447517,1
37019,50,PRPF40B,0.05,0.0315298,1
37020,50,BCL3,-0.060000000000000005,-0.007469300000000002,1
37021,50,TFPT,-0.33999999999999997,-0.1136306,1
37022,50,MLH1,0.7600000000000002,0.6880446000000002,1
37023,50,ARHGAP5,0.16,0.13336130000000002,1
37024,50,CIC,0.01,0.0068472,1
37025,50,LYN,0.8200000000000002,0.6047767000000002,1
37026,50,TCF12,0.3,0.2364462,1
37027,50,KLF6,0.06,0.039188299999999995,1
37028,50,KMT2C,0.9500000000000003,0.8006069000000001,1
37029,50,PIM1,-0.11000000000000001,-0.01046479999999999,1
37030,50,CCND1,1.1100000000000005,0.7356947000000001,1
37031,50,MLLT1,-1.2000000000000004,-0.31987049999999995,1
37032,50,MEN1,-0.06000000000000001,0.0012217999999999882,1
37033,50,CUL3,0.12999999999999998,0.13100130000000001,1
37034,50,RB1,0.7300000000000003,0.5494567000000001,1
37035,50,LPP,-0.1,-0.03222560000000001,1
37036,50,BUB1B,-0.19,-0.0727112,1
37037,50,SMAD4,1.580000000000001,1.2572771,1
37038,50,FGFR1,0.15000000000000002,0.1741478,1
37039,50,TMSB4X,0.03,0.0227742,1
37040,50,CDK4,1.0700000000000005,0.6923159,1
37041,50,MSI2,0.01,0.007382100000000001,1
37042,50,MSH6,1.0400000000000005,0.8394327999999999,1
37043,50,BRAF,1.1300000000000006,0.9744918,1
37044,50,TCEA1,-0.16,-0.027204,1
37045,50,TNFAIP3,0.14,0.1107246,1
37046,50,RABEP1,-0.020000000000000004,-0.013075300000000002,1
37047,50,GMPS,-0.09,-0.04891790000000001,1
37048,50,MDM2,1.3600000000000008,1.0190361000000001,1
37049,50,NSD2,0.21000000000000002,0.1514375,1
37050,50,CASP8,-0.36,0.03336429999999999,1
37051,50,PER1,-0.2,-0.07055940000000001,1
37052,50,UBR5,-0.01,0.017024800000000007,1
37053,50,EIF3E,-0.08000000000000002,0.024219300000000013,1
37054,50,RFWD3,0.020000000000000004,0.025997,1
37055,50,BRD3,0.14,0.10160950000000002,1
37056,50,PAFAH1B2,0.03,0.026619300000000002,1
37057,50,EXT2,0.020000000000000004,0.018052399999999996,1
37058,50,PLCG1,0.6400000000000001,0.4715773,1
37059,50,SF3B1,-0.7200000000000001,-0.2850762,1
37060,50,ARHGEF10L,0.03,0.015268799999999999,1
37061,50,NFATC2,0.24,0.17568119999999998,1
37062,50,SDHD,0.31,0.21874459999999998,1
37063,50,PABPC1,-0.68,-0.1880795,1
37064,50,POLD1,-0.32,-0.058858900000000006,1
37065,50,CALR,-0.010000000000000005,0.06523009999999999,1
37066,50,PIK3CB,0.7400000000000002,0.5810156,1
37067,50,PPM1D,0.25,0.1867568,1
37068,50,ATRX,0.8300000000000003,0.7240995,1
37069,50,DGCR8,0.19,0.14340389999999997,1
37070,50,DDX10,0.18,0.1384155,1
37071,50,DROSHA,0.48000000000000004,0.3655069,1
37072,50,TNFRSF14,-0.12,-0.047706,1
37073,50,BCL9L,0.12,0.08664240000000001,1
37074,50,QKI,0.009999999999999998,0.008061900000000002,1
37075,50,BAZ1A,0.01,0.0074017,1
37076,50,CHD4,0.3400000000000001,0.3053224,1
37077,50,NSD3,0.06999999999999999,0.0925403,1
37078,50,NT5C2,0.15000000000000002,0.0938193,1
37079,50,CCNB1IP1,0.12000000000000001,0.054680200000000005,1
37080,50,PCBP1,-0.6500000000000001,-0.18375190000000002,1
37081,50,RALGDS,-0.11000000000000001,0.021899899999999993,1
37082,50,ARHGEF12,0.0,0.02563140000000001,1
37083,50,HSP90AB1,0.8500000000000001,0.6557920000000003,1
37084,50,FOXO3,1.4600000000000009,1.062408,1
37085,50,HIP1,-0.02,-0.011890600000000001,1
37086,50,CDC73,0.05000000000000002,0.0748613,1
37087,50,NIN,-0.009999999999999995,-0.007124000000000002,1
37088,50,MDM4,0.13,0.16279100000000002,1
37089,50,COL3A1,0.21,0.17302670000000003,1
37090,50,CTNND1,0.14,0.1499045,1
37091,50,SPOP,0.1,0.09239159999999999,1
37092,50,TMEM127,0.1,0.053990699999999996,1
37093,50,CREB3L2,0.09999999999999999,0.0605685,1
37094,50,MSH2,1.0700000000000005,0.8463849999999999,1
37095,50,FNBP1,-1.734723475976807e-18,0.013238800000000002,1
37096,50,ATF1,0.11999999999999998,0.0786601,1
37097,50,EIF1AX,-0.5299999999999999,-0.20512509999999998,1
37098,50,PMS1,0.49999999999999994,0.3892061,1
37099,50,DEK,0.11,0.12810680000000002,1
37100,50,ERBB2,1.0500000000000005,0.6991024999999998,1
37101,50,AKT1,1.1800000000000006,0.7936534999999997,1
37102,50,CHEK2,0.5,0.5186584999999999,1
37103,50,SDHB,0.41000000000000003,0.30095570000000005,1
37104,50,NCOA1,0.44999999999999996,0.345687,1
37105,50,CHIC2,0.09,0.060897700000000006,1
37106,50,RUNX1,-0.050000000000000044,0.5502190000000002,1
37107,50,STAT6,0.37,0.3226941,1
37108,50,FH,-0.05000000000000002,-0.00039180000000000464,1
37109,50,AKT3,1.1900000000000006,0.8673993,1
37110,50,GNAS,0.3400000000000001,0.2310689,1
37111,50,CTNNB1,1.3800000000000006,0.9562758999999998,1
37112,50,NONO,0.3400000000000001,0.2770426,1
37113,50,SMARCB1,1.0500000000000005,0.7912925,1
37114,50,PRKAR1A,0.17,0.1555959,1
37115,50,ITGAV,0.019999999999999993,0.04779139999999999,1
37116,50,SS18,0.41000000000000003,0.28118160000000003,1
37117,50,MAP2K1,0.9100000000000004,0.5893149999999999,1
37118,50,SIRPA,-0.04,-0.010981799999999998,1
37119,50,PPFIBP1,0.38,0.27773590000000004,1
37120,50,RPL22,-0.29,0.0971525,1
37121,50,CYLD,0.29000000000000004,0.2269933,1
37122,50,ARID1B,0.8400000000000001,0.6400251000000001,1
37123,50,SETDB1,0.33,0.2360131,1
37124,50,AFDN,-0.30999999999999994,-0.10272340000000002,1
37125,50,ZRSR2,0.030000000000000027,0.02738579999999999,1
37126,50,PBRM1,1.0000000000000004,0.7353902999999998,1
37127,50,XPC,0.5,0.32120469999999995,1
37128,50,ASXL2,0.27,0.1907333,1
37129,50,TRIM24,-0.18,-0.03219360000000001,1
37130,50,SFPQ,-0.31000000000000005,-0.06902470000000001,1
37131,50,NCOA2,0.5900000000000001,0.46469850000000007,1
37132,50,FOXO4,0.38,0.2536394,1
37133,50,LEF1,0.20999999999999996,0.1907745,1
37134,50,B2M,-0.26,-0.11319570000000001,1
37135,50,DDIT3,-0.33,-0.118829,1
37136,50,BCL6,0.35999999999999993,0.30232469999999995,1
37137,50,KRAS,-0.7899999999999999,-0.10386490000000001,1
37138,50,FAT1,0.11,0.08593699999999999,1
37139,50,ABL2,0.04,0.0458729,1
37140,50,NF1,1.3000000000000007,1.0236763,1
37141,50,BTG1,-0.04,-0.019822,1
37142,50,EIF4A2,0.04000000000000001,0.021559400000000006,1
37143,50,SET,0.16999999999999998,0.14097890000000002,1
37144,50,EPS15,0.05,0.048095,1
37145,50,RNF213,0.05,0.0440514,1
37146,50,CTCF,0.9700000000000003,0.6750645,1
37147,50,WDCP,0.19999999999999998,0.1185944,1
37148,50,KAT7,0.15000000000000002,0.12398769999999999,1
37149,50,KDM5C,0.20000000000000004,0.18536509999999998,1
37150,50,TGFBR2,0.07999999999999997,0.1541346,1
37151,50,ATM,0.8800000000000003,0.9070065000000002,1
37152,50,NUMA1,0.030000000000000006,0.03320699999999999,1
37153,50,STAT3,0.6700000000000003,0.770028,1
37154,50,SUB1,-0.11000000000000001,-0.043042699999999996,1
37155,50,NUP98,0.17,0.17933500000000002,1
37156,50,ELL,0.09000000000000001,0.0490145,1
37157,50,MAP3K1,0.51,0.3821725,1
37158,50,MALT1,0.19,0.1647998,1
37159,50,XPO1,0.5500000000000002,0.43161540000000004,1
37160,50,SETD1B,0.27,0.207067,1
37161,50,ETV6,-0.030000000000000002,0.022674,1
37162,50,TBL1XR1,0.18000000000000002,0.1232397,1
37163,50,NUP214,-0.030000000000000037,0.1438996,1
37164,50,TPR,0.13999999999999999,0.1061773,1
37165,50,ATIC,0.09,0.1175639,1
37166,50,NACA,0.22,0.13552599999999998,1
37167,50,MYO5A,0.01,0.0074798,1
37168,50,SMC1A,0.3600000000000001,0.4188989,1
37169,50,LASP1,-0.22999999999999998,-0.1227196,1
37170,50,ERCC5,0.39000000000000007,0.24936699999999998,1
37171,50,JUN,-0.5999999999999999,0.002002499999999966,1
37172,50,THRAP3,0.049999999999999996,0.03766679999999999,1
37173,50,STAG2,0.38000000000000006,0.3366142999999999,1
37174,50,RAF1,0.9100000000000004,0.6794634,1
37175,50,ERCC3,0.5399999999999999,0.4626519,1
37176,50,SMAD2,0.5900000000000003,0.5752182000000001,1
37177,50,TAF15,0.21000000000000002,0.174978,1
37178,50,ARNT,0.24000000000000002,0.2121503,1
37179,50,CLTC,-0.78,-0.3637013,1
37180,50,IKBKB,0.4600000000000003,0.4057512,1
37181,50,IDH1,-0.38,-0.11643210000000001,1
37182,50,SND1,-0.039999999999999994,-0.0014016999999999988,1
37183,50,KNSTRN,0.03,0.0226302,1
37184,50,RHOA,-2.3800000000000003,-0.6251769999999999,1
37185,50,PALB2,0.5900000000000001,0.5038265999999999,1
37186,50,ARID2,0.8600000000000001,0.6599365999999999,1
37187,50,EZR,-0.31999999999999995,-0.095692,1
37188,50,TP53,-0.0900000000000001,0.3564221000000001,1
37189,50,ARAF,0.39999999999999997,0.23356500000000002,1
37190,50,KIF5B,0.5000000000000001,0.37628469999999997,1
37191,50,KAT6A,0.24999999999999994,0.24395129999999995,1
37192,50,KTN1,-0.04,-0.0009565000000000025,1
37193,50,GOLGA5,-0.09000000000000001,-0.0562408,1
37194,50,KDM5A,0.21,0.21330370000000004,1
37195,50,RAD21,0.5499999999999999,0.44880299999999995,1
37196,50,GNAQ,0.31000000000000005,0.24433590000000002,1
37197,50,CAMTA1,0.05,0.037516100000000004,1
37198,50,ERCC2,0.6900000000000001,0.5371219,1
37199,50,EZH2,1.8400000000000014,1.363349,1
37200,50,TOP1,0.25,0.20778519999999998,1
37201,50,SRSF3,-0.38000000000000006,-0.06640539999999999,1
37202,50,NPM1,0.19999999999999998,0.20933450000000003,1
37203,50,BAX,-0.6999999999999998,-0.1674332,1
37204,50,NOTCH2,0.28,0.2344339,1
37205,50,TRAF7,0.02,0.0141062,1
37206,50,KDM6A,0.8000000000000002,0.8083427999999997,1
37207,50,SPEN,0.13,0.1000294,1
37208,50,TRIM27,-0.5199999999999999,-0.1633412,1
37209,50,CRTC1,0.15999999999999998,0.1238036,1
37210,50,EML4,0.25,0.25739809999999996,1
37211,50,USP9X,-0.08,-0.0594532,1
37212,50,PTPRK,-0.01,-0.005833700000000001,1
37213,50,CD74,-0.17,-0.0009943999999999925,1
37214,50,CBL,0.5700000000000001,0.49138609999999994,1
37215,50,ZNF384,0.02,0.016015300000000003,1
37216,50,NOTCH1,1.1000000000000005,0.8133765000000001,1
37217,50,COX6C,-0.14,-0.05223259999999999,1
37218,50,CHCHD7,0.03,0.0183093,1
37219,50,HMGA1,-0.07,-0.025810999999999997,1
37220,50,PTEN,1.460000000000001,1.2740046999999997,1
37221,50,FIP1L1,-0.04,-0.014868399999999997,1
37222,50,JAK1,0.8300000000000003,0.6854433000000001,1
37223,50,ZMYM2,-0.01,-0.0076076999999999985,1
37224,50,SUZ12,0.8500000000000003,0.6376157,1
37225,50,FUS,-0.37,0.025869600000000013,1
37226,50,BAP1,-0.31,-0.12531340000000002,1
37227,50,ZCCHC8,-0.1,-0.025185000000000003,1
37228,50,CRNKL1,0.0,0.0008198000000000007,1
37229,50,RAD17,0.18999999999999997,0.13152670000000002,1
37230,50,ATP1A1,0.03,0.0198925,1
37231,50,DNMT3A,0.9900000000000002,0.8019322000000001,1
37232,50,FBXW7,0.7800000000000002,0.7002695999999999,1
37233,50,WWTR1,-0.15,-0.061396,1
37234,50,CDKN1B,0.3900000000000001,0.3181586999999999,1
37235,50,KMT2A,0.43,0.4137166,1
37236,50,PTPN11,1.1800000000000006,0.9053491999999999,1
37237,50,STAT5B,0.6600000000000001,0.5448082,1
37238,50,CUX1,-0.1,-0.062081599999999994,1
37239,50,ABI1,-0.33,-0.0932138,1
37240,50,BRCA1,1.7900000000000011,1.4199030000000001,1
37241,50,SH2B3,0.08,0.0468867,1
37242,50,AFF4,-0.09,-0.025604100000000005,1
37243,50,NF2,0.11,0.12263539999999996,1
37244,50,LMNA,0.1,0.07450000000000001,1
37245,50,TSC2,0.7700000000000004,0.6261526999999999,1
37246,50,GOLPH3,-0.049999999999999996,-0.0365718,1
37247,50,PCM1,-0.04,-0.030395000000000002,1
37248,50,PPP2R1A,-0.43000000000000005,-0.10497899999999999,1
37249,50,ARID1A,1.8000000000000012,1.3905006,1
37250,50,ABL1,-0.29000000000000015,0.037001699999999964,1
37251,50,AFF1,0.15999999999999998,0.1496334,1
37252,50,DAXX,-0.49,-0.1177264,1
37253,50,CBFB,0.12,0.1213339,1
37254,50,CBLB,0.16000000000000003,0.1361088,1
37255,50,POLR2A,-0.2,0.12208630000000001,1
37256,50,PRKACA,0.17000000000000007,0.25831299999999996,1
37257,50,DNM2,-0.13,-0.0629479,1
37258,50,RAP1GDS1,0.029999999999999985,0.0572749,1
37259,50,NCOR1,0.9600000000000002,0.8630878000000003,1
37260,50,NFKBIE,-0.24,-0.0823537,1
37261,50,DDX3X,0.22,0.21667509999999995,1
37262,50,ELK4,0.03,0.026135399999999996,1
37263,50,MLLT6,0.12000000000000001,0.0861343,1
37264,50,SRSF2,-2.640000000000001,-0.6489406999999999,1
37265,50,CTNNA1,0.14,0.1051119,1
37266,50,RBM10,0.22,0.16292959999999998,1
37267,50,PTPRC,-0.01999999999999998,0.08447170000000001,1
37268,50,HSP90AA1,0.8800000000000003,0.6149593000000001,1
37269,50,NSD1,0.22999999999999998,0.1845888,0
37270,50,DICER1,0.16999999999999998,0.2019322,0
37271,50,BIRC6,0.09999999999999999,0.076461,0
37272,50,SDHC,0.29000000000000004,0.20470329999999995,0
37273,50,TFG,0.33999999999999997,0.19360820000000004,0
37274,50,MAP2K2,0.22000000000000003,0.1846074,0
37275,50,TFRC,-0.18,-0.0902066,0
37276,50,CREB1,0.7900000000000005,0.5884910999999998,0
37277,50,POLG,0.01,0.0036664,0
37278,50,SETD2,0.7000000000000002,0.5813328000000002,0
37279,50,NAB2,-0.27,-0.10845919999999999,0
37280,50,HIF1A,1.5400000000000007,1.0971292000000001,0
37281,50,FLCN,0.039999999999999994,0.0372812,0
37282,50,MAP2K4,-0.01999999999999999,0.0693605,0
37283,50,CNOT3,-0.04,-0.008629299999999998,0
37284,50,CIITA,0.11000000000000001,0.0713965,0
37285,50,LSM14A,0.07,0.06884090000000001,0
37286,50,AKAP9,-0.08,-0.029637999999999994,0
37287,50,MSN,-0.24000000000000002,-0.049547299999999996,0
37288,50,BCR,0.030000000000000013,0.043831699999999994,0
37289,50,TRRAP,0.020000000000000028,0.1210495,0
37290,50,PPP6C,-0.15000000000000002,-0.07800690000000002,0
37291,50,NCOA4,-0.16,-0.0872058,0
37292,50,BCL9,0.12,0.09686799999999998,0
37293,50,PRCC,0.020000000000000007,0.017386299999999997,0
37294,50,LARP4B,0.0,0.0,0
37295,50,CHD2,0.01,0.007264199999999999,0
37296,50,ASXL1,0.6200000000000001,0.5214136,0
37297,50,SMARCA4,1.3400000000000007,0.9866599000000003,0
37298,50,ERC1,-0.03,-0.0221343,0
37299,50,DCTN1,-0.33999999999999997,-0.17391879999999998,0
37300,50,PIK3R1,1.3900000000000008,0.9581924999999997,0
37301,50,EED,-0.11,0.005029199999999984,0
37302,50,CNBP,0.01,0.0052064,0
37303,50,SGK1,0.33,0.19536589999999998,0
37304,50,MLLT10,-0.030000000000000002,-0.0018887000000000088,0
37305,50,BRD4,1.0300000000000005,0.7685422,0
37306,50,RANBP2,0.16,0.1837855,0
37307,50,FBXO11,0.06,0.046107300000000004,0
37308,50,PML,0.33000000000000007,0.24420330000000004,0
37309,50,AKT2,0.9600000000000003,0.6591220999999999,0
37310,50,CEP89,0.07,0.0427507,0
37311,50,LZTR1,0.07999999999999999,0.07542789999999999,0
37312,50,YWHAE,0.29000000000000004,0.1898362,0
37313,50,DNAJB1,-0.020000000000000004,0.0003275000000000014,0
37314,50,PRDM2,0.0,0.00017390000000000027,0
37315,50,TPM4,0.49000000000000005,0.3224144,0
37316,50,CREBBP,1.650000000000001,1.3501460000000003,0
37317,50,PMS2,0.6700000000000002,0.5951300000000002,0
37318,50,DDR2,0.04,0.026677100000000002,0
37319,50,FANCA,0.34,0.2841100999999999,0
37320,50,PDE4DIP,0.05,0.033634500000000005,0
37321,50,USP8,-0.1,-0.042175000000000004,0
37322,50,MYH9,-0.3,-0.050665,0
37323,50,MYC,-1.2700000000000002,-0.4854437999999998,0
37324,50,NBN,0.4800000000000001,0.3484463,0
37325,50,CCND3,-0.09000000000000002,0.008633400000000003,0
37326,50,TRIP11,-0.15,-0.0980292,0
37327,50,CNTRL,-0.06,-0.040606,0
37328,50,PIK3CA,1.610000000000001,1.1312837,0
37329,50,DDX5,0.45,0.37556709999999993,0
37330,50,PICALM,-0.009999999999999995,-0.003965499999999997,0
37331,50,RARA,0.49000000000000005,0.35671590000000003,0
37332,50,DDX6,0.009999999999999992,0.0710358,0
37333,50,COL1A1,0.15000000000000002,0.1414832,0
37334,50,VHL,0.16,0.1182029,0
37335,50,MAPK1,1.650000000000001,1.0715796,0
37336,50,SRC,-1.1400000000000001,-0.180298,0
37337,50,NFE2L2,0.21,0.15870849999999997,0
37338,50,MITF,-0.33999999999999997,-0.0914466,0
37339,50,SMAD3,1.270000000000001,0.9344141000000001,0
37340,50,RBM15,0.06000000000000001,0.0522034,0
37341,50,ATR,0.6900000000000003,0.5771963999999999,0
37342,50,EPAS1,0.37999999999999995,0.33603589999999994,0
37343,50,TPM3,0.27,0.19291780000000003,0
37344,50,RPL10,0.14,0.12706160000000002,0
37345,50,STAG1,0.13,0.134509,0
37346,50,SBDS,-0.05,-0.0186355,0
37347,50,KMT2D,0.9300000000000004,0.6739959000000001,0
37348,50,MED12,0.30000000000000004,0.2308392,0
37349,50,BCLAF1,-0.019999999999999997,0.028719500000000005,0
37350,50,ASPSCR1,-0.039999999999999994,-0.011740899999999999,0
37351,50,CDK12,0.2,0.1445228,0
37352,50,EWSR1,0.47,0.3756091,0
37353,50,NDRG1,-0.020000000000000007,-0.005472799999999998,0
37354,50,PSIP1,-0.17,-0.0788698,0
37355,50,TRIM33,0.03,0.030839800000000007,0
37356,50,MTOR,1.2500000000000007,0.8868617999999998,0
37357,50,ARHGAP35,0.14000000000000004,0.1357315,0
37358,50,POT1,-0.060000000000000005,-0.017053400000000003,0
37359,50,EXT1,0.1,0.06471,0
37360,50,IL6ST,0.27,0.2020031,0
37361,50,IDH2,0.0,0.0534312,0
37362,50,SMARCE1,0.55,0.3614152,0
37363,50,CRTC3,0.09,0.0675053,0
37364,50,TSC1,0.36,0.29145760000000004,0
37365,50,BCOR,-0.15999999999999998,-0.022397299999999995,0
37366,50,SDHA,0.24000000000000002,0.14746250000000002,0
37367,50,EP300,1.6000000000000012,1.2658753999999994,0
37368,50,HNRNPA2B1,0.23,0.22418970000000002,0
37369,50,CLIP1,-0.15,-0.08552590000000002,0
37370,50,PATZ1,-0.44000000000000006,-0.12477570000000002,0
37371,50,FUBP1,-0.07000000000000002,0.0190415,0
37372,50,HLA-A,-0.17000000000000004,0.006858099999999992,0
37373,50,CCNC,-0.06,-0.022282299999999998,0
37374,50,RPN1,-0.32000000000000006,-0.0641691,0
37375,50,TCF7L2,0.03999999999999996,0.06675619999999999,0
37376,50,CANT1,0.11,0.0685906,0
37377,50,RPL5,-0.73,-0.17948380000000003,0
37378,50,CCDC6,-0.03,0.038650199999999996,0
37379,50,NCKIPSD,0.019999999999999997,0.011330399999999997,0
37380,50,SMARCD1,0.48,0.35054510000000005,0
37381,50,BCL10,0.030000000000000013,0.042873499999999995,0
37382,50,MAX,1.734723475976807e-18,0.010698999999999997,0
37383,50,HERPUD1,0.02,0.008373199999999999,0
37384,50,RAC1,-0.12999999999999998,0.042038099999999995,0
37385,50,FLNA,0.03000000000000001,0.0682628,0
37386,50,TFE3,-0.37,-0.1698117,0
37387,50,NCOR2,0.7200000000000002,0.5376676,0
37388,50,PRPF40B,-0.05,-0.0260726,0
37389,50,BCL3,-0.09000000000000002,-0.021931699999999988,0
37390,50,TFPT,-0.26,-0.0942942,0
37391,50,MLH1,0.7900000000000003,0.6662004,0
37392,50,ARHGAP5,0.12,0.10619559999999999,0
37393,50,CIC,-0.01,-0.0063411,0
37394,50,LYN,0.8300000000000002,0.5838192,0
37395,50,TCF12,0.27999999999999997,0.2126765,0
37396,50,KLF6,0.05,0.029747799999999998,0
37397,50,KMT2C,1.0500000000000005,0.7917822,0
37398,50,PIM1,-0.17000000000000004,-0.055503600000000014,0
37399,50,CCND1,1.2300000000000006,0.7612068000000001,0
37400,50,MLLT1,-0.8500000000000001,-0.2698339,0
37401,50,MEN1,0.020000000000000007,0.05294819999999999,0
37402,50,CUL3,0.17,0.1429897,0
37403,50,RB1,0.6900000000000002,0.4913018,0
37404,50,LPP,-0.06,-0.0198093,0
37405,50,BUB1B,-0.13,-0.06562690000000002,0
37406,50,SMAD4,1.4000000000000008,1.0406730000000002,0
37407,50,FGFR1,0.24999999999999997,0.1633609,0
37408,50,TMSB4X,0.04,0.0300956,0
37409,50,CDK4,0.5000000000000001,0.3633029,0
37410,50,MSI2,0.0,0.0,0
37411,50,MSH6,0.9100000000000004,0.7283330999999998,0
37412,50,BRAF,0.8800000000000003,0.7641862,0
37413,50,TCEA1,-0.08999999999999998,-0.013933400000000002,0
37414,50,TNFAIP3,0.17,0.1444329,0
37415,50,RABEP1,-0.02,-0.014323399999999998,0
37416,50,GMPS,-0.06000000000000001,-0.035598800000000014,0
37417,50,MDM2,1.1700000000000006,0.7707612999999999,0
37418,50,NSD2,0.2,0.13995390000000002,0
37419,50,CASP8,-0.12000000000000006,0.1479922,0
37420,50,PER1,-0.21999999999999997,-0.054666799999999995,0
37421,50,UBR5,-0.08999999999999998,-0.042887999999999996,0
37422,50,EIF3E,-0.09,0.0431073,0
37423,50,RFWD3,0.020000000000000004,0.026875700000000002,0
37424,50,BRD3,0.11000000000000001,0.1031481,0
37425,50,PAFAH1B2,0.02,0.0160048,0
37426,50,EXT2,0.020000000000000004,0.012702000000000005,0
37427,50,PLCG1,0.52,0.36812480000000003,0
37428,50,SF3B1,-0.21,-0.0808372,0
37429,50,ARHGEF10L,0.02,0.0111108,0
37430,50,NFATC2,0.2,0.14189680000000002,0
37431,50,SDHD,0.25,0.1400371,0
37432,50,PABPC1,-0.77,-0.2050003,0
37433,50,POLD1,-0.29,-0.06990949999999999,0
37434,50,CALR,0.07,0.05567189999999998,0
37435,50,PIK3CB,0.6200000000000001,0.46411169999999996,0
37436,50,PPM1D,0.15000000000000002,0.1168038,0
37437,50,ATRX,0.9200000000000005,0.7160941999999999,0
37438,50,DGCR8,0.15,0.0957018,0
37439,50,DDX10,0.10999999999999999,0.0737275,0
37440,50,DROSHA,0.42000000000000004,0.30115629999999993,0
37441,50,TNFRSF14,-0.16,-0.051915199999999995,0
37442,50,BCL9L,0.13,0.0904369,0
37443,50,QKI,-0.09999999999999999,-0.05999940000000001,0
37444,50,BAZ1A,0.01,0.006949100000000001,0
37445,50,CHD4,0.06000000000000004,0.09801800000000002,0
37446,50,NSD3,0.06999999999999999,0.0560852,0
37447,50,NT5C2,0.15,0.09422699999999999,0
37448,50,CCNB1IP1,0.1,0.0437034,0
37449,50,PCBP1,-0.71,-0.23135460000000002,0
37450,50,RALGDS,0.12,0.09370930000000001,0
37451,50,ARHGEF12,-0.009999999999999998,0.000774600000000002,0
37452,50,HSP90AB1,0.9400000000000002,0.6401886,0
37453,50,FOXO3,1.2800000000000007,0.8714230999999997,0
37454,50,HIP1,-0.01,-0.005673300000000001,0
37455,50,CDC73,-0.13999999999999999,-0.021976099999999988,0
37456,50,NIN,0.019999999999999997,0.015940799999999998,0
37457,50,MDM4,0.13999999999999999,0.15691540000000004,0
37458,50,COL3A1,0.18,0.1509971,0
37459,50,CTNND1,0.16000000000000003,0.1480173,0
37460,50,SPOP,-0.030000000000000006,0.013434799999999993,0
37461,50,TMEM127,0.11,0.0794329,0
37462,50,CREB3L2,0.14,0.0848579,0
37463,50,MSH2,0.8900000000000003,0.6901404,0
37464,50,FNBP1,0.02,0.0166937,0
37465,50,ATF1,0.039999999999999994,0.025406799999999993,0
37466,50,EIF1AX,-0.38000000000000006,-0.19025870000000003,0
37467,50,PMS1,0.52,0.4045028,0
37468,50,DEK,0.1,0.09971730000000001,0
37469,50,ERBB2,1.1400000000000006,0.7271941000000004,0
37470,50,AKT1,0.7500000000000004,0.49641730000000006,0
37471,50,CHEK2,0.33,0.37492499999999995,0
37472,50,SDHB,0.42,0.27927430000000003,0
37473,50,NCOA1,0.41999999999999993,0.2866742,0
37474,50,CHIC2,0.060000000000000005,0.03571710000000001,0
37475,50,RUNX1,0.25,0.5537091000000001,0
37476,50,STAT6,0.26,0.1941187,0
37477,50,FH,-0.19,-0.0726202,0
37478,50,AKT3,1.0200000000000002,0.6814953999999998,0
37479,50,GNAS,0.22999999999999995,0.14195400000000002,0
37480,50,CTNNB1,1.4000000000000008,0.9247387999999995,0
37481,50,NONO,0.11,0.0807642,0
37482,50,SMARCB1,0.9000000000000004,0.6534822000000002,0
37483,50,PRKAR1A,0.06999999999999999,0.0785455,0
37484,50,ITGAV,0.010000000000000005,0.02640260000000001,0
37485,50,SS18,0.37,0.23470230000000003,0
37486,50,MAP2K1,1.0400000000000005,0.6693558,0
37487,50,SIRPA,0.0,0.0005950000000000018,0
37488,50,PPFIBP1,0.38,0.2517731,0
37489,50,RPL22,-0.25,0.08483690000000002,0
37490,50,CYLD,0.29000000000000004,0.2268699,0
37491,50,ARID1B,0.6300000000000001,0.4630821,0
37492,50,SETDB1,0.3,0.2176707,0
37493,50,AFDN,-0.31,-0.12821920000000003,0
37494,50,ZRSR2,0.28,0.20415839999999996,0
37495,50,PBRM1,0.9000000000000004,0.6429542,0
37496,50,XPC,0.6300000000000001,0.4519262,0
37497,50,ASXL2,0.18,0.1176616,0
37498,50,TRIM24,-0.24000000000000002,-0.12022300000000002,0
37499,50,SFPQ,-0.10999999999999999,0.005442200000000008,0
37500,50,NCOA2,0.49000000000000005,0.3316071,0
37501,50,FOXO4,0.29000000000000004,0.2037771,0
37502,50,LEF1,0.12000000000000002,0.1061692,0
37503,50,B2M,-0.5000000000000001,-0.1937423,0
37504,50,DDIT3,-0.42000000000000004,-0.10943230000000001,0
37505,50,BCL6,0.6600000000000001,0.4785109,0
37506,50,KRAS,-0.99,-0.25605539999999993,0
37507,50,FAT1,0.04,0.0419007,0
37508,50,ABL2,0.10000000000000002,0.070785,0
37509,50,NF1,0.6700000000000002,0.5536905999999999,0
37510,50,BTG1,-0.01,-0.0057020000000000005,0
37511,50,EIF4A2,0.07999999999999999,0.0761414,0
37512,50,SET,0.17,0.1435387,0
37513,50,EPS15,0.019999999999999997,0.025122099999999994,0
37514,50,RNF213,0.03,0.0245271,0
37515,50,CTCF,0.8900000000000003,0.6541492,0
37516,50,WDCP,0.10999999999999999,0.07058500000000001,0
37517,50,KAT7,0.08999999999999998,0.0696586,0
37518,50,KDM5C,0.19,0.1665012,0
37519,50,TGFBR2,0.19,0.18382440000000005,0
37520,50,ATM,1.510000000000001,1.1261332000000006,0
37521,50,NUMA1,-0.039999999999999994,-0.013094899999999996,0
37522,50,STAT3,1.1500000000000006,0.9494386000000001,0
37523,50,SUB1,-0.22000000000000003,-0.0896585,0
37524,50,NUP98,0.020000000000000018,0.046239200000000015,0
37525,50,ELL,0.08,0.0531321,0
37526,50,MAP3K1,0.47000000000000003,0.3430192,0
37527,50,MALT1,0.18000000000000002,0.15938639999999998,0
37528,50,XPO1,0.28,0.2244453,0
37529,50,SETD1B,0.11,0.0838096,0
37530,50,ETV6,-0.22999999999999995,-0.1001676,0
37531,50,TBL1XR1,0.21000000000000002,0.14350500000000002,0
37532,50,NUP214,0.020000000000000028,0.08335340000000001,0
37533,50,TPR,0.11000000000000001,0.09583979999999999,0
37534,50,ATIC,2.42861286636753e-17,0.011724200000000008,0
37535,50,NACA,0.24,0.1651224,0
37536,50,MYO5A,0.020000000000000004,0.018815000000000005,0
37537,50,SMC1A,0.6200000000000001,0.5209722,0
37538,50,LASP1,-0.16999999999999998,-0.1035417,0
37539,50,ERCC5,0.4600000000000001,0.3053344,0
37540,50,JUN,0.33999999999999997,0.38420519999999997,0
37541,50,THRAP3,0.08,0.06978300000000001,0
37542,50,STAG2,0.48,0.37927510000000003,0
37543,50,RAF1,1.0900000000000003,0.7615407000000002,0
37544,50,ERCC3,0.49000000000000005,0.41850139999999997,0
37545,50,SMAD2,0.5100000000000002,0.4472113,0
37546,50,TAF15,0.15000000000000002,0.13526090000000002,0
37547,50,ARNT,0.32000000000000006,0.25544550000000005,0
37548,50,CLTC,-0.51,-0.2736607,0
37549,50,IKBKB,0.4400000000000002,0.376003,0
37550,50,IDH1,-0.37999999999999995,-0.07342960000000001,0
37551,50,SND1,-0.04,-0.0248736,0
37552,50,KNSTRN,0.03,0.0238749,0
37553,50,RHOA,-1.0800000000000003,-0.3089105,0
37554,50,PALB2,0.5900000000000001,0.4887513,0
37555,50,ARID2,0.7000000000000002,0.5267224,0
37556,50,EZR,-0.030000000000000006,0.033390800000000005,0
37557,50,TP53,-0.9599999999999997,-0.049092199999999996,0
37558,50,ARAF,0.3500000000000001,0.19434130000000002,0
37559,50,KIF5B,0.4,0.28843219999999997,0
37560,50,KAT6A,0.19,0.175566,0
37561,50,KTN1,-0.09000000000000001,-0.026172800000000003,0
37562,50,GOLGA5,-0.12000000000000001,-0.07836629999999999,0
37563,50,KDM5A,0.22999999999999998,0.2002675,0
37564,50,RAD21,0.45000000000000007,0.3545906,0
37565,50,GNAQ,0.11,0.0813662,0
37566,50,CAMTA1,0.0,0.0005789000000000002,0
37567,50,ERCC2,0.6000000000000001,0.42622869999999996,0
37568,50,EZH2,1.7900000000000011,1.1374731999999999,0
37569,50,TOP1,0.15000000000000002,0.13175069999999997,0
37570,50,SRSF3,-0.33000000000000007,-0.11512530000000001,0
37571,50,NPM1,-0.21000000000000002,0.0553196,0
37572,50,BAX,-0.5,-0.15012150000000002,0
37573,50,NOTCH2,0.28,0.22175440000000002,0
37574,50,TRAF7,0.03,0.0228579,0
37575,50,KDM6A,0.8100000000000003,0.6631079000000001,0
37576,50,SPEN,0.06999999999999999,0.0527434,0
37577,50,TRIM27,-0.36,-0.1365568,0
37578,50,CRTC1,0.12000000000000001,0.09460620000000002,0
37579,50,EML4,0.16999999999999998,0.15504729999999997,0
37580,50,USP9X,-0.09999999999999998,-0.060700399999999995,0
37581,50,PTPRK,0.01,0.006933700000000001,0
37582,50,CD74,-0.16,-0.015396899999999996,0
37583,50,CBL,0.6100000000000001,0.4367748,0
37584,50,ZNF384,-0.09,-0.048354600000000005,0
37585,50,NOTCH1,1.0300000000000005,0.7759866,0
37586,50,COX6C,-0.12,-0.05374709999999999,0
37587,50,CHCHD7,0.03,0.0201141,0
37588,50,HMGA1,-0.16,-0.0663672,0
37589,50,PTEN,1.590000000000001,1.2100228,0
37590,50,FIP1L1,-0.029999999999999992,-0.018233499999999986,0
37591,50,JAK1,0.8400000000000003,0.6505175999999999,0
37592,50,ZMYM2,-0.09000000000000001,-0.05921810000000001,0
37593,50,SUZ12,0.78,0.5614757,0
37594,50,FUS,-0.2,0.10897029999999995,0
37595,50,BAP1,0.039999999999999994,0.06485270000000001,0
37596,50,ZCCHC8,-0.08,-0.0220776,0
37597,50,CRNKL1,-0.05,-0.0303972,0
37598,50,RAD17,0.09,0.061367599999999994,0
37599,50,ATP1A1,-0.02,-0.007679199999999999,0
37600,50,DNMT3A,0.9300000000000004,0.666977,0
37601,50,FBXW7,1.0800000000000005,0.8088032999999999,0
37602,50,WWTR1,-0.08,-0.041764100000000005,0
37603,50,CDKN1B,0.63,0.3847168,0
37604,50,KMT2A,0.3600000000000001,0.29637889999999995,0
37605,50,PTPN11,0.9000000000000001,0.6665990000000003,0
37606,50,STAT5B,0.6,0.46811819999999993,0
37607,50,CUX1,-0.13,-0.08440769999999999,0
37608,50,ABI1,-0.39000000000000007,-0.1293836,0
37609,50,BRCA1,1.6400000000000012,1.2819724000000001,0
37610,50,SH2B3,0.05,0.0384515,0
37611,50,AFF4,0.06000000000000001,0.0641689,0
37612,50,NF2,0.07999999999999999,0.1157096,0
37613,50,LMNA,1.0408340855860843e-17,0.030533699999999997,0
37614,50,TSC2,0.6700000000000002,0.5159628,0
37615,50,GOLPH3,-0.11,-0.0632027,0
37616,50,PCM1,-0.07,-0.0438789,0
37617,50,PPP2R1A,-0.52,-0.17810460000000003,0
37618,50,ARID1A,1.740000000000001,1.2204608,0
37619,50,ABL1,0.21000000000000008,0.18886550000000002,0
37620,50,AFF1,0.27999999999999997,0.2097986,0
37621,50,DAXX,-0.33999999999999997,-0.09254070000000003,0
37622,50,CBFB,0.10999999999999999,0.08657500000000001,0
37623,50,CBLB,0.13,0.09681290000000001,0
37624,50,POLR2A,0.13999999999999999,0.19111760000000008,0
37625,50,PRKACA,0.3000000000000001,0.24384960000000003,0
37626,50,DNM2,-0.13,-0.049496100000000015,0
37627,50,RAP1GDS1,-0.05999999999999999,-0.020792300000000003,0
37628,50,NCOR1,0.9100000000000004,0.7460458,0
37629,50,NFKBIE,-0.18000000000000002,-0.0619666,0
37630,50,DDX3X,0.09000000000000001,0.10631209999999999,0
37631,50,ELK4,0.02,0.0151552,0
37632,50,MLLT6,0.11,0.0836635,0
37633,50,SRSF2,-1.1,-0.33489810000000003,0
37634,50,CTNNA1,0.09000000000000001,0.0680354,0
37635,50,RBM10,0.21000000000000002,0.1459229,0
37636,50,PTPRC,0.04999999999999999,0.0788804,0
37637,50,HSP90AA1,1.0000000000000004,0.6726165000000002,0
37638,51,NSD1,0.33,0.2942287,1
37639,51,DICER1,0.20000000000000007,0.2527221999999999,1
37640,51,BIRC6,0.09999999999999999,0.1033538,1
37641,51,SDHC,0.4,0.29626089999999994,1
37642,51,TFG,0.19000000000000003,0.12658650000000002,1
37643,51,MAP2K2,0.26999999999999996,0.19380270000000002,1
37644,51,TFRC,-0.25,-0.08970829999999999,1
37645,51,CREB1,0.9000000000000005,0.7991435999999997,1
37646,51,POLG,-0.02,-0.005647999999999999,1
37647,51,SETD2,0.6300000000000003,0.58198,1
37648,51,NAB2,-0.53,-0.1500678,1
37649,51,HIF1A,1.560000000000001,1.2383472999999996,1
37650,51,FLCN,-0.07,0.019526299999999996,1
37651,51,MAP2K4,0.12000000000000001,0.1585717,1
37652,51,CNOT3,0.06,0.05878850000000001,1
37653,51,CIITA,0.1,0.06345150000000001,1
37654,51,LSM14A,0.15000000000000002,0.12694260000000002,1
37655,51,AKAP9,-0.06,0.00983260000000001,1
37656,51,MSN,-0.15000000000000002,-0.0358024,1
37657,51,BCR,-0.12999999999999998,0.03229,1
37658,51,TRRAP,0.05000000000000003,0.20612770000000002,1
37659,51,PPP6C,-0.14,-0.05928,1
37660,51,NCOA4,-0.11000000000000004,-0.027327100000000017,1
37661,51,BCL9,0.21000000000000002,0.17122750000000003,1
37662,51,PRCC,0.05,0.04113590000000001,1
37663,51,LARP4B,0.02,0.014505200000000001,1
37664,51,CHD2,0.02,0.018310200000000002,1
37665,51,ASXL1,0.29000000000000004,0.3521448999999999,1
37666,51,SMARCA4,2.000000000000001,1.5744358000000003,1
37667,51,ERC1,-0.03,-0.0223065,1
37668,51,DCTN1,-0.010000000000000009,0.024528100000000008,1
37669,51,PIK3R1,1.2800000000000007,1.0532894000000002,1
37670,51,EED,0.16,0.1215043,1
37671,51,CNBP,0.02,0.012033199999999999,1
37672,51,SGK1,0.48,0.32309969999999993,1
37673,51,MLLT10,-0.20999999999999996,-0.11788679999999999,1
37674,51,BRD4,0.9300000000000003,0.8395123,1
37675,51,RANBP2,0.2799999999999999,0.26829189999999997,1
37676,51,FBXO11,0.07,0.0563269,1
37677,51,PML,0.33,0.25857870000000005,1
37678,51,AKT2,1.0800000000000003,0.8020941,1
37679,51,CEP89,0.060000000000000005,0.040586,1
37680,51,LZTR1,0.10999999999999999,0.11837709999999999,1
37681,51,YWHAE,0.26,0.1738403,1
37682,51,DNAJB1,-0.1,-0.0325716,1
37683,51,PRDM2,0.06,0.050200400000000006,1
37684,51,TPM4,0.52,0.3770937,1
37685,51,CREBBP,2.0600000000000014,1.6971540999999997,1
37686,51,PMS2,0.7400000000000002,0.6462996,1
37687,51,DDR2,-0.009999999999999998,-0.0104158,1
37688,51,FANCA,0.33999999999999997,0.2822736,1
37689,51,PDE4DIP,0.08,0.0640156,1
37690,51,USP8,-0.039999999999999994,-0.013498599999999993,1
37691,51,MYH9,-0.45999999999999996,-0.12060950000000002,1
37692,51,MYC,-2.040000000000001,-0.4949017999999999,1
37693,51,NBN,0.6000000000000001,0.4869117,1
37694,51,CCND3,-0.09,-0.006382099999999998,1
37695,51,TRIP11,-0.08,-0.061651,1
37696,51,CNTRL,-0.07,-0.05581710000000001,1
37697,51,PIK3CA,1.280000000000001,1.1194780000000002,1
37698,51,DDX5,0.23999999999999994,0.2790107,1
37699,51,PICALM,0.010000000000000002,0.010840799999999998,1
37700,51,RARA,-0.14999999999999997,0.0361342,1
37701,51,DDX6,0.05,0.1247825,1
37702,51,COL1A1,0.22,0.1941476,1
37703,51,VHL,0.30000000000000004,0.23286879999999993,1
37704,51,MAPK1,1.830000000000001,1.3287782000000001,1
37705,51,SRC,0.25000000000000006,0.35150490000000006,1
37706,51,NFE2L2,0.32999999999999996,0.2462154,1
37707,51,MITF,-0.22000000000000003,-0.0377094,1
37708,51,SMAD3,1.2000000000000008,1.1801323999999997,1
37709,51,RBM15,0.11,0.09344179999999999,1
37710,51,ATR,0.7100000000000002,0.5847576999999999,1
37711,51,EPAS1,0.38,0.38966880000000004,1
37712,51,TPM3,0.19999999999999998,0.16295429999999997,1
37713,51,RPL10,0.11,0.11818129999999999,1
37714,51,STAG1,0.13,0.162001,1
37715,51,SBDS,-0.05,-0.017875500000000002,1
37716,51,KMT2D,0.9700000000000004,0.7963967,1
37717,51,MED12,0.38,0.3360974,1
37718,51,BCLAF1,-0.020000000000000004,0.037660200000000005,1
37719,51,ASPSCR1,-0.019999999999999997,-0.004319200000000002,1
37720,51,CDK12,0.53,0.434038,1
37721,51,EWSR1,0.27999999999999997,0.3057208,1
37722,51,NDRG1,-0.009999999999999997,0.006644500000000001,1
37723,51,PSIP1,0.11,0.1027682,1
37724,51,TRIM33,0.11,0.10107849999999999,1
37725,51,MTOR,1.0800000000000005,0.8891932000000002,1
37726,51,ARHGAP35,0.14,0.14437719999999998,1
37727,51,POT1,1.734723475976807e-18,0.0089311,1
37728,51,EXT1,0.11,0.0779009,1
37729,51,IL6ST,0.33,0.2797738,1
37730,51,IDH2,-0.13,-0.014195700000000009,1
37731,51,SMARCE1,0.44,0.30749880000000007,1
37732,51,CRTC3,0.09,0.073207,1
37733,51,TSC1,0.33,0.32130099999999995,1
37734,51,BCOR,-0.1,0.020375999999999995,1
37735,51,SDHA,0.21999999999999997,0.16748210000000002,1
37736,51,EP300,2.3600000000000003,1.9939834999999997,1
37737,51,HNRNPA2B1,0.5400000000000001,0.38827350000000005,1
37738,51,CLIP1,-0.12999999999999998,-0.0756708,1
37739,51,PATZ1,-0.55,-0.14370899999999998,1
37740,51,FUBP1,-0.13999999999999999,0.007416599999999993,1
37741,51,HLA-A,-0.06999999999999999,0.02743400000000001,1
37742,51,CCNC,-0.32,-0.12263710000000001,1
37743,51,RPN1,-0.24,-0.08293530000000002,1
37744,51,TCF7L2,0.06,0.13351669999999996,1
37745,51,CANT1,0.020000000000000004,0.02343639999999999,1
37746,51,RPL5,-0.54,-0.15377870000000005,1
37747,51,CCDC6,0.06,0.09285089999999999,1
37748,51,NCKIPSD,-0.05,-0.0166505,1
37749,51,SMARCD1,0.45,0.37882360000000004,1
37750,51,BCL10,-0.07,0.020683800000000006,1
37751,51,MAX,3.469446951953614e-18,0.0536865,1
37752,51,HERPUD1,-0.02,-0.0057264,1
37753,51,RAC1,-0.1,0.08697280000000002,1
37754,51,FLNA,0.11000000000000001,0.0995024,1
37755,51,TFE3,-0.8700000000000001,-0.3064502,1
37756,51,NCOR2,0.6000000000000002,0.5365670000000001,1
37757,51,PRPF40B,0.06,0.0404418,1
37758,51,BCL3,-0.13,-0.03267979999999999,1
37759,51,TFPT,-0.34,-0.1087028,1
37760,51,MLH1,0.7000000000000002,0.6628145000000001,1
37761,51,ARHGAP5,0.12000000000000001,0.11957390000000001,1
37762,51,CIC,0.01,0.0073153,1
37763,51,LYN,0.72,0.5691084999999999,1
37764,51,TCF12,0.36000000000000004,0.2919673,1
37765,51,KLF6,0.03,0.024659300000000002,1
37766,51,KMT2C,0.9300000000000003,0.7933270000000001,1
37767,51,PIM1,-0.13000000000000003,-0.02758360000000001,1
37768,51,CCND1,1.1100000000000005,0.7402445000000001,1
37769,51,MLLT1,-1.3500000000000003,-0.3716142999999999,1
37770,51,MEN1,0.09999999999999999,0.08857720000000001,1
37771,51,CUL3,0.13,0.16549060000000002,1
37772,51,RB1,0.7000000000000001,0.5664452999999999,1
37773,51,LPP,-0.17,-0.033610799999999996,1
37774,51,BUB1B,-0.13,-0.044910599999999995,1
37775,51,SMAD4,1.740000000000001,1.4307706999999994,1
37776,51,FGFR1,0.34,0.2970577999999999,1
37777,51,TMSB4X,0.03,0.022844999999999997,1
37778,51,CDK4,0.9900000000000004,0.6872972,1
37779,51,MSI2,0.01,0.00777,1
37780,51,MSH6,1.0400000000000005,0.8395410000000001,1
37781,51,BRAF,1.1500000000000006,1.0446383000000001,1
37782,51,TCEA1,-0.07,0.007045500000000003,1
37783,51,TNFAIP3,0.14,0.14954170000000003,1
37784,51,RABEP1,-0.010000000000000002,-0.0074754999999999995,1
37785,51,GMPS,-0.06,-0.03383210000000001,1
37786,51,MDM2,1.2900000000000007,1.0051802,1
37787,51,NSD2,0.22999999999999998,0.17339469999999998,1
37788,51,CASP8,-0.36,0.0610883,1
37789,51,PER1,-0.16000000000000003,-0.062025600000000014,1
37790,51,UBR5,0.05,0.0653593,1
37791,51,EIF3E,-1.3877787807814457e-17,0.0627636,1
37792,51,RFWD3,0.030000000000000002,0.03166530000000001,1
37793,51,BRD3,0.18,0.1350798,1
37794,51,PAFAH1B2,0.03,0.0271308,1
37795,51,EXT2,0.009999999999999995,0.012761899999999993,1
37796,51,PLCG1,0.46,0.4104359000000001,1
37797,51,SF3B1,-0.51,-0.2276884,1
37798,51,ARHGEF10L,0.04,0.021261199999999997,1
37799,51,NFATC2,0.26,0.20171610000000004,1
37800,51,SDHD,0.32,0.22957160000000001,1
37801,51,PABPC1,-0.79,-0.18602519999999995,1
37802,51,POLD1,-0.35,-0.0804853,1
37803,51,CALR,0.04000000000000001,0.0687391,1
37804,51,PIK3CB,0.7000000000000002,0.5987932000000001,1
37805,51,PPM1D,0.32000000000000006,0.2552262,1
37806,51,ATRX,0.9300000000000004,0.8269193000000002,1
37807,51,DGCR8,0.21000000000000002,0.1682717,1
37808,51,DDX10,0.16,0.130671,1
37809,51,DROSHA,0.5400000000000001,0.4338067000000001,1
37810,51,TNFRSF14,-0.17,-0.0606973,1
37811,51,BCL9L,0.15000000000000002,0.11678070000000002,1
37812,51,QKI,0.03,0.0233475,1
37813,51,BAZ1A,0.01,0.0080209,1
37814,51,CHD4,0.38,0.3493716,1
37815,51,NSD3,0.13,0.1296735,1
37816,51,NT5C2,0.15000000000000002,0.0893328,1
37817,51,CCNB1IP1,0.12000000000000001,0.055446800000000004,1
37818,51,PCBP1,-0.8200000000000001,-0.1974581,1
37819,51,RALGDS,-0.15000000000000002,0.012417999999999995,1
37820,51,ARHGEF12,0.009999999999999995,0.04100670000000001,1
37821,51,HSP90AB1,0.9800000000000002,0.7120127000000002,1
37822,51,FOXO3,1.5000000000000009,1.1457545000000002,1
37823,51,HIP1,-0.019999999999999997,-0.010377299999999999,1
37824,51,CDC73,0.049999999999999996,0.0978531,1
37825,51,NIN,-0.009999999999999995,-0.005863100000000003,1
37826,51,MDM4,0.060000000000000026,0.15177710000000003,1
37827,51,COL3A1,0.22,0.1821276,1
37828,51,CTNND1,0.15000000000000002,0.1696768,1
37829,51,SPOP,0.1,0.1028451,1
37830,51,TMEM127,0.1,0.0592013,1
37831,51,CREB3L2,0.19,0.13554270000000002,1
37832,51,MSH2,0.9900000000000004,0.842307,1
37833,51,FNBP1,0.04,0.0463172,1
37834,51,ATF1,0.13,0.09835730000000001,1
37835,51,EIF1AX,-0.51,-0.2064218,1
37836,51,PMS1,0.49999999999999994,0.39681599999999995,1
37837,51,DEK,0.18000000000000002,0.1590844,1
37838,51,ERBB2,0.8500000000000002,0.5412039999999998,1
37839,51,AKT1,1.0600000000000005,0.7139498999999999,1
37840,51,CHEK2,0.6800000000000002,0.6324213000000002,1
37841,51,SDHB,0.39,0.2803977,1
37842,51,NCOA1,0.44,0.3600697,1
37843,51,CHIC2,0.08,0.0574144,1
37844,51,RUNX1,0.020000000000000018,0.5151838000000003,1
37845,51,STAT6,0.36,0.342078,1
37846,51,FH,-0.14,-0.04544209999999999,1
37847,51,AKT3,1.1600000000000004,0.8637941999999998,1
37848,51,GNAS,0.39,0.27221429999999996,1
37849,51,CTNNB1,1.680000000000001,1.2138528000000002,1
37850,51,NONO,0.33,0.28912610000000005,1
37851,51,SMARCB1,1.0100000000000005,0.7936438000000002,1
37852,51,PRKAR1A,0.23,0.2089385,1
37853,51,ITGAV,-0.03000000000000002,0.04073989999999998,1
37854,51,SS18,0.4,0.2869949,1
37855,51,MAP2K1,1.0200000000000002,0.6669336000000001,1
37856,51,SIRPA,-0.06,-0.0174545,1
37857,51,PPFIBP1,0.41,0.3057242,1
37858,51,RPL22,-0.17999999999999997,0.08932780000000001,1
37859,51,CYLD,0.31,0.2640174,1
37860,51,ARID1B,0.8700000000000001,0.6912071,1
37861,51,SETDB1,0.33,0.24566049999999998,1
37862,51,AFDN,-0.38,-0.093981,1
37863,51,ZRSR2,-0.26,-0.1594242,1
37864,51,PBRM1,1.0000000000000004,0.7716284,1
37865,51,XPC,0.51,0.3354455,1
37866,51,ASXL2,0.29000000000000004,0.21588300000000002,1
37867,51,TRIM24,-0.24000000000000005,-0.011681400000000007,1
37868,51,SFPQ,-0.31000000000000005,-0.0750353,1
37869,51,NCOA2,0.5900000000000001,0.49373740000000005,1
37870,51,FOXO4,0.37999999999999995,0.2500094,1
37871,51,LEF1,0.21,0.17815220000000004,1
37872,51,B2M,-0.2799999999999999,-0.12221349999999997,1
37873,51,DDIT3,-0.31999999999999995,-0.10690699999999999,1
37874,51,BCL6,0.29000000000000004,0.2680449,1
37875,51,KRAS,0.030000000000000075,0.19900989999999996,1
37876,51,FAT1,0.09999999999999999,0.0812535,1
37877,51,ABL2,0.060000000000000005,0.0578613,1
37878,51,NF1,1.1500000000000006,0.9549512000000001,1
37879,51,BTG1,-0.06,-0.026968799999999998,1
37880,51,EIF4A2,0.09,0.0518684,1
37881,51,SET,0.19,0.15711730000000002,1
37882,51,EPS15,0.09,0.08066140000000001,1
37883,51,RNF213,0.05,0.044296,1
37884,51,CTCF,1.1400000000000003,0.8363380000000001,1
37885,51,WDCP,0.24000000000000002,0.1572537,1
37886,51,KAT7,0.16999999999999998,0.1431204,1
37887,51,KDM5C,0.2,0.2073975,1
37888,51,TGFBR2,0.22000000000000006,0.22505389999999997,1
37889,51,ATM,0.9100000000000006,0.9318013000000003,1
37890,51,NUMA1,0.06,0.0575765,1
37891,51,STAT3,0.7400000000000003,0.7895864000000001,1
37892,51,SUB1,-0.14,-0.0631093,1
37893,51,NUP98,0.18999999999999995,0.20116340000000005,1
37894,51,ELL,0.12000000000000001,0.06597030000000001,1
37895,51,MAP3K1,0.44,0.35767340000000003,1
37896,51,MALT1,0.07000000000000002,0.13763839999999997,1
37897,51,XPO1,0.5300000000000001,0.4316437999999999,1
37898,51,SETD1B,0.29000000000000004,0.231182,1
37899,51,ETV6,-0.13999999999999999,-0.0383391,1
37900,51,TBL1XR1,0.24000000000000002,0.174501,1
37901,51,NUP214,-0.14999999999999997,0.11501450000000002,1
37902,51,TPR,0.12000000000000002,0.10676240000000001,1
37903,51,ATIC,0.14000000000000004,0.1390157,1
37904,51,NACA,0.22,0.135029,1
37905,51,MYO5A,0.01,0.0067038,1
37906,51,SMC1A,0.37,0.4398362000000001,1
37907,51,LASP1,-0.26,-0.130609,1
37908,51,ERCC5,0.44,0.28565070000000004,1
37909,51,JUN,-0.6499999999999997,-0.03691539999999999,1
37910,51,THRAP3,0.08,0.06353530000000002,1
37911,51,STAG2,0.16,0.23792270000000007,1
37912,51,RAF1,0.8400000000000003,0.6545209000000002,1
37913,51,ERCC3,0.51,0.45435320000000007,1
37914,51,SMAD2,0.5500000000000003,0.6113603000000001,1
37915,51,TAF15,0.21000000000000002,0.17695400000000003,1
37916,51,ARNT,0.26,0.24710909999999997,1
37917,51,CLTC,-0.8,-0.35005159999999996,1
37918,51,IKBKB,0.4800000000000001,0.46924910000000014,1
37919,51,IDH1,-1.0400000000000003,-0.32598820000000006,1
37920,51,SND1,-0.029999999999999985,0.008270899999999996,1
37921,51,KNSTRN,0.02,0.0153258,1
37922,51,RHOA,-3.0800000000000005,-0.7325609,1
37923,51,PALB2,0.6400000000000001,0.5510665000000001,1
37924,51,ARID2,0.8500000000000001,0.6777489000000001,1
37925,51,EZR,-0.12000000000000004,-0.0189456,1
37926,51,TP53,-0.31999999999999995,0.2621092,1
37927,51,ARAF,0.39,0.22186440000000002,1
37928,51,KIF5B,0.5300000000000001,0.4101982999999999,1
37929,51,KAT6A,0.20999999999999996,0.22814179999999995,1
37930,51,KTN1,-0.06999999999999999,-0.00017519999999999862,1
37931,51,GOLGA5,-0.08,-0.0558542,1
37932,51,KDM5A,0.22999999999999998,0.23167440000000003,1
37933,51,RAD21,0.5900000000000001,0.4946157000000001,1
37934,51,GNAQ,0.2899999999999999,0.24287620000000004,1
37935,51,CAMTA1,0.07,0.0525183,1
37936,51,ERCC2,0.7000000000000001,0.5320334,1
37937,51,EZH2,1.400000000000001,1.1427566000000005,1
37938,51,TOP1,0.33000000000000007,0.2749717,1
37939,51,SRSF3,-0.2899999999999999,-0.06382419999999998,1
37940,51,NPM1,0.19999999999999998,0.22470310000000004,1
37941,51,BAX,-0.79,-0.17656290000000002,1
37942,51,NOTCH2,0.29000000000000004,0.2471472,1
37943,51,TRAF7,0.02,0.0145278,1
37944,51,KDM6A,0.7700000000000002,0.8072462000000001,1
37945,51,SPEN,0.13,0.1022081,1
37946,51,TRIM27,-0.64,-0.17786630000000003,1
37947,51,CRTC1,0.14,0.11185179999999999,1
37948,51,EML4,0.27,0.2762411,1
37949,51,USP9X,-0.019999999999999997,-0.017595599999999996,1
37950,51,PTPRK,-0.01,-0.0060845000000000005,1
37951,51,CD74,-0.22,-0.01860769999999999,1
37952,51,CBL,0.6600000000000001,0.5707902000000001,1
37953,51,ZNF384,0.04,0.0308641,1
37954,51,NOTCH1,1.1600000000000006,0.8932147999999999,1
37955,51,COX6C,-0.21000000000000002,-0.058964199999999994,1
37956,51,CHCHD7,0.03,0.0193119,1
37957,51,HMGA1,-0.09999999999999999,-0.040511799999999994,1
37958,51,PTEN,1.390000000000001,1.2724788000000014,1
37959,51,FIP1L1,-0.04,-0.011351999999999998,1
37960,51,JAK1,0.8800000000000003,0.7463337000000001,1
37961,51,ZMYM2,0.01,0.0108021,1
37962,51,SUZ12,0.8900000000000003,0.6959945000000001,1
37963,51,FUS,-0.38,0.039462000000000025,1
37964,51,BAP1,-0.43,-0.1702495,1
37965,51,ZCCHC8,-0.11,-0.026426400000000003,1
37966,51,CRNKL1,0.019999999999999997,0.0148292,1
37967,51,RAD17,0.19,0.1387024,1
37968,51,ATP1A1,0.01,0.0048615,1
37969,51,DNMT3A,0.9900000000000004,0.8383179,1
37970,51,FBXW7,0.9800000000000004,0.8425161999999999,1
37971,51,WWTR1,-0.10999999999999999,-0.041539200000000005,1
37972,51,CDKN1B,0.39,0.31638869999999997,1
37973,51,KMT2A,0.37,0.3979108,1
37974,51,PTPN11,1.1200000000000006,0.918298,1
37975,51,STAT5B,0.8100000000000003,0.6638585999999999,1
37976,51,CUX1,-0.08,-0.0547683,1
37977,51,ABI1,-0.35,-0.0950173,1
37978,51,BRCA1,1.9900000000000013,1.5873525,1
37979,51,SH2B3,0.11,0.0720525,1
37980,51,AFF4,-0.05000000000000002,-0.005341100000000012,1
37981,51,NF2,0.16999999999999996,0.15564179999999997,1
37982,51,LMNA,-0.019999999999999997,0.0035223000000000008,1
37983,51,TSC2,0.8700000000000003,0.700353,1
37984,51,GOLPH3,-0.07,-0.0463723,1
37985,51,PCM1,-0.030000000000000002,-0.024287500000000004,1
37986,51,PPP2R1A,-0.5199999999999999,-0.1437687,1
37987,51,ARID1A,1.7700000000000011,1.4436215000000001,1
37988,51,ABL1,-0.10999999999999993,0.10657489999999997,1
37989,51,AFF1,0.04000000000000001,0.0836172,1
37990,51,DAXX,-0.3500000000000001,-0.09504510000000001,1
37991,51,CBFB,0.04999999999999999,0.1120231,1
37992,51,CBLB,0.17,0.147141,1
37993,51,POLR2A,-0.3,0.09012670000000003,1
37994,51,PRKACA,0.16000000000000006,0.22372039999999996,1
37995,51,DNM2,-0.12000000000000001,-0.0458621,1
37996,51,RAP1GDS1,0.010000000000000023,0.04237030000000001,1
37997,51,NCOR1,0.8800000000000002,0.9004557000000001,1
37998,51,NFKBIE,-0.48,-0.13220149999999997,1
37999,51,DDX3X,0.28,0.24818890000000002,1
38000,51,ELK4,0.02,0.0165452,1
38001,51,MLLT6,0.020000000000000004,0.030733899999999995,1
38002,51,SRSF2,-2.9299999999999997,-0.6676626,1
38003,51,CTNNA1,0.15,0.1234787,1
38004,51,RBM10,0.16,0.1152981,1
38005,51,PTPRC,-0.01000000000000003,0.0974642,1
38006,51,HSP90AA1,1.2300000000000006,0.8236585,1
38007,51,NSD1,0.22999999999999998,0.1910073,0
38008,51,DICER1,0.24000000000000002,0.24037990000000006,0
38009,51,BIRC6,0.09,0.0768591,0
38010,51,SDHC,0.29000000000000004,0.19765779999999997,0
38011,51,TFG,0.3,0.1698176,0
38012,51,MAP2K2,0.26,0.19635960000000002,0
38013,51,TFRC,-0.27,-0.13377260000000002,0
38014,51,CREB1,0.8800000000000006,0.6739274,0
38015,51,POLG,0.01,0.0034404,0
38016,51,SETD2,0.6900000000000002,0.5793995,0
38017,51,NAB2,-0.38,-0.1211323,0
38018,51,HIF1A,1.600000000000001,1.1545571000000001,0
38019,51,FLCN,0.030000000000000002,0.029756900000000003,0
38020,51,MAP2K4,-0.010000000000000002,0.07033629999999999,0
38021,51,CNOT3,0.0,0.011019900000000001,0
38022,51,CIITA,0.08,0.0496142,0
38023,51,LSM14A,0.1,0.0854375,0
38024,51,AKAP9,-0.05,-0.0078019000000000005,0
38025,51,MSN,-0.38,-0.10255620000000001,0
38026,51,BCR,0.029999999999999985,0.04640699999999999,0
38027,51,TRRAP,0.01000000000000001,0.12826579999999999,0
38028,51,PPP6C,-0.16,-0.08063899999999999,0
38029,51,NCOA4,-0.18,-0.0954623,0
38030,51,BCL9,0.12999999999999998,0.1070607,0
38031,51,PRCC,0.010000000000000005,0.010944700000000019,0
38032,51,LARP4B,0.01,0.005785,0
38033,51,CHD2,0.01,0.0075503,0
38034,51,ASXL1,0.4399999999999999,0.43596809999999986,0
38035,51,SMARCA4,1.3400000000000007,0.9985697999999997,0
38036,51,ERC1,-0.01,-0.0080582,0
38037,51,DCTN1,-0.24000000000000005,-0.11307999999999999,0
38038,51,PIK3R1,1.3400000000000007,0.9856444000000003,0
38039,51,EED,-0.1,-0.0021866000000000003,0
38040,51,CNBP,-0.01,-0.0046642,0
38041,51,SGK1,0.27999999999999997,0.163614,0
38042,51,MLLT10,-0.12,-0.052644400000000015,0
38043,51,BRD4,0.9200000000000004,0.7191297000000001,0
38044,51,RANBP2,0.17999999999999997,0.2134432,0
38045,51,FBXO11,0.05,0.041050500000000004,0
38046,51,PML,0.36,0.25525470000000006,0
38047,51,AKT2,0.9500000000000003,0.6517833,0
38048,51,CEP89,0.07,0.043163999999999994,0
38049,51,LZTR1,0.06,0.071888,0
38050,51,YWHAE,0.24999999999999997,0.1648177,0
38051,51,DNAJB1,-0.04,-0.0122097,0
38052,51,PRDM2,0.03,0.0217187,0
38053,51,TPM4,0.45000000000000007,0.28648260000000003,0
38054,51,CREBBP,1.8000000000000012,1.4734466000000002,0
38055,51,PMS2,0.5700000000000001,0.5272384,0
38056,51,DDR2,0.04,0.023351,0
38057,51,FANCA,0.38,0.3000146,0
38058,51,PDE4DIP,0.05,0.036539,0
38059,51,USP8,-0.07,-0.031686200000000005,0
38060,51,MYH9,-0.27999999999999997,-0.05726049999999999,0
38061,51,MYC,-1.1100000000000005,-0.44896379999999997,0
38062,51,NBN,0.53,0.4069834,0
38063,51,CCND3,-0.11999999999999998,-0.0017028000000000026,0
38064,51,TRIP11,-0.12,-0.07931089999999999,0
38065,51,CNTRL,-0.07,-0.047270900000000005,0
38066,51,PIK3CA,1.4600000000000009,1.0672570999999997,0
38067,51,DDX5,0.37999999999999995,0.3286006000000001,0
38068,51,PICALM,0.010000000000000002,0.011275199999999999,0
38069,51,RARA,0.41000000000000003,0.29455159999999997,0
38070,51,DDX6,-0.05,0.0618391,0
38071,51,COL1A1,0.08,0.0935087,0
38072,51,VHL,0.14,0.10583260000000001,0
38073,51,MAPK1,1.6000000000000008,1.0361578,0
38074,51,SRC,-0.4800000000000001,0.018199700000000027,0
38075,51,NFE2L2,0.26000000000000006,0.18669480000000002,0
38076,51,MITF,-0.27999999999999997,-0.0538961,0
38077,51,SMAD3,1.2500000000000009,0.9507753000000002,0
38078,51,RBM15,0.060000000000000005,0.054692199999999996,0
38079,51,ATR,0.6600000000000003,0.5497953000000001,0
38080,51,EPAS1,0.38999999999999996,0.3471889,0
38081,51,TPM3,0.2,0.14173360000000002,0
38082,51,RPL10,0.13,0.11381170000000002,0
38083,51,STAG1,0.16000000000000003,0.15364919999999999,0
38084,51,SBDS,-0.03,-0.011526999999999999,0
38085,51,KMT2D,0.9800000000000004,0.7407400000000001,0
38086,51,MED12,0.3,0.24102539999999997,0
38087,51,BCLAF1,-0.06,0.013340500000000005,0
38088,51,ASPSCR1,-0.009999999999999993,0.002326100000000014,0
38089,51,CDK12,0.33999999999999997,0.2522913,0
38090,51,EWSR1,0.43999999999999995,0.3591658,0
38091,51,NDRG1,-0.05,-0.019021200000000002,0
38092,51,PSIP1,-0.19000000000000003,-0.0979228,0
38093,51,TRIM33,0.039999999999999994,0.04278260000000001,0
38094,51,MTOR,1.2700000000000005,0.9264203999999999,0
38095,51,ARHGAP35,0.09999999999999999,0.12977570000000002,0
38096,51,POT1,-0.05,-0.009666900000000006,0
38097,51,EXT1,0.1,0.06157700000000001,0
38098,51,IL6ST,0.3,0.2369572,0
38099,51,IDH2,0.04000000000000001,0.048773399999999995,0
38100,51,SMARCE1,0.45,0.2848698,0
38101,51,CRTC3,0.08,0.06258910000000001,0
38102,51,TSC1,0.3,0.2746054,0
38103,51,BCOR,-0.24999999999999997,-0.0202505,0
38104,51,SDHA,0.24,0.14215789999999998,0
38105,51,EP300,1.6900000000000013,1.3727713,0
38106,51,HNRNPA2B1,0.26,0.21843400000000002,0
38107,51,CLIP1,-0.09999999999999999,-0.0549541,0
38108,51,PATZ1,-0.46,-0.1302999,0
38109,51,FUBP1,-0.16000000000000003,-0.010286500000000004,0
38110,51,HLA-A,-0.21000000000000002,-0.0138731,0
38111,51,CCNC,-0.11,-0.046475,0
38112,51,RPN1,-0.23,-0.07101869999999999,0
38113,51,TCF7L2,0.06999999999999999,0.0950233,0
38114,51,CANT1,0.09000000000000001,0.05477640000000001,0
38115,51,RPL5,-0.6399999999999999,-0.1990171,0
38116,51,CCDC6,0.020000000000000004,0.05814840000000002,0
38117,51,NCKIPSD,0.03,0.0170701,0
38118,51,SMARCD1,0.41999999999999993,0.3011472,0
38119,51,BCL10,-0.009999999999999995,0.02421640000000001,0
38120,51,MAX,0.020000000000000004,0.025145900000000006,0
38121,51,HERPUD1,0.0,0.0,0
38122,51,RAC1,-0.010000000000000037,0.09826219999999997,0
38123,51,FLNA,0.019999999999999997,0.0539577,0
38124,51,TFE3,-0.44000000000000006,-0.1878565,0
38125,51,NCOR2,0.6900000000000002,0.5103679999999999,0
38126,51,PRPF40B,-0.010000000000000002,-0.005180600000000002,0
38127,51,BCL3,-0.06,-0.020053400000000006,0
38128,51,TFPT,-0.26,-0.0895756,0
38129,51,MLH1,0.78,0.6803457,0
38130,51,ARHGAP5,0.13,0.11321920000000002,0
38131,51,CIC,0.0,0.0,0
38132,51,LYN,0.8500000000000002,0.6028581999999999,0
38133,51,TCF12,0.26999999999999996,0.21393299999999998,0
38134,51,KLF6,0.05,0.0278913,0
38135,51,KMT2C,0.9800000000000004,0.7929999,0
38136,51,PIM1,-0.18,-0.0640763,0
38137,51,CCND1,1.2600000000000007,0.7724334999999999,0
38138,51,MLLT1,-1.1600000000000001,-0.32547649999999995,0
38139,51,MEN1,-0.039999999999999994,0.01209689999999999,0
38140,51,CUL3,0.14,0.15355320000000003,0
38141,51,RB1,0.62,0.4792522,0
38142,51,LPP,-0.07999999999999999,-0.021141599999999993,0
38143,51,BUB1B,-0.16999999999999998,-0.0914824,0
38144,51,SMAD4,1.4000000000000008,1.0634823999999998,0
38145,51,FGFR1,0.24,0.16141120000000003,0
38146,51,TMSB4X,0.04,0.0317504,0
38147,51,CDK4,0.6300000000000001,0.434198,0
38148,51,MSI2,0.01,0.0078165,0
38149,51,MSH6,0.9200000000000004,0.7013088000000001,0
38150,51,BRAF,0.9800000000000004,0.8811691999999998,0
38151,51,TCEA1,-0.08,-0.013021100000000006,0
38152,51,TNFAIP3,0.09999999999999999,0.10671430000000001,0
38153,51,RABEP1,0.010000000000000002,0.006358700000000002,0
38154,51,GMPS,-0.06,-0.037003,0
38155,51,MDM2,1.2400000000000007,0.8548664000000001,0
38156,51,NSD2,0.18000000000000002,0.12267549999999999,0
38157,51,CASP8,-0.05999999999999995,0.1788371,0
38158,51,PER1,-0.16999999999999998,-0.0510048,0
38159,51,UBR5,-0.04999999999999999,-0.015621299999999987,0
38160,51,EIF3E,-0.039999999999999994,0.05381330000000001,0
38161,51,RFWD3,0.030000000000000002,0.0308732,0
38162,51,BRD3,0.11,0.0957479,0
38163,51,PAFAH1B2,0.02,0.0157412,0
38164,51,EXT2,0.010000000000000009,0.005380100000000006,0
38165,51,PLCG1,0.49,0.3607986,0
38166,51,SF3B1,-0.33,-0.1354347,0
38167,51,ARHGEF10L,0.02,0.009971,0
38168,51,NFATC2,0.18000000000000002,0.1258639,0
38169,51,SDHD,0.24,0.1321367,0
38170,51,PABPC1,-0.94,-0.21915959999999998,0
38171,51,POLD1,-0.3499999999999999,-0.0746656,0
38172,51,CALR,0.04999999999999999,0.040217800000000005,0
38173,51,PIK3CB,0.41,0.3960937000000001,0
38174,51,PPM1D,0.18000000000000002,0.14050100000000001,0
38175,51,ATRX,0.9200000000000005,0.7438791,0
38176,51,DGCR8,0.15,0.09980910000000001,0
38177,51,DDX10,0.12,0.07983480000000001,0
38178,51,DROSHA,0.42000000000000004,0.3085903,0
38179,51,TNFRSF14,-0.12,-0.04414559999999999,0
38180,51,BCL9L,0.13999999999999999,0.09742160000000001,0
38181,51,QKI,-0.06999999999999999,-0.044805700000000004,0
38182,51,BAZ1A,0.01,0.007287900000000001,0
38183,51,CHD4,0.15,0.14679659999999997,0
38184,51,NSD3,0.06,0.0529869,0
38185,51,NT5C2,0.15,0.0896182,0
38186,51,CCNB1IP1,0.11000000000000001,0.0489443,0
38187,51,PCBP1,-0.9199999999999999,-0.28204080000000004,0
38188,51,RALGDS,0.09999999999999999,0.0749452,0
38189,51,ARHGEF12,-0.04,-0.005114699999999996,0
38190,51,HSP90AB1,1.0700000000000003,0.7371293,0
38191,51,FOXO3,1.2700000000000005,0.8898691,0
38192,51,HIP1,-0.02,-0.012453,0
38193,51,CDC73,-0.14,-0.015266700000000001,0
38194,51,NIN,0.019999999999999997,0.0156186,0
38195,51,MDM4,0.11000000000000001,0.1630441,0
38196,51,COL3A1,0.15,0.1309416,0
38197,51,CTNND1,0.13999999999999999,0.1409394,0
38198,51,SPOP,-6.938893903907228e-18,0.0243564,0
38199,51,TMEM127,0.07,0.0607382,0
38200,51,CREB3L2,0.09000000000000001,0.0526702,0
38201,51,MSH2,0.9300000000000004,0.6826647,0
38202,51,FNBP1,3.469446951953614e-18,0.007395699999999998,0
38203,51,ATF1,0.030000000000000002,0.019435900000000006,0
38204,51,EIF1AX,-0.46,-0.22093900000000005,0
38205,51,PMS1,0.48000000000000004,0.36817639999999996,0
38206,51,DEK,0.11,0.1043672,0
38207,51,ERBB2,1.0000000000000004,0.6659388,0
38208,51,AKT1,0.8700000000000003,0.5565239000000001,0
38209,51,CHEK2,0.3400000000000001,0.3476094999999999,0
38210,51,SDHB,0.4,0.257197,0
38211,51,NCOA1,0.41000000000000003,0.29270140000000006,0
38212,51,CHIC2,0.060000000000000005,0.035129900000000006,0
38213,51,RUNX1,0.44000000000000017,0.6240292999999999,0
38214,51,STAT6,0.25,0.1818312,0
38215,51,FH,-0.25,-0.09566790000000001,0
38216,51,AKT3,1.0500000000000003,0.7267321000000001,0
38217,51,GNAS,0.24,0.15646419999999997,0
38218,51,CTNNB1,1.4900000000000009,1.0231465,0
38219,51,NONO,0.13,0.09327890000000001,0
38220,51,SMARCB1,0.9200000000000004,0.6883753000000001,0
38221,51,PRKAR1A,0.11,0.1033254,0
38222,51,ITGAV,0.029999999999999995,0.03385140000000002,0
38223,51,SS18,0.39,0.25651619999999997,0
38224,51,MAP2K1,1.0300000000000005,0.6470602999999998,0
38225,51,SIRPA,-0.01,-0.0050087,0
38226,51,PPFIBP1,0.36,0.23682809999999999,0
38227,51,RPL22,-0.22,0.07379620000000003,0
38228,51,CYLD,0.29000000000000004,0.2297091,0
38229,51,ARID1B,0.6399999999999999,0.4708964,0
38230,51,SETDB1,0.3,0.2151872,0
38231,51,AFDN,-0.42000000000000004,-0.1599171,0
38232,51,ZRSR2,0.27,0.19538300000000006,0
38233,51,PBRM1,0.9300000000000004,0.6848784,0
38234,51,XPC,0.5900000000000001,0.3964870000000001,0
38235,51,ASXL2,0.21000000000000002,0.1408755,0
38236,51,TRIM24,-0.18,-0.07597969999999998,0
38237,51,SFPQ,-0.09,0.010813799999999991,0
38238,51,NCOA2,0.5300000000000001,0.37743380000000004,0
38239,51,FOXO4,0.34,0.2273025,0
38240,51,LEF1,0.15,0.1240479,0
38241,51,B2M,-0.5300000000000001,-0.2050348,0
38242,51,DDIT3,-0.42,-0.1054042,0
38243,51,BCL6,0.5400000000000001,0.3804966000000001,0
38244,51,KRAS,-1.3600000000000003,-0.3860564999999999,0
38245,51,FAT1,0.05,0.0526828,0
38246,51,ABL2,0.08000000000000002,0.0609469,0
38247,51,NF1,0.8300000000000003,0.6871286,0
38248,51,BTG1,-0.03,-0.014871299999999999,0
38249,51,EIF4A2,0.12,0.09154390000000001,0
38250,51,SET,0.16,0.13802999999999999,0
38251,51,EPS15,0.04,0.0397752,0
38252,51,RNF213,0.04,0.031631400000000004,0
38253,51,CTCF,0.9000000000000004,0.6601481,0
38254,51,WDCP,0.09,0.0639051,0
38255,51,KAT7,0.11,0.0883348,0
38256,51,KDM5C,0.15,0.137752,0
38257,51,TGFBR2,0.21999999999999995,0.16852279999999997,0
38258,51,ATM,1.3900000000000008,1.0919639,0
38259,51,NUMA1,-0.01,0.0017039999999999998,0
38260,51,STAT3,1.4300000000000008,1.1483339000000001,0
38261,51,SUB1,-0.24000000000000002,-0.0885664,0
38262,51,NUP98,0.09,0.10615770000000005,0
38263,51,ELL,-0.020000000000000028,-6.340000000001032e-05,0
38264,51,MAP3K1,0.41,0.3268848999999999,0
38265,51,MALT1,0.12,0.1343523,0
38266,51,XPO1,0.33000000000000007,0.2650641999999999,0
38267,51,SETD1B,0.16,0.11938009999999999,0
38268,51,ETV6,-0.18000000000000002,-0.0656279,0
38269,51,TBL1XR1,0.21000000000000002,0.142457,0
38270,51,NUP214,0.06999999999999999,0.1425301,0
38271,51,TPR,0.1,0.1016878,0
38272,51,ATIC,-0.010000000000000007,0.01855140000000001,0
38273,51,NACA,0.23,0.15410610000000002,0
38274,51,MYO5A,0.009999999999999998,0.008844700000000002,0
38275,51,SMC1A,0.5800000000000001,0.4860636,0
38276,51,LASP1,-0.21000000000000002,-0.120786,0
38277,51,ERCC5,0.44000000000000006,0.28809799999999997,0
38278,51,JUN,0.0,0.15557020000000005,0
38279,51,THRAP3,0.1,0.08127770000000001,0
38280,51,STAG2,0.43000000000000005,0.35504979999999986,0
38281,51,RAF1,1.1100000000000003,0.78523,0
38282,51,ERCC3,0.51,0.4166079000000001,0
38283,51,SMAD2,0.48000000000000015,0.46712940000000003,0
38284,51,TAF15,0.16000000000000003,0.1382454,0
38285,51,ARNT,0.30000000000000004,0.25985330000000006,0
38286,51,CLTC,-0.5599999999999999,-0.30719599999999997,0
38287,51,IKBKB,0.5300000000000002,0.4393428,0
38288,51,IDH1,-0.6500000000000001,-0.20219720000000002,0
38289,51,SND1,-0.029999999999999992,-0.016060599999999998,0
38290,51,KNSTRN,0.03,0.0247941,0
38291,51,RHOA,-1.5600000000000003,-0.43756870000000003,0
38292,51,PALB2,0.5299999999999999,0.46875330000000004,0
38293,51,ARID2,0.7400000000000002,0.5640006000000001,0
38294,51,EZR,-0.12000000000000001,-0.017724799999999985,0
38295,51,TP53,-0.94,-0.09960570000000006,0
38296,51,ARAF,0.35,0.19316499999999995,0
38297,51,KIF5B,0.41,0.29651849999999996,0
38298,51,KAT6A,0.13999999999999999,0.16170160000000003,0
38299,51,KTN1,-0.09000000000000001,-0.0254285,0
38300,51,GOLGA5,-0.13,-0.0874919,0
38301,51,KDM5A,0.21,0.1955827,0
38302,51,RAD21,0.43000000000000005,0.3445993,0
38303,51,GNAQ,0.10999999999999999,0.0826367,0
38304,51,CAMTA1,0.03,0.0195753,0
38305,51,ERCC2,0.6100000000000001,0.4292912,0
38306,51,EZH2,1.8500000000000012,1.2051037,0
38307,51,TOP1,0.15000000000000002,0.1177752,0
38308,51,SRSF3,-0.32000000000000006,-0.0977896,0
38309,51,NPM1,0.020000000000000014,0.1678148,0
38310,51,BAX,-0.5999999999999999,-0.1688356,0
38311,51,NOTCH2,0.26,0.20806770000000002,0
38312,51,TRAF7,0.03,0.0223698,0
38313,51,KDM6A,0.9100000000000003,0.7810148000000002,0
38314,51,SPEN,0.09,0.0679616,0
38315,51,TRIM27,-0.42000000000000004,-0.1516148,0
38316,51,CRTC1,0.13,0.0998897,0
38317,51,EML4,0.24000000000000002,0.20382050000000004,0
38318,51,USP9X,-0.07999999999999999,-0.049017599999999995,0
38319,51,PTPRK,0.0,0.0,0
38320,51,CD74,-0.18000000000000002,-0.027524200000000013,0
38321,51,CBL,0.6100000000000001,0.4455966,0
38322,51,ZNF384,-0.07,-0.036899799999999996,0
38323,51,NOTCH1,1.0300000000000005,0.7491023000000002,0
38324,51,COX6C,-0.14,-0.05484170000000001,0
38325,51,CHCHD7,0.03,0.019940999999999997,0
38326,51,HMGA1,-0.12,-0.055263,0
38327,51,PTEN,1.5000000000000009,1.235534,0
38328,51,FIP1L1,-0.03,-0.014170699999999994,0
38329,51,JAK1,0.8000000000000003,0.6356209999999999,0
38330,51,ZMYM2,-0.08,-0.055817200000000004,0
38331,51,SUZ12,0.8200000000000001,0.5704794999999999,0
38332,51,FUS,-0.16000000000000003,0.12052960000000003,0
38333,51,BAP1,0.09999999999999999,0.08914849999999999,0
38334,51,ZCCHC8,-0.06,-0.0185694,0
38335,51,CRNKL1,-0.03,-0.018562099999999998,0
38336,51,RAD17,0.11999999999999998,0.0855161,0
38337,51,ATP1A1,-0.009999999999999998,-0.0042878,0
38338,51,DNMT3A,0.8600000000000005,0.6601148,0
38339,51,FBXW7,0.9700000000000004,0.7681253,0
38340,51,WWTR1,-0.09999999999999999,-0.04783210000000001,0
38341,51,CDKN1B,0.53,0.3381138999999999,0
38342,51,KMT2A,0.3900000000000001,0.33464520000000003,0
38343,51,PTPN11,0.8900000000000003,0.6833212999999999,0
38344,51,STAT5B,0.6700000000000003,0.5049329,0
38345,51,CUX1,-0.08999999999999998,-0.0621502,0
38346,51,ABI1,-0.42000000000000004,-0.1403357,0
38347,51,BRCA1,1.7200000000000013,1.3608467000000004,0
38348,51,SH2B3,0.010000000000000004,0.0143355,0
38349,51,AFF4,0.029999999999999992,0.036995799999999995,0
38350,51,NF2,0.03999999999999999,0.0847029,0
38351,51,LMNA,0.01000000000000001,0.026584300000000005,0
38352,51,TSC2,0.54,0.4470698999999999,0
38353,51,GOLPH3,-0.09999999999999999,-0.06215999999999999,0
38354,51,PCM1,-0.07,-0.0452078,0
38355,51,PPP2R1A,-0.4800000000000001,-0.18011519999999998,0
38356,51,ARID1A,1.7600000000000011,1.2966074999999997,0
38357,51,ABL1,0.17000000000000004,0.18036759999999993,0
38358,51,AFF1,0.2,0.16057180000000001,0
38359,51,DAXX,-0.31999999999999995,-0.08732059999999997,0
38360,51,CBFB,0.10999999999999999,0.10011300000000001,0
38361,51,CBLB,0.14,0.1096278,0
38362,51,POLR2A,0.13999999999999993,0.23386490000000001,0
38363,51,PRKACA,0.25999999999999995,0.21346049999999997,0
38364,51,DNM2,-0.12000000000000001,-0.049613199999999996,0
38365,51,RAP1GDS1,-0.09,-0.0341331,0
38366,51,NCOR1,0.9700000000000004,0.8376651,0
38367,51,NFKBIE,-0.25,-0.08768139999999999,0
38368,51,DDX3X,0.16,0.14299879999999998,0
38369,51,ELK4,0.02,0.0148578,0
38370,51,MLLT6,0.11,0.0855871,0
38371,51,SRSF2,-1.2900000000000003,-0.3715905,0
38372,51,CTNNA1,0.1,0.0767399,0
38373,51,RBM10,0.19,0.13104729999999998,0
38374,51,PTPRC,0.1,0.11290040000000001,0
38375,51,HSP90AA1,1.1600000000000006,0.7884194,0
38376,52,NSD1,0.32,0.2785888,1
38377,52,DICER1,0.23,0.2698495,1
38378,52,BIRC6,0.14,0.1186015,1
38379,52,SDHC,0.38,0.29143620000000003,1
38380,52,TFG,0.18000000000000002,0.1048349,1
38381,52,MAP2K2,0.3499999999999999,0.2421421,1
38382,52,TFRC,-0.18000000000000002,-0.06790090000000001,1
38383,52,CREB1,0.8900000000000005,0.7472975999999999,1
38384,52,POLG,-0.02,-0.005876,1
38385,52,SETD2,0.7000000000000002,0.6273741999999999,1
38386,52,NAB2,-0.47,-0.1479743,1
38387,52,HIF1A,1.720000000000001,1.2915233,1
38388,52,FLCN,-0.04000000000000001,0.021114499999999994,1
38389,52,MAP2K4,0.020000000000000004,0.0908758,1
38390,52,CNOT3,0.04000000000000001,0.04003940000000002,1
38391,52,CIITA,0.1,0.0651792,1
38392,52,LSM14A,0.13,0.1080818,1
38393,52,AKAP9,-0.029999999999999992,0.0172459,1
38394,52,MSN,-0.20000000000000004,-0.058142000000000006,1
38395,52,BCR,-0.05000000000000002,0.0547468,1
38396,52,TRRAP,0.01000000000000003,0.1816639,1
38397,52,PPP6C,-0.15,-0.06410370000000001,1
38398,52,NCOA4,-0.11000000000000001,-0.031331300000000006,1
38399,52,BCL9,0.18000000000000002,0.1436268,1
38400,52,PRCC,0.11,0.08034820000000001,1
38401,52,LARP4B,0.02,0.0142494,1
38402,52,CHD2,0.02,0.0177674,1
38403,52,ASXL1,0.44000000000000006,0.43525650000000005,1
38404,52,SMARCA4,1.9300000000000013,1.4728548999999997,1
38405,52,ERC1,-0.02,-0.0152332,1
38406,52,DCTN1,0.019999999999999997,0.0520791,1
38407,52,PIK3R1,1.1600000000000004,0.9627765000000001,1
38408,52,EED,0.11,0.0867283,1
38409,52,CNBP,0.0,0.0,1
38410,52,SGK1,0.45999999999999996,0.3083963,1
38411,52,MLLT10,-0.19999999999999998,-0.0920544,1
38412,52,BRD4,1.0400000000000003,0.8910556000000004,1
38413,52,RANBP2,0.34,0.3061632,1
38414,52,FBXO11,0.05,0.0407352,1
38415,52,PML,0.2899999999999999,0.21032629999999997,1
38416,52,AKT2,1.1200000000000006,0.8055017,1
38417,52,CEP89,0.04,0.024482,1
38418,52,LZTR1,0.09999999999999999,0.1059917,1
38419,52,YWHAE,0.29999999999999993,0.18631940000000002,1
38420,52,DNAJB1,-0.03,0.0009008999999999961,1
38421,52,PRDM2,0.08,0.06468850000000001,1
38422,52,TPM4,0.49000000000000005,0.34972860000000006,1
38423,52,CREBBP,1.8400000000000012,1.5260010000000002,1
38424,52,PMS2,0.81,0.6834408000000001,1
38425,52,DDR2,3.469446951953614e-18,-0.00046500000000000014,1
38426,52,FANCA,0.4200000000000001,0.3505677,1
38427,52,PDE4DIP,0.07,0.053698499999999996,1
38428,52,USP8,-0.08,-0.0344826,1
38429,52,MYH9,-0.37,-0.09098529999999999,1
38430,52,MYC,-0.9000000000000001,-0.0967529,1
38431,52,NBN,0.6100000000000001,0.49157429999999996,1
38432,52,CCND3,-0.07000000000000002,0.017445799999999997,1
38433,52,TRIP11,-0.07,-0.052707199999999996,1
38434,52,CNTRL,-0.07,-0.0545734,1
38435,52,PIK3CA,1.1600000000000008,1.0313276999999998,1
38436,52,DDX5,0.2299999999999999,0.28756220000000005,1
38437,52,PICALM,0.019999999999999997,0.022466599999999993,1
38438,52,RARA,-0.5,-0.0860505,1
38439,52,DDX6,0.03,0.10911469999999998,1
38440,52,COL1A1,0.18,0.15836920000000002,1
38441,52,VHL,0.24000000000000002,0.17338169999999997,1
38442,52,MAPK1,1.650000000000001,1.2131945000000002,1
38443,52,SRC,0.38,0.36537059999999993,1
38444,52,NFE2L2,0.35,0.25228100000000003,1
38445,52,MITF,-0.17,-0.021888199999999993,1
38446,52,SMAD3,1.290000000000001,1.1538052,1
38447,52,RBM15,0.07,0.0620922,1
38448,52,ATR,0.7100000000000002,0.5760542000000002,1
38449,52,EPAS1,0.41,0.3930879,1
38450,52,TPM3,0.09999999999999999,0.11087960000000002,1
38451,52,RPL10,0.08,0.10366229999999999,1
38452,52,STAG1,0.10000000000000002,0.1306245,1
38453,52,SBDS,-0.07,-0.0222927,1
38454,52,KMT2D,0.9600000000000003,0.7691716000000002,1
38455,52,MED12,0.37000000000000005,0.3013158,1
38456,52,BCLAF1,-0.07,0.015089899999999996,1
38457,52,ASPSCR1,-0.020000000000000004,-0.0014575000000000005,1
38458,52,CDK12,0.51,0.4052232,1
38459,52,EWSR1,0.41,0.3786721,1
38460,52,NDRG1,-0.03,0.004762299999999997,1
38461,52,PSIP1,0.07,0.059396000000000004,1
38462,52,TRIM33,0.12000000000000001,0.1050241,1
38463,52,MTOR,1.0900000000000005,0.8872730000000002,1
38464,52,ARHGAP35,0.16999999999999998,0.1477665,1
38465,52,POT1,1.734723475976807e-18,0.0098787,1
38466,52,EXT1,0.12,0.0926508,1
38467,52,IL6ST,0.34,0.2856687,1
38468,52,IDH2,-0.07000000000000003,0.028342299999999997,1
38469,52,SMARCE1,0.37,0.24645219999999998,1
38470,52,CRTC3,0.08,0.0625584,1
38471,52,TSC1,0.35000000000000003,0.32544490000000004,1
38472,52,BCOR,-0.09,0.014896799999999998,1
38473,52,SDHA,0.24000000000000002,0.18106860000000002,1
38474,52,EP300,2.2400000000000007,1.8766033,1
38475,52,HNRNPA2B1,0.5100000000000001,0.3621482,1
38476,52,CLIP1,-0.13999999999999999,-0.074378,1
38477,52,PATZ1,-0.62,-0.1461876,1
38478,52,FUBP1,-0.09,0.008252499999999994,1
38479,52,HLA-A,6.938893903907228e-18,0.0575164,1
38480,52,CCNC,-0.26,-0.099917,1
38481,52,RPN1,-0.22,-0.06014440000000001,1
38482,52,TCF7L2,0.009999999999999986,0.08150770000000003,1
38483,52,CANT1,0.0,0.016478499999999993,1
38484,52,RPL5,-0.67,-0.19479190000000002,1
38485,52,CCDC6,0.11000000000000001,0.11779560000000003,1
38486,52,NCKIPSD,-0.03,-0.0087688,1
38487,52,SMARCD1,0.39,0.3161714,1
38488,52,BCL10,0.010000000000000016,0.06531120000000001,1
38489,52,MAX,0.1,0.1133653,1
38490,52,HERPUD1,-0.03,-0.0079851,1
38491,52,RAC1,-0.039999999999999966,0.08876820000000002,1
38492,52,FLNA,0.13,0.11145620000000003,1
38493,52,TFE3,-0.73,-0.2690607,1
38494,52,NCOR2,0.5900000000000002,0.4944478,1
38495,52,PRPF40B,0.019999999999999993,0.016297299999999994,1
38496,52,BCL3,-0.11000000000000003,-0.01768799999999999,1
38497,52,TFPT,-0.36,-0.1089828,1
38498,52,MLH1,0.8400000000000001,0.7260609,1
38499,52,ARHGAP5,0.12,0.10614479999999998,1
38500,52,CIC,0.0,0.0,1
38501,52,LYN,0.84,0.6246264999999999,1
38502,52,TCF12,0.32,0.24850329999999998,1
38503,52,KLF6,0.060000000000000005,0.0408646,1
38504,52,KMT2C,0.8200000000000003,0.6919065000000001,1
38505,52,PIM1,-0.060000000000000005,0.011500199999999985,1
38506,52,CCND1,1.2400000000000007,0.8009086,1
38507,52,MLLT1,-1.2400000000000004,-0.3471420000000001,1
38508,52,MEN1,-0.07,-0.0007396000000000034,1
38509,52,CUL3,0.12000000000000001,0.1609556,1
38510,52,RB1,0.5800000000000001,0.49463170000000006,1
38511,52,LPP,-0.13,-0.03180700000000001,1
38512,52,BUB1B,-0.2,-0.06751720000000001,1
38513,52,SMAD4,1.640000000000001,1.3160604999999994,1
38514,52,FGFR1,0.34,0.3009747,1
38515,52,TMSB4X,0.04,0.031814,1
38516,52,CDK4,0.9800000000000004,0.6728399000000002,1
38517,52,MSI2,0.01,0.007556000000000001,1
38518,52,MSH6,1.0500000000000005,0.8736633000000003,1
38519,52,BRAF,1.4300000000000006,1.1860216000000001,1
38520,52,TCEA1,-0.09,0.005970300000000001,1
38521,52,TNFAIP3,0.15000000000000002,0.12666940000000002,1
38522,52,RABEP1,-0.010000000000000002,-0.005374300000000002,1
38523,52,GMPS,-0.09000000000000002,-0.046087900000000015,1
38524,52,MDM2,1.1100000000000008,0.8371742999999999,1
38525,52,NSD2,0.22000000000000003,0.1623705,1
38526,52,CASP8,-0.09999999999999996,0.14217479999999996,1
38527,52,PER1,-0.21000000000000002,-0.06813570000000001,1
38528,52,UBR5,0.05000000000000001,0.051005800000000004,1
38529,52,EIF3E,-0.020000000000000004,0.056137000000000006,1
38530,52,RFWD3,0.030000000000000002,0.0330728,1
38531,52,BRD3,0.06999999999999999,0.05128629999999999,1
38532,52,PAFAH1B2,0.02,0.0173672,1
38533,52,EXT2,0.009999999999999995,0.02165900000000001,1
38534,52,PLCG1,0.54,0.4325243999999999,1
38535,52,SF3B1,-0.51,-0.22298540000000003,1
38536,52,ARHGEF10L,0.02,0.009277,1
38537,52,NFATC2,0.24000000000000002,0.17420440000000004,1
38538,52,SDHD,0.2800000000000001,0.19702260000000002,1
38539,52,PABPC1,-0.6600000000000001,-0.18074239999999997,1
38540,52,POLD1,-0.20000000000000007,-0.03245420000000001,1
38541,52,CALR,0.01999999999999997,0.06994639999999999,1
38542,52,PIK3CB,0.8500000000000003,0.6816332,1
38543,52,PPM1D,0.28,0.21437299999999998,1
38544,52,ATRX,1.0600000000000005,0.8966159,1
38545,52,DGCR8,0.16,0.1261205,1
38546,52,DDX10,0.16,0.1230504,1
38547,52,DROSHA,0.53,0.4200541,1
38548,52,TNFRSF14,-0.22999999999999998,-0.060187199999999996,1
38549,52,BCL9L,0.14,0.1067475,1
38550,52,QKI,0.009999999999999998,0.008630100000000002,1
38551,52,BAZ1A,0.01,0.0076216,1
38552,52,CHD4,0.32,0.30370889999999995,1
38553,52,NSD3,0.13999999999999999,0.1341808,1
38554,52,NT5C2,0.16,0.09161910000000001,1
38555,52,CCNB1IP1,0.13,0.059058200000000005,1
38556,52,PCBP1,-0.89,-0.24314600000000006,1
38557,52,RALGDS,0.010000000000000016,0.0690946,1
38558,52,ARHGEF12,0.010000000000000009,0.0277671,1
38559,52,HSP90AB1,0.9900000000000002,0.6975106,1
38560,52,FOXO3,1.4200000000000008,1.0312979000000002,1
38561,52,HIP1,-0.03,-0.0196984,1
38562,52,CDC73,0.12000000000000001,0.1144269,1
38563,52,NIN,-0.020000000000000004,-0.012814100000000002,1
38564,52,MDM4,0.16000000000000003,0.1814744,1
38565,52,COL3A1,0.21,0.17022589999999999,1
38566,52,CTNND1,0.12,0.1477331,1
38567,52,SPOP,0.09,0.10445560000000001,1
38568,52,TMEM127,0.08000000000000002,0.04305080000000001,1
38569,52,CREB3L2,0.1,0.0648668,1
38570,52,MSH2,1.0000000000000004,0.8398502999999999,1
38571,52,FNBP1,0.04,0.0424327,1
38572,52,ATF1,0.12000000000000001,0.0825427,1
38573,52,EIF1AX,-0.49999999999999994,-0.20793530000000002,1
38574,52,PMS1,0.5599999999999999,0.435515,1
38575,52,DEK,0.15,0.13628440000000003,1
38576,52,ERBB2,0.9600000000000004,0.6091469999999999,1
38577,52,AKT1,0.21,0.23990699999999995,1
38578,52,CHEK2,0.7000000000000002,0.6819630999999999,1
38579,52,SDHB,0.41000000000000003,0.3006609,1
38580,52,NCOA1,0.39000000000000007,0.3073254,1
38581,52,CHIC2,0.1,0.0683384,1
38582,52,RUNX1,0.15,0.5565521999999998,1
38583,52,STAT6,0.36,0.32946490000000006,1
38584,52,FH,-0.039999999999999994,0.008028599999999983,1
38585,52,AKT3,1.0500000000000003,0.7673941000000001,1
38586,52,GNAS,0.37,0.25478290000000003,1
38587,52,CTNNB1,1.1200000000000006,0.8067666,1
38588,52,NONO,0.29000000000000004,0.26056120000000005,1
38589,52,SMARCB1,1.0300000000000005,0.7862832,1
38590,52,PRKAR1A,0.14,0.16739539999999997,1
38591,52,ITGAV,0.03,0.055026700000000005,1
38592,52,SS18,0.41000000000000003,0.2895394,1
38593,52,MAP2K1,1.0000000000000004,0.6286622999999999,1
38594,52,SIRPA,-0.07,-0.014212700000000003,1
38595,52,PPFIBP1,0.42,0.3124607000000001,1
38596,52,RPL22,-0.17,0.08573,1
38597,52,CYLD,0.31000000000000005,0.2406356,1
38598,52,ARID1B,0.8,0.6060631999999999,1
38599,52,SETDB1,0.31,0.22513010000000003,1
38600,52,AFDN,-0.33999999999999997,-0.09767970000000001,1
38601,52,ZRSR2,-0.020000000000000004,-0.007718500000000003,1
38602,52,PBRM1,0.9400000000000004,0.6887066999999998,1
38603,52,XPC,0.49,0.3011827999999999,1
38604,52,ASXL2,0.26,0.1863995,1
38605,52,TRIM24,-0.19,-0.0364004,1
38606,52,SFPQ,-0.38999999999999985,-0.09192099999999997,1
38607,52,NCOA2,0.5800000000000001,0.4745782,1
38608,52,FOXO4,0.37,0.2367454,1
38609,52,LEF1,0.18999999999999995,0.16752499999999998,1
38610,52,B2M,-0.31,-0.11490559999999997,1
38611,52,DDIT3,-0.31,-0.0959864,1
38612,52,BCL6,0.32999999999999996,0.29152359999999994,1
38613,52,KRAS,0.029999999999999902,0.17985669999999995,1
38614,52,FAT1,0.13,0.09652140000000001,1
38615,52,ABL2,0.08000000000000002,0.06937689999999999,1
38616,52,NF1,1.2600000000000005,1.0260827000000001,1
38617,52,BTG1,-0.04,-0.0194448,1
38618,52,EIF4A2,0.049999999999999996,0.0323307,1
38619,52,SET,0.18,0.1466609,1
38620,52,EPS15,0.07999999999999999,0.07174349999999999,1
38621,52,RNF213,0.05,0.0443184,1
38622,52,CTCF,0.9500000000000004,0.6510190999999997,1
38623,52,WDCP,0.29000000000000004,0.19287620000000003,1
38624,52,KAT7,0.15000000000000002,0.1284729,1
38625,52,KDM5C,0.2,0.1814681,1
38626,52,TGFBR2,0.18,0.18882419999999997,1
38627,52,ATM,0.8800000000000007,0.9175060000000004,1
38628,52,NUMA1,0.009999999999999998,0.024361800000000003,1
38629,52,STAT3,1.0600000000000005,0.9888660000000001,1
38630,52,SUB1,-0.1,-0.045319500000000006,1
38631,52,NUP98,0.21,0.2050834,1
38632,52,ELL,0.12000000000000001,0.06138170000000001,1
38633,52,MAP3K1,0.43,0.33301240000000004,1
38634,52,MALT1,0.13,0.1471523,1
38635,52,XPO1,0.48000000000000004,0.3903872,1
38636,52,SETD1B,0.24000000000000002,0.1887162,1
38637,52,ETV6,-0.08,0.006941300000000011,1
38638,52,TBL1XR1,0.2,0.1388952,1
38639,52,NUP214,-0.039999999999999966,0.1498512,1
38640,52,TPR,0.15,0.1203749,1
38641,52,ATIC,0.13999999999999999,0.15010199999999999,1
38642,52,NACA,0.22,0.1343436,1
38643,52,MYO5A,0.01,0.007774499999999999,1
38644,52,SMC1A,0.3400000000000001,0.41487250000000003,1
38645,52,LASP1,-0.22,-0.1206967,1
38646,52,ERCC5,0.42,0.259815,1
38647,52,JUN,-0.7599999999999997,-0.03854890000000005,1
38648,52,THRAP3,0.08,0.060443300000000005,1
38649,52,STAG2,0.30999999999999994,0.30573239999999996,1
38650,52,RAF1,1.0000000000000004,0.7449249,1
38651,52,ERCC3,0.58,0.47974990000000006,1
38652,52,SMAD2,0.4300000000000002,0.5082369999999999,1
38653,52,TAF15,0.19000000000000003,0.1643463,1
38654,52,ARNT,0.23,0.21656359999999997,1
38655,52,CLTC,-0.74,-0.30690680000000004,1
38656,52,IKBKB,0.5200000000000001,0.4578191,1
38657,52,IDH1,-0.5800000000000001,-0.18845590000000004,1
38658,52,SND1,6.938893903907228e-18,0.0174933,1
38659,52,KNSTRN,0.03,0.0232221,1
38660,52,RHOA,-2.5800000000000005,-0.6372282,1
38661,52,PALB2,0.6900000000000002,0.5975612,1
38662,52,ARID2,0.8400000000000001,0.6471735000000001,1
38663,52,EZR,-0.020000000000000004,0.020215699999999993,1
38664,52,TP53,-0.10000000000000013,0.36834989999999995,1
38665,52,ARAF,0.35000000000000003,0.20173790000000003,1
38666,52,KIF5B,0.5300000000000001,0.3968273,1
38667,52,KAT6A,0.29000000000000004,0.2787904,1
38668,52,KTN1,-0.08,-0.014948199999999998,1
38669,52,GOLGA5,-0.08,-0.056222400000000006,1
38670,52,KDM5A,0.30999999999999994,0.2845129,1
38671,52,RAD21,0.6000000000000001,0.4865595,1
38672,52,GNAQ,0.3,0.21670930000000005,1
38673,52,CAMTA1,0.060000000000000005,0.0464446,1
38674,52,ERCC2,0.6900000000000001,0.5303052,1
38675,52,EZH2,1.6100000000000012,1.2294431,1
38676,52,TOP1,0.32000000000000006,0.24866390000000005,1
38677,52,SRSF3,-0.3699999999999999,-0.08279740000000003,1
38678,52,NPM1,0.25999999999999995,0.3019499,1
38679,52,BAX,-0.72,-0.1564335,1
38680,52,NOTCH2,0.3,0.2538631,1
38681,52,TRAF7,0.02,0.013970400000000001,1
38682,52,KDM6A,0.8400000000000003,0.8329209999999999,1
38683,52,SPEN,0.13999999999999999,0.1080747,1
38684,52,TRIM27,-0.46,-0.1516956,1
38685,52,CRTC1,0.15000000000000002,0.1144885,1
38686,52,EML4,0.29000000000000004,0.28623019999999993,1
38687,52,USP9X,-0.06,-0.04305849999999999,1
38688,52,PTPRK,0.0,0.0,1
38689,52,CD74,-0.3,-0.0387091,1
38690,52,CBL,0.3900000000000001,0.3944297,1
38691,52,ZNF384,0.04,0.034181199999999995,1
38692,52,NOTCH1,1.1400000000000006,0.8290444000000003,1
38693,52,COX6C,-0.17,-0.0528286,1
38694,52,CHCHD7,0.02,0.012490399999999999,1
38695,52,HMGA1,-0.07,-0.029682600000000007,1
38696,52,PTEN,1.4500000000000006,1.2746387000000006,1
38697,52,FIP1L1,-0.08,-0.023559800000000002,1
38698,52,JAK1,0.8800000000000003,0.7177458999999999,1
38699,52,ZMYM2,-3.469446951953614e-18,0.005162899999999998,1
38700,52,SUZ12,0.7900000000000003,0.6182589000000002,1
38701,52,FUS,-0.42000000000000004,0.04904700000000002,1
38702,52,BAP1,-0.28,-0.1128748,1
38703,52,ZCCHC8,-0.07,-0.021557200000000002,1
38704,52,CRNKL1,0.01,0.0070487000000000015,1
38705,52,RAD17,0.19999999999999998,0.1440842,1
38706,52,ATP1A1,0.0,0.0011402,1
38707,52,DNMT3A,1.1600000000000004,0.8881602000000001,1
38708,52,FBXW7,1.0500000000000005,0.8797672999999999,1
38709,52,WWTR1,-0.15000000000000002,-0.05508209999999999,1
38710,52,CDKN1B,0.5399999999999999,0.3700688999999999,1
38711,52,KMT2A,0.4,0.4053837,1
38712,52,PTPN11,0.9500000000000002,0.8332544999999998,1
38713,52,STAT5B,0.6600000000000003,0.552835,1
38714,52,CUX1,-0.11,-0.0658489,1
38715,52,ABI1,-0.31000000000000005,-0.090896,1
38716,52,BRCA1,1.8100000000000012,1.4705504000000007,1
38717,52,SH2B3,0.06,0.030988799999999997,1
38718,52,AFF4,-0.01999999999999999,0.0057718000000000005,1
38719,52,NF2,0.12000000000000001,0.140819,1
38720,52,LMNA,0.06999999999999999,0.05342369999999999,1
38721,52,TSC2,0.8700000000000003,0.6899636999999998,1
38722,52,GOLPH3,-0.08,-0.0538184,1
38723,52,PCM1,-0.030000000000000002,-0.0250854,1
38724,52,PPP2R1A,-0.28,-0.08277770000000002,1
38725,52,ARID1A,1.920000000000001,1.5059143999999998,1
38726,52,ABL1,-0.61,-0.0776878,1
38727,52,AFF1,0.020000000000000004,0.06619420000000001,1
38728,52,DAXX,-0.49,-0.1254669,1
38729,52,CBFB,0.06,0.09949619999999998,1
38730,52,CBLB,0.17,0.149844,1
38731,52,POLR2A,-0.18,0.13977859999999995,1
38732,52,PRKACA,0.08000000000000007,0.24883030000000003,1
38733,52,DNM2,-0.12,-0.0550674,1
38734,52,RAP1GDS1,0.020000000000000018,0.0508961,1
38735,52,NCOR1,0.7600000000000002,0.8112419999999999,1
38736,52,NFKBIE,-0.41000000000000003,-0.12439349999999999,1
38737,52,DDX3X,0.3,0.2595908,1
38738,52,ELK4,0.03,0.0271416,1
38739,52,MLLT6,0.06,0.0512477,1
38740,52,SRSF2,-2.5700000000000007,-0.6344341999999998,1
38741,52,CTNNA1,0.13,0.1051182,1
38742,52,RBM10,0.19000000000000003,0.13405040000000001,1
38743,52,PTPRC,0.07999999999999999,0.1381653,1
38744,52,HSP90AA1,0.8500000000000003,0.6120093000000001,1
38745,52,NSD1,0.27,0.2258695,0
38746,52,DICER1,0.26,0.2416216,0
38747,52,BIRC6,0.06999999999999999,0.0580774,0
38748,52,SDHC,0.3400000000000001,0.22766729999999996,0
38749,52,TFG,0.31,0.17151760000000002,0
38750,52,MAP2K2,0.27,0.2174554,0
38751,52,TFRC,-0.27999999999999997,-0.13517760000000004,0
38752,52,CREB1,0.8400000000000004,0.6466956000000001,0
38753,52,POLG,0.01,0.0038033,0
38754,52,SETD2,0.7400000000000002,0.6208977,0
38755,52,NAB2,-0.32,-0.1120818,0
38756,52,HIF1A,1.600000000000001,1.1499609000000002,0
38757,52,FLCN,0.05,0.043125800000000006,0
38758,52,MAP2K4,-0.039999999999999994,0.0638697,0
38759,52,CNOT3,0.020000000000000004,0.025179000000000007,0
38760,52,CIITA,0.11,0.0729464,0
38761,52,LSM14A,0.1,0.08247499999999999,0
38762,52,AKAP9,-0.06,-0.0138716,0
38763,52,MSN,-0.37,-0.099337,0
38764,52,BCR,0.05,0.0492001,0
38765,52,TRRAP,-0.029999999999999964,0.1478532,0
38766,52,PPP6C,-0.2,-0.0908256,0
38767,52,NCOA4,-0.17,-0.0866596,0
38768,52,BCL9,0.18,0.140294,0
38769,52,PRCC,0.04000000000000001,0.031620200000000015,0
38770,52,LARP4B,0.01,0.0060377,0
38771,52,CHD2,0.01,0.0075815,0
38772,52,ASXL1,0.4,0.4105114999999999,0
38773,52,SMARCA4,1.3600000000000008,1.0349220999999997,0
38774,52,ERC1,-0.02,-0.0156586,0
38775,52,DCTN1,-0.29999999999999993,-0.1545038,0
38776,52,PIK3R1,1.2700000000000007,0.9308893999999999,0
38777,52,EED,-0.1,-0.010930500000000015,0
38778,52,CNBP,0.0,0.0,0
38779,52,SGK1,0.34,0.2093313,0
38780,52,MLLT10,-0.11,-0.044283,0
38781,52,BRD4,0.9700000000000004,0.7517144,0
38782,52,RANBP2,0.16999999999999998,0.2097289,0
38783,52,FBXO11,0.05,0.0399432,0
38784,52,PML,0.33999999999999997,0.24254530000000005,0
38785,52,AKT2,1.0200000000000002,0.6991235,0
38786,52,CEP89,0.06,0.0353205,0
38787,52,LZTR1,0.019999999999999997,0.0582688,0
38788,52,YWHAE,0.33000000000000007,0.21757510000000002,0
38789,52,DNAJB1,-0.06000000000000001,-0.012739900000000002,0
38790,52,PRDM2,0.04,0.0293718,0
38791,52,TPM4,0.46,0.2866222,0
38792,52,CREBBP,1.8600000000000012,1.4933238999999998,0
38793,52,PMS2,0.6400000000000001,0.5694364000000001,0
38794,52,DDR2,0.049999999999999996,0.0316178,0
38795,52,FANCA,0.37,0.2903443,0
38796,52,PDE4DIP,0.04,0.027431999999999998,0
38797,52,USP8,-0.08,-0.0361758,0
38798,52,MYH9,-0.19999999999999998,-0.02910280000000001,0
38799,52,MYC,-0.8799999999999999,-0.2946678000000002,0
38800,52,NBN,0.52,0.39567090000000005,0
38801,52,CCND3,-0.10000000000000002,-3.429999999999753e-05,0
38802,52,TRIP11,-0.12,-0.0838628,0
38803,52,CNTRL,-0.07,-0.0473378,0
38804,52,PIK3CA,1.4800000000000009,1.0940165,0
38805,52,DDX5,0.38000000000000006,0.2843224,0
38806,52,PICALM,3.469446951953614e-18,0.003375700000000004,0
38807,52,RARA,0.46000000000000013,0.31086400000000003,0
38808,52,DDX6,-0.04000000000000002,0.061587199999999995,0
38809,52,COL1A1,0.09,0.1000605,0
38810,52,VHL,0.18000000000000002,0.1303463,0
38811,52,MAPK1,1.6300000000000008,1.0701245999999998,0
38812,52,SRC,-0.24,0.079711,0
38813,52,NFE2L2,0.26,0.18562009999999998,0
38814,52,MITF,-0.22000000000000003,-0.029351600000000005,0
38815,52,SMAD3,1.1500000000000008,0.8985856,0
38816,52,RBM15,0.08,0.0670067,0
38817,52,ATR,0.63,0.5315626,0
38818,52,EPAS1,0.42,0.3522536,0
38819,52,TPM3,0.18,0.12402580000000002,0
38820,52,RPL10,0.12,0.1046513,0
38821,52,STAG1,0.13,0.1330381,0
38822,52,SBDS,-0.03,-0.0118838,0
38823,52,KMT2D,0.9200000000000004,0.6824129000000001,0
38824,52,MED12,0.29000000000000004,0.23434130000000003,0
38825,52,BCLAF1,-0.009999999999999988,0.04150960000000001,0
38826,52,ASPSCR1,-0.02,-0.0035408999999999927,0
38827,52,CDK12,0.31,0.2304059,0
38828,52,EWSR1,0.43999999999999995,0.3489153,0
38829,52,NDRG1,-0.06999999999999999,-0.0327736,0
38830,52,PSIP1,-0.15,-0.07479299999999998,0
38831,52,TRIM33,0.05999999999999999,0.050338499999999994,0
38832,52,MTOR,1.1200000000000006,0.8312896999999999,0
38833,52,ARHGAP35,0.09,0.1228596,0
38834,52,POT1,-0.049999999999999996,-0.0031526999999999996,0
38835,52,EXT1,0.11,0.07132290000000001,0
38836,52,IL6ST,0.3,0.23410970000000003,0
38837,52,IDH2,0.17,0.13525249999999997,0
38838,52,SMARCE1,0.46,0.28433790000000003,0
38839,52,CRTC3,0.09,0.0658962,0
38840,52,TSC1,0.34,0.2975348,0
38841,52,BCOR,-0.16999999999999998,-0.02195249999999999,0
38842,52,SDHA,0.24000000000000002,0.1433142,0
38843,52,EP300,1.6300000000000012,1.3024415999999996,0
38844,52,HNRNPA2B1,0.21,0.19441229999999995,0
38845,52,CLIP1,-0.09999999999999999,-0.05872970000000001,0
38846,52,PATZ1,-0.39,-0.115705,0
38847,52,FUBP1,-0.15000000000000002,-0.015165399999999994,0
38848,52,HLA-A,-0.16999999999999998,0.015061800000000014,0
38849,52,CCNC,-0.019999999999999997,-0.007048499999999998,0
38850,52,RPN1,-0.28,-0.07205460000000001,0
38851,52,TCF7L2,0.04000000000000001,0.09806640000000004,0
38852,52,CANT1,0.08,0.04606640000000001,0
38853,52,RPL5,-0.63,-0.1857851,0
38854,52,CCDC6,0.010000000000000009,0.04723660000000002,0
38855,52,NCKIPSD,0.04,0.0232404,0
38856,52,SMARCD1,0.44,0.2993489,0
38857,52,BCL10,-0.03999999999999999,0.006692600000000003,0
38858,52,MAX,0.01,0.02530760000000001,0
38859,52,HERPUD1,0.0,0.0,0
38860,52,RAC1,0.06999999999999998,0.0946374,0
38861,52,FLNA,0.039999999999999994,0.0562429,0
38862,52,TFE3,-0.4600000000000001,-0.20115290000000002,0
38863,52,NCOR2,0.7100000000000002,0.5117672,0
38864,52,PRPF40B,-0.020000000000000004,-0.006107000000000003,0
38865,52,BCL3,-0.040000000000000015,-0.005246200000000003,0
38866,52,TFPT,-0.33999999999999997,-0.09739319999999999,0
38867,52,MLH1,0.8400000000000001,0.7031209,0
38868,52,ARHGAP5,0.09000000000000001,0.0978397,0
38869,52,CIC,0.0,0.0,0
38870,52,LYN,0.8400000000000001,0.597077,0
38871,52,TCF12,0.26,0.1979266,0
38872,52,KLF6,0.04,0.022862800000000003,0
38873,52,KMT2C,0.9100000000000004,0.7430793000000001,0
38874,52,PIM1,-0.17,-0.0631994,0
38875,52,CCND1,1.520000000000001,0.9242840999999999,0
38876,52,MLLT1,-1.07,-0.31625949999999997,0
38877,52,MEN1,-0.06999999999999998,-0.010262700000000003,0
38878,52,CUL3,0.11000000000000001,0.12758129999999998,0
38879,52,RB1,0.6200000000000001,0.4928124999999999,0
38880,52,LPP,-0.07,-0.013218399999999988,0
38881,52,BUB1B,-0.12000000000000004,-0.05589629999999999,0
38882,52,SMAD4,1.4800000000000009,1.1132671,0
38883,52,FGFR1,0.21000000000000002,0.1409796,0
38884,52,TMSB4X,0.04,0.0324592,0
38885,52,CDK4,0.5199999999999999,0.35302750000000005,0
38886,52,MSI2,0.01,0.0072884000000000004,0
38887,52,MSH6,0.9000000000000004,0.7130496999999999,0
38888,52,BRAF,1.1000000000000003,0.9476002000000002,0
38889,52,TCEA1,-0.059999999999999984,-0.001541099999999995,0
38890,52,TNFAIP3,0.09,0.10590350000000001,0
38891,52,RABEP1,0.02,0.013156599999999997,0
38892,52,GMPS,-0.07,-0.0401278,0
38893,52,MDM2,1.1500000000000006,0.8174797,0
38894,52,NSD2,0.18,0.12399679999999999,0
38895,52,CASP8,0.07999999999999999,0.20299209999999998,0
38896,52,PER1,-0.24,-0.05121790000000001,0
38897,52,UBR5,-0.06,-0.022806200000000002,0
38898,52,EIF3E,-0.06000000000000001,0.04780470000000002,0
38899,52,RFWD3,0.030000000000000002,0.030180700000000005,0
38900,52,BRD3,0.12999999999999998,0.1063006,0
38901,52,PAFAH1B2,0.02,0.0159608,0
38902,52,EXT2,0.0,0.005936700000000017,0
38903,52,PLCG1,0.5099999999999999,0.37877440000000007,0
38904,52,SF3B1,-0.3,-0.1323835,0
38905,52,ARHGEF10L,0.02,0.010354200000000001,0
38906,52,NFATC2,0.18,0.12449679999999999,0
38907,52,SDHD,0.28,0.15647999999999998,0
38908,52,PABPC1,-0.8999999999999999,-0.2268923,0
38909,52,POLD1,-0.23000000000000004,-0.055709200000000014,0
38910,52,CALR,0.04,0.0364386,0
38911,52,PIK3CB,0.52,0.43374970000000007,0
38912,52,PPM1D,0.19000000000000003,0.1469174,0
38913,52,ATRX,0.9900000000000004,0.7930375000000001,0
38914,52,DGCR8,0.14,0.09055540000000001,0
38915,52,DDX10,0.12000000000000001,0.079103,0
38916,52,DROSHA,0.4,0.29929330000000004,0
38917,52,TNFRSF14,-0.12,-0.0442056,0
38918,52,BCL9L,0.16,0.11665479999999999,0
38919,52,QKI,-0.06,-0.038779900000000006,0
38920,52,BAZ1A,0.02,0.0149714,0
38921,52,CHD4,0.14999999999999997,0.14468549999999997,0
38922,52,NSD3,0.039999999999999994,0.053444599999999995,0
38923,52,NT5C2,0.17,0.09705770000000001,0
38924,52,CCNB1IP1,0.12,0.0586395,0
38925,52,PCBP1,-0.9199999999999999,-0.27853570000000005,0
38926,52,RALGDS,0.13,0.0952874,0
38927,52,ARHGEF12,-0.05,-0.0036263000000000024,0
38928,52,HSP90AB1,1.2000000000000004,0.8059645999999996,0
38929,52,FOXO3,1.3500000000000005,0.9553944000000001,0
38930,52,HIP1,-0.02,-0.0132785,0
38931,52,CDC73,-0.21000000000000002,-0.039326700000000006,0
38932,52,NIN,0.04,0.028906299999999996,0
38933,52,MDM4,0.16,0.1737227,0
38934,52,COL3A1,0.14999999999999997,0.1306008,0
38935,52,CTNND1,0.10999999999999999,0.1330596,0
38936,52,SPOP,-0.03,-0.0002626999999999942,0
38937,52,TMEM127,0.010000000000000009,0.031550200000000014,0
38938,52,CREB3L2,0.06,0.0450277,0
38939,52,MSH2,0.9400000000000004,0.7139308,0
38940,52,FNBP1,0.01,0.0119989,0
38941,52,ATF1,0.05,0.031496899999999994,0
38942,52,EIF1AX,-0.49999999999999994,-0.234485,0
38943,52,PMS1,0.51,0.3887017,0
38944,52,DEK,0.14,0.1178192,0
38945,52,ERBB2,1.0100000000000005,0.6561088999999999,0
38946,52,AKT1,1.1900000000000006,0.765091,0
38947,52,CHEK2,0.30000000000000004,0.3619535,0
38948,52,SDHB,0.39,0.24072159999999998,0
38949,52,NCOA1,0.38000000000000006,0.2749865,0
38950,52,CHIC2,0.030000000000000002,0.014420600000000004,0
38951,52,RUNX1,0.41000000000000014,0.5812565000000001,0
38952,52,STAT6,0.26,0.1700916,0
38953,52,FH,-0.23,-0.0830008,0
38954,52,AKT3,0.9900000000000004,0.6910955,0
38955,52,GNAS,0.24,0.168284,0
38956,52,CTNNB1,1.4600000000000009,1.0504083,0
38957,52,NONO,0.13999999999999999,0.0987571,0
38958,52,SMARCB1,0.9400000000000004,0.7094351999999999,0
38959,52,PRKAR1A,0.12000000000000001,0.11020320000000002,0
38960,52,ITGAV,3.469446951953614e-18,0.0173853,0
38961,52,SS18,0.39999999999999997,0.2621292,0
38962,52,MAP2K1,1.0600000000000005,0.6527045,0
38963,52,SIRPA,-0.01,-0.0039977,0
38964,52,PPFIBP1,0.36,0.2368314,0
38965,52,RPL22,-0.24,0.06406869999999998,0
38966,52,CYLD,0.30000000000000004,0.23672510000000002,0
38967,52,ARID1B,0.7,0.5147366,0
38968,52,SETDB1,0.33,0.2388786,0
38969,52,AFDN,-0.41999999999999993,-0.15897550000000002,0
38970,52,ZRSR2,0.30999999999999994,0.2203377,0
38971,52,PBRM1,0.9500000000000004,0.7045773,0
38972,52,XPC,0.6000000000000001,0.3960486000000001,0
38973,52,ASXL2,0.24,0.1627819,0
38974,52,TRIM24,-0.21999999999999997,-0.0817729,0
38975,52,SFPQ,-0.09999999999999998,0.0010563000000000065,0
38976,52,NCOA2,0.54,0.3858707,0
38977,52,FOXO4,0.44000000000000006,0.2828985,0
38978,52,LEF1,0.07999999999999999,0.08491989999999998,0
38979,52,B2M,-0.5700000000000002,-0.21221910000000002,0
38980,52,DDIT3,-0.39,-0.1016006,0
38981,52,BCL6,0.5300000000000001,0.35427770000000003,0
38982,52,KRAS,-1.7800000000000005,-0.47522179999999997,0
38983,52,FAT1,0.07,0.0516214,0
38984,52,ABL2,0.09000000000000001,0.0693022,0
38985,52,NF1,0.8300000000000003,0.6905303000000003,0
38986,52,BTG1,-0.03,-0.015307800000000002,0
38987,52,EIF4A2,0.13,0.09485950000000001,0
38988,52,SET,0.16,0.1379033,0
38989,52,EPS15,0.020000000000000004,0.024611400000000005,0
38990,52,RNF213,0.03,0.0241956,0
38991,52,CTCF,0.9900000000000007,0.7267405,0
38992,52,WDCP,0.09,0.0551452,0
38993,52,KAT7,0.11,0.08948610000000001,0
38994,52,KDM5C,0.15,0.1351676,0
38995,52,TGFBR2,0.19,0.1395022,0
38996,52,ATM,1.4500000000000008,1.1563421999999997,0
38997,52,NUMA1,-0.029999999999999985,-0.007144699999999998,0
38998,52,STAT3,1.550000000000001,1.1885806,0
38999,52,SUB1,-0.2,-0.0824317,0
39000,52,NUP98,0.12999999999999995,0.12332019999999996,0
39001,52,ELL,-0.16,-0.056774699999999984,0
39002,52,MAP3K1,0.35,0.30150209999999994,0
39003,52,MALT1,0.17,0.1539934,0
39004,52,XPO1,0.39,0.3221774,0
39005,52,SETD1B,0.17,0.1222859,0
39006,52,ETV6,-0.16000000000000003,-0.046192800000000006,0
39007,52,TBL1XR1,0.22000000000000003,0.1495444,0
39008,52,NUP214,-0.019999999999999962,0.1229944,0
39009,52,TPR,0.08000000000000002,0.09777849999999999,0
39010,52,ATIC,0.019999999999999983,0.04533260000000001,0
39011,52,NACA,0.24,0.1658598,0
39012,52,MYO5A,0.009999999999999998,0.0091851,0
39013,52,SMC1A,0.5300000000000001,0.4491311,0
39014,52,LASP1,-0.21000000000000002,-0.12088459999999998,0
39015,52,ERCC5,0.46,0.28812350000000003,0
39016,52,JUN,-0.33999999999999997,0.02353659999999998,0
39017,52,THRAP3,0.1,0.0818134,0
39018,52,STAG2,0.4599999999999999,0.38332930000000004,0
39019,52,RAF1,1.1500000000000006,0.8123376000000001,0
39020,52,ERCC3,0.59,0.4558015,0
39021,52,SMAD2,0.5800000000000001,0.5224955000000001,0
39022,52,TAF15,0.20000000000000004,0.1570041,0
39023,52,ARNT,0.31999999999999995,0.2577872,0
39024,52,CLTC,-0.6100000000000001,-0.31981420000000005,0
39025,52,IKBKB,0.5500000000000003,0.461474,0
39026,52,IDH1,-0.6300000000000001,-0.20635970000000003,0
39027,52,SND1,-0.01,-0.0049543,0
39028,52,KNSTRN,0.03,0.0239271,0
39029,52,RHOA,-1.6400000000000006,-0.42925420000000014,0
39030,52,PALB2,0.67,0.5570812,0
39031,52,ARID2,0.76,0.5677214999999999,0
39032,52,EZR,-0.09000000000000001,-0.010805200000000008,0
39033,52,TP53,-1.1099999999999999,-0.24007779999999998,0
39034,52,ARAF,0.37,0.2065634,0
39035,52,KIF5B,0.41,0.2880773,0
39036,52,KAT6A,0.17999999999999997,0.18110029999999996,0
39037,52,KTN1,-0.12,-0.0344224,0
39038,52,GOLGA5,-0.09999999999999999,-0.07276290000000002,0
39039,52,KDM5A,0.24,0.225752,0
39040,52,RAD21,0.48000000000000004,0.3682243,0
39041,52,GNAQ,0.12999999999999998,0.10040469999999999,0
39042,52,CAMTA1,-0.01,-0.0049708,0
39043,52,ERCC2,0.66,0.47282860000000004,0
39044,52,EZH2,1.8900000000000012,1.2632411,0
39045,52,TOP1,0.16999999999999998,0.127724,0
39046,52,SRSF3,-0.16,-0.04407150000000003,0
39047,52,NPM1,0.05000000000000005,0.18822179999999997,0
39048,52,BAX,-0.46,-0.1538877,0
39049,52,NOTCH2,0.25,0.194083,0
39050,52,TRAF7,0.03,0.0221694,0
39051,52,KDM6A,0.9700000000000004,0.8178380999999997,0
39052,52,SPEN,0.09999999999999999,0.0761699,0
39053,52,TRIM27,-0.55,-0.17314110000000002,0
39054,52,CRTC1,0.14,0.108096,0
39055,52,EML4,0.2800000000000001,0.2306788,0
39056,52,USP9X,-0.059999999999999984,-0.03596479999999999,0
39057,52,PTPRK,0.01,0.0073743,0
39058,52,CD74,-0.2,-0.02030060000000001,0
39059,52,CBL,0.5599999999999999,0.41636250000000014,0
39060,52,ZNF384,-0.09,-0.04446610000000001,0
39061,52,NOTCH1,1.0400000000000005,0.7622964999999999,0
39062,52,COX6C,-0.14,-0.0567464,0
39063,52,CHCHD7,0.02,0.012783800000000001,0
39064,52,HMGA1,-0.09,-0.0441922,0
39065,52,PTEN,1.420000000000001,1.2174148,0
39066,52,FIP1L1,-0.03,-0.022045,0
39067,52,JAK1,0.7300000000000002,0.5775676999999999,0
39068,52,ZMYM2,-0.05,-0.0345602,0
39069,52,SUZ12,0.7800000000000002,0.5416292000000001,0
39070,52,FUS,-0.09999999999999998,0.1376614,0
39071,52,BAP1,0.12000000000000001,0.09605520000000001,0
39072,52,ZCCHC8,-0.04,-0.013882000000000002,0
39073,52,CRNKL1,-0.04,-0.0235457,0
39074,52,RAD17,0.11999999999999998,0.08621499999999999,0
39075,52,ATP1A1,-0.009999999999999998,-0.0041239,0
39076,52,DNMT3A,0.8200000000000003,0.6512838,0
39077,52,FBXW7,1.0100000000000002,0.7720655000000001,0
39078,52,WWTR1,-0.09000000000000001,-0.05214320000000001,0
39079,52,CDKN1B,0.56,0.3507672,0
39080,52,KMT2A,0.41000000000000003,0.3599958000000001,0
39081,52,PTPN11,1.0100000000000005,0.7666052999999998,0
39082,52,STAT5B,0.7600000000000001,0.5514886000000001,0
39083,52,CUX1,-0.07,-0.0485915,0
39084,52,ABI1,-0.27,-0.1046008,0
39085,52,BRCA1,1.7900000000000014,1.4040267,0
39086,52,SH2B3,0.019999999999999997,0.018145500000000002,0
39087,52,AFF4,0.030000000000000006,0.025808099999999997,0
39088,52,NF2,-1.3877787807814457e-17,0.06174969999999999,0
39089,52,LMNA,-0.009999999999999986,0.018999000000000005,0
39090,52,TSC2,0.4699999999999999,0.4044712999999999,0
39091,52,GOLPH3,-0.12,-0.0688217,0
39092,52,PCM1,-0.07,-0.0462646,0
39093,52,PPP2R1A,-0.4099999999999999,-0.16179049999999995,0
39094,52,ARID1A,1.800000000000001,1.3311309999999998,0
39095,52,ABL1,0.2500000000000001,0.19973250000000004,0
39096,52,AFF1,0.16999999999999998,0.1373814,0
39097,52,DAXX,-0.19000000000000003,-0.03274289999999999,0
39098,52,CBFB,0.10999999999999999,0.09918660000000001,0
39099,52,CBLB,0.13,0.1002089,0
39100,52,POLR2A,0.04000000000000001,0.20215669999999997,0
39101,52,PRKACA,0.33000000000000007,0.25804239999999995,0
39102,52,DNM2,-0.11,-0.04824439999999999,0
39103,52,RAP1GDS1,-0.10999999999999999,-0.0478911,0
39104,52,NCOR1,0.9100000000000004,0.7896218,0
39105,52,NFKBIE,-0.3,-0.10705260000000003,0
39106,52,DDX3X,0.16999999999999996,0.1416475,0
39107,52,ELK4,0.01,0.007060800000000001,0
39108,52,MLLT6,0.11000000000000001,0.0890633,0
39109,52,SRSF2,-1.6199999999999999,-0.4580859,0
39110,52,CTNNA1,0.1,0.07812189999999998,0
39111,52,RBM10,0.2,0.1414109,0
39112,52,PTPRC,0.13,0.1274033,0
39113,52,HSP90AA1,1.1900000000000006,0.7988937000000003,0
39114,53,NSD1,0.33,0.28998300000000005,1
39115,53,DICER1,0.25,0.278922,1
39116,53,BIRC6,0.13,0.1194373,1
39117,53,SDHC,0.41000000000000003,0.31237409999999993,1
39118,53,TFG,0.22999999999999998,0.1457243,1
39119,53,MAP2K2,0.31000000000000005,0.21825660000000002,1
39120,53,TFRC,-0.24000000000000002,-0.1003998,1
39121,53,CREB1,0.8400000000000004,0.7667083,1
39122,53,POLG,0.0,0.0,1
39123,53,SETD2,0.6600000000000001,0.6220394,1
39124,53,NAB2,-0.57,-0.1567552,1
39125,53,HIF1A,1.670000000000001,1.3147889000000001,1
39126,53,FLCN,-0.07,0.015263700000000005,1
39127,53,MAP2K4,0.07999999999999999,0.12942399999999998,1
39128,53,CNOT3,0.06,0.05849759999999999,1
39129,53,CIITA,0.07,0.0412457,1
39130,53,LSM14A,0.16,0.1323202,1
39131,53,AKAP9,-0.06999999999999999,0.0015712000000000018,1
39132,53,MSN,-0.18999999999999997,-0.06390639999999999,1
39133,53,BCR,-0.07,0.027397399999999995,1
39134,53,TRRAP,-0.09,0.1935792,1
39135,53,PPP6C,-0.14,-0.0668374,1
39136,53,NCOA4,-0.08000000000000002,0.00044399999999999995,1
39137,53,BCL9,0.19000000000000003,0.1550803,1
39138,53,PRCC,0.04999999999999999,0.04300659999999999,1
39139,53,LARP4B,0.03,0.022943699999999997,1
39140,53,CHD2,0.02,0.0179858,1
39141,53,ASXL1,0.26,0.3366197999999999,1
39142,53,SMARCA4,1.9000000000000012,1.5088575999999998,1
39143,53,ERC1,-0.01,-0.0077657,1
39144,53,DCTN1,-0.04000000000000001,0.009577899999999986,1
39145,53,PIK3R1,1.1300000000000006,0.9687810999999998,1
39146,53,EED,0.12999999999999998,0.10486380000000002,1
39147,53,CNBP,0.01,0.0060376,1
39148,53,SGK1,0.45999999999999996,0.3154434,1
39149,53,MLLT10,-0.21999999999999995,-0.12842199999999998,1
39150,53,BRD4,0.8600000000000003,0.8075812,1
39151,53,RANBP2,0.30000000000000004,0.28547300000000003,1
39152,53,FBXO11,0.05,0.043911099999999995,1
39153,53,PML,0.27999999999999997,0.21734650000000005,1
39154,53,AKT2,1.1200000000000003,0.8332479000000002,1
39155,53,CEP89,0.07,0.045788999999999996,1
39156,53,LZTR1,0.07999999999999999,0.1047235,1
39157,53,YWHAE,0.21000000000000002,0.1386269,1
39158,53,DNAJB1,-0.14,-0.044898,1
39159,53,PRDM2,0.06,0.05095899999999999,1
39160,53,TPM4,0.5,0.3513946,1
39161,53,CREBBP,2.060000000000001,1.7086505999999992,1
39162,53,PMS2,0.8300000000000003,0.7274531000000002,1
39163,53,DDR2,0.010000000000000002,0.008351,1
39164,53,FANCA,0.3600000000000001,0.30865180000000003,1
39165,53,PDE4DIP,0.08,0.0628,1
39166,53,USP8,-0.06000000000000001,-0.023938600000000008,1
39167,53,MYH9,-0.4,-0.1230504,1
39168,53,MYC,-1.0600000000000003,-0.18490130000000005,1
39169,53,NBN,0.5700000000000001,0.4669065,1
39170,53,CCND3,-0.07,-0.0005398999999999994,1
39171,53,TRIP11,-0.08,-0.06378700000000001,1
39172,53,CNTRL,-0.06,-0.048782900000000004,1
39173,53,PIK3CA,1.2100000000000006,1.0865817000000002,1
39174,53,DDX5,0.3000000000000001,0.29899589999999987,1
39175,53,PICALM,3.469446951953614e-18,0.005534600000000008,1
39176,53,RARA,0.07,0.12005699999999998,1
39177,53,DDX6,1.3877787807814457e-17,0.10821549999999999,1
39178,53,COL1A1,0.20999999999999996,0.1808058,1
39179,53,VHL,0.27,0.20569230000000002,1
39180,53,MAPK1,1.820000000000001,1.3417367999999996,1
39181,53,SRC,0.4600000000000001,0.4314927999999999,1
39182,53,NFE2L2,0.35,0.24845730000000002,1
39183,53,MITF,-0.22,-0.042969999999999994,1
39184,53,SMAD3,1.1800000000000008,1.1291217,1
39185,53,RBM15,0.08,0.070134,1
39186,53,ATR,0.6799999999999999,0.5824695,1
39187,53,EPAS1,0.33999999999999997,0.35473089999999996,1
39188,53,TPM3,0.17,0.12413350000000001,1
39189,53,RPL10,0.11000000000000001,0.11335289999999999,1
39190,53,STAG1,0.14,0.14785060000000003,1
39191,53,SBDS,-0.02,-0.0086414,1
39192,53,KMT2D,1.0500000000000005,0.8653919000000001,1
39193,53,MED12,0.34,0.2952443,1
39194,53,BCLAF1,-0.03,0.031773000000000017,1
39195,53,ASPSCR1,0.010000000000000002,0.009855799999999998,1
39196,53,CDK12,0.52,0.43345740000000005,1
39197,53,EWSR1,0.26,0.30736749999999996,1
39198,53,NDRG1,-0.07,-0.0247452,1
39199,53,PSIP1,0.09,0.09076219999999999,1
39200,53,TRIM33,0.07,0.06393810000000001,1
39201,53,MTOR,1.1000000000000005,0.9209130000000001,1
39202,53,ARHGAP35,0.15999999999999998,0.1599854,1
39203,53,POT1,0.0,0.0023287000000000004,1
39204,53,EXT1,0.11,0.0827761,1
39205,53,IL6ST,0.33,0.2851913,1
39206,53,IDH2,-0.07999999999999999,-0.002676299999999996,1
39207,53,SMARCE1,0.39,0.27288789999999996,1
39208,53,CRTC3,0.09,0.07828469999999998,1
39209,53,TSC1,0.33999999999999997,0.32916249999999997,1
39210,53,BCOR,-0.08000000000000002,0.014801399999999996,1
39211,53,SDHA,0.22,0.1769466,1
39212,53,EP300,2.3300000000000005,2.0003651,1
39213,53,HNRNPA2B1,0.48000000000000004,0.3441598,1
39214,53,CLIP1,-0.13,-0.076068,1
39215,53,PATZ1,-0.48,-0.1368025,1
39216,53,FUBP1,-0.17,-0.0340798,1
39217,53,HLA-A,-0.08999999999999998,0.012995800000000002,1
39218,53,CCNC,-0.27,-0.11604180000000001,1
39219,53,RPN1,-0.2,-0.0779799,1
39220,53,TCF7L2,0.009999999999999978,0.08965739999999996,1
39221,53,CANT1,-0.009999999999999981,0.010958300000000011,1
39222,53,RPL5,-0.6000000000000001,-0.19699750000000002,1
39223,53,CCDC6,0.07999999999999999,0.09339989999999998,1
39224,53,NCKIPSD,-0.1,-0.026821,1
39225,53,SMARCD1,0.5,0.41558090000000003,1
39226,53,BCL10,0.009999999999999995,0.0523628,1
39227,53,MAX,0.06,0.08700469999999999,1
39228,53,HERPUD1,-0.02,-0.005881,1
39229,53,RAC1,0.15999999999999998,0.17281169999999996,1
39230,53,FLNA,0.19999999999999996,0.13164209999999998,1
39231,53,TFE3,-0.8200000000000001,-0.30040769999999994,1
39232,53,NCOR2,0.6200000000000001,0.5327873000000001,1
39233,53,PRPF40B,0.03,0.0201161,1
39234,53,BCL3,-0.15,-0.029903899999999997,1
39235,53,TFPT,-0.44,-0.11526220000000001,1
39236,53,MLH1,0.9100000000000001,0.8149723999999999,1
39237,53,ARHGAP5,0.08999999999999998,0.10472290000000001,1
39238,53,CIC,0.01,0.0074894,1
39239,53,LYN,0.7700000000000001,0.5910101,1
39240,53,TCF12,0.36000000000000004,0.2966214,1
39241,53,KLF6,0.05,0.032999,1
39242,53,KMT2C,1.0100000000000002,0.8768471000000002,1
39243,53,PIM1,-0.13000000000000003,-0.02955530000000002,1
39244,53,CCND1,1.2900000000000007,0.8298220000000001,1
39245,53,MLLT1,-1.5000000000000002,-0.3921827,1
39246,53,MEN1,-0.17000000000000004,-0.06382580000000002,1
39247,53,CUL3,0.10000000000000002,0.13199000000000002,1
39248,53,RB1,0.6400000000000001,0.5430758999999998,1
39249,53,LPP,-0.18000000000000002,-0.03406060000000001,1
39250,53,BUB1B,-0.19,-0.06181770000000002,1
39251,53,SMAD4,1.640000000000001,1.3478706999999999,1
39252,53,FGFR1,0.26999999999999996,0.2513731,1
39253,53,TMSB4X,0.03,0.0224883,1
39254,53,CDK4,0.9000000000000004,0.6385177000000001,1
39255,53,MSI2,0.01,0.0081289,1
39256,53,MSH6,1.0500000000000005,0.9194592,1
39257,53,BRAF,1.3300000000000007,1.1611627,1
39258,53,TCEA1,-0.13,-0.021796599999999996,1
39259,53,TNFAIP3,0.05999999999999999,0.09447900000000001,1
39260,53,RABEP1,0.0,0.0003504000000000007,1
39261,53,GMPS,-0.07,-0.0379906,1
39262,53,MDM2,1.1000000000000005,0.8813792999999999,1
39263,53,NSD2,0.21999999999999997,0.1737985,1
39264,53,CASP8,-0.19,0.08567820000000001,1
39265,53,PER1,-0.2,-0.07659959999999999,1
39266,53,UBR5,0.019999999999999997,0.0373776,1
39267,53,EIF3E,-0.020000000000000004,0.0351301,1
39268,53,RFWD3,0.03,0.028672800000000005,1
39269,53,BRD3,0.13,0.10549849999999998,1
39270,53,PAFAH1B2,0.03,0.02721,1
39271,53,EXT2,0.009999999999999995,0.014605099999999996,1
39272,53,PLCG1,0.39999999999999997,0.3792685,1
39273,53,SF3B1,-0.5299999999999999,-0.2557528,1
39274,53,ARHGEF10L,0.03,0.0152211,1
39275,53,NFATC2,0.22,0.16546180000000002,1
39276,53,SDHD,0.29000000000000004,0.21598249999999997,1
39277,53,PABPC1,-1.02,-0.2696911,1
39278,53,POLD1,-0.14,-0.03382679999999999,1
39279,53,CALR,0.06000000000000001,0.06705050000000001,1
39280,53,PIK3CB,0.6600000000000001,0.5620066999999999,1
39281,53,PPM1D,0.26,0.20752850000000003,1
39282,53,ATRX,1.0000000000000004,0.8719483000000001,1
39283,53,DGCR8,0.18,0.1460445,1
39284,53,DDX10,0.18,0.14485340000000002,1
39285,53,DROSHA,0.52,0.4208278,1
39286,53,TNFRSF14,-0.17,-0.058638100000000005,1
39287,53,BCL9L,0.13,0.10060799999999999,1
39288,53,QKI,0.01,0.008146299999999997,1
39289,53,BAZ1A,0.01,0.007627500000000001,1
39290,53,CHD4,0.39,0.34562389999999993,1
39291,53,NSD3,0.13999999999999999,0.1344397,1
39292,53,NT5C2,0.16,0.089313,1
39293,53,CCNB1IP1,0.13,0.0619692,1
39294,53,PCBP1,-0.9400000000000001,-0.2526995,1
39295,53,RALGDS,-0.04000000000000001,0.0504302,1
39296,53,ARHGEF12,-0.010000000000000009,0.03242059999999999,1
39297,53,HSP90AB1,0.9800000000000002,0.7133269000000001,1
39298,53,FOXO3,1.4400000000000008,1.1293416,1
39299,53,HIP1,-0.01,-0.0057044999999999995,1
39300,53,CDC73,0.020000000000000014,0.0647469,1
39301,53,NIN,0.009999999999999998,0.0058977999999999964,1
39302,53,MDM4,0.04000000000000001,0.1384051,1
39303,53,COL3A1,0.22,0.1831928,1
39304,53,CTNND1,0.13,0.15942869999999998,1
39305,53,SPOP,0.1,0.0987039,1
39306,53,TMEM127,0.07,0.04385650000000001,1
39307,53,CREB3L2,0.13,0.08619870000000002,1
39308,53,MSH2,0.9700000000000004,0.8645438999999999,1
39309,53,FNBP1,0.019999999999999997,0.028486900000000002,1
39310,53,ATF1,0.15,0.107922,1
39311,53,EIF1AX,-0.53,-0.2216755,1
39312,53,PMS1,0.6,0.4813668,1
39313,53,DEK,0.17000000000000004,0.14707779999999998,1
39314,53,ERBB2,0.8600000000000003,0.5835582999999998,1
39315,53,AKT1,0.8500000000000003,0.5716442,1
39316,53,CHEK2,0.7000000000000002,0.6412891,1
39317,53,SDHB,0.37000000000000005,0.281678,1
39318,53,NCOA1,0.37999999999999995,0.32985230000000004,1
39319,53,CHIC2,0.08,0.055508800000000004,1
39320,53,RUNX1,0.19999999999999996,0.6134124000000001,1
39321,53,STAT6,0.4,0.354017,1
39322,53,FH,-0.07,-0.008902500000000008,1
39323,53,AKT3,1.1300000000000003,0.8488543,1
39324,53,GNAS,0.38,0.27703880000000003,1
39325,53,CTNNB1,1.3200000000000005,0.9893048000000002,1
39326,53,NONO,0.29000000000000004,0.2724308,1
39327,53,SMARCB1,1.0100000000000005,0.8135191000000002,1
39328,53,PRKAR1A,0.23,0.2124826,1
39329,53,ITGAV,-0.01,0.04610789999999999,1
39330,53,SS18,0.4,0.2916008,1
39331,53,MAP2K1,1.0000000000000004,0.611381,1
39332,53,SIRPA,-0.09999999999999999,-0.0285662,1
39333,53,PPFIBP1,0.41,0.3030552,1
39334,53,RPL22,-0.14,0.0952431,1
39335,53,CYLD,0.30000000000000004,0.24815040000000002,1
39336,53,ARID1B,0.81,0.6497002999999999,1
39337,53,SETDB1,0.32,0.24109610000000004,1
39338,53,AFDN,-0.51,-0.16328050000000002,1
39339,53,ZRSR2,-0.10999999999999999,-0.0683616,1
39340,53,PBRM1,1.0000000000000004,0.7829848999999999,1
39341,53,XPC,0.48000000000000004,0.3168335,1
39342,53,ASXL2,0.27,0.2031977,1
39343,53,TRIM24,-0.16,-0.024149200000000006,1
39344,53,SFPQ,-0.30999999999999994,-0.07263719999999999,1
39345,53,NCOA2,0.6000000000000001,0.5005835000000001,1
39346,53,FOXO4,0.4800000000000001,0.31016629999999995,1
39347,53,LEF1,0.11999999999999998,0.1423353,1
39348,53,B2M,-0.35000000000000003,-0.16055179999999997,1
39349,53,DDIT3,-0.29000000000000004,-0.10390520000000002,1
39350,53,BCL6,0.22999999999999995,0.22374089999999996,1
39351,53,KRAS,-0.4299999999999998,-0.04636050000000002,1
39352,53,FAT1,0.11000000000000001,0.08473359999999999,1
39353,53,ABL2,0.07,0.05941650000000001,1
39354,53,NF1,1.2900000000000005,1.0888457,1
39355,53,BTG1,-0.08,-0.032236799999999996,1
39356,53,EIF4A2,0.009999999999999995,0.005208399999999995,1
39357,53,SET,0.16999999999999998,0.1418247,1
39358,53,EPS15,0.09,0.0814464,1
39359,53,RNF213,0.04,0.034773899999999996,1
39360,53,CTCF,1.1400000000000003,0.8385716000000001,1
39361,53,WDCP,0.17,0.10186810000000002,1
39362,53,KAT7,0.14,0.1231109,1
39363,53,KDM5C,0.16999999999999998,0.1657548,1
39364,53,TGFBR2,0.09999999999999998,0.1430402,1
39365,53,ATM,1.1900000000000006,1.1343128,1
39366,53,NUMA1,0.02,0.027297500000000002,1
39367,53,STAT3,0.9700000000000004,0.9069602,1
39368,53,SUB1,-0.09,-0.0419935,1
39369,53,NUP98,0.18000000000000002,0.18974339999999995,1
39370,53,ELL,0.08000000000000002,0.03571370000000001,1
39371,53,MAP3K1,0.27,0.2595022,1
39372,53,MALT1,0.13000000000000003,0.1476573,1
39373,53,XPO1,0.5800000000000002,0.48043990000000003,1
39374,53,SETD1B,0.27,0.2237301,1
39375,53,ETV6,-0.26,-0.106175,1
39376,53,TBL1XR1,0.23,0.17221720000000001,1
39377,53,NUP214,-0.19,0.11383720000000003,1
39378,53,TPR,0.12,0.10415490000000001,1
39379,53,ATIC,0.13999999999999999,0.16026780000000002,1
39380,53,NACA,0.22999999999999998,0.1460571,1
39381,53,MYO5A,0.02,0.016368099999999997,1
39382,53,SMC1A,0.30000000000000004,0.4005036999999999,1
39383,53,LASP1,-0.22999999999999998,-0.12291760000000002,1
39384,53,ERCC5,0.39000000000000007,0.24594460000000007,1
39385,53,JUN,-1.2400000000000002,-0.28808599999999995,1
39386,53,THRAP3,0.08,0.0640523,1
39387,53,STAG2,0.18000000000000002,0.24791920000000003,1
39388,53,RAF1,0.8300000000000003,0.6548448000000001,1
39389,53,ERCC3,0.58,0.5046564,1
39390,53,SMAD2,0.4900000000000001,0.5248034,1
39391,53,TAF15,0.21000000000000002,0.169667,1
39392,53,ARNT,0.24,0.2215868,1
39393,53,CLTC,-0.66,-0.3005661,1
39394,53,IKBKB,0.3700000000000001,0.4430797,1
39395,53,IDH1,-0.7400000000000002,-0.24824839999999995,1
39396,53,SND1,-0.020000000000000004,0.011859699999999994,1
39397,53,KNSTRN,0.02,0.015768200000000003,1
39398,53,RHOA,-3.1800000000000006,-0.7673824,1
39399,53,PALB2,0.7200000000000002,0.6189177,1
39400,53,ARID2,0.8500000000000001,0.6924522,1
39401,53,EZR,-0.18000000000000002,-0.06474130000000002,1
39402,53,TP53,-0.22000000000000003,0.17165339999999993,1
39403,53,ARAF,0.45000000000000007,0.2688389,1
39404,53,KIF5B,0.5200000000000001,0.40182860000000004,1
39405,53,KAT6A,0.15,0.1931982,1
39406,53,KTN1,-0.13,-0.02017800000000001,1
39407,53,GOLGA5,-0.060000000000000005,-0.0459734,1
39408,53,KDM5A,0.29000000000000004,0.2721059,1
39409,53,RAD21,0.6,0.4996532,1
39410,53,GNAQ,0.26999999999999996,0.22095979999999998,1
39411,53,CAMTA1,0.06,0.043134200000000004,1
39412,53,ERCC2,0.6900000000000001,0.5503722000000001,1
39413,53,EZH2,1.520000000000001,1.2073212,1
39414,53,TOP1,0.26,0.22585399999999997,1
39415,53,SRSF3,-0.16000000000000003,-0.015198299999999986,1
39416,53,NPM1,0.05000000000000001,0.1421936,1
39417,53,BAX,-0.7999999999999999,-0.1861696,1
39418,53,NOTCH2,0.28,0.24145250000000001,1
39419,53,TRAF7,0.02,0.014556800000000002,1
39420,53,KDM6A,0.8400000000000003,0.8872824999999999,1
39421,53,SPEN,0.13,0.1060205,1
39422,53,TRIM27,-0.54,-0.18095540000000002,1
39423,53,CRTC1,0.15,0.1214247,1
39424,53,EML4,0.2799999999999999,0.2966054,1
39425,53,USP9X,0.0,-0.0015491000000000012,1
39426,53,PTPRK,0.0,0.0,1
39427,53,CD74,-0.27,-0.0630295,1
39428,53,CBL,0.55,0.5009425,1
39429,53,ZNF384,0.04,0.032540200000000005,1
39430,53,NOTCH1,1.0700000000000003,0.8062408000000002,1
39431,53,COX6C,-0.22,-0.055760500000000005,1
39432,53,CHCHD7,0.03,0.0195096,1
39433,53,HMGA1,-0.1,-0.0427941,1
39434,53,PTEN,1.1600000000000006,1.1409989,1
39435,53,FIP1L1,-0.03,-0.010376400000000001,1
39436,53,JAK1,0.8500000000000003,0.7202083,1
39437,53,ZMYM2,-0.009999999999999997,-0.005006999999999996,1
39438,53,SUZ12,0.8500000000000003,0.6960005000000001,1
39439,53,FUS,-0.4,0.004022400000000002,1
39440,53,BAP1,-0.47000000000000003,-0.1929356,1
39441,53,ZCCHC8,-0.05,-0.018526,1
39442,53,CRNKL1,0.019999999999999997,0.016082100000000002,1
39443,53,RAD17,0.19,0.14862140000000001,1
39444,53,ATP1A1,0.0,0.0014856000000000001,1
39445,53,DNMT3A,0.9500000000000004,0.8429435999999998,1
39446,53,FBXW7,1.0200000000000005,0.8647171000000001,1
39447,53,WWTR1,-0.12,-0.05066609999999999,1
39448,53,CDKN1B,0.39,0.2912596000000001,1
39449,53,KMT2A,0.24999999999999997,0.3153841,1
39450,53,PTPN11,1.0900000000000003,0.9430578999999999,1
39451,53,STAT5B,0.7800000000000002,0.6365545000000001,1
39452,53,CUX1,-0.09,-0.0608352,1
39453,53,ABI1,-0.35,-0.09379679999999999,1
39454,53,BRCA1,1.6900000000000013,1.4160170999999997,1
39455,53,SH2B3,0.09,0.05677900000000001,1
39456,53,AFF4,-0.14999999999999997,-0.07890609999999998,1
39457,53,NF2,0.12000000000000001,0.13636030000000002,1
39458,53,LMNA,0.029999999999999992,0.025265799999999998,1
39459,53,TSC2,0.8300000000000003,0.6805429,1
39460,53,GOLPH3,-0.060000000000000005,-0.043495900000000004,1
39461,53,PCM1,-0.05,-0.0405918,1
39462,53,PPP2R1A,-0.18,-0.04635210000000001,1
39463,53,ARID1A,1.910000000000001,1.5634724000000002,1
39464,53,ABL1,-0.04999999999999985,0.11706149999999997,1
39465,53,AFF1,-0.009999999999999995,0.030103900000000003,1
39466,53,DAXX,-0.38,-0.1030111,1
39467,53,CBFB,0.07000000000000002,0.12485800000000001,1
39468,53,CBLB,0.17,0.1516553,1
39469,53,POLR2A,-0.31,0.09711140000000001,1
39470,53,PRKACA,0.11000000000000008,0.23845909999999992,1
39471,53,DNM2,-0.11000000000000001,-0.047003399999999994,1
39472,53,RAP1GDS1,-0.009999999999999981,0.03814500000000002,1
39473,53,NCOR1,0.9600000000000003,0.9390951000000002,1
39474,53,NFKBIE,-0.49,-0.14030520000000002,1
39475,53,DDX3X,0.24999999999999997,0.23084540000000003,1
39476,53,ELK4,0.02,0.0170188,1
39477,53,MLLT6,0.010000000000000002,0.022622800000000002,1
39478,53,SRSF2,-3.06,-0.724474,1
39479,53,CTNNA1,0.16,0.1269105,1
39480,53,RBM10,0.14,0.10883260000000002,1
39481,53,PTPRC,0.019999999999999997,0.10358039999999999,1
39482,53,HSP90AA1,0.8600000000000003,0.600015,1
39483,53,NSD1,0.22,0.1832302,0
39484,53,DICER1,0.17,0.20006490000000002,0
39485,53,BIRC6,0.07,0.061670699999999995,0
39486,53,SDHC,0.24,0.17493029999999998,0
39487,53,TFG,0.37,0.20863589999999999,0
39488,53,MAP2K2,0.34,0.2585345,0
39489,53,TFRC,-0.22,-0.10412110000000001,0
39490,53,CREB1,0.7700000000000005,0.5600915,0
39491,53,POLG,0.02,0.0076854,0
39492,53,SETD2,0.7000000000000002,0.5819804,0
39493,53,NAB2,-0.3,-0.10789460000000001,0
39494,53,HIF1A,1.590000000000001,1.1468956,0
39495,53,FLCN,0.049999999999999996,0.0436068,0
39496,53,MAP2K4,-0.08000000000000002,0.0434108,0
39497,53,CNOT3,-0.05,-0.011017800000000001,0
39498,53,CIITA,0.1,0.06674610000000002,0
39499,53,LSM14A,0.08000000000000002,0.07690650000000002,0
39500,53,AKAP9,-0.08,-0.028270500000000004,0
39501,53,MSN,-0.32999999999999996,-0.059145199999999995,0
39502,53,BCR,0.06,0.0664515,0
39503,53,TRRAP,0.06,0.1236134,0
39504,53,PPP6C,-0.15000000000000002,-0.0750449,0
39505,53,NCOA4,-0.2,-0.1100274,0
39506,53,BCL9,0.16,0.12394939999999999,0
39507,53,PRCC,0.06000000000000001,0.040497800000000014,0
39508,53,LARP4B,-0.01,-0.0049371,0
39509,53,CHD2,0.01,0.0078753,0
39510,53,ASXL1,0.53,0.4865232000000001,0
39511,53,SMARCA4,1.1600000000000006,0.9122079,0
39512,53,ERC1,-0.02,-0.0147142,0
39513,53,DCTN1,-0.26999999999999996,-0.1167703,0
39514,53,PIK3R1,1.4400000000000008,0.9706271,0
39515,53,EED,-0.11000000000000001,-0.002411,0
39516,53,CNBP,0.02,0.0112846,0
39517,53,SGK1,0.3,0.17500150000000003,0
39518,53,MLLT10,-0.029999999999999992,0.009139799999999998,0
39519,53,BRD4,1.1200000000000006,0.8603751999999999,0
39520,53,RANBP2,0.14999999999999997,0.2111225,0
39521,53,FBXO11,0.07,0.054809100000000006,0
39522,53,PML,0.48000000000000004,0.33756309999999995,0
39523,53,AKT2,0.9700000000000003,0.6571552,0
39524,53,CEP89,0.07,0.04129909999999999,0
39525,53,LZTR1,0.05,0.0713162,0
39526,53,YWHAE,0.16999999999999998,0.11320079999999999,0
39527,53,DNAJB1,-0.039999999999999994,-0.007445899999999997,0
39528,53,PRDM2,0.03,0.0218842,0
39529,53,TPM4,0.45000000000000007,0.2952494,0
39530,53,CREBBP,1.720000000000001,1.4193841999999999,0
39531,53,PMS2,0.6700000000000002,0.5920535,0
39532,53,DDR2,0.03,0.021926500000000005,0
39533,53,FANCA,0.37000000000000005,0.3031826,0
39534,53,PDE4DIP,0.05,0.0332119,0
39535,53,USP8,-0.06999999999999999,-0.038260699999999995,0
39536,53,MYH9,-0.19999999999999998,-0.0026726000000000145,0
39537,53,MYC,-1.3000000000000005,-0.47038789999999997,0
39538,53,NBN,0.51,0.37551360000000006,0
39539,53,CCND3,-0.02999999999999998,0.038612099999999996,0
39540,53,TRIP11,-0.11,-0.06722170000000001,0
39541,53,CNTRL,-0.07,-0.048292400000000006,0
39542,53,PIK3CA,1.5200000000000007,1.0376181,0
39543,53,DDX5,0.48,0.38447879999999995,0
39544,53,PICALM,0.0,0.0051637,0
39545,53,RARA,0.54,0.3713214,0
39546,53,DDX6,-0.05999999999999999,0.05932790000000001,0
39547,53,COL1A1,0.13,0.1397793,0
39548,53,VHL,0.19999999999999998,0.13991779999999998,0
39549,53,MAPK1,1.580000000000001,0.9879507999999997,0
39550,53,SRC,-0.56,0.004693099999999985,0
39551,53,NFE2L2,0.22,0.1606708,0
39552,53,MITF,-0.22,-0.04643399999999999,0
39553,53,SMAD3,1.290000000000001,0.9639662000000002,0
39554,53,RBM15,0.1,0.08036339999999999,0
39555,53,ATR,0.7000000000000002,0.6052016000000001,0
39556,53,EPAS1,0.39999999999999997,0.364695,0
39557,53,TPM3,0.29000000000000004,0.2065886,0
39558,53,RPL10,0.14,0.1337795,0
39559,53,STAG1,0.09,0.10934629999999998,0
39560,53,SBDS,-0.06,-0.0213418,0
39561,53,KMT2D,0.9700000000000004,0.7043572,0
39562,53,MED12,0.30000000000000004,0.2399787,0
39563,53,BCLAF1,-0.08,0.007100500000000003,0
39564,53,ASPSCR1,0.04000000000000001,0.027289799999999996,0
39565,53,CDK12,0.28,0.19928600000000002,0
39566,53,EWSR1,0.42,0.34008079999999996,0
39567,53,NDRG1,-0.03,-0.0093903,0
39568,53,PSIP1,-0.21,-0.09714869999999999,0
39569,53,TRIM33,0.05,0.045102699999999996,0
39570,53,MTOR,1.2700000000000007,0.9005633999999999,0
39571,53,ARHGAP35,0.09000000000000001,0.1312894,0
39572,53,POT1,-0.05,-0.009364300000000002,0
39573,53,EXT1,0.11,0.0719796,0
39574,53,IL6ST,0.27,0.1962364,0
39575,53,IDH2,0.07999999999999999,0.0997542,0
39576,53,SMARCE1,0.45,0.268637,0
39577,53,CRTC3,0.1,0.0785909,0
39578,53,TSC1,0.31000000000000005,0.28134000000000003,0
39579,53,BCOR,-0.14,-0.0098834,0
39580,53,SDHA,0.23,0.14342629999999998,0
39581,53,EP300,1.5500000000000014,1.2532427999999995,0
39582,53,HNRNPA2B1,0.27999999999999997,0.25070590000000004,0
39583,53,CLIP1,-0.09999999999999999,-0.05833579999999999,0
39584,53,PATZ1,-0.54,-0.1297023,0
39585,53,FUBP1,-0.16000000000000003,-0.0207452,0
39586,53,HLA-A,-0.12,0.02023239999999999,0
39587,53,CCNC,-0.13,-0.05486250000000001,0
39588,53,RPN1,-0.24,-0.0661218,0
39589,53,TCF7L2,0.019999999999999983,0.06554099999999999,0
39590,53,CANT1,0.14,0.0878226,0
39591,53,RPL5,-0.7100000000000001,-0.18642039999999999,0
39592,53,CCDC6,1.3877787807814457e-17,0.0413199,0
39593,53,NCKIPSD,0.04,0.022858399999999997,0
39594,53,SMARCD1,0.38,0.2461315,0
39595,53,BCL10,0.030000000000000013,0.0438591,0
39596,53,MAX,0.010000000000000002,0.022383700000000006,0
39597,53,HERPUD1,0.03,0.0122253,0
39598,53,RAC1,0.09,0.16371440000000004,0
39599,53,FLNA,0.13999999999999999,0.14233519999999997,0
39600,53,TFE3,-0.32999999999999996,-0.1470197,0
39601,53,NCOR2,0.77,0.5783684,0
39602,53,PRPF40B,-0.01,-0.0044443999999999985,0
39603,53,BCL3,-0.07999999999999999,-0.019300400000000002,0
39604,53,TFPT,-0.22000000000000003,-0.08683400000000001,0
39605,53,MLH1,0.8800000000000001,0.7167553999999998,0
39606,53,ARHGAP5,0.14,0.1105265,0
39607,53,CIC,0.0,0.0,0
39608,53,LYN,0.8600000000000003,0.5894972000000002,0
39609,53,TCF12,0.27999999999999997,0.21101140000000002,0
39610,53,KLF6,0.05,0.028536699999999998,0
39611,53,KMT2C,0.9700000000000002,0.7763456999999999,0
39612,53,PIM1,-0.14999999999999997,-0.0337461,0
39613,53,CCND1,0.9500000000000006,0.6132762000000002,0
39614,53,MLLT1,-0.95,-0.2861792999999999,0
39615,53,MEN1,0.08,0.0851936,0
39616,53,CUL3,0.10000000000000003,0.1449786,0
39617,53,RB1,0.7100000000000002,0.5411414999999999,0
39618,53,LPP,-0.08,-0.030342,0
39619,53,BUB1B,-0.16000000000000003,-0.0826999,0
39620,53,SMAD4,1.3300000000000007,0.9990055000000002,0
39621,53,FGFR1,0.21000000000000002,0.1420796,0
39622,53,TMSB4X,0.04,0.0305716,0
39623,53,CDK4,0.6000000000000001,0.40889049999999993,0
39624,53,MSI2,0.0,0.0,0
39625,53,MSH6,0.9400000000000004,0.7192976000000001,0
39626,53,BRAF,0.9100000000000003,0.8008141999999998,0
39627,53,TCEA1,-0.05999999999999998,0.0007415999999999985,0
39628,53,TNFAIP3,0.11,0.11549899999999999,0
39629,53,RABEP1,0.010000000000000002,0.005233299999999996,0
39630,53,GMPS,-0.05000000000000002,-0.03152300000000001,0
39631,53,MDM2,1.2200000000000006,0.7794388999999999,0
39632,53,NSD2,0.18,0.1232761,0
39633,53,CASP8,0.12000000000000001,0.2481936,0
39634,53,PER1,-0.22999999999999998,-0.04993249999999999,0
39635,53,UBR5,-0.009999999999999993,0.013248900000000018,0
39636,53,EIF3E,-0.03,0.0778987,0
39637,53,RFWD3,0.04,0.036573,0
39638,53,BRD3,0.14,0.1110862,0
39639,53,PAFAH1B2,0.02,0.015555399999999999,0
39640,53,EXT2,0.009999999999999995,0.011174600000000007,0
39641,53,PLCG1,0.5700000000000001,0.38804160000000004,0
39642,53,SF3B1,-0.4,-0.1690182,0
39643,53,ARHGEF10L,0.02,0.011460999999999999,0
39644,53,NFATC2,0.23,0.166578,0
39645,53,SDHD,0.25000000000000006,0.1364775,0
39646,53,PABPC1,-0.8900000000000001,-0.21487760000000003,0
39647,53,POLD1,-0.23000000000000004,-0.04982210000000001,0
39648,53,CALR,0.09,0.0702113,0
39649,53,PIK3CB,0.5799999999999998,0.4508003,0
39650,53,PPM1D,0.21000000000000005,0.15345920000000002,0
39651,53,ATRX,1.0600000000000005,0.8591201999999998,0
39652,53,DGCR8,0.16,0.10263910000000001,0
39653,53,DDX10,0.13,0.0804144,0
39654,53,DROSHA,0.41000000000000003,0.29827529999999997,0
39655,53,TNFRSF14,-0.15000000000000002,-0.050845600000000005,0
39656,53,BCL9L,0.15000000000000002,0.1047177,0
39657,53,QKI,-0.08,-0.0483075,0
39658,53,BAZ1A,0.02,0.0143356,0
39659,53,CHD4,0.30000000000000004,0.2553233,0
39660,53,NSD3,0.030000000000000006,0.0412781,0
39661,53,NT5C2,0.17,0.10619840000000001,0
39662,53,CCNB1IP1,0.09,0.0390432,0
39663,53,PCBP1,-0.82,-0.2476913,0
39664,53,RALGDS,0.12,0.0930088,0
39665,53,ARHGEF12,-0.04,-0.008638400000000001,0
39666,53,HSP90AB1,1.0800000000000003,0.7119892,0
39667,53,FOXO3,1.2300000000000006,0.8119036,0
39668,53,HIP1,-0.01,-0.0064694,0
39669,53,CDC73,-0.13999999999999999,-0.011439400000000006,0
39670,53,NIN,0.0,0.0002979999999999927,0
39671,53,MDM4,0.07999999999999999,0.1455789,0
39672,53,COL3A1,0.16,0.1442599,0
39673,53,CTNND1,0.15,0.14732750000000003,0
39674,53,SPOP,-0.030000000000000013,0.0083705,0
39675,53,TMEM127,0.10999999999999999,0.0803975,0
39676,53,CREB3L2,0.15000000000000002,0.0906303,0
39677,53,MSH2,0.9000000000000004,0.6281143,0
39678,53,FNBP1,0.0,0.003393199999999999,0
39679,53,ATF1,-0.02,-0.008480900000000001,0
39680,53,EIF1AX,-0.44999999999999996,-0.20507209999999998,0
39681,53,PMS1,0.51,0.3899194,0
39682,53,DEK,0.060000000000000005,0.07650100000000001,0
39683,53,ERBB2,0.9000000000000004,0.5667599999999999,0
39684,53,AKT1,1.3600000000000008,0.8436417999999999,0
39685,53,CHEK2,0.26,0.3639446,0
39686,53,SDHB,0.43,0.2812895,0
39687,53,NCOA1,0.41,0.2835671,0
39688,53,CHIC2,0.03,0.015467700000000001,0
39689,53,RUNX1,0.6400000000000003,0.7486820000000002,0
39690,53,STAT6,0.35,0.23783810000000005,0
39691,53,FH,-0.16,-0.049592399999999995,0
39692,53,AKT3,0.9900000000000004,0.6429834,0
39693,53,GNAS,0.23,0.1596161,0
39694,53,CTNNB1,1.530000000000001,0.9822547999999998,0
39695,53,NONO,0.11,0.0683783,0
39696,53,SMARCB1,1.0000000000000004,0.7454379999999999,0
39697,53,PRKAR1A,0.13,0.10965640000000001,0
39698,53,ITGAV,0.030000000000000002,0.046495699999999994,0
39699,53,SS18,0.41000000000000003,0.263418,0
39700,53,MAP2K1,0.9900000000000004,0.6230370000000003,0
39701,53,SIRPA,0.0,0.0017111000000000001,0
39702,53,PPFIBP1,0.39999999999999997,0.2629148,0
39703,53,RPL22,-0.18000000000000005,0.0931496,0
39704,53,CYLD,0.28,0.2162639,0
39705,53,ARID1B,0.6399999999999999,0.45680030000000005,0
39706,53,SETDB1,0.31,0.2146395,0
39707,53,AFDN,-0.42000000000000004,-0.1419066,0
39708,53,ZRSR2,0.33000000000000007,0.2373786,0
39709,53,PBRM1,0.9600000000000004,0.6826647000000001,0
39710,53,XPC,0.6200000000000001,0.42836850000000004,0
39711,53,ASXL2,0.24,0.16028649999999997,0
39712,53,TRIM24,-0.21000000000000002,-0.0846967,0
39713,53,SFPQ,-0.14,-0.004707900000000001,0
39714,53,NCOA2,0.55,0.37438029999999994,0
39715,53,FOXO4,0.30000000000000004,0.20298919999999998,0
39716,53,LEF1,0.08000000000000002,0.08461539999999998,0
39717,53,B2M,-0.59,-0.2032214,0
39718,53,DDIT3,-0.45,-0.116505,0
39719,53,BCL6,0.6200000000000001,0.4468686,0
39720,53,KRAS,-1.6700000000000006,-0.39302209999999993,0
39721,53,FAT1,0.05000000000000001,0.050820000000000004,0
39722,53,ABL2,0.11,0.0737588,0
39723,53,NF1,0.8400000000000003,0.6578866000000001,0
39724,53,BTG1,-0.01,-0.0055098000000000005,0
39725,53,EIF4A2,0.09000000000000001,0.07830570000000002,0
39726,53,SET,0.16000000000000003,0.13500589999999998,0
39727,53,EPS15,0.04,0.039017100000000006,0
39728,53,RNF213,0.03,0.023711399999999997,0
39729,53,CTCF,0.8400000000000003,0.5878766999999999,0
39730,53,WDCP,0.06999999999999998,0.0597428,0
39731,53,KAT7,0.13,0.09456409999999998,0
39732,53,KDM5C,0.17,0.1544056,0
39733,53,TGFBR2,0.27,0.1868161,0
39734,53,ATM,1.5000000000000009,1.146138,0
39735,53,NUMA1,0.0,0.009470299999999997,0
39736,53,STAT3,1.4800000000000006,1.1862578000000001,0
39737,53,SUB1,-0.26,-0.0931025,0
39738,53,NUP98,0.06999999999999999,0.09609669999999998,0
39739,53,ELL,0.04000000000000001,0.048522200000000015,0
39740,53,MAP3K1,0.49000000000000005,0.34565370000000006,0
39741,53,MALT1,0.18,0.1541659,0
39742,53,XPO1,0.24999999999999997,0.21412750000000003,0
39743,53,SETD1B,0.12000000000000001,0.0847468,0
39744,53,ETV6,-0.14999999999999997,-0.0368662,0
39745,53,TBL1XR1,0.17,0.1074359,0
39746,53,NUP214,1.9081958235744878e-17,0.1005573,0
39747,53,TPR,0.09000000000000002,0.10725119999999999,0
39748,53,ATIC,-1.734723475976807e-18,0.019200899999999993,0
39749,53,NACA,0.24,0.1692823,0
39750,53,MYO5A,0.0,0.0015972000000000017,0
39751,53,SMC1A,0.6500000000000001,0.5165084,0
39752,53,LASP1,-0.19,-0.1122105,0
39753,53,ERCC5,0.54,0.38523320000000005,0
39754,53,JUN,0.4,0.42207160000000005,0
39755,53,THRAP3,0.1,0.08242970000000001,0
39756,53,STAG2,0.54,0.39233319999999994,0
39757,53,RAF1,1.1800000000000004,0.8138278000000001,0
39758,53,ERCC3,0.55,0.45710229999999996,0
39759,53,SMAD2,0.5900000000000002,0.5115945000000001,0
39760,53,TAF15,0.15000000000000002,0.1276266,0
39761,53,ARNT,0.31000000000000005,0.25294019999999995,0
39762,53,CLTC,-0.49,-0.2702165,0
39763,53,IKBKB,0.5700000000000003,0.4378712,0
39764,53,IDH1,-0.39999999999999997,-0.07348180000000001,0
39765,53,SND1,0.010000000000000004,0.010525299999999996,0
39766,53,KNSTRN,0.03,0.0236406,0
39767,53,RHOA,-1.0599999999999998,-0.2663045,0
39768,53,PALB2,0.62,0.5140324000000001,0
39769,53,ARID2,0.7200000000000002,0.5208369,0
39770,53,EZR,-0.020000000000000004,0.03692640000000001,0
39771,53,TP53,-1.16,-0.1304598,0
39772,53,ARAF,0.39,0.2121285,0
39773,53,KIF5B,0.3999999999999999,0.2873056999999999,0
39774,53,KAT6A,0.18999999999999997,0.1793525,0
39775,53,KTN1,-0.08,-0.017120800000000005,0
39776,53,GOLGA5,-0.14,-0.0870289,0
39777,53,KDM5A,0.23,0.2071049,0
39778,53,RAD21,0.44000000000000006,0.3436142,0
39779,53,GNAQ,0.15,0.09870880000000001,0
39780,53,CAMTA1,0.0,0.0022024,0
39781,53,ERCC2,0.6100000000000001,0.4322835,0
39782,53,EZH2,1.8100000000000012,1.1504096000000001,0
39783,53,TOP1,0.21,0.1541749,0
39784,53,SRSF3,-0.5299999999999999,-0.154104,0
39785,53,NPM1,-0.15999999999999995,0.09362760000000002,0
39786,53,BAX,-0.51,-0.1575951,0
39787,53,NOTCH2,0.28,0.2219915,0
39788,53,TRAF7,0.03,0.0221859,0
39789,53,KDM6A,0.7400000000000001,0.6532095000000001,0
39790,53,SPEN,0.12,0.0875512,0
39791,53,TRIM27,-0.38,-0.14507920000000002,0
39792,53,CRTC1,0.14,0.11412440000000001,0
39793,53,EML4,0.19999999999999998,0.1708364,0
39794,53,USP9X,-0.11000000000000001,-0.06916590000000002,0
39795,53,PTPRK,0.01,0.006927,0
39796,53,CD74,-0.11000000000000003,0.002189999999999981,0
39797,53,CBL,0.5499999999999999,0.3891262,0
39798,53,ZNF384,-0.09,-0.043443300000000004,0
39799,53,NOTCH1,0.8100000000000004,0.6671288000000002,0
39800,53,COX6C,-0.12,-0.05380979999999999,0
39801,53,CHCHD7,0.03,0.0191874,0
39802,53,HMGA1,-0.16999999999999998,-0.0652601,0
39803,53,PTEN,1.5000000000000009,1.1867918,0
39804,53,FIP1L1,-0.030000000000000006,-0.0199184,0
39805,53,JAK1,0.7500000000000002,0.5693387,0
39806,53,ZMYM2,-0.07,-0.0494934,0
39807,53,SUZ12,0.64,0.4420146,0
39808,53,FUS,-0.18,0.1187663,0
39809,53,BAP1,0.10999999999999999,0.0948968,0
39810,53,ZCCHC8,-0.08,-0.022092,0
39811,53,CRNKL1,-0.049999999999999996,-0.026294099999999997,0
39812,53,RAD17,0.09,0.0645361,0
39813,53,ATP1A1,0.0,-0.0005065000000000009,0
39814,53,DNMT3A,0.7900000000000003,0.6094414999999997,0
39815,53,FBXW7,0.9500000000000004,0.7384343000000002,0
39816,53,WWTR1,-0.1,-0.049108200000000005,0
39817,53,CDKN1B,0.6100000000000001,0.37171129999999997,0
39818,53,KMT2A,0.45000000000000007,0.3585608,0
39819,53,PTPN11,0.9000000000000004,0.6514615,0
39820,53,STAT5B,0.5900000000000001,0.4883739,0
39821,53,CUX1,-0.1,-0.0653978,0
39822,53,ABI1,-0.29999999999999993,-0.10906530000000002,0
39823,53,BRCA1,1.7800000000000011,1.3857365,0
39824,53,SH2B3,0.05,0.0383845,0
39825,53,AFF4,0.11000000000000001,0.08999740000000002,0
39826,53,NF2,-0.029999999999999992,0.04413080000000001,0
39827,53,LMNA,0.09,0.07550689999999997,0
39828,53,TSC2,0.48999999999999994,0.4114468,0
39829,53,GOLPH3,-0.12000000000000001,-0.0673544,0
39830,53,PCM1,-0.05,-0.0329214,0
39831,53,PPP2R1A,-0.44000000000000006,-0.14119140000000002,0
39832,53,ARID1A,1.7900000000000011,1.2706955999999998,0
39833,53,ABL1,0.28,0.20684130000000003,0
39834,53,AFF1,0.31,0.2380586,0
39835,53,DAXX,-0.26999999999999996,-0.06133689999999999,0
39836,53,CBFB,0.13999999999999999,0.1064153,0
39837,53,CBLB,0.14,0.10512659999999999,0
39838,53,POLR2A,-0.03,0.1533453,0
39839,53,PRKACA,0.46,0.35140689999999997,0
39840,53,DNM2,-0.13,-0.04944110000000001,0
39841,53,RAP1GDS1,-0.05,-0.026077599999999992,0
39842,53,NCOR1,0.8200000000000002,0.7684304000000001,0
39843,53,NFKBIE,-0.2,-0.07951269999999999,0
39844,53,DDX3X,0.16,0.16202370000000005,0
39845,53,ELK4,0.02,0.0148036,0
39846,53,MLLT6,0.13999999999999999,0.105827,0
39847,53,SRSF2,-1.0799999999999998,-0.27757699999999996,0
39848,53,CTNNA1,0.09,0.0676674,0
39849,53,RBM10,0.22,0.1516805,0
39850,53,PTPRC,0.09,0.10745039999999997,0
39851,53,HSP90AA1,1.3300000000000005,0.8692551999999999,0
39852,54,NSD1,0.31,0.2725522,1
39853,54,DICER1,0.30000000000000004,0.30705700000000014,1
39854,54,BIRC6,0.07999999999999999,0.08794360000000001,1
39855,54,SDHC,0.35,0.27169969999999993,1
39856,54,TFG,0.12,0.0850573,1
39857,54,MAP2K2,0.28,0.2014221,1
39858,54,TFRC,-0.24000000000000002,-0.0937801,1
39859,54,CREB1,0.8300000000000004,0.7404141000000002,1
39860,54,POLG,-0.01,-0.0029309,1
39861,54,SETD2,0.6500000000000004,0.5924907,1
39862,54,NAB2,-0.49,-0.14724749999999998,1
39863,54,HIF1A,1.710000000000001,1.320744,1
39864,54,FLCN,-0.08000000000000002,0.013232799999999996,1
39865,54,MAP2K4,0.040000000000000015,0.11086150000000002,1
39866,54,CNOT3,0.06,0.059619200000000004,1
39867,54,CIITA,0.08,0.050479699999999995,1
39868,54,LSM14A,0.14,0.1180697,1
39869,54,AKAP9,-0.03,0.019746099999999996,1
39870,54,MSN,-0.26999999999999996,-0.07959900000000002,1
39871,54,BCR,-0.05999999999999999,0.03562690000000001,1
39872,54,TRRAP,0.04000000000000002,0.18185489999999999,1
39873,54,PPP6C,-0.15,-0.0652137,1
39874,54,NCOA4,-0.12,-0.036053600000000005,1
39875,54,BCL9,0.18,0.1621388,1
39876,54,PRCC,0.08,0.06249819999999999,1
39877,54,LARP4B,0.02,0.0136998,1
39878,54,CHD2,0.02,0.0188104,1
39879,54,ASXL1,0.17000000000000007,0.2784795,1
39880,54,SMARCA4,1.8600000000000012,1.4461715999999998,1
39881,54,ERC1,-0.03,-0.0227295,1
39882,54,DCTN1,-6.938893903907228e-18,0.040301100000000006,1
39883,54,PIK3R1,1.3300000000000007,1.0802159,1
39884,54,EED,-0.030000000000000006,0.02873210000000001,1
39885,54,CNBP,0.02,0.012029600000000001,1
39886,54,SGK1,0.42999999999999994,0.28025300000000003,1
39887,54,MLLT10,-0.28,-0.144445,1
39888,54,BRD4,0.9600000000000003,0.8629911000000001,1
39889,54,RANBP2,0.23,0.24292210000000006,1
39890,54,FBXO11,0.06,0.04843120000000001,1
39891,54,PML,0.25000000000000006,0.20683200000000002,1
39892,54,AKT2,1.0900000000000003,0.7978668999999999,1
39893,54,CEP89,0.05,0.03463,1
39894,54,LZTR1,0.09,0.1020126,1
39895,54,YWHAE,0.2,0.12616320000000003,1
39896,54,DNAJB1,-0.09,-0.030042100000000002,1
39897,54,PRDM2,0.06,0.0498084,1
39898,54,TPM4,0.4900000000000001,0.35380120000000004,1
39899,54,CREBBP,1.8700000000000012,1.5708290000000007,1
39900,54,PMS2,0.6600000000000001,0.5891497000000001,1
39901,54,DDR2,3.469446951953614e-18,-0.0026102,1
39902,54,FANCA,0.3600000000000001,0.3010394,1
39903,54,PDE4DIP,0.08,0.0637858,1
39904,54,USP8,-0.06,-0.030646299999999994,1
39905,54,MYH9,-0.48,-0.1292917,1
39906,54,MYC,-1.3400000000000003,-0.3391408999999999,1
39907,54,NBN,0.5900000000000001,0.4734515000000001,1
39908,54,CCND3,-0.15000000000000002,-0.020766600000000003,1
39909,54,TRIP11,-0.09999999999999999,-0.07094039999999999,1
39910,54,CNTRL,-0.1,-0.0736029,1
39911,54,PIK3CA,1.300000000000001,1.1068426,1
39912,54,DDX5,0.24999999999999997,0.30060790000000015,1
39913,54,PICALM,0.010000000000000002,0.0130562,1
39914,54,RARA,0.09,0.1488497,1
39915,54,DDX6,0.06000000000000001,0.1345424,1
39916,54,COL1A1,0.20999999999999996,0.16995449999999998,1
39917,54,VHL,0.23,0.1707946,1
39918,54,MAPK1,1.700000000000001,1.2547749999999998,1
39919,54,SRC,0.3500000000000001,0.3274461,1
39920,54,NFE2L2,0.33000000000000007,0.2322499,1
39921,54,MITF,-0.14,-0.0022527999999999992,1
39922,54,SMAD3,1.2500000000000009,1.2094870999999996,1
39923,54,RBM15,0.08,0.06614640000000001,1
39924,54,ATR,0.72,0.5886201000000001,1
39925,54,EPAS1,0.39999999999999997,0.3890086,1
39926,54,TPM3,0.26000000000000006,0.22560539999999998,1
39927,54,RPL10,0.11000000000000001,0.11722930000000001,1
39928,54,STAG1,0.12,0.14228949999999999,1
39929,54,SBDS,-0.05,-0.0175546,1
39930,54,KMT2D,1.0200000000000002,0.817696,1
39931,54,MED12,0.33,0.283845,1
39932,54,BCLAF1,-0.029999999999999992,0.0337919,1
39933,54,ASPSCR1,-6.938893903907228e-18,0.00541949999999999,1
39934,54,CDK12,0.51,0.42479320000000004,1
39935,54,EWSR1,0.2,0.2545838999999999,1
39936,54,NDRG1,-0.019999999999999997,0.001327800000000004,1
39937,54,PSIP1,0.04000000000000001,0.04120210000000001,1
39938,54,TRIM33,0.12000000000000001,0.10727840000000001,1
39939,54,MTOR,1.0500000000000005,0.8678918000000002,1
39940,54,ARHGAP35,0.16,0.1413267,1
39941,54,POT1,0.01,0.012618899999999999,1
39942,54,EXT1,0.12,0.0932172,1
39943,54,IL6ST,0.32,0.2714829,1
39944,54,IDH2,0.04000000000000001,0.07417309999999999,1
39945,54,SMARCE1,0.41000000000000003,0.27692019999999995,1
39946,54,CRTC3,0.09999999999999999,0.0823392,1
39947,54,TSC1,0.27,0.29480259999999997,1
39948,54,BCOR,-0.15,0.0010792999999999983,1
39949,54,SDHA,0.27,0.19713459999999997,1
39950,54,EP300,2.37,1.9949856,1
39951,54,HNRNPA2B1,0.52,0.3661836,1
39952,54,CLIP1,-0.10999999999999999,-0.06385679999999999,1
39953,54,PATZ1,-0.56,-0.1431739,1
39954,54,FUBP1,-0.18,-0.02165479999999999,1
39955,54,HLA-A,-0.10999999999999999,0.013441900000000007,1
39956,54,CCNC,-0.32,-0.12406350000000001,1
39957,54,RPN1,-0.19,-0.06560650000000001,1
39958,54,TCF7L2,0.060000000000000026,0.1294427,1
39959,54,CANT1,0.04000000000000001,0.041183700000000004,1
39960,54,RPL5,-0.5800000000000001,-0.1718268,1
39961,54,CCDC6,0.08000000000000002,0.09746150000000003,1
39962,54,NCKIPSD,-0.07,-0.0170885,1
39963,54,SMARCD1,0.37,0.30526549999999997,1
39964,54,BCL10,0.05000000000000002,0.06993800000000001,1
39965,54,MAX,0.04,0.0844597,1
39966,54,HERPUD1,-0.01,-0.0029612,1
39967,54,RAC1,-0.21000000000000002,0.032443799999999995,1
39968,54,FLNA,0.009999999999999997,0.04803230000000001,1
39969,54,TFE3,-0.8800000000000001,-0.3028759,1
39970,54,NCOR2,0.6300000000000002,0.5344634,1
39971,54,PRPF40B,0.04,0.0270662,1
39972,54,BCL3,-0.12999999999999998,-0.030867299999999983,1
39973,54,TFPT,-0.35,-0.1170851,1
39974,54,MLH1,0.8000000000000003,0.7167374,1
39975,54,ARHGAP5,0.13999999999999999,0.11891399999999999,1
39976,54,CIC,0.01,0.0072770000000000005,1
39977,54,LYN,0.8400000000000002,0.6252959,1
39978,54,TCF12,0.33,0.271879,1
39979,54,KLF6,0.06,0.0383311,1
39980,54,KMT2C,0.9400000000000002,0.7954633,1
39981,54,PIM1,-0.11999999999999998,-0.015186799999999993,1
39982,54,CCND1,1.2600000000000007,0.7907257999999999,1
39983,54,MLLT1,-1.3500000000000003,-0.3662259999999999,1
39984,54,MEN1,-0.14,-0.0459376,1
39985,54,CUL3,0.12000000000000006,0.1301552,1
39986,54,RB1,0.6300000000000001,0.5217886,1
39987,54,LPP,-0.12000000000000001,-0.0285338,1
39988,54,BUB1B,-0.13999999999999999,-0.05507510000000001,1
39989,54,SMAD4,1.610000000000001,1.3539786,1
39990,54,FGFR1,0.37000000000000005,0.30091159999999995,1
39991,54,TMSB4X,0.03,0.0234651,1
39992,54,CDK4,1.1000000000000005,0.7708413000000001,1
39993,54,MSI2,0.01,0.0076025,1
39994,54,MSH6,0.9800000000000004,0.8178733,1
39995,54,BRAF,1.2800000000000007,1.1285673,1
39996,54,TCEA1,-0.08000000000000002,0.013339899999999995,1
39997,54,TNFAIP3,0.16,0.13215280000000001,1
39998,54,RABEP1,-0.010000000000000002,-0.006283799999999999,1
39999,54,GMPS,-0.06,-0.029896799999999994,1
40000,54,MDM2,1.300000000000001,1.0022704000000002,1
40001,54,NSD2,0.19999999999999998,0.15600920000000001,1
40002,54,CASP8,-0.27,0.08175939999999998,1
40003,54,PER1,-0.27999999999999997,-0.0878519,1
40004,54,UBR5,0.019999999999999997,0.035499499999999996,1
40005,54,EIF3E,-0.05999999999999999,0.037998500000000004,1
40006,54,RFWD3,0.030000000000000002,0.0341916,1
40007,54,BRD3,0.13,0.0941932,1
40008,54,PAFAH1B2,0.02,0.017265600000000002,1
40009,54,EXT2,0.0,0.016118400000000005,1
40010,54,PLCG1,0.4499999999999999,0.3979146999999999,1
40011,54,SF3B1,-0.5800000000000001,-0.2708647,1
40012,54,ARHGEF10L,0.03,0.015835199999999997,1
40013,54,NFATC2,0.22,0.1573714,1
40014,54,SDHD,0.27,0.19806679999999996,1
40015,54,PABPC1,-0.78,-0.2037252,1
40016,54,POLD1,-0.43,-0.0999947,1
40017,54,CALR,-0.04999999999999999,0.03219299999999999,1
40018,54,PIK3CB,0.6300000000000001,0.5400411999999999,1
40019,54,PPM1D,0.30000000000000004,0.23464990000000002,1
40020,54,ATRX,1.1200000000000006,0.9520227000000002,1
40021,54,DGCR8,0.2,0.1632734,1
40022,54,DDX10,0.16,0.12129790000000001,1
40023,54,DROSHA,0.5,0.40609339999999994,1
40024,54,TNFRSF14,-0.16,-0.0562432,1
40025,54,BCL9L,0.16,0.12240400000000001,1
40026,54,QKI,0.03,0.0235158,1
40027,54,BAZ1A,0.01,0.0075278,1
40028,54,CHD4,0.3800000000000001,0.3334352,1
40029,54,NSD3,0.1,0.10890179999999999,1
40030,54,NT5C2,0.16000000000000003,0.1036379,1
40031,54,CCNB1IP1,0.12000000000000001,0.05326360000000001,1
40032,54,PCBP1,-1.03,-0.281432,1
40033,54,RALGDS,-0.04999999999999999,0.0379018,1
40034,54,ARHGEF12,0.0,0.031552899999999995,1
40035,54,HSP90AB1,1.1600000000000006,0.7895286000000001,1
40036,54,FOXO3,1.4500000000000008,1.0876421,1
40037,54,HIP1,-0.019999999999999997,-0.010535,1
40038,54,CDC73,0.05999999999999999,0.09051000000000001,1
40039,54,NIN,-0.020000000000000004,-0.011045900000000004,1
40040,54,MDM4,0.13999999999999999,0.1790579,1
40041,54,COL3A1,0.18999999999999997,0.1545397,1
40042,54,CTNND1,0.08000000000000003,0.12999860000000002,1
40043,54,SPOP,0.13,0.11174179999999999,1
40044,54,TMEM127,0.030000000000000006,0.020792699999999994,1
40045,54,CREB3L2,0.08,0.057428900000000005,1
40046,54,MSH2,1.0300000000000005,0.8478951,1
40047,54,FNBP1,0.03,0.03809,1
40048,54,ATF1,0.12000000000000001,0.0857152,1
40049,54,EIF1AX,-0.4799999999999999,-0.197895,1
40050,54,PMS1,0.45999999999999996,0.3638153,1
40051,54,DEK,0.14,0.135175,1
40052,54,ERBB2,0.9300000000000004,0.6041551999999998,1
40053,54,AKT1,0.6700000000000002,0.4720099,1
40054,54,CHEK2,0.5,0.5733986999999999,1
40055,54,SDHB,0.36000000000000004,0.26759360000000004,1
40056,54,NCOA1,0.43,0.34830639999999996,1
40057,54,CHIC2,0.08,0.0501337,1
40058,54,RUNX1,0.28000000000000014,0.6597380000000002,1
40059,54,STAT6,0.39,0.3470371,1
40060,54,FH,-0.06,-0.005603299999999985,1
40061,54,AKT3,1.1400000000000006,0.8552968000000002,1
40062,54,GNAS,0.41000000000000003,0.2920449,1
40063,54,CTNNB1,1.610000000000001,1.1600407999999998,1
40064,54,NONO,0.28,0.2514183,1
40065,54,SMARCB1,0.9000000000000004,0.7225317,1
40066,54,PRKAR1A,0.21,0.19098700000000002,1
40067,54,ITGAV,-0.010000000000000005,0.03300620000000001,1
40068,54,SS18,0.37,0.2583665,1
40069,54,MAP2K1,0.9600000000000004,0.6000144000000001,1
40070,54,SIRPA,-0.06999999999999999,-0.0246657,1
40071,54,PPFIBP1,0.4,0.3001307,1
40072,54,RPL22,-0.19000000000000006,0.0940965,1
40073,54,CYLD,0.28,0.22693420000000003,1
40074,54,ARID1B,0.8,0.6297599000000002,1
40075,54,SETDB1,0.33999999999999997,0.2543132,1
40076,54,AFDN,-0.36,-0.1221549,1
40077,54,ZRSR2,-0.18000000000000005,-0.1199711,1
40078,54,PBRM1,0.9400000000000004,0.7172929,1
40079,54,XPC,0.47000000000000003,0.3020539,1
40080,54,ASXL2,0.24,0.180924,1
40081,54,TRIM24,-0.21,-0.0237006,1
40082,54,SFPQ,-0.57,-0.2042369,1
40083,54,NCOA2,0.5900000000000001,0.4813451999999999,1
40084,54,FOXO4,0.36,0.2277703,1
40085,54,LEF1,0.19,0.1724454,1
40086,54,B2M,-0.30999999999999994,-0.1339644,1
40087,54,DDIT3,-0.31000000000000005,-0.1064074,1
40088,54,BCL6,0.41000000000000003,0.3081443,1
40089,54,KRAS,-0.13,0.0925976,1
40090,54,FAT1,0.09000000000000001,0.0682579,1
40091,54,ABL2,-0.019999999999999997,0.019386499999999997,1
40092,54,NF1,1.2500000000000007,1.0260353,1
40093,54,BTG1,-0.06,-0.025555799999999997,1
40094,54,EIF4A2,0.12000000000000001,0.073618,1
40095,54,SET,0.19,0.1556826,1
40096,54,EPS15,0.06,0.0550619,1
40097,54,RNF213,0.05,0.0450191,1
40098,54,CTCF,1.0300000000000005,0.7307521000000001,1
40099,54,WDCP,0.26000000000000006,0.168397,1
40100,54,KAT7,0.14,0.12007390000000001,1
40101,54,KDM5C,0.19,0.18459969999999998,1
40102,54,TGFBR2,0.25,0.19726919999999995,1
40103,54,ATM,0.9000000000000006,0.9319207999999999,1
40104,54,NUMA1,3.469446951953614e-18,0.014568099999999997,1
40105,54,STAT3,1.0200000000000005,0.9615285999999997,1
40106,54,SUB1,-0.16,-0.06675400000000001,1
40107,54,NUP98,0.17999999999999988,0.19621380000000005,1
40108,54,ELL,0.04000000000000001,0.02748380000000001,1
40109,54,MAP3K1,0.44,0.349808,1
40110,54,MALT1,0.16999999999999998,0.16117910000000002,1
40111,54,XPO1,0.5400000000000003,0.4347007,1
40112,54,SETD1B,0.25,0.198911,1
40113,54,ETV6,-0.09000000000000001,-0.017997499999999986,1
40114,54,TBL1XR1,0.21,0.1446514,1
40115,54,NUP214,-0.19,0.10457720000000001,1
40116,54,TPR,0.12000000000000001,0.10307410000000002,1
40117,54,ATIC,0.15000000000000002,0.14127499999999998,1
40118,54,NACA,0.22999999999999998,0.14827300000000002,1
40119,54,MYO5A,0.0,5.0700000000000744e-05,1
40120,54,SMC1A,0.25,0.3831582000000001,1
40121,54,LASP1,-0.22,-0.1223947,1
40122,54,ERCC5,0.38000000000000006,0.24221719999999997,1
40123,54,JUN,-0.45999999999999985,0.02943510000000002,1
40124,54,THRAP3,0.04,0.0337428,1
40125,54,STAG2,0.26,0.28371640000000004,1
40126,54,RAF1,0.8700000000000003,0.6961727999999999,1
40127,54,ERCC3,0.48000000000000004,0.43058570000000007,1
40128,54,SMAD2,0.5000000000000002,0.5437058,1
40129,54,TAF15,0.23000000000000004,0.19310130000000003,1
40130,54,ARNT,0.29000000000000004,0.2589034,1
40131,54,CLTC,-0.77,-0.33622740000000007,1
40132,54,IKBKB,0.5100000000000002,0.4570045999999999,1
40133,54,IDH1,-0.4900000000000001,-0.17122930000000003,1
40134,54,SND1,-0.03,-0.0017795000000000016,1
40135,54,KNSTRN,0.02,0.0149668,1
40136,54,RHOA,-2.760000000000001,-0.6857394,1
40137,54,PALB2,0.5700000000000001,0.5124928999999999,1
40138,54,ARID2,0.8200000000000001,0.6468472000000001,1
40139,54,EZR,-0.15,-0.0442778,1
40140,54,TP53,-0.9599999999999997,-0.15509940000000005,1
40141,54,ARAF,0.33000000000000007,0.18566329999999995,1
40142,54,KIF5B,0.4800000000000001,0.3649759,1
40143,54,KAT6A,0.20999999999999996,0.22271800000000003,1
40144,54,KTN1,-0.049999999999999996,-0.0025674000000000035,1
40145,54,GOLGA5,-0.1,-0.0661007,1
40146,54,KDM5A,0.27,0.2569707,1
40147,54,RAD21,0.5900000000000001,0.4898641999999999,1
40148,54,GNAQ,0.27999999999999997,0.23221930000000002,1
40149,54,CAMTA1,0.07,0.052060800000000004,1
40150,54,ERCC2,0.65,0.5085676,1
40151,54,EZH2,1.6000000000000012,1.2697281,1
40152,54,TOP1,0.32000000000000006,0.2465172,1
40153,54,SRSF3,-0.32999999999999996,-0.08775550000000004,1
40154,54,NPM1,0.22999999999999995,0.25756399999999996,1
40155,54,BAX,-0.78,-0.174853,1
40156,54,NOTCH2,0.29000000000000004,0.2437991,1
40157,54,TRAF7,0.02,0.0139802,1
40158,54,KDM6A,0.9000000000000005,0.8908018000000002,1
40159,54,SPEN,0.13,0.1008358,1
40160,54,TRIM27,-0.5800000000000001,-0.1724336,1
40161,54,CRTC1,0.16,0.1237892,1
40162,54,EML4,0.29000000000000004,0.28381930000000005,1
40163,54,USP9X,-0.03,-0.024343100000000003,1
40164,54,PTPRK,-0.01,-0.0061198,1
40165,54,CD74,-0.24,-0.021405099999999996,1
40166,54,CBL,0.5900000000000001,0.5170441,1
40167,54,ZNF384,0.03,0.0248308,1
40168,54,NOTCH1,1.0800000000000005,0.8270192000000002,1
40169,54,COX6C,-0.17,-0.0584355,1
40170,54,CHCHD7,0.03,0.019268399999999998,1
40171,54,HMGA1,-0.07,-0.027740800000000003,1
40172,54,PTEN,1.3300000000000007,1.2163323999999993,1
40173,54,FIP1L1,-0.06,-0.0246995,1
40174,54,JAK1,0.8600000000000003,0.7131544000000001,1
40175,54,ZMYM2,-0.009999999999999998,-0.0038062000000000026,1
40176,54,SUZ12,0.8500000000000002,0.6594236,1
40177,54,FUS,-0.5599999999999999,-0.010062300000000014,1
40178,54,BAP1,-0.5399999999999999,-0.2042057,1
40179,54,ZCCHC8,-0.1,-0.024665000000000003,1
40180,54,CRNKL1,0.019999999999999997,0.014882999999999997,1
40181,54,RAD17,0.18,0.1309312,1
40182,54,ATP1A1,0.02,0.0111748,1
40183,54,DNMT3A,1.0700000000000005,0.8707153000000001,1
40184,54,FBXW7,0.9900000000000002,0.8581917000000001,1
40185,54,WWTR1,-0.16,-0.06724799999999999,1
40186,54,CDKN1B,0.45999999999999996,0.34132140000000005,1
40187,54,KMT2A,0.36,0.37436319999999995,1
40188,54,PTPN11,1.1500000000000006,0.9487681,1
40189,54,STAT5B,0.8200000000000003,0.6500468000000001,1
40190,54,CUX1,-0.09,-0.0612424,1
40191,54,ABI1,-0.31,-0.0755895,1
40192,54,BRCA1,1.8800000000000014,1.5549701,1
40193,54,SH2B3,0.04,0.021964,1
40194,54,AFF4,-0.030000000000000006,-0.006751199999999995,1
40195,54,NF2,0.10000000000000002,0.13194799999999998,1
40196,54,LMNA,0.020000000000000004,0.020120700000000005,1
40197,54,TSC2,0.8400000000000003,0.691154,1
40198,54,GOLPH3,-0.08,-0.0543032,1
40199,54,PCM1,-0.030000000000000002,-0.023686300000000004,1
40200,54,PPP2R1A,-0.6399999999999999,-0.2171175,1
40201,54,ARID1A,1.810000000000001,1.4740645,1
40202,54,ABL1,-0.21999999999999997,0.04551250000000001,1
40203,54,AFF1,-0.009999999999999995,0.048163300000000006,1
40204,54,DAXX,-0.45999999999999996,-0.12488529999999998,1
40205,54,CBFB,0.04999999999999999,0.11593379999999999,1
40206,54,CBLB,0.16000000000000003,0.1388736,1
40207,54,POLR2A,-0.19999999999999998,0.14186039999999994,1
40208,54,PRKACA,0.20000000000000007,0.25655629999999996,1
40209,54,DNM2,-0.11,-0.0521488,1
40210,54,RAP1GDS1,-0.03,0.018279599999999986,1
40211,54,NCOR1,0.9200000000000002,0.8879019000000001,1
40212,54,NFKBIE,-0.26,-0.08125639999999999,1
40213,54,DDX3X,0.29000000000000004,0.256077,1
40214,54,ELK4,0.03,0.025649099999999998,1
40215,54,MLLT6,0.03,0.028550400000000007,1
40216,54,SRSF2,-3.1500000000000012,-0.7283856000000001,1
40217,54,CTNNA1,0.14,0.1088266,1
40218,54,RBM10,0.16,0.1182791,1
40219,54,PTPRC,0.060000000000000005,0.1286433,1
40220,54,HSP90AA1,1.1300000000000006,0.7740664999999999,1
40221,54,NSD1,0.3,0.2439099,0
40222,54,DICER1,0.24000000000000002,0.2343608,0
40223,54,BIRC6,0.09999999999999999,0.08015720000000001,0
40224,54,SDHC,0.29000000000000004,0.19713260000000002,0
40225,54,TFG,0.32,0.1850356,0
40226,54,MAP2K2,0.26,0.2090766,0
40227,54,TFRC,-0.22000000000000006,-0.11496660000000002,0
40228,54,CREB1,0.8500000000000006,0.6608874,0
40229,54,POLG,0.02,0.0075664,0
40230,54,SETD2,0.6700000000000004,0.5775582000000001,0
40231,54,NAB2,-0.39,-0.1256062,0
40232,54,HIF1A,1.610000000000001,1.1790671000000004,0
40233,54,FLCN,0.03,0.031074300000000006,0
40234,54,MAP2K4,-0.13999999999999999,0.024832900000000005,0
40235,54,CNOT3,6.938893903907228e-18,0.015598299999999999,0
40236,54,CIITA,0.1,0.0614195,0
40237,54,LSM14A,0.1,0.0858165,0
40238,54,AKAP9,-0.09,-0.0325183,0
40239,54,MSN,-0.31999999999999995,-0.0831958,0
40240,54,BCR,0.11,0.09386910000000001,0
40241,54,TRRAP,0.02000000000000001,0.1552737,0
40242,54,PPP6C,-0.11,-0.0614091,0
40243,54,NCOA4,-0.15,-0.0830134,0
40244,54,BCL9,0.14,0.11250639999999999,0
40245,54,PRCC,0.04000000000000001,0.030217000000000004,0
40246,54,LARP4B,-0.01,-0.0051666,0
40247,54,CHD2,0.02,0.016851,0
40248,54,ASXL1,0.5199999999999999,0.4796448,0
40249,54,SMARCA4,1.280000000000001,0.9929129000000001,0
40250,54,ERC1,-0.02,-0.015607200000000002,0
40251,54,DCTN1,-0.23000000000000004,-0.11276320000000002,0
40252,54,PIK3R1,1.3500000000000008,0.9752889000000002,0
40253,54,EED,-0.010000000000000009,0.039283399999999996,0
40254,54,CNBP,0.02,0.0113238,0
40255,54,SGK1,0.26999999999999996,0.1591131,0
40256,54,MLLT10,-0.21,-0.0979753,0
40257,54,BRD4,1.0200000000000005,0.8128501000000001,0
40258,54,RANBP2,0.18999999999999997,0.20738039999999996,0
40259,54,FBXO11,0.060000000000000005,0.048700200000000006,0
40260,54,PML,0.38,0.2721028,0
40261,54,AKT2,0.9200000000000003,0.6471890000000001,0
40262,54,CEP89,0.06,0.036537200000000006,0
40263,54,LZTR1,0.04999999999999999,0.0741089,0
40264,54,YWHAE,0.26,0.16093219999999997,0
40265,54,DNAJB1,-0.07,-0.020806599999999998,0
40266,54,PRDM2,0.05,0.039229599999999996,0
40267,54,TPM4,0.46,0.2974006,0
40268,54,CREBBP,1.7600000000000011,1.4540342,0
40269,54,PMS2,0.6000000000000001,0.5458314,0
40270,54,DDR2,0.06,0.038572800000000004,0
40271,54,FANCA,0.33999999999999997,0.28249679999999994,0
40272,54,PDE4DIP,0.05,0.034517400000000004,0
40273,54,USP8,-0.08,-0.040854400000000006,0
40274,54,MYH9,-0.18000000000000002,-0.01686640000000001,0
40275,54,MYC,-1.850000000000001,-0.7619473999999999,0
40276,54,NBN,0.51,0.3849839,0
40277,54,CCND3,-0.09999999999999998,0.007408699999999997,0
40278,54,TRIP11,-0.1,-0.0719314,0
40279,54,CNTRL,-0.06,-0.0455758,0
40280,54,PIK3CA,1.570000000000001,1.1575148999999998,0
40281,54,DDX5,0.46,0.35895019999999994,0
40282,54,PICALM,3.469446951953614e-18,0.0025576000000000036,0
40283,54,RARA,0.5700000000000002,0.3847485,0
40284,54,DDX6,-0.02000000000000001,0.0802457,0
40285,54,COL1A1,0.08,0.095292,0
40286,54,VHL,0.24,0.1755502,0
40287,54,MAPK1,1.560000000000001,1.0045612,0
40288,54,SRC,-0.76,-0.06637299999999996,0
40289,54,NFE2L2,0.21,0.16200370000000003,0
40290,54,MITF,-0.31999999999999995,-0.0721468,0
40291,54,SMAD3,1.2400000000000009,0.9697788000000002,0
40292,54,RBM15,0.08,0.0721481,0
40293,54,ATR,0.6900000000000003,0.5831799,0
40294,54,EPAS1,0.41,0.3691185,0
40295,54,TPM3,0.16,0.11771029999999999,0
40296,54,RPL10,0.1,0.1090264,0
40297,54,STAG1,0.12,0.136078,0
40298,54,SBDS,-0.07,-0.025384999999999998,0
40299,54,KMT2D,0.9500000000000004,0.7022637999999998,0
40300,54,MED12,0.30000000000000004,0.2404223,0
40301,54,BCLAF1,0.009999999999999995,0.054502499999999995,0
40302,54,ASPSCR1,-0.009999999999999995,0.005225400000000002,0
40303,54,CDK12,0.33999999999999997,0.25038780000000005,0
40304,54,EWSR1,0.45999999999999985,0.3717343,0
40305,54,NDRG1,-0.06,-0.028306,0
40306,54,PSIP1,-0.12,-0.0495134,0
40307,54,TRIM33,0.010000000000000004,0.015532400000000002,0
40308,54,MTOR,1.2400000000000007,0.9236539000000004,0
40309,54,ARHGAP35,0.10999999999999999,0.135642,0
40310,54,POT1,-0.04,-0.0029932000000000005,0
40311,54,EXT1,0.11,0.0791307,0
40312,54,IL6ST,0.28,0.2159398,0
40313,54,IDH2,0.009999999999999995,0.05736029999999999,0
40314,54,SMARCE1,0.43,0.2721984,0
40315,54,CRTC3,0.09,0.0714945,0
40316,54,TSC1,0.35000000000000003,0.30623000000000006,0
40317,54,BCOR,-0.15999999999999998,-0.0118441,0
40318,54,SDHA,0.24,0.1446092,0
40319,54,EP300,1.7300000000000013,1.4136237,0
40320,54,HNRNPA2B1,0.11,0.14179039999999998,0
40321,54,CLIP1,-0.11,-0.0584531,0
40322,54,PATZ1,-0.47,-0.127797,0
40323,54,FUBP1,-0.12,-0.0023216999999999986,0
40324,54,HLA-A,-0.16999999999999998,0.0007117999999999985,0
40325,54,CCNC,-0.020000000000000004,-0.002937000000000002,0
40326,54,RPN1,-0.29,-0.0731975,0
40327,54,TCF7L2,0.06999999999999999,0.08993939999999999,0
40328,54,CANT1,0.08,0.0515512,0
40329,54,RPL5,-0.7,-0.2002174,0
40330,54,CCDC6,0.010000000000000009,0.054306099999999996,0
40331,54,NCKIPSD,0.019999999999999997,0.011448400000000001,0
40332,54,SMARCD1,0.47,0.3226769,0
40333,54,BCL10,-0.010000000000000002,0.025199099999999995,0
40334,54,MAX,0.030000000000000006,0.031229099999999996,0
40335,54,HERPUD1,0.02,0.0085044,0
40336,54,RAC1,0.08999999999999998,0.1439123,0
40337,54,FLNA,0.05000000000000002,0.07767589999999999,0
40338,54,TFE3,-0.36,-0.15501549999999997,0
40339,54,NCOR2,0.7100000000000002,0.5324837000000001,0
40340,54,PRPF40B,-0.05,-0.022575400000000002,0
40341,54,BCL3,-0.03999999999999999,-0.004602300000000003,0
40342,54,TFPT,-0.27,-0.0871239,0
40343,54,MLH1,0.8000000000000002,0.6781786999999999,0
40344,54,ARHGAP5,0.07999999999999999,0.0948632,0
40345,54,CIC,0.0,0.0,0
40346,54,LYN,0.8900000000000003,0.6380058000000002,0
40347,54,TCF12,0.26999999999999996,0.2152609,0
40348,54,KLF6,0.04,0.0236564,0
40349,54,KMT2C,1.0300000000000002,0.8252399000000002,0
40350,54,PIM1,-0.21,-0.06884080000000001,0
40351,54,CCND1,1.4600000000000009,0.8795871999999998,0
40352,54,MLLT1,-1.1600000000000001,-0.32659570000000004,0
40353,54,MEN1,0.08999999999999997,0.07350379999999998,0
40354,54,CUL3,0.14000000000000004,0.1455479,0
40355,54,RB1,0.6600000000000001,0.5091758,0
40356,54,LPP,-0.11000000000000001,-0.028796899999999997,0
40357,54,BUB1B,-0.12000000000000001,-0.058543499999999984,0
40358,54,SMAD4,1.4200000000000008,1.0741722000000002,0
40359,54,FGFR1,0.25,0.17661880000000002,0
40360,54,TMSB4X,0.04,0.031896,0
40361,54,CDK4,0.49,0.33697000000000005,0
40362,54,MSI2,0.0,0.0,0
40363,54,MSH6,0.9500000000000006,0.7648581,0
40364,54,BRAF,1.0300000000000007,0.8669709999999999,0
40365,54,TCEA1,-0.07999999999999997,-0.009534000000000004,0
40366,54,TNFAIP3,0.15000000000000002,0.1266518,0
40367,54,RABEP1,-0.010000000000000002,-0.007290200000000004,0
40368,54,GMPS,-0.07,-0.043382399999999995,0
40369,54,MDM2,1.1700000000000006,0.8476490000000001,0
40370,54,NSD2,0.2,0.1440541,0
40371,54,CASP8,0.030000000000000027,0.17842280000000002,0
40372,54,PER1,-0.25,-0.05852480000000001,0
40373,54,UBR5,-0.039999999999999994,-0.010143099999999993,0
40374,54,EIF3E,-0.05,0.054997000000000004,0
40375,54,RFWD3,0.030000000000000002,0.0316135,0
40376,54,BRD3,0.12,0.1069649,0
40377,54,PAFAH1B2,0.02,0.0162846,0
40378,54,EXT2,0.009999999999999995,0.013391699999999992,0
40379,54,PLCG1,0.57,0.42481589999999997,0
40380,54,SF3B1,-0.23,-0.08553499999999999,0
40381,54,ARHGEF10L,0.02,0.0107586,0
40382,54,NFATC2,0.18000000000000002,0.1257712,0
40383,54,SDHD,0.21000000000000005,0.1171854,0
40384,54,PABPC1,-1.05,-0.25406799999999996,0
40385,54,POLD1,-0.35,-0.07396049999999998,0
40386,54,CALR,0.010000000000000005,0.019660700000000003,0
40387,54,PIK3CB,0.5,0.4218724,0
40388,54,PPM1D,0.19000000000000003,0.1452731,0
40389,54,ATRX,1.0200000000000005,0.8360048000000001,0
40390,54,DGCR8,0.18,0.122229,0
40391,54,DDX10,0.10999999999999999,0.0768257,0
40392,54,DROSHA,0.45000000000000007,0.3397947999999999,0
40393,54,TNFRSF14,-0.16999999999999998,-0.060526399999999994,0
40394,54,BCL9L,0.14,0.0994726,0
40395,54,QKI,-0.060000000000000005,-0.0385318,0
40396,54,BAZ1A,0.01,0.007031300000000001,0
40397,54,CHD4,0.18999999999999997,0.1763095,0
40398,54,NSD3,0.06999999999999999,0.0679664,0
40399,54,NT5C2,0.17,0.1011078,0
40400,54,CCNB1IP1,0.08,0.037273,0
40401,54,PCBP1,-0.86,-0.2750489,0
40402,54,RALGDS,0.16999999999999998,0.112537,0
40403,54,ARHGEF12,-0.04,-0.004270499999999998,0
40404,54,HSP90AB1,1.0500000000000005,0.6945649,0
40405,54,FOXO3,1.3500000000000005,0.9609213999999999,0
40406,54,HIP1,-0.01,-0.0065912,0
40407,54,CDC73,-0.15999999999999998,-0.024430199999999992,0
40408,54,NIN,0.02,0.015752100000000005,0
40409,54,MDM4,0.14,0.1780508,0
40410,54,COL3A1,0.12999999999999998,0.12037350000000001,0
40411,54,CTNND1,0.13,0.1504837,0
40412,54,SPOP,0.049999999999999996,0.05141340000000001,0
40413,54,TMEM127,0.1,0.0755793,0
40414,54,CREB3L2,0.10999999999999999,0.06971429999999999,0
40415,54,MSH2,0.9200000000000004,0.7135425000000001,0
40416,54,FNBP1,3.469446951953614e-18,0.007813999999999998,0
40417,54,ATF1,0.02999999999999999,0.019189599999999987,0
40418,54,EIF1AX,-0.48000000000000004,-0.2307681,0
40419,54,PMS1,0.49000000000000005,0.3771218,0
40420,54,DEK,0.13,0.1090575,0
40421,54,ERBB2,1.0600000000000005,0.7170011000000002,0
40422,54,AKT1,1.2300000000000006,0.7685307000000001,0
40423,54,CHEK2,0.35999999999999993,0.4220403,0
40424,54,SDHB,0.36999999999999994,0.23843769999999995,0
40425,54,NCOA1,0.42,0.3113477,0
40426,54,CHIC2,0.039999999999999994,0.02138439999999999,0
40427,54,RUNX1,0.6700000000000004,0.7281565000000002,0
40428,54,STAT6,0.29000000000000004,0.21011849999999999,0
40429,54,FH,-0.28,-0.106684,0
40430,54,AKT3,1.0200000000000005,0.6998146000000001,0
40431,54,GNAS,0.21999999999999997,0.1542059,0
40432,54,CTNNB1,1.3800000000000008,0.9305886999999997,0
40433,54,NONO,0.18999999999999997,0.1371058,0
40434,54,SMARCB1,0.9300000000000004,0.7078568000000001,0
40435,54,PRKAR1A,0.15000000000000002,0.1213893,0
40436,54,ITGAV,0.029999999999999995,0.0347667,0
40437,54,SS18,0.4,0.2710554,0
40438,54,MAP2K1,1.1000000000000005,0.688619,0
40439,54,SIRPA,0.0,0.0010041,0
40440,54,PPFIBP1,0.38,0.2501315,0
40441,54,RPL22,-0.17000000000000004,0.07586380000000001,0
40442,54,CYLD,0.28,0.2244124,0
40443,54,ARID1B,0.71,0.5358052000000001,0
40444,54,SETDB1,0.32,0.233521,0
40445,54,AFDN,-0.44999999999999996,-0.15945990000000002,0
40446,54,ZRSR2,0.30000000000000004,0.2237581,0
40447,54,PBRM1,0.9500000000000004,0.7099571000000001,0
40448,54,XPC,0.6200000000000001,0.41763769999999995,0
40449,54,ASXL2,0.24,0.16486879999999998,0
40450,54,TRIM24,-0.21000000000000002,-0.08621340000000001,0
40451,54,SFPQ,-0.08,0.01435779999999999,0
40452,54,NCOA2,0.5400000000000001,0.39269570000000004,0
40453,54,FOXO4,0.4,0.2544265,0
40454,54,LEF1,0.09,0.0788285,0
40455,54,B2M,-0.5900000000000001,-0.2308603,0
40456,54,DDIT3,-0.37,-0.10263549999999999,0
40457,54,BCL6,0.5900000000000001,0.4141874,0
40458,54,KRAS,-1.4700000000000002,-0.38747590000000004,0
40459,54,FAT1,0.05000000000000001,0.0475152,0
40460,54,ABL2,0.1,0.0717154,0
40461,54,NF1,0.8100000000000004,0.6718588999999998,0
40462,54,BTG1,-0.03,-0.0148983,0
40463,54,EIF4A2,0.09000000000000001,0.08407930000000002,0
40464,54,SET,0.19,0.15490310000000004,0
40465,54,EPS15,0.010000000000000002,0.0196881,0
40466,54,RNF213,0.04,0.0317886,0
40467,54,CTCF,0.9800000000000004,0.7167638000000001,0
40468,54,WDCP,0.12999999999999995,0.0884461,0
40469,54,KAT7,0.12000000000000001,0.0971727,0
40470,54,KDM5C,0.16,0.1465837,0
40471,54,TGFBR2,0.26,0.18145879999999998,0
40472,54,ATM,1.4600000000000009,1.1647132000000002,0
40473,54,NUMA1,0.010000000000000002,0.018330900000000004,0
40474,54,STAT3,1.520000000000001,1.1949257999999998,0
40475,54,SUB1,-0.19,-0.0779666,0
40476,54,NUP98,0.10999999999999999,0.13206360000000003,0
40477,54,ELL,-0.010000000000000014,0.01485649999999999,0
40478,54,MAP3K1,0.30999999999999994,0.259196,0
40479,54,MALT1,0.09,0.1155991,0
40480,54,XPO1,0.30000000000000004,0.2538154,0
40481,54,SETD1B,0.18,0.1317921,0
40482,54,ETV6,-0.08,0.0015107999999999892,0
40483,54,TBL1XR1,0.23,0.1609105,0
40484,54,NUP214,-0.030000000000000027,0.0878882,0
40485,54,TPR,0.1,0.09784300000000001,0
40486,54,ATIC,0.020000000000000004,0.04067059999999999,0
40487,54,NACA,0.24,0.1661069,0
40488,54,MYO5A,0.009999999999999998,0.009085100000000002,0
40489,54,SMC1A,0.6400000000000001,0.5261343999999999,0
40490,54,LASP1,-0.19,-0.110457,0
40491,54,ERCC5,0.51,0.342993,0
40492,54,JUN,-0.05000000000000004,0.1588227,0
40493,54,THRAP3,0.12000000000000001,0.1013303,0
40494,54,STAG2,0.52,0.42266310000000007,0
40495,54,RAF1,1.0300000000000002,0.7342867999999999,0
40496,54,ERCC3,0.53,0.43426030000000004,0
40497,54,SMAD2,0.4900000000000001,0.4802522000000001,0
40498,54,TAF15,0.16000000000000003,0.13535950000000002,0
40499,54,ARNT,0.29000000000000004,0.25423280000000004,0
40500,54,CLTC,-0.55,-0.309449,0
40501,54,IKBKB,0.4300000000000001,0.42566329999999997,0
40502,54,IDH1,-0.7200000000000002,-0.1996345,0
40503,54,SND1,-0.01,-0.004507200000000004,0
40504,54,KNSTRN,0.03,0.0251214,0
40505,54,RHOA,-1.6799999999999997,-0.4466936,0
40506,54,PALB2,0.5199999999999999,0.4647282,0
40507,54,ARID2,0.7600000000000002,0.5815116,0
40508,54,EZR,-0.11,-0.0028528000000000095,0
40509,54,TP53,-0.8299999999999996,0.002790400000000016,0
40510,54,ARAF,0.44999999999999996,0.26243900000000003,0
40511,54,KIF5B,0.44,0.31293160000000003,0
40512,54,KAT6A,0.19999999999999996,0.1932985,0
40513,54,KTN1,-0.12000000000000001,-0.033194100000000004,0
40514,54,GOLGA5,-0.12,-0.08349490000000002,0
40515,54,KDM5A,0.18,0.17512830000000001,0
40516,54,RAD21,0.49000000000000005,0.39160059999999997,0
40517,54,GNAQ,0.12000000000000002,0.09093709999999998,0
40518,54,CAMTA1,0.01,0.005622200000000001,0
40519,54,ERCC2,0.66,0.4693111,0
40520,54,EZH2,1.7800000000000011,1.1541733000000003,0
40521,54,TOP1,0.16000000000000003,0.12496470000000001,0
40522,54,SRSF3,-0.28,-0.09654970000000002,0
40523,54,NPM1,-0.09999999999999996,0.10679619999999992,0
40524,54,BAX,-0.54,-0.1670338,0
40525,54,NOTCH2,0.26,0.2092185,0
40526,54,TRAF7,0.03,0.023494199999999996,0
40527,54,KDM6A,0.8000000000000003,0.7036900999999998,0
40528,54,SPEN,0.11,0.0842591,0
40529,54,TRIM27,-0.48000000000000004,-0.1648634,0
40530,54,CRTC1,0.14,0.10978270000000001,0
40531,54,EML4,0.29000000000000004,0.2446157,0
40532,54,USP9X,-0.060000000000000005,-0.039349800000000004,0
40533,54,PTPRK,0.01,0.0073292999999999995,0
40534,54,CD74,-0.21,-0.0427589,0
40535,54,CBL,0.6600000000000001,0.49010460000000006,0
40536,54,ZNF384,-0.05,-0.025209600000000002,0
40537,54,NOTCH1,1.0500000000000005,0.7758547000000001,0
40538,54,COX6C,-0.18,-0.066873,0
40539,54,CHCHD7,0.03,0.0205563,0
40540,54,HMGA1,-0.12,-0.0575411,0
40541,54,PTEN,1.310000000000001,1.1038043,0
40542,54,FIP1L1,-0.03,-0.019438800000000003,0
40543,54,JAK1,0.7800000000000002,0.6276278999999998,0
40544,54,ZMYM2,-0.08,-0.05595080000000001,0
40545,54,SUZ12,0.81,0.5758681000000001,0
40546,54,FUS,-0.17999999999999997,0.10049859999999997,0
40547,54,BAP1,0.010000000000000007,0.033341800000000005,0
40548,54,ZCCHC8,-0.09,-0.025154100000000002,0
40549,54,CRNKL1,-0.03,-0.0189377,0
40550,54,RAD17,0.13,0.09220060000000001,0
40551,54,ATP1A1,0.009999999999999997,0.004890700000000001,0
40552,54,DNMT3A,0.8600000000000003,0.7028766999999999,0
40553,54,FBXW7,1.1000000000000005,0.8444807999999997,0
40554,54,WWTR1,-0.060000000000000005,-0.0308816,0
40555,54,CDKN1B,0.6500000000000001,0.40012720000000007,0
40556,54,KMT2A,0.41000000000000003,0.363131,0
40557,54,PTPN11,0.8600000000000003,0.6704808999999999,0
40558,54,STAT5B,0.6900000000000003,0.5340117999999999,0
40559,54,CUX1,-0.13,-0.0867082,0
40560,54,ABI1,-0.38000000000000006,-0.1270684,0
40561,54,BRCA1,1.680000000000001,1.3503890000000003,0
40562,54,SH2B3,0.07,0.0488512,0
40563,54,AFF4,0.039999999999999994,0.04481570000000001,0
40564,54,NF2,-0.010000000000000009,0.0617173,0
40565,54,LMNA,-0.009999999999999998,0.020626899999999997,0
40566,54,TSC2,0.6,0.4891587,0
40567,54,GOLPH3,-0.09,-0.0586917,0
40568,54,PCM1,-0.05,-0.033824099999999996,0
40569,54,PPP2R1A,-0.3400000000000001,-0.0903399,0
40570,54,ARID1A,1.7700000000000011,1.2933466999999998,0
40571,54,ABL1,0.22999999999999993,0.20349169999999994,0
40572,54,AFF1,0.21999999999999997,0.1797338,0
40573,54,DAXX,-0.29,-0.08002469999999999,0
40574,54,CBFB,0.10999999999999997,0.09627619999999999,0
40575,54,CBLB,0.12000000000000001,0.09111350000000001,0
40576,54,POLR2A,-0.03000000000000004,0.1437767999999999,0
40577,54,PRKACA,0.35000000000000003,0.2839342,0
40578,54,DNM2,-0.13999999999999999,-0.053081699999999996,0
40579,54,RAP1GDS1,-0.049999999999999996,-0.013411100000000006,0
40580,54,NCOR1,0.8700000000000002,0.7936790000000002,0
40581,54,NFKBIE,-0.32,-0.1036102,0
40582,54,DDX3X,0.13999999999999999,0.1300491,0
40583,54,ELK4,0.02,0.0145126,0
40584,54,MLLT6,0.1,0.0872517,0
40585,54,SRSF2,-1.4200000000000002,-0.41423650000000006,0
40586,54,CTNNA1,0.1,0.0732795,0
40587,54,RBM10,0.2,0.1372117,0
40588,54,PTPRC,0.09,0.10703349999999999,0
40589,54,HSP90AA1,1.1500000000000004,0.7588023,0
40590,55,NSD1,0.29,0.24840299999999998,1
40591,55,DICER1,0.29000000000000004,0.2891029,1
40592,55,BIRC6,0.09999999999999999,0.0952911,1
40593,55,SDHC,0.38,0.30065600000000003,1
40594,55,TFG,0.2,0.1311261,1
40595,55,MAP2K2,0.24000000000000002,0.1746624,1
40596,55,TFRC,-0.30000000000000004,-0.1094637,1
40597,55,CREB1,0.9100000000000006,0.7733602000000002,1
40598,55,POLG,0.0,0.0,1
40599,55,SETD2,0.6800000000000002,0.6111139,1
40600,55,NAB2,-0.56,-0.1564573,1
40601,55,HIF1A,1.660000000000001,1.2633324,1
40602,55,FLCN,-0.03,0.014987299999999995,1
40603,55,MAP2K4,-0.04,0.06818520000000002,1
40604,55,CNOT3,0.04000000000000001,0.04199800000000001,1
40605,55,CIITA,0.07,0.039998099999999995,1
40606,55,LSM14A,0.15,0.1256907,1
40607,55,AKAP9,-0.06,0.0033018999999999965,1
40608,55,MSN,-0.14,-0.037825000000000004,1
40609,55,BCR,-0.08,0.019176500000000013,1
40610,55,TRRAP,0.050000000000000024,0.20216760000000003,1
40611,55,PPP6C,-0.15,-0.0640581,1
40612,55,NCOA4,-0.12000000000000001,-0.047803,1
40613,55,BCL9,0.17,0.1469649,1
40614,55,PRCC,0.13,0.09838659999999999,1
40615,55,LARP4B,0.02,0.013832800000000001,1
40616,55,CHD2,0.02,0.0175506,1
40617,55,ASXL1,0.37,0.3794456,1
40618,55,SMARCA4,1.890000000000001,1.4891047,1
40619,55,ERC1,-0.04,-0.028843200000000003,1
40620,55,DCTN1,-0.04000000000000001,0.0006045000000000147,1
40621,55,PIK3R1,1.2400000000000007,1.0224011000000002,1
40622,55,EED,0.07,0.0715494,1
40623,55,CNBP,0.02,0.012738600000000001,1
40624,55,SGK1,0.49999999999999994,0.3473119,1
40625,55,MLLT10,-0.19999999999999998,-0.11577989999999999,1
40626,55,BRD4,0.9600000000000004,0.8359285999999999,1
40627,55,RANBP2,0.23000000000000007,0.24499930000000003,1
40628,55,FBXO11,0.04,0.0346201,1
40629,55,PML,0.33999999999999997,0.249512,1
40630,55,AKT2,1.1300000000000006,0.8088734,1
40631,55,CEP89,0.06,0.038322400000000006,1
40632,55,LZTR1,0.10999999999999999,0.11168360000000001,1
40633,55,YWHAE,0.22000000000000003,0.1454157,1
40634,55,DNAJB1,-0.09,-0.0267755,1
40635,55,PRDM2,0.05,0.0404173,1
40636,55,TPM4,0.5000000000000001,0.3552003,1
40637,55,CREBBP,1.860000000000001,1.5190507,1
40638,55,PMS2,0.76,0.6573973000000001,1
40639,55,DDR2,0.020000000000000004,0.013052200000000007,1
40640,55,FANCA,0.3800000000000001,0.3214656,1
40641,55,PDE4DIP,0.08,0.0632926,1
40642,55,USP8,-0.04,-0.0210072,1
40643,55,MYH9,-0.38,-0.099953,1
40644,55,MYC,-0.5999999999999999,-0.014486300000000014,1
40645,55,NBN,0.5800000000000001,0.4641549,1
40646,55,CCND3,-0.2,-0.0340818,1
40647,55,TRIP11,-0.11,-0.08201159999999999,1
40648,55,CNTRL,-0.09,-0.0700729,1
40649,55,PIK3CA,1.1900000000000008,1.0422544999999999,1
40650,55,DDX5,0.27999999999999997,0.27738519999999994,1
40651,55,PICALM,-0.009999999999999995,-0.004858099999999997,1
40652,55,RARA,0.030000000000000016,0.10673079999999999,1
40653,55,DDX6,0.010000000000000009,0.11055729999999997,1
40654,55,COL1A1,0.19,0.1605947,1
40655,55,VHL,0.31000000000000005,0.23360989999999998,1
40656,55,MAPK1,1.4700000000000009,1.1008430999999999,1
40657,55,SRC,0.33,0.3310773999999999,1
40658,55,NFE2L2,0.29000000000000004,0.23015970000000002,1
40659,55,MITF,-0.22,-0.0601254,1
40660,55,SMAD3,1.260000000000001,1.1348043000000003,1
40661,55,RBM15,0.09,0.076283,1
40662,55,ATR,0.71,0.5816647,1
40663,55,EPAS1,0.43000000000000005,0.39462609999999987,1
40664,55,TPM3,0.25000000000000006,0.19914160000000003,1
40665,55,RPL10,0.10999999999999999,0.09306089999999999,1
40666,55,STAG1,0.15000000000000002,0.1437388,1
40667,55,SBDS,0.01,0.0041916,1
40668,55,KMT2D,1.0000000000000002,0.8016696999999999,1
40669,55,MED12,0.31000000000000005,0.2692477,1
40670,55,BCLAF1,-0.07,0.015807100000000004,1
40671,55,ASPSCR1,-0.019999999999999997,-0.007331800000000003,1
40672,55,CDK12,0.48,0.38287170000000004,1
40673,55,EWSR1,0.2,0.2408060000000001,1
40674,55,NDRG1,-0.06,-0.0183337,1
40675,55,PSIP1,0.039999999999999994,0.05775529999999998,1
40676,55,TRIM33,0.08,0.06808770000000001,1
40677,55,MTOR,1.0900000000000005,0.8860792999999999,1
40678,55,ARHGAP35,0.19999999999999998,0.17542500000000003,1
40679,55,POT1,0.02,0.016655899999999998,1
40680,55,EXT1,0.11,0.0844448,1
40681,55,IL6ST,0.32,0.2704822,1
40682,55,IDH2,-0.16000000000000003,-0.006796700000000008,1
40683,55,SMARCE1,0.49000000000000005,0.3490678,1
40684,55,CRTC3,0.09,0.0744777,1
40685,55,TSC1,0.33,0.29791850000000003,1
40686,55,BCOR,-0.13,0.0018953999999999915,1
40687,55,SDHA,0.23,0.17475720000000003,1
40688,55,EP300,2.1400000000000006,1.8270702999999995,1
40689,55,HNRNPA2B1,0.49999999999999994,0.3597246,1
40690,55,CLIP1,-0.1,-0.0636157,1
40691,55,PATZ1,-0.62,-0.1547765,1
40692,55,FUBP1,-0.1,0.0026885999999999967,1
40693,55,HLA-A,-0.09,0.007023399999999999,1
40694,55,CCNC,-0.3,-0.12118899999999999,1
40695,55,RPN1,-0.18,-0.07201679999999999,1
40696,55,TCF7L2,-0.030000000000000027,0.0777989,1
40697,55,CANT1,0.03,0.02977769999999999,1
40698,55,RPL5,-0.6000000000000001,-0.21665650000000003,1
40699,55,CCDC6,0.05,0.07032660000000002,1
40700,55,NCKIPSD,-0.07,-0.027467099999999998,1
40701,55,SMARCD1,0.41000000000000003,0.3716226,1
40702,55,BCL10,-0.039999999999999994,0.044183299999999995,1
40703,55,MAX,0.06,0.08759219999999998,1
40704,55,HERPUD1,-0.03,-0.0076254,1
40705,55,RAC1,-0.17,0.058300199999999996,1
40706,55,FLNA,0.010000000000000004,0.05390819999999999,1
40707,55,TFE3,-0.6799999999999999,-0.265382,1
40708,55,NCOR2,0.6900000000000002,0.5727603,1
40709,55,PRPF40B,0.04,0.0289224,1
40710,55,BCL3,-0.2,-0.0496977,1
40711,55,TFPT,-0.36,-0.1194534,1
40712,55,MLH1,0.8,0.7205145,1
40713,55,ARHGAP5,0.11,0.11306500000000001,1
40714,55,CIC,0.01,0.0077186,1
40715,55,LYN,0.7700000000000001,0.6105725000000001,1
40716,55,TCF12,0.31,0.24380300000000002,1
40717,55,KLF6,0.07,0.0448172,1
40718,55,KMT2C,0.9800000000000004,0.8204374,1
40719,55,PIM1,-0.11999999999999998,-0.0150553,1
40720,55,CCND1,1.550000000000001,0.9718285,1
40721,55,MLLT1,-1.4200000000000002,-0.3745111,1
40722,55,MEN1,-0.22000000000000003,-0.08932799999999999,1
40723,55,CUL3,0.06999999999999999,0.12878009999999998,1
40724,55,RB1,0.6900000000000002,0.5670611,1
40725,55,LPP,-0.1,-0.0221728,1
40726,55,BUB1B,-0.15,-0.0446787,1
40727,55,SMAD4,1.620000000000001,1.2954589000000003,1
40728,55,FGFR1,0.2899999999999999,0.24299929999999997,1
40729,55,TMSB4X,0.03,0.022607099999999998,1
40730,55,CDK4,0.9600000000000004,0.6716547,1
40731,55,MSI2,0.01,0.0077012,1
40732,55,MSH6,0.9700000000000004,0.8336448000000001,1
40733,55,BRAF,1.2400000000000007,1.0552869,1
40734,55,TCEA1,-0.21999999999999997,-0.061063200000000005,1
40735,55,TNFAIP3,0.07999999999999999,0.10941859999999999,1
40736,55,RABEP1,-0.010000000000000002,-0.006356299999999999,1
40737,55,GMPS,-0.09,-0.0476906,1
40738,55,MDM2,1.1500000000000006,0.8951639000000002,1
40739,55,NSD2,0.21999999999999997,0.1765171,1
40740,55,CASP8,-0.10000000000000006,0.1520681,1
40741,55,PER1,-0.22000000000000003,-0.07248190000000002,1
40742,55,UBR5,0.019999999999999997,0.029126100000000005,1
40743,55,EIF3E,-0.009999999999999988,0.052737400000000004,1
40744,55,RFWD3,0.030000000000000002,0.0336717,1
40745,55,BRD3,0.17,0.1286695,1
40746,55,PAFAH1B2,0.03,0.027752699999999998,1
40747,55,EXT2,0.020000000000000004,0.0225662,1
40748,55,PLCG1,0.4799999999999999,0.4108626,1
40749,55,SF3B1,-0.44999999999999996,-0.21107820000000002,1
40750,55,ARHGEF10L,0.05,0.0321515,1
40751,55,NFATC2,0.21000000000000002,0.1523902,1
40752,55,SDHD,0.28,0.2204354,1
40753,55,PABPC1,-0.8600000000000001,-0.2205997,1
40754,55,POLD1,-0.30000000000000004,-0.06592060000000001,1
40755,55,CALR,0.09,0.0945227,1
40756,55,PIK3CB,0.7500000000000002,0.6236883999999999,1
40757,55,PPM1D,0.25,0.18931420000000002,1
40758,55,ATRX,1.0200000000000005,0.8574102,1
40759,55,DGCR8,0.19,0.1471662,1
40760,55,DDX10,0.18,0.1445882,1
40761,55,DROSHA,0.46,0.36020269999999993,1
40762,55,TNFRSF14,-0.16,-0.06101380000000001,1
40763,55,BCL9L,0.15,0.1131969,1
40764,55,QKI,0.0,0.0014433000000000015,1
40765,55,BAZ1A,0.01,0.0078284,1
40766,55,CHD4,0.31000000000000005,0.29362479999999996,1
40767,55,NSD3,0.11,0.11813610000000001,1
40768,55,NT5C2,0.15000000000000002,0.0938022,1
40769,55,CCNB1IP1,0.13,0.058013300000000004,1
40770,55,PCBP1,-0.76,-0.21096489999999998,1
40771,55,RALGDS,-0.04999999999999999,0.032530500000000004,1
40772,55,ARHGEF12,0.0,0.032230999999999996,1
40773,55,HSP90AB1,1.1500000000000004,0.7954901999999999,1
40774,55,FOXO3,1.4300000000000008,1.0888111000000003,1
40775,55,HIP1,-0.01,-0.0048894,1
40776,55,CDC73,0.05000000000000001,0.0738371,1
40777,55,NIN,-0.009999999999999998,-0.0103467,1
40778,55,MDM4,0.11000000000000003,0.15758829999999996,1
40779,55,COL3A1,0.19999999999999998,0.1647037,1
40780,55,CTNND1,0.15,0.1618081,1
40781,55,SPOP,0.09,0.08997030000000002,1
40782,55,TMEM127,0.05000000000000001,0.0312795,1
40783,55,CREB3L2,0.12000000000000001,0.0851049,1
40784,55,MSH2,1.0500000000000005,0.8742462000000002,1
40785,55,FNBP1,0.019999999999999997,0.028872099999999998,1
40786,55,ATF1,0.12,0.0882469,1
40787,55,EIF1AX,-0.39999999999999997,-0.1775113,1
40788,55,PMS1,0.5399999999999999,0.43214790000000003,1
40789,55,DEK,0.16000000000000003,0.1389824,1
40790,55,ERBB2,0.6800000000000002,0.4818317999999999,1
40791,55,AKT1,1.2300000000000006,0.8066479999999999,1
40792,55,CHEK2,0.5600000000000002,0.5758881000000002,1
40793,55,SDHB,0.38,0.280485,1
40794,55,NCOA1,0.41,0.3421063,1
40795,55,CHIC2,0.07,0.04580520000000001,1
40796,55,RUNX1,0.5800000000000003,0.7572544999999999,1
40797,55,STAT6,0.4,0.3576734,1
40798,55,FH,-0.009999999999999995,0.040426299999999984,1
40799,55,AKT3,1.0800000000000005,0.820217,1
40800,55,GNAS,0.36,0.2517472,1
40801,55,CTNNB1,1.670000000000001,1.2356220999999992,1
40802,55,NONO,0.33,0.2947993,1
40803,55,SMARCB1,0.9600000000000004,0.7426477,1
40804,55,PRKAR1A,0.2,0.18767560000000003,1
40805,55,ITGAV,-1.0408340855860843e-17,0.0335215,1
40806,55,SS18,0.38,0.2696558,1
40807,55,MAP2K1,1.0000000000000002,0.6473238000000001,1
40808,55,SIRPA,-0.07,-0.026729100000000002,1
40809,55,PPFIBP1,0.38999999999999996,0.2892897,1
40810,55,RPL22,-0.09,0.07925660000000001,1
40811,55,CYLD,0.30000000000000004,0.2441754,1
40812,55,ARID1B,0.8299999999999998,0.6537516999999999,1
40813,55,SETDB1,0.33999999999999997,0.2628467,1
40814,55,AFDN,-0.30000000000000004,-0.11142069999999998,1
40815,55,ZRSR2,-0.11000000000000001,-0.06388819999999999,1
40816,55,PBRM1,0.9800000000000004,0.7578779999999999,1
40817,55,XPC,0.55,0.3861443,1
40818,55,ASXL2,0.26,0.1944069,1
40819,55,TRIM24,-0.19,-0.03699419999999999,1
40820,55,SFPQ,-0.48999999999999994,-0.16518299999999997,1
40821,55,NCOA2,0.5800000000000001,0.4688688,1
40822,55,FOXO4,0.42000000000000004,0.27586590000000005,1
40823,55,LEF1,0.18000000000000005,0.1802061,1
40824,55,B2M,-0.38000000000000006,-0.17860720000000005,1
40825,55,DDIT3,-0.34,-0.11195190000000001,1
40826,55,BCL6,0.38,0.2885873,1
40827,55,KRAS,-0.23000000000000018,0.07945440000000001,1
40828,55,FAT1,0.11,0.0865656,1
40829,55,ABL2,0.06,0.0550531,1
40830,55,NF1,1.1800000000000004,0.9632620000000002,1
40831,55,BTG1,-0.06,-0.026268,1
40832,55,EIF4A2,0.1,0.06729539999999999,1
40833,55,SET,0.16,0.13514790000000002,1
40834,55,EPS15,0.09,0.0778827,1
40835,55,RNF213,0.05,0.044362200000000004,1
40836,55,CTCF,1.0900000000000003,0.7936353,1
40837,55,WDCP,0.21,0.12754490000000002,1
40838,55,KAT7,0.15000000000000002,0.131339,1
40839,55,KDM5C,0.16999999999999998,0.161393,1
40840,55,TGFBR2,0.19,0.18294030000000003,1
40841,55,ATM,1.0600000000000007,0.9967552000000002,1
40842,55,NUMA1,-1.734723475976807e-18,0.009542499999999999,1
40843,55,STAT3,0.8500000000000004,0.8360444000000002,1
40844,55,SUB1,-0.16000000000000003,-0.07132060000000001,1
40845,55,NUP98,0.12999999999999995,0.14126370000000002,1
40846,55,ELL,0.11,0.05558520000000001,1
40847,55,MAP3K1,0.36,0.3109583,1
40848,55,MALT1,0.05,0.11788300000000002,1
40849,55,XPO1,0.4600000000000002,0.3726253999999999,1
40850,55,SETD1B,0.22999999999999998,0.1865049,1
40851,55,ETV6,-0.05,0.016723600000000005,1
40852,55,TBL1XR1,0.21000000000000002,0.1508982,1
40853,55,NUP214,-0.09,0.12446749999999998,1
40854,55,TPR,0.12,0.0965663,1
40855,55,ATIC,0.17,0.15323469999999997,1
40856,55,NACA,0.18,0.0998556,1
40857,55,MYO5A,0.01,0.0085775,1
40858,55,SMC1A,0.30000000000000004,0.38724639999999994,1
40859,55,LASP1,-0.24000000000000002,-0.1271412,1
40860,55,ERCC5,0.39000000000000007,0.25032139999999997,1
40861,55,JUN,-1.3299999999999998,-0.2547313000000001,1
40862,55,THRAP3,0.07,0.054824200000000003,1
40863,55,STAG2,0.23000000000000004,0.2776173,1
40864,55,RAF1,0.7700000000000004,0.6230618000000001,1
40865,55,ERCC3,0.54,0.4678395,1
40866,55,SMAD2,0.5100000000000002,0.5442714999999998,1
40867,55,TAF15,0.22000000000000003,0.18100950000000002,1
40868,55,ARNT,0.27999999999999997,0.24207810000000002,1
40869,55,CLTC,-0.78,-0.343431,1
40870,55,IKBKB,0.48000000000000015,0.4323614000000001,1
40871,55,IDH1,-0.8000000000000003,-0.2660600000000001,1
40872,55,SND1,-0.049999999999999996,-0.020949399999999996,1
40873,55,KNSTRN,0.02,0.015379799999999999,1
40874,55,RHOA,-2.980000000000001,-0.7486820000000001,1
40875,55,PALB2,0.6500000000000001,0.5577574,1
40876,55,ARID2,0.8200000000000001,0.6461658,1
40877,55,EZR,-0.16000000000000003,-0.04057390000000001,1
40878,55,TP53,-1.3599999999999994,-0.21926710000000002,1
40879,55,ARAF,0.41000000000000003,0.24253480000000002,1
40880,55,KIF5B,0.5200000000000001,0.3957684,1
40881,55,KAT6A,0.18999999999999997,0.2068282,1
40882,55,KTN1,-0.060000000000000005,0.0017842000000000031,1
40883,55,GOLGA5,-0.08,-0.0569757,1
40884,55,KDM5A,0.28,0.2534832,1
40885,55,RAD21,0.56,0.4583921,1
40886,55,GNAQ,0.30000000000000004,0.2498437,1
40887,55,CAMTA1,0.06,0.0452666,1
40888,55,ERCC2,0.64,0.4979605000000001,1
40889,55,EZH2,1.490000000000001,1.1784203999999998,1
40890,55,TOP1,0.2,0.1838547,1
40891,55,SRSF3,-0.23,-0.04186440000000001,1
40892,55,NPM1,-0.08000000000000007,0.049080999999999986,1
40893,55,BAX,-0.7499999999999999,-0.18657069999999998,1
40894,55,NOTCH2,0.28,0.238616,1
40895,55,TRAF7,0.02,0.0145018,1
40896,55,KDM6A,0.9400000000000003,0.8869618,1
40897,55,SPEN,0.11000000000000001,0.084177,1
40898,55,TRIM27,-0.45,-0.1522625,1
40899,55,CRTC1,0.15,0.1171265,1
40900,55,EML4,0.2600000000000001,0.24620869999999997,1
40901,55,USP9X,-0.1,-0.077961,1
40902,55,PTPRK,0.0,0.0,1
40903,55,CD74,-0.21000000000000002,-0.021407999999999986,1
40904,55,CBL,0.53,0.48182330000000007,1
40905,55,ZNF384,0.03,0.0249818,1
40906,55,NOTCH1,1.1100000000000005,0.8306544,1
40907,55,COX6C,-0.18,-0.061208,1
40908,55,CHCHD7,0.03,0.019947,1
40909,55,HMGA1,-0.1,-0.036580800000000004,1
40910,55,PTEN,1.3400000000000007,1.2244975000000007,1
40911,55,FIP1L1,-0.049999999999999996,-0.02514239999999999,1
40912,55,JAK1,0.8800000000000003,0.7094393999999999,1
40913,55,ZMYM2,-0.019999999999999997,-0.013439099999999997,1
40914,55,SUZ12,0.6500000000000001,0.5709793999999999,1
40915,55,FUS,-0.5199999999999999,-0.0541422,1
40916,55,BAP1,-0.49,-0.19590580000000002,1
40917,55,ZCCHC8,-0.1,-0.02581,1
40918,55,CRNKL1,0.0,-0.0001323999999999978,1
40919,55,RAD17,0.18999999999999997,0.1449201,1
40920,55,ATP1A1,0.04,0.024589700000000003,1
40921,55,DNMT3A,0.9900000000000004,0.8348750000000003,1
40922,55,FBXW7,1.0000000000000004,0.8418044000000001,1
40923,55,WWTR1,-0.12,-0.053489200000000015,1
40924,55,CDKN1B,0.43000000000000005,0.3088122,1
40925,55,KMT2A,0.4000000000000001,0.38729579999999997,1
40926,55,PTPN11,1.1900000000000006,0.9353032000000001,1
40927,55,STAT5B,0.7700000000000002,0.6090784000000001,1
40928,55,CUX1,-0.08,-0.0559101,1
40929,55,ABI1,-0.2,-0.0569626,1
40930,55,BRCA1,1.670000000000001,1.3783718999999999,1
40931,55,SH2B3,0.09,0.0539494,1
40932,55,AFF4,-0.21000000000000002,-0.10143650000000001,1
40933,55,NF2,0.13,0.1435488,1
40934,55,LMNA,0.010000000000000005,0.022777800000000008,1
40935,55,TSC2,0.8500000000000003,0.6854574999999998,1
40936,55,GOLPH3,-0.049999999999999996,-0.037082699999999996,1
40937,55,PCM1,-0.04,-0.0341374,1
40938,55,PPP2R1A,-0.49000000000000005,-0.15080600000000002,1
40939,55,ARID1A,1.850000000000001,1.4788950000000003,1
40940,55,ABL1,0.08,0.1353839,1
40941,55,AFF1,0.09,0.10063399999999999,1
40942,55,DAXX,-0.39,-0.11656070000000002,1
40943,55,CBFB,0.039999999999999994,0.0812818,1
40944,55,CBLB,0.17,0.14830020000000002,1
40945,55,POLR2A,-0.32999999999999996,0.0369509,1
40946,55,PRKACA,0.13000000000000003,0.20636510000000005,1
40947,55,DNM2,-0.13,-0.0594475,1
40948,55,RAP1GDS1,0.030000000000000013,0.05733050000000001,1
40949,55,NCOR1,0.9100000000000004,0.8820675999999998,1
40950,55,NFKBIE,-0.49,-0.13552609999999998,1
40951,55,DDX3X,0.28,0.2376736,1
40952,55,ELK4,0.03,0.026801399999999996,1
40953,55,MLLT6,0.06,0.0500782,1
40954,55,SRSF2,-3.0,-0.7094095000000001,1
40955,55,CTNNA1,0.16,0.1272818,1
40956,55,RBM10,0.14,0.10907609999999998,1
40957,55,PTPRC,0.05000000000000001,0.1176721,1
40958,55,HSP90AA1,0.9100000000000004,0.6705361,1
40959,55,NSD1,0.22,0.1807639,0
40960,55,DICER1,0.18000000000000002,0.19592460000000003,0
40961,55,BIRC6,0.049999999999999996,0.0464994,0
40962,55,SDHC,0.24000000000000002,0.1690285,0
40963,55,TFG,0.3,0.1734822,0
40964,55,MAP2K2,0.24999999999999997,0.21489919999999998,0
40965,55,TFRC,-0.26,-0.1266168,0
40966,55,CREB1,0.7400000000000004,0.5299748,0
40967,55,POLG,0.0,0.0,0
40968,55,SETD2,0.6800000000000003,0.5572181999999999,0
40969,55,NAB2,-0.27,-0.107918,0
40970,55,HIF1A,1.540000000000001,1.0913247,0
40971,55,FLCN,0.05,0.0446023,0
40972,55,MAP2K4,0.04999999999999999,0.09065229999999999,0
40973,55,CNOT3,-0.010000000000000002,0.0049638999999999985,0
40974,55,CIITA,0.11,0.07680859999999999,0
40975,55,LSM14A,0.07,0.06788040000000001,0
40976,55,AKAP9,-0.05,-0.010405400000000006,0
40977,55,MSN,-0.2899999999999999,-0.0793423,0
40978,55,BCR,0.029999999999999992,0.04306079999999998,0
40979,55,TRRAP,0.05000000000000002,0.1073016,0
40980,55,PPP6C,-0.19,-0.0877715,0
40981,55,NCOA4,-0.21000000000000002,-0.1124087,0
40982,55,BCL9,0.12999999999999998,0.10295619999999998,0
40983,55,PRCC,0.03000000000000001,0.020472700000000003,0
40984,55,LARP4B,0.0,0.0,0
40985,55,CHD2,0.01,0.007614,0
40986,55,ASXL1,0.5299999999999999,0.46201899999999996,0
40987,55,SMARCA4,1.300000000000001,0.9724893999999997,0
40988,55,ERC1,-0.02,-0.014959,0
40989,55,DCTN1,-0.24999999999999997,-0.11650919999999998,0
40990,55,PIK3R1,1.3700000000000008,0.9285235000000002,0
40991,55,EED,-0.08,0.010398999999999992,0
40992,55,CNBP,0.0,0.0,0
40993,55,SGK1,0.31,0.18494529999999998,0
40994,55,MLLT10,-0.060000000000000005,-0.014260400000000003,0
40995,55,BRD4,0.9500000000000004,0.7042954,0
40996,55,RANBP2,0.09999999999999996,0.16205020000000003,0
40997,55,FBXO11,0.05,0.039621500000000004,0
40998,55,PML,0.32000000000000006,0.2419118,0
40999,55,AKT2,0.9300000000000002,0.6283973000000002,0
41000,55,CEP89,0.07,0.041499900000000006,0
41001,55,LZTR1,0.030000000000000006,0.058018,0
41002,55,YWHAE,0.2899999999999999,0.19262469999999998,0
41003,55,DNAJB1,-0.039999999999999994,-0.006856299999999999,0
41004,55,PRDM2,0.0,-0.00011030000000000068,0
41005,55,TPM4,0.47000000000000003,0.29683800000000005,0
41006,55,CREBBP,1.730000000000001,1.3864072000000003,0
41007,55,PMS2,0.5800000000000001,0.5248940000000001,0
41008,55,DDR2,0.030000000000000002,0.0203206,0
41009,55,FANCA,0.34,0.276493,0
41010,55,PDE4DIP,0.04,0.0266588,0
41011,55,USP8,-0.08,-0.039811099999999995,0
41012,55,MYH9,-0.33999999999999997,-0.08376520000000003,0
41013,55,MYC,-0.5600000000000002,-0.18650669999999994,0
41014,55,NBN,0.52,0.38534500000000005,0
41015,55,CCND3,-0.11000000000000003,0.004583099999999996,0
41016,55,TRIP11,-0.15000000000000002,-0.09095630000000002,0
41017,55,CNTRL,-0.07,-0.0461009,0
41018,55,PIK3CA,1.4100000000000008,0.9823493,0
41019,55,DDX5,0.3999999999999999,0.3438045999999999,0
41020,55,PICALM,3.469446951953614e-18,0.0021814000000000035,0
41021,55,RARA,0.54,0.3778316,0
41022,55,DDX6,-0.049999999999999996,0.042489099999999995,0
41023,55,COL1A1,0.11999999999999998,0.121504,0
41024,55,VHL,0.12,0.0881184,0
41025,55,MAPK1,1.6100000000000008,1.0455521999999997,0
41026,55,SRC,-0.42999999999999994,0.06529879999999999,0
41027,55,NFE2L2,0.29999999999999993,0.20356220000000003,0
41028,55,MITF,-0.27,-0.06904660000000001,0
41029,55,SMAD3,1.1900000000000008,0.8758490000000001,0
41030,55,RBM15,0.05,0.0437976,0
41031,55,ATR,0.6700000000000003,0.5619075,0
41032,55,EPAS1,0.33999999999999997,0.31208109999999994,0
41033,55,TPM3,0.26,0.18146960000000004,0
41034,55,RPL10,0.13,0.1146079,0
41035,55,STAG1,0.11,0.1140885,0
41036,55,SBDS,-0.05,-0.0190882,0
41037,55,KMT2D,0.9200000000000004,0.6616937000000002,0
41038,55,MED12,0.27999999999999997,0.2169637,0
41039,55,BCLAF1,-0.029999999999999992,0.024205600000000004,0
41040,55,ASPSCR1,3.469446951953614e-18,0.007796500000000001,0
41041,55,CDK12,0.24000000000000005,0.17266789999999999,0
41042,55,EWSR1,0.44999999999999996,0.3640608000000001,0
41043,55,NDRG1,-0.039999999999999994,-0.015722099999999996,0
41044,55,PSIP1,-0.19000000000000003,-0.10093250000000001,0
41045,55,TRIM33,0.02000000000000001,0.025502100000000003,0
41046,55,MTOR,1.2400000000000007,0.8811483,0
41047,55,ARHGAP35,0.17,0.1562514,0
41048,55,POT1,-0.04,-0.002195100000000001,0
41049,55,EXT1,0.1,0.06259200000000001,0
41050,55,IL6ST,0.29000000000000004,0.2224879,0
41051,55,IDH2,0.07999999999999999,0.09152959999999999,0
41052,55,SMARCE1,0.52,0.33842140000000004,0
41053,55,CRTC3,0.09,0.0688416,0
41054,55,TSC1,0.32,0.26967329999999995,0
41055,55,BCOR,-0.16999999999999998,-0.0230495,0
41056,55,SDHA,0.23,0.14226450000000002,0
41057,55,EP300,1.5800000000000012,1.2211222999999995,0
41058,55,HNRNPA2B1,0.31,0.2509439,0
41059,55,CLIP1,-0.13,-0.0744889,0
41060,55,PATZ1,-0.4,-0.12169350000000001,0
41061,55,FUBP1,-0.15,-0.013864199999999997,0
41062,55,HLA-A,-0.12000000000000001,0.01866889999999998,0
41063,55,CCNC,-0.07,-0.025919100000000004,0
41064,55,RPN1,-0.23,-0.06808020000000002,0
41065,55,TCF7L2,0.05999999999999999,0.08206929999999998,0
41066,55,CANT1,0.09,0.056975200000000004,0
41067,55,RPL5,-0.67,-0.19616290000000003,0
41068,55,CCDC6,1.3877787807814457e-17,0.041437999999999996,0
41069,55,NCKIPSD,0.01,0.005726600000000001,0
41070,55,SMARCD1,0.44999999999999996,0.3171939,0
41071,55,BCL10,-0.029999999999999985,0.008788399999999995,0
41072,55,MAX,0.0,0.013715100000000004,0
41073,55,HERPUD1,0.01,0.0038594000000000002,0
41074,55,RAC1,-0.13,0.03855940000000001,0
41075,55,FLNA,0.04,0.058414499999999994,0
41076,55,TFE3,-0.35,-0.15168380000000004,0
41077,55,NCOR2,0.7400000000000002,0.5375243,0
41078,55,PRPF40B,-0.03,-0.016092000000000002,0
41079,55,BCL3,-0.049999999999999996,-0.009810600000000004,0
41080,55,TFPT,-0.21,-0.08503379999999999,0
41081,55,MLH1,0.7700000000000002,0.6378706999999999,0
41082,55,ARHGAP5,0.14,0.11625740000000001,0
41083,55,CIC,0.0,0.0,0
41084,55,LYN,0.8700000000000002,0.6056174,0
41085,55,TCF12,0.26999999999999996,0.19686919999999997,0
41086,55,KLF6,0.04,0.0218994,0
41087,55,KMT2C,0.9700000000000002,0.7385116,0
41088,55,PIM1,-0.14,-0.038999400000000004,0
41089,55,CCND1,1.2100000000000006,0.7621055000000001,0
41090,55,MLLT1,-0.8500000000000001,-0.26291020000000004,0
41091,55,MEN1,0.009999999999999997,0.042512900000000006,0
41092,55,CUL3,0.10000000000000002,0.14256490000000005,0
41093,55,RB1,0.6499999999999999,0.47157659999999996,0
41094,55,LPP,-0.06,-0.024453700000000002,0
41095,55,BUB1B,-0.14,-0.07082949999999999,0
41096,55,SMAD4,1.4400000000000008,1.0645950999999996,0
41097,55,FGFR1,0.21000000000000002,0.1375092,0
41098,55,TMSB4X,0.04,0.0313768,0
41099,55,CDK4,0.55,0.3757793,0
41100,55,MSI2,0.01,0.0070472,0
41101,55,MSH6,0.8900000000000003,0.6612024999999999,0
41102,55,BRAF,1.0500000000000003,0.8794389,0
41103,55,TCEA1,-0.05000000000000002,0.0036088999999999982,0
41104,55,TNFAIP3,0.08000000000000002,0.0873119,0
41105,55,RABEP1,-0.010000000000000002,-0.007109500000000001,0
41106,55,GMPS,-0.07,-0.040826999999999995,0
41107,55,MDM2,1.1500000000000006,0.7592603000000003,0
41108,55,NSD2,0.14999999999999997,0.10256979999999999,0
41109,55,CASP8,-0.07,0.15322819999999998,0
41110,55,PER1,-0.2,-0.051261600000000004,0
41111,55,UBR5,-0.05999999999999999,-0.022510199999999994,0
41112,55,EIF3E,-0.1,0.032902,0
41113,55,RFWD3,0.030000000000000002,0.0316694,0
41114,55,BRD3,0.14,0.10686299999999999,0
41115,55,PAFAH1B2,0.02,0.0156636,0
41116,55,EXT2,0.010000000000000009,0.007244700000000007,0
41117,55,PLCG1,0.55,0.37642830000000005,0
41118,55,SF3B1,-0.36999999999999994,-0.1389185,0
41119,55,ARHGEF10L,0.02,0.0110518,0
41120,55,NFATC2,0.22000000000000003,0.15921679999999996,0
41121,55,SDHD,0.24,0.13723690000000002,0
41122,55,PABPC1,-0.73,-0.20563579999999998,0
41123,55,POLD1,-0.37000000000000005,-0.08401959999999999,0
41124,55,CALR,0.020000000000000004,0.0251024,0
41125,55,PIK3CB,0.5800000000000001,0.4755217999999999,0
41126,55,PPM1D,0.15000000000000002,0.1167167,0
41127,55,ATRX,0.9600000000000003,0.7493113000000001,0
41128,55,DGCR8,0.14,0.08458669999999999,0
41129,55,DDX10,0.1,0.0657456,0
41130,55,DROSHA,0.38,0.2731568,0
41131,55,TNFRSF14,-0.11,-0.0412368,0
41132,55,BCL9L,0.13,0.08864720000000001,0
41133,55,QKI,-0.11,-0.0650837,0
41134,55,BAZ1A,0.01,0.0072151,0
41135,55,CHD4,0.09,0.12095099999999998,0
41136,55,NSD3,0.05,0.046693,0
41137,55,NT5C2,0.15,0.09257159999999999,0
41138,55,CCNB1IP1,0.09,0.0363021,0
41139,55,PCBP1,-0.75,-0.23753000000000002,0
41140,55,RALGDS,0.1,0.0810803,0
41141,55,ARHGEF12,0.0,0.004232800000000002,0
41142,55,HSP90AB1,1.0400000000000003,0.6989073000000001,0
41143,55,FOXO3,1.2500000000000007,0.8553489999999999,0
41144,55,HIP1,-0.01,-0.0052168,0
41145,55,CDC73,-0.13999999999999999,-0.010651100000000004,0
41146,55,NIN,0.019999999999999997,0.0148181,0
41147,55,MDM4,0.16,0.1701759,0
41148,55,COL3A1,0.15,0.1339183,0
41149,55,CTNND1,0.14,0.13225610000000002,0
41150,55,SPOP,-0.010000000000000005,0.015860399999999997,0
41151,55,TMEM127,0.08999999999999998,0.0702553,0
41152,55,CREB3L2,0.10999999999999999,0.06801159999999999,0
41153,55,MSH2,0.8700000000000003,0.6218002,0
41154,55,FNBP1,0.0,0.0033045999999999987,0
41155,55,ATF1,3.469446951953614e-18,0.0033375000000000037,0
41156,55,EIF1AX,-0.43,-0.19965290000000002,0
41157,55,PMS1,0.45,0.3481383,0
41158,55,DEK,0.05000000000000002,0.07985160000000001,0
41159,55,ERBB2,0.9800000000000004,0.6262178999999999,0
41160,55,AKT1,0.8700000000000003,0.5711160000000003,0
41161,55,CHEK2,0.28,0.3307698,0
41162,55,SDHB,0.4,0.25535569999999996,0
41163,55,NCOA1,0.38,0.25802990000000003,0
41164,55,CHIC2,0.05,0.027755400000000003,0
41165,55,RUNX1,0.3799999999999999,0.6561364,0
41166,55,STAT6,0.27,0.19681329999999997,0
41167,55,FH,-0.25,-0.09291870000000002,0
41168,55,AKT3,1.0200000000000005,0.6811206999999999,0
41169,55,GNAS,0.26,0.17001680000000002,0
41170,55,CTNNB1,1.3000000000000007,0.8715151000000002,0
41171,55,NONO,0.15,0.10076550000000001,0
41172,55,SMARCB1,0.9300000000000004,0.6924980999999999,0
41173,55,PRKAR1A,0.06999999999999998,0.0779733,0
41174,55,ITGAV,0.010000000000000005,0.024005700000000005,0
41175,55,SS18,0.39999999999999997,0.2572644,0
41176,55,MAP2K1,1.0300000000000005,0.6427348,0
41177,55,SIRPA,-0.019999999999999997,-0.009004199999999999,0
41178,55,PPFIBP1,0.37,0.24604400000000004,0
41179,55,RPL22,-0.32000000000000006,0.07707969999999999,0
41180,55,CYLD,0.27,0.2092658,0
41181,55,ARID1B,0.6499999999999999,0.4782056,0
41182,55,SETDB1,0.3,0.2118347,0
41183,55,AFDN,-0.33,-0.1340382,0
41184,55,ZRSR2,0.32000000000000006,0.22376800000000005,0
41185,55,PBRM1,0.8900000000000003,0.6317994,0
41186,55,XPC,0.6000000000000001,0.41610870000000005,0
41187,55,ASXL2,0.22000000000000003,0.1448427,0
41188,55,TRIM24,-0.27,-0.12340910000000001,0
41189,55,SFPQ,-0.09999999999999999,0.009531100000000004,0
41190,55,NCOA2,0.53,0.3591370000000001,0
41191,55,FOXO4,0.39,0.2562316,0
41192,55,LEF1,0.07000000000000002,0.08333800000000002,0
41193,55,B2M,-0.5600000000000002,-0.20981969999999997,0
41194,55,DDIT3,-0.38999999999999996,-0.1076287,0
41195,55,BCL6,0.5900000000000001,0.41690019999999994,0
41196,55,KRAS,-1.1900000000000004,-0.29826849999999994,0
41197,55,FAT1,0.04,0.0378895,0
41198,55,ABL2,0.05999999999999999,0.0461824,0
41199,55,NF1,0.8500000000000003,0.6791351999999998,0
41200,55,BTG1,-0.01,-0.005608800000000001,0
41201,55,EIF4A2,0.08,0.0635721,0
41202,55,SET,0.16,0.1379649,0
41203,55,EPS15,0.009999999999999995,0.0178475,0
41204,55,RNF213,0.03,0.0242526,0
41205,55,CTCF,0.8100000000000003,0.5928929,0
41206,55,WDCP,0.13,0.08187539999999999,0
41207,55,KAT7,0.09999999999999999,0.07764650000000001,0
41208,55,KDM5C,0.15,0.1393902,0
41209,55,TGFBR2,0.22000000000000003,0.16479619999999998,0
41210,55,ATM,1.2900000000000007,1.0199902,0
41211,55,NUMA1,-0.029999999999999992,-0.006959800000000004,0
41212,55,STAT3,1.4400000000000006,1.1307161,0
41213,55,SUB1,-0.28,-0.1015181,0
41214,55,NUP98,0.029999999999999978,0.06481699999999997,0
41215,55,ELL,0.04,0.0374837,0
41216,55,MAP3K1,0.46,0.33813319999999997,0
41217,55,MALT1,0.18000000000000002,0.1551306,0
41218,55,XPO1,0.30000000000000004,0.24255669999999996,0
41219,55,SETD1B,0.11,0.0766574,0
41220,55,ETV6,-0.27,-0.11933449999999998,0
41221,55,TBL1XR1,0.17,0.10854139999999998,0
41222,55,NUP214,-0.03999999999999999,0.0723588,0
41223,55,TPR,0.08999999999999998,0.0859963,0
41224,55,ATIC,0.009999999999999992,0.02998549999999999,0
41225,55,NACA,0.23,0.1529391,0
41226,55,MYO5A,0.010000000000000002,0.011051100000000001,0
41227,55,SMC1A,0.5800000000000001,0.4708882000000001,0
41228,55,LASP1,-0.18,-0.10746220000000001,0
41229,55,ERCC5,0.38,0.2595504,0
41230,55,JUN,0.47000000000000014,0.3879732,0
41231,55,THRAP3,0.06,0.05050679999999999,0
41232,55,STAG2,0.49,0.36783949999999993,0
41233,55,RAF1,1.1100000000000003,0.7737128000000001,0
41234,55,ERCC3,0.51,0.424266,0
41235,55,SMAD2,0.5000000000000002,0.4527583,0
41236,55,TAF15,0.15000000000000002,0.1351271,0
41237,55,ARNT,0.31000000000000005,0.23719880000000002,0
41238,55,CLTC,-0.5599999999999999,-0.3129278,0
41239,55,IKBKB,0.5500000000000003,0.4221664000000001,0
41240,55,IDH1,-0.37,-0.0932253,0
41241,55,SND1,-0.03,-0.017727600000000003,0
41242,55,KNSTRN,0.03,0.023627699999999998,0
41243,55,RHOA,-1.2400000000000002,-0.34067050000000004,0
41244,55,PALB2,0.5700000000000001,0.48341350000000005,0
41245,55,ARID2,0.7000000000000002,0.5191516,0
41246,55,EZR,-0.2,-0.05598170000000002,0
41247,55,TP53,-1.2,-0.18203329999999998,0
41248,55,ARAF,0.3600000000000001,0.19964040000000002,0
41249,55,KIF5B,0.36,0.25617920000000005,0
41250,55,KAT6A,0.21,0.18430090000000002,0
41251,55,KTN1,-0.07,-0.021675000000000003,0
41252,55,GOLGA5,-0.13,-0.080812,0
41253,55,KDM5A,0.23,0.19965940000000001,0
41254,55,RAD21,0.43000000000000005,0.3370861,0
41255,55,GNAQ,0.11999999999999997,0.08308880000000002,0
41256,55,CAMTA1,0.01,0.006915999999999999,0
41257,55,ERCC2,0.6,0.4273080000000001,0
41258,55,EZH2,1.8300000000000012,1.1718102,0
41259,55,TOP1,0.19,0.14638630000000002,0
41260,55,SRSF3,-0.29000000000000004,-0.0894459,0
41261,55,NPM1,-0.009999999999999998,0.14150179999999998,0
41262,55,BAX,-0.44,-0.13147989999999998,0
41263,55,NOTCH2,0.27,0.2113483,0
41264,55,TRAF7,0.03,0.022929599999999998,0
41265,55,KDM6A,0.8200000000000003,0.6881758000000001,0
41266,55,SPEN,0.08,0.0601913,0
41267,55,TRIM27,-0.41000000000000003,-0.1469989,0
41268,55,CRTC1,0.13,0.1033753,0
41269,55,EML4,0.17999999999999997,0.1435193,0
41270,55,USP9X,-0.09999999999999998,-0.06303549999999998,0
41271,55,PTPRK,0.0,0.0,0
41272,55,CD74,-0.13,-0.0015800999999999949,0
41273,55,CBL,0.5599999999999999,0.39863160000000003,0
41274,55,ZNF384,-0.09,-0.0455984,0
41275,55,NOTCH1,1.0400000000000005,0.7829648,0
41276,55,COX6C,-0.11000000000000001,-0.052511600000000005,0
41277,55,CHCHD7,0.03,0.0200664,0
41278,55,HMGA1,-0.12000000000000001,-0.05383890000000001,0
41279,55,PTEN,1.4900000000000007,1.1634657000000004,0
41280,55,FIP1L1,-0.029999999999999992,-0.0189882,0
41281,55,JAK1,0.8000000000000003,0.6158174,0
41282,55,ZMYM2,-0.12,-0.0789611,0
41283,55,SUZ12,0.6400000000000001,0.44869499999999995,0
41284,55,FUS,-0.10000000000000003,0.1344581,0
41285,55,BAP1,0.1,0.0935075,0
41286,55,ZCCHC8,-0.07,-0.0204211,0
41287,55,CRNKL1,-0.05,-0.028773,0
41288,55,RAD17,0.10999999999999999,0.08066380000000001,0
41289,55,ATP1A1,-0.009999999999999998,-0.0040576,0
41290,55,DNMT3A,0.9500000000000005,0.6877349000000001,0
41291,55,FBXW7,0.9900000000000004,0.7523805,0
41292,55,WWTR1,-0.1,-0.0537475,0
41293,55,CDKN1B,0.6000000000000001,0.3830682,0
41294,55,KMT2A,0.41000000000000003,0.3213515,0
41295,55,PTPN11,0.8300000000000003,0.6150280000000002,0
41296,55,STAT5B,0.6600000000000003,0.4907208,0
41297,55,CUX1,-0.11,-0.07071750000000002,0
41298,55,ABI1,-0.39,-0.1380808,0
41299,55,BRCA1,1.7100000000000013,1.3289399000000002,0
41300,55,SH2B3,0.030000000000000006,0.030057999999999994,0
41301,55,AFF4,0.17,0.1158637,0
41302,55,NF2,-0.06,0.0292152,0
41303,55,LMNA,0.07999999999999999,0.07444640000000001,0
41304,55,TSC2,0.56,0.44372120000000004,0
41305,55,GOLPH3,-0.11,-0.0636015,0
41306,55,PCM1,-0.07,-0.0450794,0
41307,55,PPP2R1A,-0.53,-0.19535160000000004,0
41308,55,ARID1A,1.7700000000000011,1.2765205999999998,0
41309,55,ABL1,0.20999999999999996,0.19948619999999992,0
41310,55,AFF1,0.24000000000000005,0.1822824,0
41311,55,DAXX,-0.29999999999999993,-0.07046040000000002,0
41312,55,CBFB,0.13,0.0954329,0
41313,55,CBLB,0.13,0.0974503,0
41314,55,POLR2A,0.05000000000000002,0.16481309999999996,0
41315,55,PRKACA,0.30000000000000004,0.2303427,0
41316,55,DNM2,-0.11,-0.04568879999999999,0
41317,55,RAP1GDS1,-0.08,-0.0372012,0
41318,55,NCOR1,0.8900000000000002,0.7157770999999999,0
41319,55,NFKBIE,-0.19,-0.0730522,0
41320,55,DDX3X,0.059999999999999984,0.0943145,0
41321,55,ELK4,0.02,0.014904200000000001,0
41322,55,MLLT6,0.11,0.07630500000000001,0
41323,55,SRSF2,-1.17,-0.3411305,0
41324,55,CTNNA1,0.08,0.059785000000000005,0
41325,55,RBM10,0.21,0.1458093,0
41326,55,PTPRC,0.11000000000000001,0.1163828,0
41327,55,HSP90AA1,1.1400000000000006,0.7562163000000001,0
41328,56,NSD1,0.35000000000000003,0.29723109999999997,1
41329,56,DICER1,0.13999999999999999,0.21466210000000005,1
41330,56,BIRC6,0.12,0.10737820000000001,1
41331,56,SDHC,0.42000000000000004,0.2966797,1
41332,56,TFG,0.24000000000000005,0.14394910000000002,1
41333,56,MAP2K2,0.39,0.26774400000000004,1
41334,56,TFRC,-0.26,-0.1048194,1
41335,56,CREB1,0.8500000000000005,0.7568857999999998,1
41336,56,POLG,0.0,0.0,1
41337,56,SETD2,0.4700000000000002,0.4580635000000002,1
41338,56,NAB2,-0.45999999999999996,-0.138677,1
41339,56,HIF1A,1.580000000000001,1.1977072000000002,1
41340,56,FLCN,-0.039999999999999994,0.014897800000000003,1
41341,56,MAP2K4,0.05,0.1042033,1
41342,56,CNOT3,0.07,0.0619591,1
41343,56,CIITA,0.09000000000000001,0.0559921,1
41344,56,LSM14A,0.15,0.1232664,1
41345,56,AKAP9,-0.010000000000000002,0.028735700000000003,1
41346,56,MSN,-0.26,-0.07327460000000002,1
41347,56,BCR,0.009999999999999983,0.053799,1
41348,56,TRRAP,0.08000000000000002,0.21207160000000003,1
41349,56,PPP6C,-0.13,-0.057185,1
41350,56,NCOA4,-0.12000000000000001,-0.038394899999999996,1
41351,56,BCL9,0.20999999999999996,0.1633906,1
41352,56,PRCC,0.14,0.11360669999999998,1
41353,56,LARP4B,0.03,0.0225429,1
41354,56,CHD2,0.02,0.017981,1
41355,56,ASXL1,0.38999999999999996,0.40910519999999995,1
41356,56,SMARCA4,1.9500000000000013,1.5253749999999997,1
41357,56,ERC1,-0.01,-0.008416699999999997,1
41358,56,DCTN1,-0.030000000000000006,0.0201261,1
41359,56,PIK3R1,1.1600000000000006,0.9673940999999999,1
41360,56,EED,0.10999999999999999,0.08001659999999998,1
41361,56,CNBP,0.02,0.0116144,1
41362,56,SGK1,0.48,0.3083431,1
41363,56,MLLT10,-0.17999999999999997,-0.09083190000000001,1
41364,56,BRD4,0.9900000000000002,0.8667195999999998,1
41365,56,RANBP2,0.3400000000000001,0.31339300000000003,1
41366,56,FBXO11,0.06,0.0496694,1
41367,56,PML,0.43,0.301032,1
41368,56,AKT2,1.1600000000000004,0.8185628,1
41369,56,CEP89,0.060000000000000005,0.0407067,1
41370,56,LZTR1,0.09,0.11083099999999999,1
41371,56,YWHAE,0.15999999999999998,0.1071807,1
41372,56,DNAJB1,-0.06,-0.013575399999999998,1
41373,56,PRDM2,0.08,0.0655601,1
41374,56,TPM4,0.5,0.34860009999999997,1
41375,56,CREBBP,2.220000000000001,1.7998342999999997,1
41376,56,PMS2,0.9000000000000004,0.7601294999999999,1
41377,56,DDR2,0.010000000000000002,0.009480599999999992,1
41378,56,FANCA,0.4100000000000001,0.33852680000000007,1
41379,56,PDE4DIP,0.06999999999999999,0.0551706,1
41380,56,USP8,-0.05,-0.027299500000000004,1
41381,56,MYH9,-0.37,-0.10742370000000001,1
41382,56,MYC,-1.9000000000000008,-0.3806440999999999,1
41383,56,NBN,0.6300000000000001,0.5194668,1
41384,56,CCND3,-0.1,-0.0124143,1
41385,56,TRIP11,-0.08,-0.059933700000000006,1
41386,56,CNTRL,-0.08,-0.060450199999999996,1
41387,56,PIK3CA,1.080000000000001,1.0007327000000004,1
41388,56,DDX5,0.2800000000000001,0.2689323,1
41389,56,PICALM,0.010000000000000002,0.010452100000000002,1
41390,56,RARA,0.37,0.28323390000000004,1
41391,56,DDX6,-0.009999999999999995,0.0957361,1
41392,56,COL1A1,0.25,0.21768890000000002,1
41393,56,VHL,0.24999999999999997,0.191752,1
41394,56,MAPK1,1.720000000000001,1.2279488,1
41395,56,SRC,0.9100000000000006,0.6600688,1
41396,56,NFE2L2,0.32999999999999996,0.23810530000000002,1
41397,56,MITF,-0.19999999999999998,-0.0373713,1
41398,56,SMAD3,1.2300000000000009,1.1026696,1
41399,56,RBM15,0.12,0.09851850000000001,1
41400,56,ATR,0.7000000000000002,0.5860358,1
41401,56,EPAS1,0.29000000000000004,0.31434800000000007,1
41402,56,TPM3,0.06999999999999998,0.06698119999999995,1
41403,56,RPL10,0.08000000000000002,0.11988750000000004,1
41404,56,STAG1,0.11,0.1477541,1
41405,56,SBDS,-0.14,-0.039138400000000004,1
41406,56,KMT2D,1.0400000000000003,0.8170898000000001,1
41407,56,MED12,0.38000000000000006,0.3187580000000001,1
41408,56,BCLAF1,-0.07999999999999999,0.022017000000000002,1
41409,56,ASPSCR1,-3.469446951953614e-18,0.0036037000000000013,1
41410,56,CDK12,0.5499999999999999,0.44720909999999997,1
41411,56,EWSR1,0.29999999999999993,0.31810429999999995,1
41412,56,NDRG1,-0.09999999999999999,-0.03885229999999999,1
41413,56,PSIP1,0.05999999999999999,0.0708694,1
41414,56,TRIM33,0.07,0.0654254,1
41415,56,MTOR,1.0300000000000005,0.8504205,1
41416,56,ARHGAP35,0.14,0.14420629999999998,1
41417,56,POT1,0.02,0.020962,1
41418,56,EXT1,0.12,0.0876984,1
41419,56,IL6ST,0.34,0.28528149999999997,1
41420,56,IDH2,-0.029999999999999985,0.020322200000000006,1
41421,56,SMARCE1,0.37,0.2484669,1
41422,56,CRTC3,0.09,0.07668809999999998,1
41423,56,TSC1,0.26,0.2810061,1
41424,56,BCOR,-0.07,0.02405539999999999,1
41425,56,SDHA,0.22000000000000003,0.1559069,1
41426,56,EP300,2.39,1.9733725999999998,1
41427,56,HNRNPA2B1,0.5100000000000001,0.35723810000000006,1
41428,56,CLIP1,-0.13,-0.07718209999999999,1
41429,56,PATZ1,-0.45,-0.1264457,1
41430,56,FUBP1,-0.12,-0.009976200000000003,1
41431,56,HLA-A,-0.07,0.01933450000000001,1
41432,56,CCNC,-0.27,-0.10654799999999998,1
41433,56,RPN1,-0.25,-0.07167019999999999,1
41434,56,TCF7L2,0.020000000000000014,0.10481349999999999,1
41435,56,CANT1,0.020000000000000004,0.020265800000000007,1
41436,56,RPL5,-0.76,-0.21399909999999997,1
41437,56,CCDC6,0.08000000000000002,0.09509340000000001,1
41438,56,NCKIPSD,-0.03,-0.0081999,1
41439,56,SMARCD1,0.5,0.39795480000000005,1
41440,56,BCL10,0.060000000000000005,0.07542309999999999,1
41441,56,MAX,3.469446951953614e-18,0.052918099999999996,1
41442,56,HERPUD1,-0.04,-0.0100332,1
41443,56,RAC1,0.27999999999999997,0.24269799999999997,1
41444,56,FLNA,0.27,0.1768467,1
41445,56,TFE3,-0.66,-0.2612777,1
41446,56,NCOR2,0.5900000000000001,0.5149242,1
41447,56,PRPF40B,0.05,0.028163900000000006,1
41448,56,BCL3,-0.1,-0.004819599999999997,1
41449,56,TFPT,-0.29,-0.09702140000000001,1
41450,56,MLH1,0.9400000000000001,0.8070229000000001,1
41451,56,ARHGAP5,0.11,0.11365119999999998,1
41452,56,CIC,0.01,0.0073618,1
41453,56,LYN,0.8200000000000002,0.6070797,1
41454,56,TCF12,0.35000000000000003,0.2788626,1
41455,56,KLF6,0.05,0.0323318,1
41456,56,KMT2C,1.0300000000000002,0.8508145000000001,1
41457,56,PIM1,-0.08000000000000002,0.006044900000000006,1
41458,56,CCND1,1.4500000000000008,0.9119097,1
41459,56,MLLT1,-1.2200000000000002,-0.315496,1
41460,56,MEN1,-0.06000000000000001,0.013329799999999996,1
41461,56,CUL3,0.10000000000000003,0.1278648,1
41462,56,RB1,0.62,0.5275292,1
41463,56,LPP,-0.18,-0.045321900000000005,1
41464,56,BUB1B,-0.14999999999999997,-0.04258289999999999,1
41465,56,SMAD4,1.620000000000001,1.2897360999999998,1
41466,56,FGFR1,0.25999999999999995,0.23601710000000006,1
41467,56,TMSB4X,0.03,0.023249699999999998,1
41468,56,CDK4,1.0300000000000005,0.7121495999999999,1
41469,56,MSI2,0.01,0.0078111,1
41470,56,MSH6,1.0800000000000005,0.9097142,1
41471,56,BRAF,1.2500000000000004,1.1075039000000004,1
41472,56,TCEA1,1.0408340855860843e-17,0.0507411,1
41473,56,TNFAIP3,0.11,0.1072787,1
41474,56,RABEP1,0.0,5.719999999999684e-05,1
41475,56,GMPS,-0.07,-0.03691559999999998,1
41476,56,MDM2,1.1300000000000008,0.8925177999999999,1
41477,56,NSD2,0.22,0.16843950000000002,1
41478,56,CASP8,-0.21999999999999997,0.06414020000000001,1
41479,56,PER1,-0.22000000000000003,-0.07673900000000002,1
41480,56,UBR5,-0.02999999999999998,0.021201800000000003,1
41481,56,EIF3E,0.0,0.0472963,1
41482,56,RFWD3,0.020000000000000004,0.0262872,1
41483,56,BRD3,0.13,0.09149879999999999,1
41484,56,PAFAH1B2,0.02,0.0179312,1
41485,56,EXT2,0.0,0.017830799999999994,1
41486,56,PLCG1,0.42999999999999994,0.37778899999999993,1
41487,56,SF3B1,-0.7600000000000001,-0.3350514,1
41488,56,ARHGEF10L,0.03,0.0155934,1
41489,56,NFATC2,0.23,0.16233409999999998,1
41490,56,SDHD,0.31,0.2033075,1
41491,56,PABPC1,-0.9300000000000002,-0.25811090000000003,1
41492,56,POLD1,6.938893903907228e-18,0.03764060000000001,1
41493,56,CALR,0.07,0.085547,1
41494,56,PIK3CB,0.7500000000000002,0.5922719,1
41495,56,PPM1D,0.28,0.2235514,1
41496,56,ATRX,1.0000000000000004,0.883136,1
41497,56,DGCR8,0.16999999999999998,0.1301292,1
41498,56,DDX10,0.19,0.1463958,1
41499,56,DROSHA,0.5500000000000002,0.43576960000000003,1
41500,56,TNFRSF14,-0.14,-0.05244120000000001,1
41501,56,BCL9L,0.14,0.10581760000000001,1
41502,56,QKI,0.05,0.0376306,1
41503,56,BAZ1A,0.01,0.007599700000000001,1
41504,56,CHD4,0.38999999999999996,0.32892649999999996,1
41505,56,NSD3,0.06,0.08738729999999999,1
41506,56,NT5C2,0.15000000000000002,0.08510980000000001,1
41507,56,CCNB1IP1,0.09,0.042342899999999996,1
41508,56,PCBP1,-0.8500000000000001,-0.22825590000000007,1
41509,56,RALGDS,0.060000000000000005,0.0814234,1
41510,56,ARHGEF12,-0.020000000000000004,0.028817499999999996,1
41511,56,HSP90AB1,1.0200000000000005,0.7530663,1
41512,56,FOXO3,1.4500000000000008,1.0761895999999997,1
41513,56,HIP1,-0.02,-0.0127484,1
41514,56,CDC73,0.06000000000000002,0.0898931,1
41515,56,NIN,-0.009999999999999995,-0.005225600000000004,1
41516,56,MDM4,0.09,0.15154430000000002,1
41517,56,COL3A1,0.23,0.18970920000000002,1
41518,56,CTNND1,0.09000000000000001,0.132566,1
41519,56,SPOP,0.019999999999999997,0.05949469999999999,1
41520,56,TMEM127,0.08000000000000002,0.047006900000000004,1
41521,56,CREB3L2,0.14,0.091798,1
41522,56,MSH2,1.0400000000000005,0.9131658,1
41523,56,FNBP1,0.0,0.011460300000000003,1
41524,56,ATF1,0.13,0.0885716,1
41525,56,EIF1AX,-0.72,-0.23824080000000003,1
41526,56,PMS1,0.66,0.5156753000000001,1
41527,56,DEK,0.18999999999999997,0.1581731,1
41528,56,ERBB2,0.9600000000000002,0.6232754999999999,1
41529,56,AKT1,1.2400000000000007,0.8194434000000003,1
41530,56,CHEK2,0.7200000000000002,0.6954305999999999,1
41531,56,SDHB,0.39999999999999997,0.28162800000000004,1
41532,56,NCOA1,0.33,0.287347,1
41533,56,CHIC2,0.09,0.0595236,1
41534,56,RUNX1,-0.010000000000000009,0.49936439999999993,1
41535,56,STAT6,0.43000000000000005,0.3461304,1
41536,56,FH,-0.20999999999999996,-0.07333610000000002,1
41537,56,AKT3,1.0500000000000003,0.7680986000000001,1
41538,56,GNAS,0.39,0.28780769999999994,1
41539,56,CTNNB1,1.2400000000000007,0.9318308000000001,1
41540,56,NONO,0.37,0.3145569,1
41541,56,SMARCB1,1.1400000000000006,0.8793991999999997,1
41542,56,PRKAR1A,0.18,0.18316819999999995,1
41543,56,ITGAV,-0.02,0.03506429999999999,1
41544,56,SS18,0.41000000000000003,0.28714120000000004,1
41545,56,MAP2K1,1.0000000000000002,0.5827239,1
41546,56,SIRPA,-0.05,-0.0094451,1
41547,56,PPFIBP1,0.41000000000000003,0.2948039,1
41548,56,RPL22,-0.16,0.09234300000000001,1
41549,56,CYLD,0.28,0.226631,1
41550,56,ARID1B,0.81,0.6249989,1
41551,56,SETDB1,0.35000000000000003,0.252138,1
41552,56,AFDN,-0.39,-0.12183630000000004,1
41553,56,ZRSR2,-0.020000000000000004,-0.022685499999999997,1
41554,56,PBRM1,1.0200000000000005,0.7684552000000001,1
41555,56,XPC,0.41000000000000003,0.24163810000000005,1
41556,56,ASXL2,0.27,0.19582449999999998,1
41557,56,TRIM24,-0.27,-0.0430467,1
41558,56,SFPQ,-0.25,-0.043563199999999996,1
41559,56,NCOA2,0.61,0.4929897999999999,1
41560,56,FOXO4,0.43999999999999995,0.2657075,1
41561,56,LEF1,0.19000000000000003,0.18900399999999998,1
41562,56,B2M,-0.36,-0.14986080000000002,1
41563,56,DDIT3,-0.28,-0.09833049999999999,1
41564,56,BCL6,0.29000000000000004,0.26033660000000003,1
41565,56,KRAS,-0.17999999999999997,0.1003732,1
41566,56,FAT1,0.1,0.07105630000000002,1
41567,56,ABL2,0.030000000000000006,0.0369819,1
41568,56,NF1,1.2800000000000007,1.0421358,1
41569,56,BTG1,-0.05,-0.0215645,1
41570,56,EIF4A2,0.039999999999999994,0.026856299999999993,1
41571,56,SET,0.2,0.1609528,1
41572,56,EPS15,0.07,0.0608774,1
41573,56,RNF213,0.05,0.043248400000000006,1
41574,56,CTCF,1.1400000000000003,0.8017266999999999,1
41575,56,WDCP,0.21,0.1282801,1
41576,56,KAT7,0.15,0.12554410000000002,1
41577,56,KDM5C,0.15,0.15464450000000002,1
41578,56,TGFBR2,0.11,0.13548519999999994,1
41579,56,ATM,1.0800000000000005,1.0861432000000002,1
41580,56,NUMA1,-0.030000000000000002,0.004648599999999992,1
41581,56,STAT3,0.9900000000000004,0.8820491000000001,1
41582,56,SUB1,-0.09999999999999999,-0.0451817,1
41583,56,NUP98,0.18,0.19443459999999999,1
41584,56,ELL,0.04000000000000001,0.021090600000000015,1
41585,56,MAP3K1,0.35,0.2954476,1
41586,56,MALT1,0.15999999999999998,0.15243730000000003,1
41587,56,XPO1,0.5700000000000002,0.45931800000000006,1
41588,56,SETD1B,0.29000000000000004,0.22901829999999998,1
41589,56,ETV6,-0.08000000000000002,-0.006807100000000005,1
41590,56,TBL1XR1,0.24000000000000002,0.17405869999999998,1
41591,56,NUP214,-0.09000000000000002,0.15756579999999998,1
41592,56,TPR,0.11000000000000001,0.106226,1
41593,56,ATIC,0.15,0.14135150000000002,1
41594,56,NACA,0.22,0.1451164,1
41595,56,MYO5A,0.01,0.007882800000000002,1
41596,56,SMC1A,0.30000000000000004,0.40790420000000005,1
41597,56,LASP1,-0.21000000000000002,-0.1144139,1
41598,56,ERCC5,0.45,0.29034689999999996,1
41599,56,JUN,-1.2500000000000002,-0.223264,1
41600,56,THRAP3,0.09000000000000001,0.0692379,1
41601,56,STAG2,0.16999999999999996,0.24219619999999997,1
41602,56,RAF1,0.9000000000000004,0.67769,1
41603,56,ERCC3,0.6900000000000001,0.5686614,1
41604,56,SMAD2,0.5200000000000001,0.5172538000000001,1
41605,56,TAF15,0.24000000000000005,0.19001910000000002,1
41606,56,ARNT,0.16999999999999998,0.18629539999999994,1
41607,56,CLTC,-0.64,-0.2764618,1
41608,56,IKBKB,0.3500000000000002,0.3970975,1
41609,56,IDH1,-0.21999999999999997,-0.0479729,1
41610,56,SND1,0.030000000000000006,0.042373299999999996,1
41611,56,KNSTRN,0.03,0.0239475,1
41612,56,RHOA,-2.710000000000001,-0.6590184,1
41613,56,PALB2,0.7900000000000003,0.6743417,1
41614,56,ARID2,0.8400000000000001,0.659132,1
41615,56,EZR,-0.22999999999999998,-0.08404520000000001,1
41616,56,TP53,0.5300000000000002,0.5861566000000001,1
41617,56,ARAF,0.47000000000000003,0.2779428,1
41618,56,KIF5B,0.52,0.39621470000000003,1
41619,56,KAT6A,0.24,0.24149410000000002,1
41620,56,KTN1,-0.09000000000000001,-0.0136092,1
41621,56,GOLGA5,-0.08000000000000002,-0.051335900000000004,1
41622,56,KDM5A,0.24999999999999997,0.241661,1
41623,56,RAD21,0.5900000000000001,0.491275,1
41624,56,GNAQ,0.32999999999999996,0.26264049999999994,1
41625,56,CAMTA1,0.07,0.0516484,1
41626,56,ERCC2,0.7400000000000001,0.5916254000000001,1
41627,56,EZH2,1.720000000000001,1.3239018000000005,1
41628,56,TOP1,0.32000000000000006,0.2674637,1
41629,56,SRSF3,-0.29,-0.046301999999999996,1
41630,56,NPM1,0.16999999999999993,0.19800899999999996,1
41631,56,BAX,-0.62,-0.1576819,1
41632,56,NOTCH2,0.29000000000000004,0.2397524,1
41633,56,TRAF7,0.02,0.014152800000000002,1
41634,56,KDM6A,0.8600000000000003,0.8637074,1
41635,56,SPEN,0.16,0.1271861,1
41636,56,TRIM27,-0.6699999999999999,-0.19009810000000002,1
41637,56,CRTC1,0.15999999999999998,0.12691959999999997,1
41638,56,EML4,0.35,0.33529410000000015,1
41639,56,USP9X,0.02,0.015490099999999996,1
41640,56,PTPRK,-0.01,-0.005505100000000001,1
41641,56,CD74,-0.13999999999999999,0.01215589999999999,1
41642,56,CBL,0.55,0.48138349999999996,1
41643,56,ZNF384,0.03,0.022525700000000003,1
41644,56,NOTCH1,1.0000000000000004,0.7263731000000002,1
41645,56,COX6C,-0.19,-0.053914000000000004,1
41646,56,CHCHD7,0.02,0.0133524,1
41647,56,HMGA1,-0.06,-0.0262205,1
41648,56,PTEN,1.2500000000000009,1.13663,1
41649,56,FIP1L1,-0.05,-0.016327599999999998,1
41650,56,JAK1,0.8100000000000003,0.6711302,1
41651,56,ZMYM2,-0.009999999999999998,-0.005255999999999993,1
41652,56,SUZ12,0.8300000000000003,0.6665200999999998,1
41653,56,FUS,-0.57,-0.03576469999999997,1
41654,56,BAP1,-0.36000000000000004,-0.1502694,1
41655,56,ZCCHC8,-0.06,-0.019602599999999998,1
41656,56,CRNKL1,0.009999999999999998,0.008810599999999998,1
41657,56,RAD17,0.19,0.14166840000000003,1
41658,56,ATP1A1,-0.02,-0.0073081000000000005,1
41659,56,DNMT3A,1.0900000000000003,0.8821005,1
41660,56,FBXW7,0.9300000000000004,0.7678263,1
41661,56,WWTR1,-0.16,-0.06386939999999999,1
41662,56,CDKN1B,0.32000000000000006,0.25318250000000003,1
41663,56,KMT2A,0.31999999999999995,0.3407298,1
41664,56,PTPN11,1.1600000000000008,0.9319063000000002,1
41665,56,STAT5B,0.7400000000000003,0.5957396999999999,1
41666,56,CUX1,-0.09000000000000001,-0.0547764,1
41667,56,ABI1,-0.28,-0.0894106,1
41668,56,BRCA1,1.8700000000000012,1.5254438000000003,1
41669,56,SH2B3,0.07,0.04074660000000001,1
41670,56,AFF4,-0.07,-0.01969479999999999,1
41671,56,NF2,0.16999999999999996,0.16297379999999995,1
41672,56,LMNA,-0.010000000000000005,0.01329239999999999,1
41673,56,TSC2,0.8600000000000003,0.6875079,1
41674,56,GOLPH3,-0.039999999999999994,-0.028166999999999994,1
41675,56,PCM1,-0.030000000000000002,-0.0234746,1
41676,56,PPP2R1A,-0.16999999999999996,-0.017640699999999995,1
41677,56,ARID1A,1.7700000000000011,1.4061214999999998,1
41678,56,ABL1,-0.22999999999999998,0.0686262000000001,1
41679,56,AFF1,-0.010000000000000016,0.04138079999999999,1
41680,56,DAXX,-0.4099999999999999,-0.09248289999999998,1
41681,56,CBFB,0.14,0.1485573,1
41682,56,CBLB,0.17,0.1486556,1
41683,56,POLR2A,-0.33999999999999997,0.10838130000000001,1
41684,56,PRKACA,0.13000000000000006,0.1975745999999999,1
41685,56,DNM2,-0.09,-0.04871899999999999,1
41686,56,RAP1GDS1,0.030000000000000013,0.049476700000000005,1
41687,56,NCOR1,0.9200000000000003,0.8631684000000002,1
41688,56,NFKBIE,-0.39,-0.1241892,1
41689,56,DDX3X,0.24999999999999997,0.2416883,1
41690,56,ELK4,0.03,0.0254538,1
41691,56,MLLT6,0.029999999999999995,0.032406000000000004,1
41692,56,SRSF2,-3.07,-0.6694857000000001,1
41693,56,CTNNA1,0.16,0.1233161,1
41694,56,RBM10,0.13999999999999999,0.1011391,1
41695,56,PTPRC,0.029999999999999992,0.10843069999999999,1
41696,56,HSP90AA1,0.9100000000000004,0.6500448000000001,1
41697,56,NSD1,0.22999999999999998,0.18932469999999998,0
41698,56,DICER1,0.16,0.1896142,0
41699,56,BIRC6,0.07,0.059996900000000006,0
41700,56,SDHC,0.24999999999999997,0.17290570000000002,0
41701,56,TFG,0.32,0.18350009999999994,0
41702,56,MAP2K2,0.29000000000000004,0.23129029999999998,0
41703,56,TFRC,-0.25,-0.11740069999999998,0
41704,56,CREB1,0.7900000000000005,0.5583798,0
41705,56,POLG,0.01,0.0036827,0
41706,56,SETD2,0.7200000000000002,0.5905205,0
41707,56,NAB2,-0.31,-0.11781999999999998,0
41708,56,HIF1A,1.590000000000001,1.0962999999999998,0
41709,56,FLCN,0.05,0.0467814,0
41710,56,MAP2K4,-0.010000000000000002,0.0703172,0
41711,56,CNOT3,-0.010000000000000002,0.004461099999999999,0
41712,56,CIITA,0.09000000000000001,0.0554089,0
41713,56,LSM14A,0.07,0.0693761,0
41714,56,AKAP9,-0.05999999999999999,-0.016509799999999995,0
41715,56,MSN,-0.44999999999999996,-0.09619119999999999,0
41716,56,BCR,0.030000000000000002,0.03307369999999999,0
41717,56,TRRAP,0.039999999999999994,0.1229563,0
41718,56,PPP6C,-0.16999999999999998,-0.08266480000000001,0
41719,56,NCOA4,-0.19,-0.10516620000000002,0
41720,56,BCL9,0.15,0.11440169999999998,0
41721,56,PRCC,0.07,0.05422420000000001,0
41722,56,LARP4B,0.0,0.0,0
41723,56,CHD2,0.01,0.0075171,0
41724,56,ASXL1,0.4599999999999998,0.4440182,0
41725,56,SMARCA4,1.1900000000000006,0.9284359000000002,0
41726,56,ERC1,-0.02,-0.014411799999999999,0
41727,56,DCTN1,-0.22999999999999995,-0.0809836,0
41728,56,PIK3R1,1.3100000000000007,0.921006,0
41729,56,EED,0.08,0.08866009999999998,0
41730,56,CNBP,0.01,0.0056694,0
41731,56,SGK1,0.29000000000000004,0.16656610000000002,0
41732,56,MLLT10,-0.019999999999999993,0.014930099999999996,0
41733,56,BRD4,0.9700000000000004,0.7122281,0
41734,56,RANBP2,0.16,0.19148860000000004,0
41735,56,FBXO11,0.05,0.041199,0
41736,56,PML,0.4,0.2656507,0
41737,56,AKT2,0.8800000000000002,0.5982825,0
41738,56,CEP89,0.08,0.0495036,0
41739,56,LZTR1,0.06,0.0741889,0
41740,56,YWHAE,0.32000000000000006,0.20347429999999997,0
41741,56,DNAJB1,-0.009999999999999995,0.013786100000000003,0
41742,56,PRDM2,0.02,0.014207500000000001,0
41743,56,TPM4,0.46,0.28460280000000004,0
41744,56,CREBBP,1.8500000000000014,1.4869903000000002,0
41745,56,PMS2,0.5700000000000001,0.5262302,0
41746,56,DDR2,0.049999999999999996,0.03188219999999999,0
41747,56,FANCA,0.37,0.28524990000000006,0
41748,56,PDE4DIP,0.05,0.0323588,0
41749,56,USP8,-0.11,-0.04798179999999999,0
41750,56,MYH9,-0.25,-0.03592119999999999,0
41751,56,MYC,-0.5600000000000002,-0.11441349999999999,0
41752,56,NBN,0.55,0.404837,0
41753,56,CCND3,-0.09000000000000001,0.0106168,0
41754,56,TRIP11,-0.12,-0.07829339999999999,0
41755,56,CNTRL,-0.039999999999999994,-0.0283836,0
41756,56,PIK3CA,1.4100000000000006,0.9971936000000002,0
41757,56,DDX5,0.30000000000000004,0.26594590000000007,0
41758,56,PICALM,-0.009999999999999998,-0.002067199999999998,0
41759,56,RARA,0.36,0.2698376,0
41760,56,DDX6,-0.010000000000000005,0.07061059999999998,0
41761,56,COL1A1,0.08999999999999997,0.1082923,0
41762,56,VHL,0.19,0.1356907,0
41763,56,MAPK1,1.680000000000001,1.0628170000000006,0
41764,56,SRC,-0.16999999999999998,0.16452700000000003,0
41765,56,NFE2L2,0.24,0.16691519999999999,0
41766,56,MITF,-0.3,-0.0636679,0
41767,56,SMAD3,1.320000000000001,0.9608835000000002,0
41768,56,RBM15,0.07,0.0590971,0
41769,56,ATR,0.6900000000000003,0.5571686,0
41770,56,EPAS1,0.39999999999999997,0.33936560000000005,0
41771,56,TPM3,0.24,0.1595726,0
41772,56,RPL10,0.15000000000000002,0.11864200000000001,0
41773,56,STAG1,0.09999999999999999,0.1111053,0
41774,56,SBDS,-0.05,-0.0196564,0
41775,56,KMT2D,0.9600000000000004,0.6902497,0
41776,56,MED12,0.30000000000000004,0.23446040000000004,0
41777,56,BCLAF1,-0.02000000000000001,0.032614599999999994,0
41778,56,ASPSCR1,1.734723475976807e-18,0.01043089999999999,0
41779,56,CDK12,0.26,0.1901927,0
41780,56,EWSR1,0.45999999999999996,0.3594178999999999,0
41781,56,NDRG1,-0.03,-0.007760700000000001,0
41782,56,PSIP1,-0.15,-0.06699609999999999,0
41783,56,TRIM33,0.030000000000000013,0.0349025,0
41784,56,MTOR,1.1500000000000006,0.8195064999999997,0
41785,56,ARHGAP35,0.14000000000000004,0.13608510000000001,0
41786,56,POT1,-0.04000000000000001,-0.0014608999999999994,0
41787,56,EXT1,0.1,0.063701,0
41788,56,IL6ST,0.30000000000000004,0.2311847,0
41789,56,IDH2,0.12000000000000001,0.11124839999999998,0
41790,56,SMARCE1,0.39999999999999997,0.2414719,0
41791,56,CRTC3,0.09,0.0649453,0
41792,56,TSC1,0.28,0.26377949999999994,0
41793,56,BCOR,-0.13,-0.0216491,0
41794,56,SDHA,0.25,0.15363420000000003,0
41795,56,EP300,1.610000000000001,1.1944906,0
41796,56,HNRNPA2B1,0.31,0.2461864,0
41797,56,CLIP1,-0.11,-0.0560167,0
41798,56,PATZ1,-0.39,-0.1124234,0
41799,56,FUBP1,-0.17,-0.011576200000000002,0
41800,56,HLA-A,-0.14,0.014969800000000002,0
41801,56,CCNC,-0.1,-0.0382133,0
41802,56,RPN1,-0.27,-0.06359700000000001,0
41803,56,TCF7L2,0.10000000000000002,0.11515960000000003,0
41804,56,CANT1,0.07,0.048116900000000004,0
41805,56,RPL5,-0.53,-0.1293557,0
41806,56,CCDC6,0.03,0.056771000000000016,0
41807,56,NCKIPSD,0.009999999999999998,0.0069838,0
41808,56,SMARCD1,0.44,0.30264610000000003,0
41809,56,BCL10,-0.010000000000000002,0.019392200000000002,0
41810,56,MAX,3.469446951953614e-18,0.021174199999999997,0
41811,56,HERPUD1,0.01,0.0038561000000000003,0
41812,56,RAC1,-0.09,0.0632326,0
41813,56,FLNA,0.07,0.08474889999999999,0
41814,56,TFE3,-0.4800000000000001,-0.19834450000000003,0
41815,56,NCOR2,0.7300000000000002,0.5233195,0
41816,56,PRPF40B,-0.03,-0.0165103,0
41817,56,BCL3,-0.049999999999999996,-0.010818099999999997,0
41818,56,TFPT,-0.23,-0.0813545,0
41819,56,MLH1,0.7800000000000002,0.6464499000000001,0
41820,56,ARHGAP5,0.13,0.10252450000000002,0
41821,56,CIC,0.0,0.0,0
41822,56,LYN,0.9300000000000003,0.6422808,0
41823,56,TCF12,0.28,0.2009471,0
41824,56,KLF6,0.04,0.021564899999999998,0
41825,56,KMT2C,0.9900000000000002,0.7580483,0
41826,56,PIM1,-0.17000000000000004,-0.0480318,0
41827,56,CCND1,1.510000000000001,0.9383373999999997,0
41828,56,MLLT1,-0.6700000000000002,-0.2098297,0
41829,56,MEN1,-5.204170427930421e-18,0.03515899999999999,0
41830,56,CUL3,0.1,0.12432939999999998,0
41831,56,RB1,0.6000000000000001,0.43011800000000006,0
41832,56,LPP,-0.03,-0.009994299999999998,0
41833,56,BUB1B,-0.18,-0.0901923,0
41834,56,SMAD4,1.4600000000000009,1.0591812000000003,0
41835,56,FGFR1,0.26,0.18012010000000003,0
41836,56,TMSB4X,0.04,0.031152000000000003,0
41837,56,CDK4,0.7300000000000002,0.4896017,0
41838,56,MSI2,0.01,0.0069128,0
41839,56,MSH6,0.8100000000000003,0.5823288,0
41840,56,BRAF,0.9200000000000003,0.8095969999999999,0
41841,56,TCEA1,-0.030000000000000006,0.012455899999999995,0
41842,56,TNFAIP3,0.08000000000000002,0.08407150000000002,0
41843,56,RABEP1,0.0,-0.0016487999999999989,0
41844,56,GMPS,-0.1,-0.047542600000000004,0
41845,56,MDM2,1.2100000000000006,0.859897,0
41846,56,NSD2,0.16,0.1066631,0
41847,56,CASP8,0.039999999999999994,0.19926200000000002,0
41848,56,PER1,-0.2,-0.03506089999999999,0
41849,56,UBR5,-0.04999999999999999,-0.009503599999999996,0
41850,56,EIF3E,-0.009999999999999992,0.07769720000000001,0
41851,56,RFWD3,0.030000000000000002,0.03108260000000001,0
41852,56,BRD3,0.13,0.0992552,0
41853,56,PAFAH1B2,0.02,0.0156354,0
41854,56,EXT2,0.0,0.0016589999999999938,0
41855,56,PLCG1,0.52,0.3714471999999999,0
41856,56,SF3B1,-0.32,-0.1266457,0
41857,56,ARHGEF10L,0.02,0.0099334,0
41858,56,NFATC2,0.18,0.1226386,0
41859,56,SDHD,0.27,0.15200590000000003,0
41860,56,PABPC1,-0.7000000000000002,-0.1859806,0
41861,56,POLD1,-0.29,-0.0499439,0
41862,56,CALR,0.049999999999999996,0.0434687,0
41863,56,PIK3CB,0.6200000000000001,0.48588979999999987,0
41864,56,PPM1D,0.18000000000000002,0.1341586,0
41865,56,ATRX,0.9500000000000005,0.7601807999999999,0
41866,56,DGCR8,0.13,0.0760864,0
41867,56,DDX10,0.12,0.0824637,0
41868,56,DROSHA,0.41000000000000003,0.2944263,0
41869,56,TNFRSF14,-0.08,-0.030787500000000002,0
41870,56,BCL9L,0.13999999999999999,0.0959365,0
41871,56,QKI,-0.09999999999999999,-0.0590638,0
41872,56,BAZ1A,0.01,0.007050600000000001,0
41873,56,CHD4,0.15999999999999998,0.16721439999999999,0
41874,56,NSD3,0.029999999999999992,0.04533339999999999,0
41875,56,NT5C2,0.17,0.0970199,0
41876,56,CCNB1IP1,0.11,0.049020499999999995,0
41877,56,PCBP1,-0.6700000000000002,-0.20552510000000002,0
41878,56,RALGDS,0.15,0.10399699999999999,0
41879,56,ARHGEF12,3.469446951953614e-18,0.006309800000000002,0
41880,56,HSP90AB1,0.9500000000000004,0.6628655,0
41881,56,FOXO3,1.3900000000000006,0.9387088,0
41882,56,HIP1,-0.01,-0.0062567,0
41883,56,CDC73,-0.11000000000000003,-0.005352999999999998,0
41884,56,NIN,0.04,0.028005399999999996,0
41885,56,MDM4,0.16,0.18317060000000002,0
41886,56,COL3A1,0.14,0.12692409999999998,0
41887,56,CTNND1,0.11000000000000001,0.1258838,0
41888,56,SPOP,-5.204170427930421e-18,0.020119899999999996,0
41889,56,TMEM127,0.03,0.04228820000000001,0
41890,56,CREB3L2,0.07999999999999999,0.053845599999999987,0
41891,56,MSH2,0.8600000000000003,0.6218060999999999,0
41892,56,FNBP1,-0.009999999999999997,-0.0005603999999999991,0
41893,56,ATF1,0.01999999999999999,0.017711399999999988,0
41894,56,EIF1AX,-0.49,-0.1989745,0
41895,56,PMS1,0.53,0.3926111,0
41896,56,DEK,0.07999999999999999,0.09194530000000002,0
41897,56,ERBB2,1.0300000000000005,0.6508316999999998,0
41898,56,AKT1,0.7400000000000005,0.4862090000000001,0
41899,56,CHEK2,0.31999999999999995,0.3639681,0
41900,56,SDHB,0.41000000000000003,0.26025469999999995,0
41901,56,NCOA1,0.41,0.2777739,0
41902,56,CHIC2,0.049999999999999996,0.0249712,0
41903,56,RUNX1,0.5100000000000001,0.5755949000000001,0
41904,56,STAT6,0.34,0.254874,0
41905,56,FH,-0.12,-0.02831300000000002,0
41906,56,AKT3,0.9900000000000002,0.6504432999999998,0
41907,56,GNAS,0.28,0.1682377,0
41908,56,CTNNB1,1.2200000000000006,0.8482495,0
41909,56,NONO,0.14999999999999997,0.1017628,0
41910,56,SMARCB1,0.9100000000000004,0.6424678,0
41911,56,PRKAR1A,0.09,0.0924766,0
41912,56,ITGAV,0.03999999999999999,0.0353252,0
41913,56,SS18,0.39,0.2451343,0
41914,56,MAP2K1,1.0900000000000005,0.6792262,0
41915,56,SIRPA,0.0,0.000560699999999999,0
41916,56,PPFIBP1,0.38,0.24212170000000002,0
41917,56,RPL22,-0.12999999999999998,0.07682100000000003,0
41918,56,CYLD,0.29000000000000004,0.2172214,0
41919,56,ARID1B,0.72,0.5144072000000001,0
41920,56,SETDB1,0.33,0.23716759999999998,0
41921,56,AFDN,-0.25000000000000006,-0.0862639,0
41922,56,ZRSR2,0.31000000000000005,0.21651369999999998,0
41923,56,PBRM1,0.9100000000000004,0.6333192999999999,0
41924,56,XPC,0.5800000000000001,0.3731811,0
41925,56,ASXL2,0.24,0.15558349999999999,0
41926,56,TRIM24,-0.21999999999999997,-0.09038669999999999,0
41927,56,SFPQ,-0.14,-0.0095137,0
41928,56,NCOA2,0.5800000000000001,0.40380559999999993,0
41929,56,FOXO4,0.5200000000000001,0.3260728,0
41930,56,LEF1,0.020000000000000018,0.0759709,0
41931,56,B2M,-0.5200000000000001,-0.19746929999999996,0
41932,56,DDIT3,-0.3,-0.0773294,0
41933,56,BCL6,0.52,0.3580068999999999,0
41934,56,KRAS,-1.5200000000000005,-0.3574455,0
41935,56,FAT1,0.04,0.051633799999999994,0
41936,56,ABL2,0.1,0.073651,0
41937,56,NF1,0.7900000000000003,0.6488231000000001,0
41938,56,BTG1,-0.01,-0.0056377,0
41939,56,EIF4A2,0.10000000000000002,0.08353780000000002,0
41940,56,SET,0.16,0.143747,0
41941,56,EPS15,-3.469446951953614e-18,0.012672699999999997,0
41942,56,RNF213,0.03,0.023338199999999996,0
41943,56,CTCF,0.9300000000000004,0.6618242,0
41944,56,WDCP,0.14,0.08242889999999999,0
41945,56,KAT7,0.08999999999999998,0.0716252,0
41946,56,KDM5C,0.13999999999999999,0.135799,0
41947,56,TGFBR2,0.21,0.1488116,0
41948,56,ATM,1.4800000000000009,1.1101430999999997,0
41949,56,NUMA1,-0.009999999999999997,0.005984199999999998,0
41950,56,STAT3,1.4000000000000006,1.1135802,0
41951,56,SUB1,-0.29000000000000004,-0.0997346,0
41952,56,NUP98,0.03999999999999999,0.07127359999999999,0
41953,56,ELL,-0.03000000000000001,0.0013996000000000026,0
41954,56,MAP3K1,0.35,0.2805064,0
41955,56,MALT1,0.18000000000000002,0.1483875,0
41956,56,XPO1,0.33000000000000007,0.26819750000000003,0
41957,56,SETD1B,0.14,0.1008874,0
41958,56,ETV6,-0.18999999999999997,-0.0687645,0
41959,56,TBL1XR1,0.19000000000000003,0.1223693,0
41960,56,NUP214,0.03000000000000001,0.10212120000000004,0
41961,56,TPR,0.07999999999999999,0.08776879999999998,0
41962,56,ATIC,0.09000000000000001,0.08076009999999999,0
41963,56,NACA,0.21000000000000002,0.13646370000000002,0
41964,56,MYO5A,0.009999999999999998,0.008482300000000002,0
41965,56,SMC1A,0.6200000000000001,0.4850692,0
41966,56,LASP1,-0.23,-0.12499079999999999,0
41967,56,ERCC5,0.43000000000000005,0.2710053,0
41968,56,JUN,-0.01000000000000002,0.20991849999999995,0
41969,56,THRAP3,0.08,0.0675196,0
41970,56,STAG2,0.52,0.3872139000000001,0
41971,56,RAF1,1.0400000000000003,0.7187526000000002,0
41972,56,ERCC3,0.54,0.42750160000000004,0
41973,56,SMAD2,0.5700000000000001,0.4956140000000001,0
41974,56,TAF15,0.16000000000000003,0.1353877,0
41975,56,ARNT,0.31000000000000005,0.24548720000000007,0
41976,56,CLTC,-0.6100000000000001,-0.320145,0
41977,56,IKBKB,0.5300000000000002,0.4175408000000001,0
41978,56,IDH1,-0.6499999999999999,-0.17451389999999997,0
41979,56,SND1,3.469446951953614e-18,0.003056899999999998,0
41980,56,KNSTRN,0.04,0.0325256,0
41981,56,RHOA,-1.2900000000000003,-0.32547800000000016,0
41982,56,PALB2,0.5499999999999999,0.46527219999999997,0
41983,56,ARID2,0.7500000000000002,0.5433806,0
41984,56,EZR,-0.15,-0.023292999999999998,0
41985,56,TP53,-0.85,-0.017715300000000038,0
41986,56,ARAF,0.38,0.20522739999999998,0
41987,56,KIF5B,0.4799999999999999,0.3339433,0
41988,56,KAT6A,0.22999999999999998,0.1948846,0
41989,56,KTN1,-0.09,-0.0312078,0
41990,56,GOLGA5,-0.15,-0.0950633,0
41991,56,KDM5A,0.25,0.2140445,0
41992,56,RAD21,0.4700000000000001,0.3548504,0
41993,56,GNAQ,0.11999999999999998,0.08305509999999999,0
41994,56,CAMTA1,0.02,0.0119156,0
41995,56,ERCC2,0.65,0.46496669999999996,0
41996,56,EZH2,1.9000000000000012,1.2272861999999995,0
41997,56,TOP1,0.22,0.15990870000000001,0
41998,56,SRSF3,-0.3500000000000001,-0.10360409999999999,0
41999,56,NPM1,0.1899999999999999,0.2369198,0
42000,56,BAX,-0.39,-0.12205629999999999,0
42001,56,NOTCH2,0.27,0.2074277,0
42002,56,TRAF7,0.03,0.0218853,0
42003,56,KDM6A,0.8500000000000003,0.7014325,0
42004,56,SPEN,0.09,0.06411710000000001,0
42005,56,TRIM27,-0.42,-0.1471257,0
42006,56,CRTC1,0.15000000000000002,0.11261770000000002,0
42007,56,EML4,0.26,0.20500980000000002,0
42008,56,USP9X,-0.07999999999999999,-0.0509343,0
42009,56,PTPRK,0.01,0.0066349,0
42010,56,CD74,-0.09,0.02346650000000001,0
42011,56,CBL,0.5700000000000001,0.4032166,0
42012,56,ZNF384,-0.08,-0.039204,0
42013,56,NOTCH1,0.9800000000000004,0.7195205999999998,0
42014,56,COX6C,-0.1,-0.05025460000000001,0
42015,56,CHCHD7,0.02,0.0129248,0
42016,56,HMGA1,-0.09,-0.043474000000000006,0
42017,56,PTEN,1.400000000000001,1.1339763999999999,0
42018,56,FIP1L1,-0.04,-0.026064800000000003,0
42019,56,JAK1,0.8500000000000003,0.6476926,0
42020,56,ZMYM2,-0.1,-0.06457650000000001,0
42021,56,SUZ12,0.64,0.44976380000000005,0
42022,56,FUS,-0.09000000000000002,0.14011650000000006,0
42023,56,BAP1,0.06,0.07858010000000001,0
42024,56,ZCCHC8,-0.08,-0.0223064,0
42025,56,CRNKL1,-0.04,-0.022416700000000005,0
42026,56,RAD17,0.15,0.1056398,0
42027,56,ATP1A1,-0.04,-0.0160378,0
42028,56,DNMT3A,1.0000000000000004,0.7240641000000002,0
42029,56,FBXW7,0.9900000000000002,0.7524803,0
42030,56,WWTR1,-0.06,-0.027914000000000008,0
42031,56,CDKN1B,0.6300000000000001,0.39604670000000003,0
42032,56,KMT2A,0.56,0.44706349999999995,0
42033,56,PTPN11,0.9300000000000002,0.6642041,0
42034,56,STAT5B,0.6800000000000002,0.5023038000000001,0
42035,56,CUX1,-0.09,-0.05964289999999999,0
42036,56,ABI1,-0.35000000000000003,-0.1197792,0
42037,56,BRCA1,1.6300000000000012,1.2615446,0
42038,56,SH2B3,0.0,0.013560600000000003,0
42039,56,AFF4,0.13999999999999999,0.1041618,0
42040,56,NF2,3.469446951953614e-18,0.060873,0
42041,56,LMNA,0.11000000000000001,0.08628090000000002,0
42042,56,TSC2,0.5200000000000001,0.4341783000000001,0
42043,56,GOLPH3,-0.09000000000000001,-0.05572970000000001,0
42044,56,PCM1,-0.05,-0.0332821,0
42045,56,PPP2R1A,-0.33999999999999997,-0.10099810000000002,0
42046,56,ARID1A,1.820000000000001,1.2950937999999999,0
42047,56,ABL1,0.11000000000000007,0.14838560000000006,0
42048,56,AFF1,0.22,0.18047929999999995,0
42049,56,DAXX,-0.30999999999999994,-0.06291830000000001,0
42050,56,CBFB,0.13999999999999999,0.09868249999999999,0
42051,56,CBLB,0.14,0.1046702,0
42052,56,POLR2A,0.11999999999999998,0.1899971,0
42053,56,PRKACA,0.23999999999999996,0.2201376,0
42054,56,DNM2,-0.12,-0.051764,0
42055,56,RAP1GDS1,-0.04,-0.014428000000000003,0
42056,56,NCOR1,0.8900000000000002,0.7365756999999999,0
42057,56,NFKBIE,-0.21000000000000002,-0.0793322,0
42058,56,DDX3X,0.07,0.08645080000000001,0
42059,56,ELK4,0.02,0.014569,0
42060,56,MLLT6,0.12000000000000001,0.0931944,0
42061,56,SRSF2,-1.0000000000000002,-0.29490590000000005,0
42062,56,CTNNA1,0.12,0.0855345,0
42063,56,RBM10,0.22,0.15287140000000002,0
42064,56,PTPRC,0.13,0.1180519,0
42065,56,HSP90AA1,1.0700000000000005,0.7032800999999999,0
42066,57,NSD1,0.32,0.2840602,1
42067,57,DICER1,0.20999999999999996,0.27451130000000007,1
42068,57,BIRC6,0.16,0.14746949999999998,1
42069,57,SDHC,0.43,0.32335679999999994,1
42070,57,TFG,0.24000000000000005,0.1508701,1
42071,57,MAP2K2,0.22,0.16200420000000001,1
42072,57,TFRC,-0.28,-0.111757,1
42073,57,CREB1,0.9000000000000005,0.7640299000000002,1
42074,57,POLG,-0.02,-0.0054018,1
42075,57,SETD2,0.6400000000000003,0.6047491999999999,1
42076,57,NAB2,-0.52,-0.1468872,1
42077,57,HIF1A,1.5200000000000007,1.1937752000000004,1
42078,57,FLCN,-0.05999999999999999,0.020470099999999998,1
42079,57,MAP2K4,0.03,0.10480980000000001,1
42080,57,CNOT3,0.06999999999999999,0.0626623,1
42081,57,CIITA,0.07,0.0439624,1
42082,57,LSM14A,0.16,0.1337901,1
42083,57,AKAP9,-0.07,0.0013855000000000048,1
42084,57,MSN,-0.38999999999999996,-0.12032140000000002,1
42085,57,BCR,-0.04999999999999999,0.051112500000000005,1
42086,57,TRRAP,-0.039999999999999994,0.21618439999999994,1
42087,57,PPP6C,-0.16,-0.0646203,1
42088,57,NCOA4,-0.1,-0.023816100000000007,1
42089,57,BCL9,0.2,0.1609708,1
42090,57,PRCC,0.04999999999999999,0.0484942,1
42091,57,LARP4B,0.04,0.0314756,1
42092,57,CHD2,0.02,0.0180052,1
42093,57,ASXL1,0.3500000000000001,0.38888069999999997,1
42094,57,SMARCA4,1.9300000000000013,1.5242177000000003,1
42095,57,ERC1,-0.019999999999999997,-0.0152966,1
42096,57,DCTN1,-0.07,-0.0036462000000000022,1
42097,57,PIK3R1,1.2400000000000007,1.0238142,1
42098,57,EED,0.2,0.1323953,1
42099,57,CNBP,0.02,0.0122766,1
42100,57,SGK1,0.5,0.3515613,1
42101,57,MLLT10,-0.24999999999999997,-0.1519541,1
42102,57,BRD4,0.8600000000000003,0.8171465,1
42103,57,RANBP2,0.30999999999999994,0.3021019,1
42104,57,FBXO11,0.08,0.06688250000000001,1
42105,57,PML,0.32999999999999996,0.2266213,1
42106,57,AKT2,1.1500000000000004,0.8427267000000002,1
42107,57,CEP89,0.07,0.0451462,1
42108,57,LZTR1,0.05,0.0975023,1
42109,57,YWHAE,0.22999999999999998,0.1497564,1
42110,57,DNAJB1,-0.1,-0.024537299999999998,1
42111,57,PRDM2,0.07,0.0591805,1
42112,57,TPM4,0.49000000000000005,0.3433205,1
42113,57,CREBBP,2.0200000000000014,1.6771197,1
42114,57,PMS2,0.7600000000000002,0.6760803,1
42115,57,DDR2,3.469446951953614e-18,-0.0011328000000000032,1
42116,57,FANCA,0.35000000000000003,0.3131128000000001,1
42117,57,PDE4DIP,0.07,0.0531142,1
42118,57,USP8,-0.060000000000000005,-0.026772900000000002,1
42119,57,MYH9,-0.44000000000000006,-0.1282425,1
42120,57,MYC,-1.5300000000000005,-0.34180260000000007,1
42121,57,NBN,0.6100000000000001,0.5127867,1
42122,57,CCND3,-0.06000000000000001,0.010340700000000001,1
42123,57,TRIP11,-0.09,-0.0666767,1
42124,57,CNTRL,-0.060000000000000005,-0.0472949,1
42125,57,PIK3CA,1.300000000000001,1.1422840999999997,1
42126,57,DDX5,0.36999999999999994,0.34430789999999994,1
42127,57,PICALM,0.010000000000000002,0.011471800000000008,1
42128,57,RARA,-0.04000000000000001,0.0681656,1
42129,57,DDX6,-0.029999999999999978,0.0920466,1
42130,57,COL1A1,0.21000000000000002,0.18124760000000004,1
42131,57,VHL,0.33000000000000007,0.25090840000000003,1
42132,57,MAPK1,1.620000000000001,1.1858416,1
42133,57,SRC,0.19,0.3541473000000002,1
42134,57,NFE2L2,0.32000000000000006,0.24035189999999998,1
42135,57,MITF,-0.29000000000000004,-0.08205290000000001,1
42136,57,SMAD3,1.1600000000000008,1.1384496999999998,1
42137,57,RBM15,0.10999999999999999,0.0950181,1
42138,57,ATR,0.7900000000000003,0.6761291,1
42139,57,EPAS1,0.31999999999999995,0.34526470000000004,1
42140,57,TPM3,0.15000000000000002,0.10993570000000003,1
42141,57,RPL10,0.1,0.1216551,1
42142,57,STAG1,0.15000000000000002,0.16031170000000003,1
42143,57,SBDS,-0.02,-0.0079044,1
42144,57,KMT2D,1.0400000000000003,0.8585862,1
42145,57,MED12,0.38000000000000006,0.3247227000000001,1
42146,57,BCLAF1,-0.020000000000000004,0.0359249,1
42147,57,ASPSCR1,-6.938893903907228e-18,0.010191200000000004,1
42148,57,CDK12,0.5700000000000001,0.4720094000000001,1
42149,57,EWSR1,0.26,0.303384,1
42150,57,NDRG1,-0.11,-0.040684700000000004,1
42151,57,PSIP1,0.049999999999999996,0.05888860000000001,1
42152,57,TRIM33,0.13,0.1148366,1
42153,57,MTOR,1.1500000000000006,0.9415868000000001,1
42154,57,ARHGAP35,0.14,0.1434968,1
42155,57,POT1,0.02,0.021881400000000002,1
42156,57,EXT1,0.11,0.0842677,1
42157,57,IL6ST,0.34,0.2916237,1
42158,57,IDH2,-0.10999999999999999,-0.018033199999999985,1
42159,57,SMARCE1,0.35000000000000003,0.2514144,1
42160,57,CRTC3,0.09,0.07366770000000002,1
42161,57,TSC1,0.29,0.30459339999999996,1
42162,57,BCOR,-0.09000000000000001,0.037156999999999996,1
42163,57,SDHA,0.24000000000000002,0.19993620000000004,1
42164,57,EP300,2.3200000000000003,1.9814748000000002,1
42165,57,HNRNPA2B1,0.5000000000000001,0.349698,1
42166,57,CLIP1,-0.09999999999999999,-0.0603287,1
42167,57,PATZ1,-0.51,-0.1419182,1
42168,57,FUBP1,-0.09000000000000001,0.012761400000000003,1
42169,57,HLA-A,-0.19,-0.011048300000000004,1
42170,57,CCNC,-0.17999999999999997,-0.07997830000000002,1
42171,57,RPN1,-0.21,-0.0768356,1
42172,57,TCF7L2,0.08999999999999998,0.13393579999999997,1
42173,57,CANT1,-0.03,0.004687400000000001,1
42174,57,RPL5,-0.52,-0.1319788,1
42175,57,CCDC6,0.08,0.09661249999999999,1
42176,57,NCKIPSD,-0.049999999999999996,-0.012731600000000001,1
42177,57,SMARCD1,0.5,0.40027359999999995,1
42178,57,BCL10,0.04000000000000001,0.07785530000000002,1
42179,57,MAX,0.03999999999999999,0.0898421,1
42180,57,HERPUD1,-0.05,-0.012299000000000001,1
42181,57,RAC1,0.14999999999999997,0.191549,1
42182,57,FLNA,0.13999999999999999,0.110561,1
42183,57,TFE3,-0.8700000000000001,-0.29771660000000005,1
42184,57,NCOR2,0.6200000000000001,0.5342650000000001,1
42185,57,PRPF40B,0.049999999999999996,0.0357429,1
42186,57,BCL3,-0.07999999999999999,-0.006527399999999996,1
42187,57,TFPT,-0.41,-0.1105432,1
42188,57,MLH1,0.8800000000000001,0.7940311999999999,1
42189,57,ARHGAP5,0.09999999999999999,0.1030397,1
42190,57,CIC,0.0,0.0,1
42191,57,LYN,0.79,0.6074442,1
42192,57,TCF12,0.36000000000000004,0.30223220000000006,1
42193,57,KLF6,0.05,0.036155599999999996,1
42194,57,KMT2C,0.9400000000000002,0.8323755000000002,1
42195,57,PIM1,-0.16999999999999998,-0.03548689999999999,1
42196,57,CCND1,0.9900000000000004,0.6557510999999999,1
42197,57,MLLT1,-1.54,-0.3683044999999999,1
42198,57,MEN1,-0.2,-0.07042490000000001,1
42199,57,CUL3,0.12999999999999998,0.16303600000000004,1
42200,57,RB1,0.7,0.6050726000000001,1
42201,57,LPP,-0.13999999999999999,-0.029451099999999997,1
42202,57,BUB1B,-0.2,-0.07066019999999999,1
42203,57,SMAD4,1.530000000000001,1.2632801000000002,1
42204,57,FGFR1,0.22999999999999998,0.22891489999999998,1
42205,57,TMSB4X,0.04,0.030390000000000004,1
42206,57,CDK4,1.1300000000000006,0.7966844,1
42207,57,MSI2,0.01,0.008083700000000001,1
42208,57,MSH6,1.0500000000000005,0.9349062,1
42209,57,BRAF,1.2000000000000004,1.0979634,1
42210,57,TCEA1,-0.13,-0.014235100000000014,1
42211,57,TNFAIP3,0.15,0.13160480000000002,1
42212,57,RABEP1,0.010000000000000002,0.0078669,1
42213,57,GMPS,-0.09,-0.046459399999999984,1
42214,57,MDM2,1.1000000000000005,0.8834864,1
42215,57,NSD2,0.24999999999999997,0.20320240000000003,1
42216,57,CASP8,-0.13,0.10937920000000001,1
42217,57,PER1,-0.17,-0.06331020000000001,1
42218,57,UBR5,0.04,0.058641799999999994,1
42219,57,EIF3E,0.049999999999999996,0.07604409999999999,1
42220,57,RFWD3,0.04,0.038261500000000004,1
42221,57,BRD3,0.13,0.0996948,1
42222,57,PAFAH1B2,0.03,0.027148199999999997,1
42223,57,EXT2,0.020000000000000004,0.020864500000000008,1
42224,57,PLCG1,0.49000000000000005,0.4138082,1
42225,57,SF3B1,-0.56,-0.25149160000000004,1
42226,57,ARHGEF10L,0.03,0.0161976,1
42227,57,NFATC2,0.25,0.18501019999999999,1
42228,57,SDHD,0.2700000000000001,0.1977568,1
42229,57,PABPC1,-1.2,-0.3253813,1
42230,57,POLD1,-0.30999999999999994,-0.07481000000000002,1
42231,57,CALR,0.06,0.0669544,1
42232,57,PIK3CB,0.6400000000000001,0.5560869,1
42233,57,PPM1D,0.30000000000000004,0.2380595,1
42234,57,ATRX,0.9000000000000006,0.8238382000000002,1
42235,57,DGCR8,0.22,0.17370729999999995,1
42236,57,DDX10,0.16,0.1277609,1
42237,57,DROSHA,0.5800000000000001,0.47803490000000004,1
42238,57,TNFRSF14,-0.17,-0.057696300000000006,1
42239,57,BCL9L,0.13,0.09671679999999999,1
42240,57,QKI,0.04,0.030962500000000004,1
42241,57,BAZ1A,0.01,0.0075665,1
42242,57,CHD4,0.38,0.33020619999999995,1
42243,57,NSD3,0.12,0.1244347,1
42244,57,NT5C2,0.16,0.09289940000000002,1
42245,57,CCNB1IP1,0.15000000000000002,0.0700414,1
42246,57,PCBP1,-1.1600000000000001,-0.2865865,1
42247,57,RALGDS,-0.13000000000000003,0.009605899999999994,1
42248,57,ARHGEF12,-0.020000000000000004,0.0279558,1
42249,57,HSP90AB1,1.0300000000000002,0.7181234,1
42250,57,FOXO3,1.5000000000000009,1.1579392000000002,1
42251,57,HIP1,-0.02,-0.012855000000000002,1
42252,57,CDC73,0.07000000000000002,0.098525,1
42253,57,NIN,0.009999999999999998,0.005526799999999998,1
42254,57,MDM4,0.09,0.1740438,1
42255,57,COL3A1,0.21,0.1726039,1
42256,57,CTNND1,0.16000000000000003,0.1710963,1
42257,57,SPOP,0.07999999999999999,0.0897425,1
42258,57,TMEM127,0.06,0.04755069999999999,1
42259,57,CREB3L2,0.13,0.08042840000000001,1
42260,57,MSH2,1.0100000000000005,0.8900119000000001,1
42261,57,FNBP1,-3.469446951953614e-18,0.018802899999999997,1
42262,57,ATF1,0.17,0.11870040000000003,1
42263,57,EIF1AX,-0.48,-0.1889551,1
42264,57,PMS1,0.5299999999999999,0.4200514,1
42265,57,DEK,0.19,0.15889330000000002,1
42266,57,ERBB2,0.9900000000000004,0.6604292,1
42267,57,AKT1,0.52,0.417817,1
42268,57,CHEK2,0.6400000000000001,0.6417655,1
42269,57,SDHB,0.42000000000000004,0.31544039999999995,1
42270,57,NCOA1,0.44,0.35515460000000004,1
42271,57,CHIC2,0.07,0.047432,1
42272,57,RUNX1,0.04999999999999988,0.5709903000000002,1
42273,57,STAT6,0.36,0.33927260000000004,1
42274,57,FH,-0.04999999999999999,0.003636300000000002,1
42275,57,AKT3,1.0900000000000005,0.8121185000000001,1
42276,57,GNAS,0.35,0.24500499999999997,1
42277,57,CTNNB1,1.4700000000000009,1.0550414,1
42278,57,NONO,0.26,0.2459629,1
42279,57,SMARCB1,1.0200000000000005,0.8257903000000001,1
42280,57,PRKAR1A,0.19999999999999998,0.1914166,1
42281,57,ITGAV,-0.019999999999999997,0.0360923,1
42282,57,SS18,0.45,0.33921700000000005,1
42283,57,MAP2K1,0.9800000000000004,0.6026806,1
42284,57,SIRPA,-0.06999999999999999,-0.020288999999999995,1
42285,57,PPFIBP1,0.39,0.2833948,1
42286,57,RPL22,-0.20000000000000004,0.1047564,1
42287,57,CYLD,0.32,0.258778,1
42288,57,ARID1B,0.8600000000000001,0.6881478999999999,1
42289,57,SETDB1,0.33,0.24322680000000002,1
42290,57,AFDN,-0.43000000000000005,-0.1232811,1
42291,57,ZRSR2,-0.03,-0.01727859999999999,1
42292,57,PBRM1,1.0400000000000005,0.8243782999999999,1
42293,57,XPC,0.5,0.319458,1
42294,57,ASXL2,0.30000000000000004,0.2231607,1
42295,57,TRIM24,-0.13,0.012731700000000006,1
42296,57,SFPQ,-0.44000000000000006,-0.14694979999999996,1
42297,57,NCOA2,0.5800000000000001,0.5021266,1
42298,57,FOXO4,0.39,0.24912150000000002,1
42299,57,LEF1,0.09999999999999995,0.14202900000000002,1
42300,57,B2M,-0.4,-0.16849840000000002,1
42301,57,DDIT3,-0.3,-0.09948910000000001,1
42302,57,BCL6,0.14999999999999994,0.18747799999999995,1
42303,57,KRAS,-0.32999999999999996,0.038117199999999976,1
42304,57,FAT1,0.1,0.07514309999999999,1
42305,57,ABL2,0.07000000000000002,0.0640604,1
42306,57,NF1,1.3100000000000007,1.1023209,1
42307,57,BTG1,-0.06,-0.025766999999999998,1
42308,57,EIF4A2,0.05,0.026641400000000003,1
42309,57,SET,0.19,0.1557529,1
42310,57,EPS15,0.09,0.0782622,1
42311,57,RNF213,0.05,0.0440744,1
42312,57,CTCF,1.0500000000000005,0.7351069000000001,1
42313,57,WDCP,0.22,0.1345929,1
42314,57,KAT7,0.18,0.1543216,1
42315,57,KDM5C,0.18000000000000002,0.1787996,1
42316,57,TGFBR2,0.14999999999999997,0.1580624,1
42317,57,ATM,1.1500000000000006,1.1412268999999995,1
42318,57,NUMA1,0.03,0.03351799999999999,1
42319,57,STAT3,0.7300000000000004,0.7565149000000002,1
42320,57,SUB1,-0.07,-0.0331931,1
42321,57,NUP98,0.22,0.23270360000000004,1
42322,57,ELL,0.029999999999999992,0.020600399999999994,1
42323,57,MAP3K1,0.37,0.30898689999999995,1
42324,57,MALT1,0.13999999999999999,0.1622747,1
42325,57,XPO1,0.6000000000000003,0.5167270999999999,1
42326,57,SETD1B,0.27,0.22509309999999996,1
42327,57,ETV6,-0.05000000000000002,0.011184900000000001,1
42328,57,TBL1XR1,0.24,0.1769037,1
42329,57,NUP214,-0.08999999999999998,0.15640620000000005,1
42330,57,TPR,0.12,0.10554069999999999,1
42331,57,ATIC,0.11999999999999998,0.13880859999999998,1
42332,57,NACA,0.22,0.1328534,1
42333,57,MYO5A,0.01,0.008332,1
42334,57,SMC1A,0.33000000000000007,0.4401322000000001,1
42335,57,LASP1,-0.25,-0.12409129999999999,1
42336,57,ERCC5,0.45999999999999996,0.28688030000000003,1
42337,57,JUN,-1.2700000000000002,-0.2917215999999999,1
42338,57,THRAP3,0.06,0.0494467,1
42339,57,STAG2,0.23000000000000004,0.271135,1
42340,57,RAF1,0.8400000000000003,0.6547459,1
42341,57,ERCC3,0.66,0.5507749999999999,1
42342,57,SMAD2,0.3700000000000002,0.4946845000000002,1
42343,57,TAF15,0.23000000000000004,0.1878998,1
42344,57,ARNT,0.23,0.22166519999999998,1
42345,57,CLTC,-0.6800000000000002,-0.2964659,1
42346,57,IKBKB,0.44000000000000006,0.44978179999999995,1
42347,57,IDH1,-0.5800000000000002,-0.17543439999999993,1
42348,57,SND1,0.02,0.0383552,1
42349,57,KNSTRN,0.02,0.014855,1
42350,57,RHOA,-2.8600000000000008,-0.6837497,1
42351,57,PALB2,0.6300000000000001,0.573729,1
42352,57,ARID2,0.8700000000000001,0.7054838999999999,1
42353,57,EZR,-0.09,-0.012977999999999996,1
42354,57,TP53,-0.13000000000000012,0.38126540000000014,1
42355,57,ARAF,0.35000000000000003,0.2010815,1
42356,57,KIF5B,0.5700000000000001,0.43469129999999995,1
42357,57,KAT6A,0.17,0.2190493,1
42358,57,KTN1,-0.09999999999999999,-0.007538400000000001,1
42359,57,GOLGA5,-0.07,-0.0471318,1
42360,57,KDM5A,0.30000000000000004,0.2880614,1
42361,57,RAD21,0.6000000000000001,0.5050519000000001,1
42362,57,GNAQ,0.30000000000000004,0.2331512,1
42363,57,CAMTA1,0.05,0.0371658,1
42364,57,ERCC2,0.67,0.5327451,1
42365,57,EZH2,1.5500000000000012,1.2581009,1
42366,57,TOP1,0.24000000000000005,0.20006970000000004,1
42367,57,SRSF3,-0.21,-0.030736099999999995,1
42368,57,NPM1,0.2,0.21418929999999997,1
42369,57,BAX,-0.65,-0.1593579,1
42370,57,NOTCH2,0.29000000000000004,0.24669970000000002,1
42371,57,TRAF7,0.02,0.014523,1
42372,57,KDM6A,0.8100000000000004,0.8696095,1
42373,57,SPEN,0.13999999999999999,0.11460200000000001,1
42374,57,TRIM27,-0.47000000000000003,-0.15558400000000003,1
42375,57,CRTC1,0.14,0.1096117,1
42376,57,EML4,0.2800000000000001,0.3232341,1
42377,57,USP9X,0.04000000000000001,0.029325900000000002,1
42378,57,PTPRK,0.0,0.0,1
42379,57,CD74,-0.11,0.015017099999999992,1
42380,57,CBL,0.6000000000000001,0.5358716,1
42381,57,ZNF384,0.03,0.0229111,1
42382,57,NOTCH1,1.1300000000000006,0.8327119999999999,1
42383,57,COX6C,-0.15999999999999998,-0.0425065,1
42384,57,CHCHD7,0.03,0.019569299999999998,1
42385,57,HMGA1,-0.03,-0.011824399999999995,1
42386,57,PTEN,1.2300000000000009,1.1957833000000002,1
42387,57,FIP1L1,-0.039999999999999994,-0.017248500000000003,1
42388,57,JAK1,0.8600000000000003,0.7338293,1
42389,57,ZMYM2,0.02,0.016382099999999997,1
42390,57,SUZ12,0.8800000000000003,0.6761598000000001,1
42391,57,FUS,-0.57,-0.027064799999999993,1
42392,57,BAP1,-0.33,-0.14289269999999998,1
42393,57,ZCCHC8,-0.06,-0.019691399999999998,1
42394,57,CRNKL1,0.04,0.032424400000000006,1
42395,57,RAD17,0.19999999999999998,0.15022449999999998,1
42396,57,ATP1A1,0.02,0.0117616,1
42397,57,DNMT3A,1.0200000000000007,0.8566919000000002,1
42398,57,FBXW7,0.9500000000000002,0.8184197,1
42399,57,WWTR1,-0.06999999999999999,-0.0181228,1
42400,57,CDKN1B,0.38000000000000006,0.3106514000000001,1
42401,57,KMT2A,0.24999999999999997,0.3121447000000001,1
42402,57,PTPN11,1.1900000000000008,0.992283,1
42403,57,STAT5B,0.6800000000000003,0.5770014000000001,1
42404,57,CUX1,-0.07,-0.0460282,1
42405,57,ABI1,-0.24,-0.0617955,1
42406,57,BRCA1,1.5600000000000012,1.3394332999999992,1
42407,57,SH2B3,0.09,0.058108599999999996,1
42408,57,AFF4,-0.15999999999999998,-0.08767800000000003,1
42409,57,NF2,0.16000000000000003,0.1569632,1
42410,57,LMNA,0.04000000000000001,0.0397416,1
42411,57,TSC2,0.8200000000000004,0.6751077999999999,1
42412,57,GOLPH3,-0.049999999999999996,-0.036300099999999995,1
42413,57,PCM1,-0.039999999999999994,-0.03295529999999999,1
42414,57,PPP2R1A,-0.27,-0.059784399999999994,1
42415,57,ARID1A,1.7800000000000011,1.4590286000000001,1
42416,57,ABL1,-0.06999999999999994,0.10876920000000001,1
42417,57,AFF1,0.060000000000000005,0.07541679999999999,1
42418,57,DAXX,-0.57,-0.16093280000000001,1
42419,57,CBFB,0.07,0.12346699999999998,1
42420,57,CBLB,0.17,0.1494399,1
42421,57,POLR2A,-0.37,0.060692100000000006,1
42422,57,PRKACA,0.24000000000000007,0.271928,1
42423,57,DNM2,-0.12000000000000002,-0.0483327,1
42424,57,RAP1GDS1,0.020000000000000018,0.057635399999999976,1
42425,57,NCOR1,0.9900000000000002,0.9435759000000001,1
42426,57,NFKBIE,-0.4,-0.11587910000000001,1
42427,57,DDX3X,0.27,0.25099219999999994,1
42428,57,ELK4,0.03,0.0254544,1
42429,57,MLLT6,0.029999999999999995,0.0354088,1
42430,57,SRSF2,-3.0200000000000005,-0.7063700999999999,1
42431,57,CTNNA1,0.17,0.13234980000000002,1
42432,57,RBM10,0.18000000000000002,0.13534670000000001,1
42433,57,PTPRC,-0.05,0.0732966,1
42434,57,HSP90AA1,0.7500000000000002,0.5401871,1
42435,57,NSD1,0.28,0.23463070000000003,0
42436,57,DICER1,0.23,0.2289205,0
42437,57,BIRC6,0.06999999999999999,0.055547400000000004,0
42438,57,SDHC,0.30999999999999994,0.2187518,0
42439,57,TFG,0.35000000000000003,0.19802360000000005,0
42440,57,MAP2K2,0.29000000000000004,0.23029650000000002,0
42441,57,TFRC,-0.22,-0.10081580000000002,0
42442,57,CREB1,0.8000000000000005,0.5821800000000001,0
42443,57,POLG,0.02,0.007992200000000001,0
42444,57,SETD2,0.6600000000000004,0.5625601000000001,0
42445,57,NAB2,-0.29000000000000004,-0.10867550000000001,0
42446,57,HIF1A,1.600000000000001,1.1392420000000003,0
42447,57,FLCN,0.04,0.03579299999999999,0
42448,57,MAP2K4,0.010000000000000009,0.0831934,0
42449,57,CNOT3,-0.030000000000000002,-0.005708700000000004,0
42450,57,CIITA,0.09000000000000001,0.057050699999999996,0
42451,57,LSM14A,0.07,0.0633278,0
42452,57,AKAP9,-0.05,-0.011038100000000002,0
42453,57,MSN,-0.25,-0.04289949999999999,0
42454,57,BCR,0.07999999999999999,0.06259529999999999,0
42455,57,TRRAP,-0.019999999999999973,0.0889386,0
42456,57,PPP6C,-0.15000000000000002,-0.078401,0
42457,57,NCOA4,-0.18,-0.10115,0
42458,57,BCL9,0.10999999999999999,0.0906172,0
42459,57,PRCC,0.020000000000000007,0.019178100000000003,0
42460,57,LARP4B,-0.01,-0.0051081,0
42461,57,CHD2,0.02,0.0162496,0
42462,57,ASXL1,0.5099999999999999,0.45996450000000005,0
42463,57,SMARCA4,1.1800000000000006,0.8935645000000002,0
42464,57,ERC1,-0.02,-0.0148692,0
42465,57,DCTN1,-0.30999999999999994,-0.1486084,0
42466,57,PIK3R1,1.3200000000000007,0.9346825000000004,0
42467,57,EED,-0.05999999999999999,0.017249999999999988,0
42468,57,CNBP,0.01,0.0051955,0
42469,57,SGK1,0.29,0.17260099999999998,0
42470,57,MLLT10,-0.12999999999999998,-0.04862009999999999,0
42471,57,BRD4,1.0500000000000003,0.8005371,0
42472,57,RANBP2,0.13000000000000006,0.20266079999999997,0
42473,57,FBXO11,0.05,0.040601,0
42474,57,PML,0.38,0.2708549,0
42475,57,AKT2,0.79,0.5405314000000001,0
42476,57,CEP89,0.06,0.0353394,0
42477,57,LZTR1,-0.020000000000000007,0.040612800000000004,0
42478,57,YWHAE,0.24999999999999997,0.15675270000000002,0
42479,57,DNAJB1,-0.020000000000000004,0.007638200000000001,0
42480,57,PRDM2,0.02,0.015141000000000002,0
42481,57,TPM4,0.48000000000000004,0.3172556,0
42482,57,CREBBP,1.790000000000001,1.4438574000000002,0
42483,57,PMS2,0.6700000000000002,0.6015860000000001,0
42484,57,DDR2,0.04,0.0277824,0
42485,57,FANCA,0.36,0.2834772,0
42486,57,PDE4DIP,0.060000000000000005,0.041810599999999996,0
42487,57,USP8,-0.09,-0.046116,0
42488,57,MYH9,-0.17,-0.003750400000000008,0
42489,57,MYC,-1.5000000000000004,-0.5593896,0
42490,57,NBN,0.49,0.3653288,0
42491,57,CCND3,-0.04000000000000001,0.0254639,0
42492,57,TRIP11,-0.12,-0.0752829,0
42493,57,CNTRL,-0.07,-0.0494955,0
42494,57,PIK3CA,1.530000000000001,1.0667446999999999,0
42495,57,DDX5,0.3400000000000001,0.3030733,0
42496,57,PICALM,0.0,0.004706700000000001,0
42497,57,RARA,0.5800000000000002,0.40210089999999993,0
42498,57,DDX6,-0.029999999999999995,0.055021599999999976,0
42499,57,COL1A1,0.10999999999999999,0.1175552,0
42500,57,VHL,0.19999999999999998,0.13855779999999998,0
42501,57,MAPK1,1.6200000000000008,1.0513795,0
42502,57,SRC,-0.27999999999999997,0.09718530000000003,0
42503,57,NFE2L2,0.23,0.153698,0
42504,57,MITF,-0.22000000000000003,-0.062027600000000016,0
42505,57,SMAD3,1.270000000000001,0.9428504000000002,0
42506,57,RBM15,0.08,0.0638764,0
42507,57,ATR,0.6800000000000003,0.5720991,0
42508,57,EPAS1,0.38000000000000006,0.3373451999999999,0
42509,57,TPM3,0.28,0.20694650000000003,0
42510,57,RPL10,0.15000000000000002,0.1332959,0
42511,57,STAG1,0.09,0.11807340000000002,0
42512,57,SBDS,-0.07,-0.0257982,0
42513,57,KMT2D,0.9100000000000004,0.6576316000000001,0
42514,57,MED12,0.27999999999999997,0.21925710000000004,0
42515,57,BCLAF1,-0.009999999999999993,0.02575880000000001,0
42516,57,ASPSCR1,0.010000000000000004,0.01011390000000001,0
42517,57,CDK12,0.28,0.2000644,0
42518,57,EWSR1,0.4399999999999999,0.36290330000000004,0
42519,57,NDRG1,-0.06,-0.0231765,0
42520,57,PSIP1,-0.16,-0.07657240000000001,0
42521,57,TRIM33,-0.009999999999999993,0.0030085999999999993,0
42522,57,MTOR,1.2100000000000006,0.8641345,0
42523,57,ARHGAP35,0.12,0.1417684,0
42524,57,POT1,-0.05999999999999999,-0.005484599999999999,0
42525,57,EXT1,0.11,0.0757163,0
42526,57,IL6ST,0.28,0.2093451,0
42527,57,IDH2,0.020000000000000004,0.0620599,0
42528,57,SMARCE1,0.48000000000000004,0.3116513,0
42529,57,CRTC3,0.09,0.0632594,0
42530,57,TSC1,0.35000000000000003,0.2900407,0
42531,57,BCOR,-0.12999999999999998,-0.010398600000000001,0
42532,57,SDHA,0.20999999999999996,0.1384274,0
42533,57,EP300,1.5900000000000012,1.2188137999999997,0
42534,57,HNRNPA2B1,0.38999999999999996,0.3163454,0
42535,57,CLIP1,-0.11,-0.0631254,0
42536,57,PATZ1,-0.4,-0.1191853,0
42537,57,FUBP1,-0.11999999999999998,0.004011099999999992,0
42538,57,HLA-A,-0.15000000000000002,0.009092499999999996,0
42539,57,CCNC,-0.08999999999999998,-0.0361795,0
42540,57,RPN1,-0.25,-0.07081080000000001,0
42541,57,TCF7L2,0.02999999999999997,0.05294499999999999,0
42542,57,CANT1,0.11000000000000001,0.07032890000000001,0
42543,57,RPL5,-0.6799999999999999,-0.18803930000000002,0
42544,57,CCDC6,-0.01999999999999999,0.0290107,0
42545,57,NCKIPSD,0.03,0.0177375,0
42546,57,SMARCD1,0.48,0.33579030000000004,0
42547,57,BCL10,2.0816681711721685e-17,0.028864600000000004,0
42548,57,MAX,-0.01,0.002067999999999998,0
42549,57,HERPUD1,0.03,0.0135801,0
42550,57,RAC1,-0.030000000000000016,0.0834107,0
42551,57,FLNA,0.06999999999999999,0.0922766,0
42552,57,TFE3,-0.31,-0.1475265,0
42553,57,NCOR2,0.7300000000000002,0.5511285000000001,0
42554,57,PRPF40B,-0.02,-0.011619400000000002,0
42555,57,BCL3,-0.07000000000000002,-0.015876300000000003,0
42556,57,TFPT,-0.27,-0.095661,0
42557,57,MLH1,0.9200000000000002,0.7363208,0
42558,57,ARHGAP5,0.14,0.1116162,0
42559,57,CIC,0.0,0.0,0
42560,57,LYN,0.8500000000000003,0.5788846,0
42561,57,TCF12,0.24000000000000002,0.18318849999999998,0
42562,57,KLF6,0.04,0.022800800000000003,0
42563,57,KMT2C,1.0400000000000003,0.8074434,0
42564,57,PIM1,-0.16,-0.05379290000000002,0
42565,57,CCND1,1.2000000000000006,0.7502128999999997,0
42566,57,MLLT1,-0.8600000000000001,-0.2718029999999999,0
42567,57,MEN1,0.1,0.09640530000000001,0
42568,57,CUL3,0.12,0.10812089999999999,0
42569,57,RB1,0.65,0.47221899999999994,0
42570,57,LPP,-0.05,-0.020002700000000005,0
42571,57,BUB1B,-0.15000000000000002,-0.0777786,0
42572,57,SMAD4,1.3500000000000008,1.0117951999999995,0
42573,57,FGFR1,0.19,0.1498724,0
42574,57,TMSB4X,0.04,0.0324932,0
42575,57,CDK4,0.6400000000000001,0.45221519999999993,0
42576,57,MSI2,0.01,0.0070697,0
42577,57,MSH6,0.7800000000000002,0.6148909000000001,0
42578,57,BRAF,0.9000000000000004,0.80435,0
42579,57,TCEA1,-0.05,0.004469899999999995,0
42580,57,TNFAIP3,0.12000000000000002,0.10971240000000002,0
42581,57,RABEP1,0.010000000000000002,0.006416199999999997,0
42582,57,GMPS,-0.07,-0.0400522,0
42583,57,MDM2,1.1600000000000006,0.7594558999999999,0
42584,57,NSD2,0.16,0.11036689999999999,0
42585,57,CASP8,-6.938893903907228e-18,0.1642677,0
42586,57,PER1,-0.25,-0.050933900000000004,0
42587,57,UBR5,-0.06999999999999998,-0.026933700000000005,0
42588,57,EIF3E,-0.09999999999999995,0.04398860000000002,0
42589,57,RFWD3,0.020000000000000004,0.026250800000000008,0
42590,57,BRD3,0.10999999999999999,0.10159390000000001,0
42591,57,PAFAH1B2,0.02,0.0164078,0
42592,57,EXT2,0.009999999999999995,0.013084299999999993,0
42593,57,PLCG1,0.6100000000000001,0.41726280000000004,0
42594,57,SF3B1,-0.28,-0.10405140000000002,0
42595,57,ARHGEF10L,0.03,0.0183225,0
42596,57,NFATC2,0.19,0.1353636,0
42597,57,SDHD,0.22,0.13383170000000003,0
42598,57,PABPC1,-0.7500000000000001,-0.19950430000000002,0
42599,57,POLD1,-0.13999999999999996,-0.020748899999999987,0
42600,57,CALR,0.020000000000000007,0.031898399999999986,0
42601,57,PIK3CB,0.5499999999999999,0.4300095,0
42602,57,PPM1D,0.15000000000000002,0.11323299999999999,0
42603,57,ATRX,0.9500000000000005,0.7518322999999999,0
42604,57,DGCR8,0.13999999999999999,0.0891904,0
42605,57,DDX10,0.12,0.07755190000000001,0
42606,57,DROSHA,0.3700000000000001,0.2629256,0
42607,57,TNFRSF14,-0.12,-0.0473893,0
42608,57,BCL9L,0.13,0.08753,0
42609,57,QKI,-0.11,-0.0662738,0
42610,57,BAZ1A,0.01,0.0067797,0
42611,57,CHD4,0.26,0.22207020000000002,0
42612,57,NSD3,0.039999999999999994,0.054214399999999996,0
42613,57,NT5C2,0.18000000000000002,0.10904980000000002,0
42614,57,CCNB1IP1,0.08,0.0325396,0
42615,57,PCBP1,-0.72,-0.2451704,0
42616,57,RALGDS,0.15,0.10636210000000001,0
42617,57,ARHGEF12,3.469446951953614e-18,0.0078679,0
42618,57,HSP90AB1,1.1200000000000003,0.7469709000000001,0
42619,57,FOXO3,1.2200000000000006,0.8161630999999999,0
42620,57,HIP1,0.0,0.0,0
42621,57,CDC73,-0.09,0.0019414000000000011,0
42622,57,NIN,0.019999999999999997,0.015014399999999999,0
42623,57,MDM4,0.14,0.1552075,0
42624,57,COL3A1,0.15,0.1354904,0
42625,57,CTNND1,0.14,0.1335259,0
42626,57,SPOP,-0.010000000000000005,0.02691889999999999,0
42627,57,TMEM127,0.13,0.09248880000000001,0
42628,57,CREB3L2,0.17,0.1090224,0
42629,57,MSH2,0.9000000000000004,0.6758484000000001,0
42630,57,FNBP1,-0.019999999999999997,-0.0093872,0
42631,57,ATF1,0.019999999999999993,0.015524299999999998,0
42632,57,EIF1AX,-0.4900000000000001,-0.2184266,0
42633,57,PMS1,0.5399999999999999,0.4103869,0
42634,57,DEK,0.09,0.09387800000000002,0
42635,57,ERBB2,1.1000000000000005,0.7010157000000001,0
42636,57,AKT1,1.1600000000000006,0.730839,0
42637,57,CHEK2,0.27,0.36074619999999996,0
42638,57,SDHB,0.41000000000000003,0.2663076,0
42639,57,NCOA1,0.37,0.258619,0
42640,57,CHIC2,0.060000000000000005,0.035478,0
42641,57,RUNX1,0.40000000000000024,0.6634937999999999,0
42642,57,STAT6,0.22000000000000003,0.1634807,0
42643,57,FH,-0.2,-0.07238649999999999,0
42644,57,AKT3,1.0100000000000005,0.6484776999999999,0
42645,57,GNAS,0.21000000000000002,0.14871780000000004,0
42646,57,CTNNB1,1.1800000000000004,0.7877673000000003,0
42647,57,NONO,0.09,0.0686361,0
42648,57,SMARCB1,0.9200000000000004,0.6785685,0
42649,57,PRKAR1A,0.1,0.0948857,0
42650,57,ITGAV,0.020000000000000007,0.028888800000000006,0
42651,57,SS18,0.39999999999999997,0.26150710000000005,0
42652,57,MAP2K1,1.1000000000000005,0.7038435000000001,0
42653,57,SIRPA,0.02,0.0116867,0
42654,57,PPFIBP1,0.38,0.25303180000000003,0
42655,57,RPL22,-0.32999999999999996,0.0846261,0
42656,57,CYLD,0.29000000000000004,0.22628130000000002,0
42657,57,ARID1B,0.6499999999999999,0.47494939999999997,0
42658,57,SETDB1,0.33,0.2316439,0
42659,57,AFDN,-0.38,-0.15583599999999997,0
42660,57,ZRSR2,0.27999999999999997,0.20111280000000006,0
42661,57,PBRM1,0.9300000000000004,0.6723167999999999,0
42662,57,XPC,0.6400000000000001,0.43712220000000007,0
42663,57,ASXL2,0.22999999999999998,0.15584130000000002,0
42664,57,TRIM24,-0.23000000000000004,-0.10502379999999999,0
42665,57,SFPQ,-0.010000000000000009,0.056407199999999984,0
42666,57,NCOA2,0.53,0.3728378,0
42667,57,FOXO4,0.27,0.1924082,0
42668,57,LEF1,0.12000000000000001,0.09784040000000002,0
42669,57,B2M,-0.67,-0.2319482,0
42670,57,DDIT3,-0.38,-0.10609120000000001,0
42671,57,BCL6,0.6300000000000001,0.44265400000000005,0
42672,57,KRAS,-1.9300000000000006,-0.5261424999999998,0
42673,57,FAT1,0.06000000000000001,0.0537987,0
42674,57,ABL2,0.039999999999999994,0.03498779999999999,0
42675,57,NF1,0.7800000000000002,0.6322228,0
42676,57,BTG1,-0.01,-0.0058082,0
42677,57,EIF4A2,0.12000000000000001,0.09533150000000001,0
42678,57,SET,0.17,0.1429544,0
42679,57,EPS15,0.009999999999999998,0.020269999999999996,0
42680,57,RNF213,0.03,0.0259812,0
42681,57,CTCF,0.8400000000000003,0.6018683,0
42682,57,WDCP,0.12000000000000002,0.08919920000000002,0
42683,57,KAT7,0.09,0.06980040000000001,0
42684,57,KDM5C,0.16,0.1526167,0
42685,57,TGFBR2,0.19,0.14822939999999996,0
42686,57,ATM,1.3800000000000008,1.0634263999999995,0
42687,57,NUMA1,-0.03,-0.0025912000000000053,0
42688,57,STAT3,1.590000000000001,1.2128649,0
42689,57,SUB1,-0.26,-0.0920311,0
42690,57,NUP98,0.11,0.13295700000000002,0
42691,57,ELL,0.07000000000000002,0.050325100000000005,0
42692,57,MAP3K1,0.5,0.3528726000000001,0
42693,57,MALT1,0.15000000000000002,0.13871239999999999,0
42694,57,XPO1,0.25,0.21112679999999998,0
42695,57,SETD1B,0.09999999999999999,0.06854559999999998,0
42696,57,ETV6,-0.25999999999999995,-0.1062699,0
42697,57,TBL1XR1,0.2,0.13269910000000001,0
42698,57,NUP214,0.03000000000000001,0.1031285,0
42699,57,TPR,0.07,0.07659170000000001,0
42700,57,ATIC,0.010000000000000005,0.023760099999999992,0
42701,57,NACA,0.24,0.1673917,0
42702,57,MYO5A,0.010000000000000002,0.011615800000000003,0
42703,57,SMC1A,0.6300000000000001,0.5161236000000001,0
42704,57,LASP1,-0.2,-0.1207802,0
42705,57,ERCC5,0.48,0.3079338000000001,0
42706,57,JUN,0.5300000000000002,0.4031785,0
42707,57,THRAP3,0.05,0.04379989999999999,0
42708,57,STAG2,0.51,0.37076630000000005,0
42709,57,RAF1,1.1600000000000004,0.8051846000000003,0
42710,57,ERCC3,0.5599999999999999,0.47083140000000007,0
42711,57,SMAD2,0.4900000000000002,0.45627160000000005,0
42712,57,TAF15,0.16000000000000003,0.1431537,0
42713,57,ARNT,0.32999999999999996,0.2557084,0
42714,57,CLTC,-0.52,-0.2824398,0
42715,57,IKBKB,0.5300000000000002,0.4292327,0
42716,57,IDH1,-0.45,-0.12409590000000001,0
42717,57,SND1,0.01,0.0090241,0
42718,57,KNSTRN,0.03,0.0249669,0
42719,57,RHOA,-1.02,-0.28956600000000005,0
42720,57,PALB2,0.68,0.5454997,0
42721,57,ARID2,0.7300000000000002,0.5320754999999999,0
42722,57,EZR,-0.08,0.003325100000000001,0
42723,57,TP53,-1.21,-0.2514616,0
42724,57,ARAF,0.41000000000000003,0.24000400000000005,0
42725,57,KIF5B,0.37999999999999995,0.2679901999999999,0
42726,57,KAT6A,0.23,0.19447630000000002,0
42727,57,KTN1,-0.07,-0.025118000000000005,0
42728,57,GOLGA5,-0.13,-0.0815322,0
42729,57,KDM5A,0.27,0.2359298,0
42730,57,RAD21,0.5,0.39124900000000007,0
42731,57,GNAQ,0.15,0.10939520000000001,0
42732,57,CAMTA1,0.0,0.0005533999999999999,0
42733,57,ERCC2,0.65,0.45898220000000006,0
42734,57,EZH2,1.9400000000000013,1.2854613,0
42735,57,TOP1,0.19999999999999998,0.16399109999999997,0
42736,57,SRSF3,-0.32000000000000006,-0.10596999999999997,0
42737,57,NPM1,-0.19000000000000006,0.04380490000000002,0
42738,57,BAX,-0.43,-0.14276950000000002,0
42739,57,NOTCH2,0.26,0.2016635,0
42740,57,TRAF7,0.03,0.0226053,0
42741,57,KDM6A,0.8400000000000003,0.7115505000000001,0
42742,57,SPEN,0.09999999999999999,0.0738666,0
42743,57,TRIM27,-0.41,-0.145065,0
42744,57,CRTC1,0.14,0.1034265,0
42745,57,EML4,0.21999999999999997,0.17692799999999995,0
42746,57,USP9X,-0.07999999999999999,-0.0513667,0
42747,57,PTPRK,0.02,0.0143554,0
42748,57,CD74,-0.14999999999999997,-0.009435499999999993,0
42749,57,CBL,0.5900000000000001,0.42167649999999995,0
42750,57,ZNF384,-0.09,-0.042844499999999994,0
42751,57,NOTCH1,1.0500000000000005,0.7950306,0
42752,57,COX6C,-0.11000000000000001,-0.053389500000000006,0
42753,57,CHCHD7,0.03,0.0208392,0
42754,57,HMGA1,-0.15,-0.0647312,0
42755,57,PTEN,1.440000000000001,1.1413479,0
42756,57,FIP1L1,-0.029999999999999992,-0.017377399999999998,0
42757,57,JAK1,0.7300000000000002,0.5811887,0
42758,57,ZMYM2,-0.07,-0.046750200000000006,0
42759,57,SUZ12,0.7200000000000002,0.5124145,0
42760,57,FUS,-4.163336342344337e-17,0.1777373,0
42761,57,BAP1,0.049999999999999996,0.07007769999999998,0
42762,57,ZCCHC8,-0.09,-0.0253422,0
42763,57,CRNKL1,-0.060000000000000005,-0.030930599999999996,0
42764,57,RAD17,0.10000000000000002,0.0748064,0
42765,57,ATP1A1,0.03,0.0183625,0
42766,57,DNMT3A,0.8800000000000003,0.6730337999999998,0
42767,57,FBXW7,0.9400000000000004,0.7166315999999999,0
42768,57,WWTR1,-0.049999999999999996,-0.021176500000000004,0
42769,57,CDKN1B,0.5499999999999999,0.33710979999999996,0
42770,57,KMT2A,0.32999999999999996,0.28839099999999995,0
42771,57,PTPN11,0.8600000000000004,0.6169020000000001,0
42772,57,STAT5B,0.7200000000000002,0.5342005,0
42773,57,CUX1,-0.1,-0.0661153,0
42774,57,ABI1,-0.31,-0.10999110000000001,0
42775,57,BRCA1,1.8400000000000012,1.4090679000000002,0
42776,57,SH2B3,0.05,0.041821000000000004,0
42777,57,AFF4,0.14,0.10159259999999999,0
42778,57,NF2,-0.05,0.040114300000000006,0
42779,57,LMNA,0.05,0.05110110000000001,0
42780,57,TSC2,0.5000000000000001,0.41095819999999994,0
42781,57,GOLPH3,-0.12000000000000001,-0.07098600000000001,0
42782,57,PCM1,-0.07,-0.0443446,0
42783,57,PPP2R1A,-0.36,-0.10371400000000001,0
42784,57,ARID1A,1.680000000000001,1.1778428000000003,0
42785,57,ABL1,0.2900000000000001,0.2472295,0
42786,57,AFF1,0.26999999999999996,0.2040592,0
42787,57,DAXX,-0.27,-0.06364469999999998,0
42788,57,CBFB,0.14,0.10238499999999998,0
42789,57,CBLB,0.13,0.09729399999999999,0
42790,57,POLR2A,-0.07999999999999999,0.0931966,0
42791,57,PRKACA,0.37000000000000005,0.2789482,0
42792,57,DNM2,-0.14,-0.058779000000000005,0
42793,57,RAP1GDS1,-0.040000000000000015,-0.01567850000000001,0
42794,57,NCOR1,0.9100000000000003,0.7617014000000003,0
42795,57,NFKBIE,-0.26,-0.0991098,0
42796,57,DDX3X,0.09000000000000001,0.1085711,0
42797,57,ELK4,0.01,0.007185700000000001,0
42798,57,MLLT6,0.09000000000000001,0.0689077,0
42799,57,SRSF2,-0.9500000000000001,-0.27285080000000006,0
42800,57,CTNNA1,0.1,0.0733355,0
42801,57,RBM10,0.19,0.1371149,0
42802,57,PTPRC,0.060000000000000005,0.08723950000000001,0
42803,57,HSP90AA1,1.2100000000000006,0.8135392000000001,0
42804,58,NSD1,0.32,0.2734289,1
42805,58,DICER1,0.15999999999999995,0.23244290000000004,1
42806,58,BIRC6,0.15000000000000002,0.1288809,1
42807,58,SDHC,0.33,0.27042299999999997,1
42808,58,TFG,0.23,0.1387072,1
42809,58,MAP2K2,0.38999999999999996,0.260278,1
42810,58,TFRC,-0.26,-0.0949442,1
42811,58,CREB1,0.8900000000000006,0.7441668999999999,1
42812,58,POLG,0.0,0.0,1
42813,58,SETD2,0.5900000000000004,0.54497,1
42814,58,NAB2,-0.5599999999999999,-0.147898,1
42815,58,HIF1A,1.630000000000001,1.2506215999999997,1
42816,58,FLCN,-0.09,0.009632799999999993,1
42817,58,MAP2K4,-0.06999999999999999,0.048748700000000006,1
42818,58,CNOT3,0.05999999999999999,0.0528563,1
42819,58,CIITA,0.10999999999999999,0.0722647,1
42820,58,LSM14A,0.15,0.1191556,1
42821,58,AKAP9,-0.08,0.0005665000000000045,1
42822,58,MSN,-0.23000000000000004,-0.054849400000000006,1
42823,58,BCR,-0.04,0.0312767,1
42824,58,TRRAP,0.10999999999999999,0.2111909,1
42825,58,PPP6C,-0.14,-0.0624029,1
42826,58,NCOA4,-0.10000000000000002,-0.02612699999999999,1
42827,58,BCL9,0.19,0.15918659999999998,1
42828,58,PRCC,0.13,0.0999061,1
42829,58,LARP4B,0.03,0.0225261,1
42830,58,CHD2,0.02,0.0174966,1
42831,58,ASXL1,0.41000000000000014,0.4083654,1
42832,58,SMARCA4,2.010000000000001,1.5394826,1
42833,58,ERC1,-0.02,-0.0149304,1
42834,58,DCTN1,-0.06,0.0024568000000000055,1
42835,58,PIK3R1,1.1100000000000005,0.9575034000000002,1
42836,58,EED,0.26,0.1647872,1
42837,58,CNBP,0.01,0.005784,1
42838,58,SGK1,0.47,0.3181679,1
42839,58,MLLT10,-0.12000000000000002,-0.0457116,1
42840,58,BRD4,1.1100000000000005,0.9409129999999999,1
42841,58,RANBP2,0.31000000000000005,0.30428429999999995,1
42842,58,FBXO11,0.08,0.0638756,1
42843,58,PML,0.3499999999999999,0.23224849999999997,1
42844,58,AKT2,1.2000000000000006,0.8422604,1
42845,58,CEP89,0.06,0.0382788,1
42846,58,LZTR1,0.11,0.1213084,1
42847,58,YWHAE,0.26,0.15706930000000002,1
42848,58,DNAJB1,-0.02000000000000001,0.0052552999999999975,1
42849,58,PRDM2,0.08,0.0653564,1
42850,58,TPM4,0.52,0.34701029999999994,1
42851,58,CREBBP,1.9800000000000013,1.578147,1
42852,58,PMS2,0.8800000000000003,0.7365219,1
42853,58,DDR2,0.010000000000000002,0.0036088000000000023,1
42854,58,FANCA,0.39,0.335198,1
42855,58,PDE4DIP,0.08,0.060414600000000006,1
42856,58,USP8,-0.060000000000000005,-0.0275481,1
42857,58,MYH9,-0.44000000000000006,-0.1290558,1
42858,58,MYC,-1.4500000000000006,-0.26057610000000003,1
42859,58,NBN,0.6300000000000001,0.503848,1
42860,58,CCND3,-0.03,0.0269362,1
42861,58,TRIP11,-0.08,-0.057264999999999996,1
42862,58,CNTRL,-0.09,-0.06568919999999999,1
42863,58,PIK3CA,0.9600000000000005,0.8992349000000002,1
42864,58,DDX5,0.37999999999999995,0.3462829999999999,1
42865,58,PICALM,3.469446951953614e-18,0.004829200000000006,1
42866,58,RARA,-0.14999999999999997,0.04509929999999996,1
42867,58,DDX6,-0.020000000000000004,0.0889972,1
42868,58,COL1A1,0.18000000000000002,0.16571430000000004,1
42869,58,VHL,0.23000000000000004,0.16951270000000002,1
42870,58,MAPK1,1.600000000000001,1.1272112000000003,1
42871,58,SRC,0.37,0.40682750000000023,1
42872,58,NFE2L2,0.26000000000000006,0.23365070000000002,1
42873,58,MITF,-0.22,-0.044184799999999996,1
42874,58,SMAD3,1.0800000000000007,1.0691225,1
42875,58,RBM15,0.07,0.0616192,1
42876,58,ATR,0.7300000000000002,0.5935431999999999,1
42877,58,EPAS1,0.33,0.3402941,1
42878,58,TPM3,0.1,0.0899403,1
42879,58,RPL10,0.04999999999999999,0.10927709999999999,1
42880,58,STAG1,0.16999999999999998,0.17224450000000002,1
42881,58,SBDS,-0.13,-0.035398700000000005,1
42882,58,KMT2D,1.0300000000000002,0.8126123,1
42883,58,MED12,0.37000000000000005,0.2976274,1
42884,58,BCLAF1,-0.06999999999999999,0.024227800000000008,1
42885,58,ASPSCR1,0.03,0.027373899999999993,1
42886,58,CDK12,0.53,0.43279639999999997,1
42887,58,EWSR1,0.3,0.3174026999999999,1
42888,58,NDRG1,-0.03,-0.002264800000000001,1
42889,58,PSIP1,0.030000000000000006,0.03574020000000001,1
42890,58,TRIM33,0.11000000000000001,0.10413840000000002,1
42891,58,MTOR,1.2300000000000004,0.9614461,1
42892,58,ARHGAP35,0.21,0.1727559,1
42893,58,POT1,1.734723475976807e-18,0.010542500000000002,1
42894,58,EXT1,0.11,0.0800657,1
42895,58,IL6ST,0.34,0.28600030000000004,1
42896,58,IDH2,-0.23,-0.05132489999999999,1
42897,58,SMARCE1,0.37,0.24515390000000004,1
42898,58,CRTC3,0.09999999999999999,0.08101,1
42899,58,TSC1,0.27,0.2877067,1
42900,58,BCOR,-0.07999999999999999,0.020318700000000002,1
42901,58,SDHA,0.27,0.2105243,1
42902,58,EP300,2.420000000000001,1.9536104999999997,1
42903,58,HNRNPA2B1,0.52,0.37202409999999997,1
42904,58,CLIP1,-0.09999999999999999,-0.056868699999999994,1
42905,58,PATZ1,-0.45999999999999996,-0.12569909999999998,1
42906,58,FUBP1,-0.06,0.02504490000000001,1
42907,58,HLA-A,-0.020000000000000004,0.049635900000000004,1
42908,58,CCNC,-0.13,-0.056490500000000006,1
42909,58,RPN1,-0.27,-0.0662805,1
42910,58,TCF7L2,-0.14,0.0366151,1
42911,58,CANT1,0.009999999999999995,0.020345900000000007,1
42912,58,RPL5,-0.67,-0.18506880000000003,1
42913,58,CCDC6,0.029999999999999985,0.08148410000000002,1
42914,58,NCKIPSD,-0.02,-0.002066199999999999,1
42915,58,SMARCD1,0.41000000000000003,0.33410710000000005,1
42916,58,BCL10,0.08,0.0922602,1
42917,58,MAX,0.08,0.0968092,1
42918,58,HERPUD1,-0.04,-0.011170800000000002,1
42919,58,RAC1,0.10999999999999999,0.1760512,1
42920,58,FLNA,0.16,0.1241417,1
42921,58,TFE3,-0.7500000000000001,-0.264154,1
42922,58,NCOR2,0.5800000000000002,0.492441,1
42923,58,PRPF40B,0.05,0.0300706,1
42924,58,BCL3,-0.12999999999999998,-0.008628400000000003,1
42925,58,TFPT,-0.25,-0.089455,1
42926,58,MLH1,0.9200000000000002,0.7785220000000002,1
42927,58,ARHGAP5,0.09999999999999999,0.10433490000000001,1
42928,58,CIC,0.0,0.0,1
42929,58,LYN,0.7900000000000001,0.5961842,1
42930,58,TCF12,0.34,0.2704977,1
42931,58,KLF6,0.060000000000000005,0.0400712,1
42932,58,KMT2C,0.9500000000000004,0.7966861000000001,1
42933,58,PIM1,-0.10999999999999999,-0.014502799999999996,1
42934,58,CCND1,1.3600000000000005,0.8565764,1
42935,58,MLLT1,-1.11,-0.3121398000000001,1
42936,58,MEN1,-0.049999999999999996,0.002713499999999997,1
42937,58,CUL3,0.1,0.1717539,1
42938,58,RB1,0.5700000000000001,0.48331580000000013,1
42939,58,LPP,-0.1,-0.027610500000000003,1
42940,58,BUB1B,-0.18000000000000002,-0.07608580000000002,1
42941,58,SMAD4,1.4500000000000008,1.1770204,1
42942,58,FGFR1,0.36000000000000004,0.29318150000000004,1
42943,58,TMSB4X,0.03,0.0236367,1
42944,58,CDK4,0.9700000000000004,0.6761804000000001,1
42945,58,MSI2,0.01,0.0077334000000000005,1
42946,58,MSH6,1.0600000000000005,0.8638879999999999,1
42947,58,BRAF,1.2900000000000005,1.1105064999999998,1
42948,58,TCEA1,-0.020000000000000004,0.03618169999999999,1
42949,58,TNFAIP3,0.19,0.1421527,1
42950,58,RABEP1,0.010000000000000002,0.007147299999999999,1
42951,58,GMPS,-0.08,-0.03599410000000001,1
42952,58,MDM2,1.0400000000000007,0.8007949000000001,1
42953,58,NSD2,0.21,0.1517898,1
42954,58,CASP8,-0.04000000000000001,0.1744073,1
42955,58,PER1,-0.22000000000000003,-0.06941560000000001,1
42956,58,UBR5,0.02,0.0472174,1
42957,58,EIF3E,0.060000000000000005,0.0740315,1
42958,58,RFWD3,0.030000000000000002,0.0330506,1
42959,58,BRD3,0.11,0.0777993,1
42960,58,PAFAH1B2,0.02,0.017101,1
42961,58,EXT2,0.009999999999999995,0.016128699999999996,1
42962,58,PLCG1,0.55,0.4420179,1
42963,58,SF3B1,-0.5800000000000001,-0.2656438,1
42964,58,ARHGEF10L,0.04,0.02315,1
42965,58,NFATC2,0.24000000000000002,0.1745203,1
42966,58,SDHD,0.3,0.21461839999999996,1
42967,58,PABPC1,-1.18,-0.29500239999999994,1
42968,58,POLD1,-0.10999999999999999,-0.007218700000000005,1
42969,58,CALR,0.11999999999999997,0.1147139,1
42970,58,PIK3CB,0.7800000000000002,0.6330577,1
42971,58,PPM1D,0.31000000000000005,0.24230089999999999,1
42972,58,ATRX,0.9800000000000004,0.8480168999999997,1
42973,58,DGCR8,0.21000000000000002,0.16489120000000002,1
42974,58,DDX10,0.18,0.1341039,1
42975,58,DROSHA,0.5400000000000001,0.4278404,1
42976,58,TNFRSF14,-0.12000000000000001,-0.0432004,1
42977,58,BCL9L,0.16000000000000003,0.118397,1
42978,58,QKI,0.06,0.0464966,1
42979,58,BAZ1A,0.01,0.0076568,1
42980,58,CHD4,0.3899999999999999,0.32721749999999994,1
42981,58,NSD3,0.1,0.1089556,1
42982,58,NT5C2,0.16000000000000003,0.09690119999999999,1
42983,58,CCNB1IP1,0.15,0.07545179999999999,1
42984,58,PCBP1,-0.99,-0.24062660000000002,1
42985,58,RALGDS,0.039999999999999994,0.08134340000000001,1
42986,58,ARHGEF12,-0.020000000000000004,0.0204114,1
42987,58,HSP90AB1,1.0300000000000005,0.7245359000000001,1
42988,58,FOXO3,1.3400000000000007,0.9825303000000001,1
42989,58,HIP1,-0.02,-0.012754399999999999,1
42990,58,CDC73,0.13,0.1297953,1
42991,58,NIN,0.0,-0.00022569999999999882,1
42992,58,MDM4,0.16999999999999998,0.19262229999999997,1
42993,58,COL3A1,0.24,0.1937027,1
42994,58,CTNND1,0.12999999999999998,0.1425111,1
42995,58,SPOP,0.060000000000000005,0.0816307,1
42996,58,TMEM127,0.09,0.051046400000000006,1
42997,58,CREB3L2,0.15,0.10493430000000001,1
42998,58,MSH2,1.0000000000000004,0.8310614,1
42999,58,FNBP1,-0.009999999999999997,0.014932799999999998,1
43000,58,ATF1,0.17,0.1257864,1
43001,58,EIF1AX,-0.48000000000000004,-0.194012,1
43002,58,PMS1,0.64,0.4976719000000001,1
43003,58,DEK,0.18000000000000002,0.147793,1
43004,58,ERBB2,0.8300000000000003,0.5274235999999999,1
43005,58,AKT1,-0.30999999999999994,0.08963099999999992,1
43006,58,CHEK2,0.6900000000000002,0.6584440999999998,1
43007,58,SDHB,0.45000000000000007,0.3315849,1
43008,58,NCOA1,0.33,0.301875,1
43009,58,CHIC2,0.08,0.048418,1
43010,58,RUNX1,0.26,0.6194187999999999,1
43011,58,STAT6,0.37,0.3290397,1
43012,58,FH,-0.020000000000000004,0.025616899999999984,1
43013,58,AKT3,0.9600000000000004,0.6973972999999999,1
43014,58,GNAS,0.36,0.2553888,1
43015,58,CTNNB1,1.4200000000000008,0.9974685,1
43016,58,NONO,0.3400000000000001,0.2882563,1
43017,58,SMARCB1,1.0300000000000005,0.7822636999999999,1
43018,58,PRKAR1A,0.18000000000000002,0.17846640000000003,1
43019,58,ITGAV,-0.010000000000000005,0.03931429999999999,1
43020,58,SS18,0.4,0.27583070000000004,1
43021,58,MAP2K1,1.0700000000000003,0.6337790999999999,1
43022,58,SIRPA,0.0,0.007090400000000002,1
43023,58,PPFIBP1,0.41000000000000003,0.28764249999999997,1
43024,58,RPL22,-0.16,0.09582680000000002,1
43025,58,CYLD,0.32,0.2508454,1
43026,58,ARID1B,0.8500000000000001,0.6645361000000001,1
43027,58,SETDB1,0.32,0.23418540000000002,1
43028,58,AFDN,-0.31000000000000005,-0.10240180000000002,1
43029,58,ZRSR2,-0.010000000000000002,-0.006344799999999998,1
43030,58,PBRM1,0.9800000000000004,0.7295982999999999,1
43031,58,XPC,0.47,0.2786897,1
43032,58,ASXL2,0.28,0.1970201,1
43033,58,TRIM24,-0.16,-0.014199199999999999,1
43034,58,SFPQ,-0.30999999999999994,-0.06488060000000002,1
43035,58,NCOA2,0.5900000000000001,0.4933163,1
43036,58,FOXO4,0.37,0.23525580000000001,1
43037,58,LEF1,0.25999999999999995,0.2198727,1
43038,58,B2M,-0.25,-0.09713830000000001,1
43039,58,DDIT3,-0.2,-0.0667599,1
43040,58,BCL6,0.27,0.2407523,1
43041,58,KRAS,-0.12999999999999992,0.11493879999999998,1
43042,58,FAT1,0.11,0.07803170000000001,1
43043,58,ABL2,0.020000000000000004,0.0360662,1
43044,58,NF1,1.2300000000000006,1.0286464999999998,1
43045,58,BTG1,-0.02,-0.0103816,1
43046,58,EIF4A2,0.09999999999999999,0.0639322,1
43047,58,SET,0.19000000000000003,0.15177000000000002,1
43048,58,EPS15,0.07,0.0620054,1
43049,58,RNF213,0.05,0.0440568,1
43050,58,CTCF,1.0700000000000005,0.7444171,1
43051,58,WDCP,0.25000000000000006,0.16328379999999998,1
43052,58,KAT7,0.16999999999999998,0.14302600000000001,1
43053,58,KDM5C,0.19,0.17321270000000002,1
43054,58,TGFBR2,0.25,0.21015339999999996,1
43055,58,ATM,1.0000000000000007,0.9688029999999999,1
43056,58,NUMA1,0.03,0.033155899999999995,1
43057,58,STAT3,1.0100000000000005,0.9208824,1
43058,58,SUB1,-0.06999999999999999,-0.030756299999999993,1
43059,58,NUP98,0.15999999999999998,0.1946483,1
43060,58,ELL,0.019999999999999987,0.01458869999999999,1
43061,58,MAP3K1,0.42,0.32328160000000006,1
43062,58,MALT1,0.23,0.1980965,1
43063,58,XPO1,0.4700000000000002,0.4048490000000001,1
43064,58,SETD1B,0.26,0.2046689,1
43065,58,ETV6,-0.019999999999999997,0.03283769999999999,1
43066,58,TBL1XR1,0.25,0.17711169999999998,1
43067,58,NUP214,-0.06000000000000001,0.1556692000000001,1
43068,58,TPR,0.11,0.09474840000000001,1
43069,58,ATIC,0.13999999999999999,0.1464702,1
43070,58,NACA,0.22,0.1278504,1
43071,58,MYO5A,0.02,0.014885,1
43072,58,SMC1A,0.36,0.4391017999999999,1
43073,58,LASP1,-0.25,-0.1264152,1
43074,58,ERCC5,0.48,0.2920503,1
43075,58,JUN,-1.5100000000000005,-0.27041529999999997,1
43076,58,THRAP3,0.08,0.061343800000000004,1
43077,58,STAG2,0.29000000000000004,0.304365,1
43078,58,RAF1,0.9400000000000004,0.7166462,1
43079,58,ERCC3,0.68,0.5434326,1
43080,58,SMAD2,0.45000000000000023,0.5083557999999999,1
43081,58,TAF15,0.21000000000000002,0.17308199999999999,1
43082,58,ARNT,0.16,0.18755410000000006,1
43083,58,CLTC,-0.72,-0.29933980000000004,1
43084,58,IKBKB,0.5800000000000003,0.4886786000000001,1
43085,58,IDH1,-0.6800000000000002,-0.19141550000000004,1
43086,58,SND1,0.009999999999999998,0.030574999999999995,1
43087,58,KNSTRN,0.02,0.0143014,1
43088,58,RHOA,-2.2600000000000007,-0.5563691999999999,1
43089,58,PALB2,0.7100000000000002,0.6040092,1
43090,58,ARID2,0.8800000000000001,0.6868209000000001,1
43091,58,EZR,-0.08000000000000002,-0.016592100000000005,1
43092,58,TP53,-0.16000000000000003,0.3526369999999999,1
43093,58,ARAF,0.39,0.220895,1
43094,58,KIF5B,0.5600000000000002,0.41422660000000006,1
43095,58,KAT6A,0.25,0.26307290000000005,1
43096,58,KTN1,-0.09000000000000001,-0.004327800000000008,1
43097,58,GOLGA5,-0.08,-0.04934499999999999,1
43098,58,KDM5A,0.29000000000000004,0.267964,1
43099,58,RAD21,0.55,0.45978120000000006,1
43100,58,GNAQ,0.30999999999999994,0.2286832,1
43101,58,CAMTA1,0.07,0.0538634,1
43102,58,ERCC2,0.7200000000000001,0.5464584,1
43103,58,EZH2,1.6000000000000012,1.2537975000000001,1
43104,58,TOP1,0.3,0.23823840000000002,1
43105,58,SRSF3,-0.33,-0.05045950000000002,1
43106,58,NPM1,0.34000000000000014,0.2808979,1
43107,58,BAX,-0.5599999999999999,-0.1397477,1
43108,58,NOTCH2,0.29000000000000004,0.2365612,1
43109,58,TRAF7,0.02,0.014083600000000002,1
43110,58,KDM6A,0.8000000000000003,0.819872,1
43111,58,SPEN,0.13999999999999999,0.1063581,1
43112,58,TRIM27,-0.44,-0.1409786,1
43113,58,CRTC1,0.16,0.1250024,1
43114,58,EML4,0.23000000000000007,0.29920670000000005,1
43115,58,USP9X,-0.009999999999999998,-0.007395599999999999,1
43116,58,PTPRK,0.0,0.0,1
43117,58,CD74,-0.24,-0.010865899999999998,1
43118,58,CBL,0.41000000000000003,0.3961352000000001,1
43119,58,ZNF384,0.03,0.021612399999999997,1
43120,58,NOTCH1,1.1900000000000006,0.8044899,1
43121,58,COX6C,-0.12000000000000001,-0.034930100000000006,1
43122,58,CHCHD7,0.01,0.0057821999999999995,1
43123,58,HMGA1,-0.04000000000000001,-0.0121342,1
43124,58,PTEN,1.3300000000000007,1.1916681999999992,1
43125,58,FIP1L1,-0.049999999999999996,-0.023575799999999997,1
43126,58,JAK1,0.9000000000000004,0.7442775999999999,1
43127,58,ZMYM2,3.469446951953614e-18,0.002213500000000001,1
43128,58,SUZ12,0.8500000000000003,0.6593414000000001,1
43129,58,FUS,-0.38,0.04236400000000003,1
43130,58,BAP1,-0.25,-0.10835260000000001,1
43131,58,ZCCHC8,-0.07,-0.0205912,1
43132,58,CRNKL1,0.0,0.0006498000000000007,1
43133,58,RAD17,0.17,0.12145919999999999,1
43134,58,ATP1A1,0.04,0.025380600000000003,1
43135,58,DNMT3A,1.1400000000000003,0.9045065999999999,1
43136,58,FBXW7,0.9600000000000002,0.8006709,1
43137,58,WWTR1,-0.13,-0.0453231,1
43138,58,CDKN1B,0.48,0.34304750000000006,1
43139,58,KMT2A,0.32000000000000006,0.345462,1
43140,58,PTPN11,1.0900000000000005,0.8518743999999999,1
43141,58,STAT5B,0.7000000000000001,0.5762632999999997,1
43142,58,CUX1,-0.08,-0.048723199999999994,1
43143,58,ABI1,-0.30000000000000004,-0.0879741,1
43144,58,BRCA1,1.8400000000000012,1.5040386000000003,1
43145,58,SH2B3,0.09,0.0528152,1
43146,58,AFF4,0.0,0.020618699999999997,1
43147,58,NF2,0.15,0.1539513,1
43148,58,LMNA,0.09,0.0681156,1
43149,58,TSC2,0.9100000000000004,0.7142975,1
43150,58,GOLPH3,-0.039999999999999994,-0.027745400000000003,1
43151,58,PCM1,-0.030000000000000002,-0.024752500000000004,1
43152,58,PPP2R1A,-0.39999999999999997,-0.10517280000000002,1
43153,58,ARID1A,1.8000000000000012,1.4166729999999996,1
43154,58,ABL1,-0.4,0.02161989999999995,1
43155,58,AFF1,0.08000000000000002,0.10989350000000002,1
43156,58,DAXX,-0.41,-0.0938329,1
43157,58,CBFB,0.1,0.1187686,1
43158,58,CBLB,0.18,0.1595412,1
43159,58,POLR2A,-0.29,0.09554250000000002,1
43160,58,PRKACA,0.34,0.3149252,1
43161,58,DNM2,-0.08,-0.0404858,1
43162,58,RAP1GDS1,2.7755575615628914e-17,0.04205999999999999,1
43163,58,NCOR1,0.7500000000000001,0.7808736000000003,1
43164,58,NFKBIE,-0.24,-0.08187169999999999,1
43165,58,DDX3X,0.39000000000000007,0.3187556,1
43166,58,ELK4,0.03,0.024883199999999998,1
43167,58,MLLT6,0.09,0.0726232,1
43168,58,SRSF2,-2.740000000000001,-0.6455133,1
43169,58,CTNNA1,0.14,0.10613879999999999,1
43170,58,RBM10,0.22000000000000003,0.15607820000000003,1
43171,58,PTPRC,-0.08999999999999998,0.05482669999999999,1
43172,58,HSP90AA1,0.8000000000000003,0.5747734999999998,1
43173,58,NSD1,0.26,0.20946800000000002,0
43174,58,DICER1,0.21,0.22434900000000002,0
43175,58,BIRC6,0.09,0.07450860000000001,0
43176,58,SDHC,0.27,0.20388070000000003,0
43177,58,TFG,0.29,0.1557966,0
43178,58,MAP2K2,0.28,0.20867400000000003,0
43179,58,TFRC,-0.27999999999999997,-0.1339195,0
43180,58,CREB1,0.8900000000000005,0.6680894000000002,0
43181,58,POLG,0.02,0.0079314,0
43182,58,SETD2,0.7100000000000002,0.5960729999999999,0
43183,58,NAB2,-0.31,-0.103782,0
43184,58,HIF1A,1.510000000000001,1.0840191,0
43185,58,FLCN,0.04,0.037022799999999995,0
43186,58,MAP2K4,-0.11999999999999997,0.0389088,0
43187,58,CNOT3,-0.03,-0.0008767999999999936,0
43188,58,CIITA,0.1,0.0650624,0
43189,58,LSM14A,0.11,0.09140509999999999,0
43190,58,AKAP9,-0.1,-0.030092,0
43191,58,MSN,-0.35,-0.07950790000000002,0
43192,58,BCR,0.08,0.0597123,0
43193,58,TRRAP,0.08000000000000006,0.17788120000000004,0
43194,58,PPP6C,-0.15,-0.07467399999999999,0
43195,58,NCOA4,-0.16,-0.0885614,0
43196,58,BCL9,0.16,0.12251550000000001,0
43197,58,PRCC,0.020000000000000007,0.020577400000000003,0
43198,58,LARP4B,0.0,0.0,0
43199,58,CHD2,0.01,0.0075594,0
43200,58,ASXL1,0.6000000000000001,0.5096322,0
43201,58,SMARCA4,1.3900000000000008,1.0050300999999997,0
43202,58,ERC1,-0.02,-0.0149646,0
43203,58,DCTN1,-0.25,-0.11320539999999998,0
43204,58,PIK3R1,1.3700000000000008,0.9731803000000001,0
43205,58,EED,0.11,0.08970059999999998,0
43206,58,CNBP,0.02,0.011351,0
43207,58,SGK1,0.35000000000000003,0.20638999999999996,0
43208,58,MLLT10,-0.18000000000000002,-0.07870130000000002,0
43209,58,BRD4,0.9800000000000004,0.7379519000000001,0
43210,58,RANBP2,0.18,0.2287332,0
43211,58,FBXO11,0.07,0.055288000000000004,0
43212,58,PML,0.3399999999999999,0.2604268,0
43213,58,AKT2,1.0100000000000002,0.6842049999999998,0
43214,58,CEP89,0.06,0.034177000000000006,0
43215,58,LZTR1,0.06,0.0715278,0
43216,58,YWHAE,0.27,0.1722239,0
43217,58,DNAJB1,-0.08,-0.024928599999999995,0
43218,58,PRDM2,0.02,0.014308000000000001,0
43219,58,TPM4,0.47000000000000003,0.3082436,0
43220,58,CREBBP,1.8400000000000012,1.4604821000000001,0
43221,58,PMS2,0.7200000000000002,0.6266982000000001,0
43222,58,DDR2,0.060000000000000005,0.04138630000000001,0
43223,58,FANCA,0.36000000000000004,0.2919246000000001,0
43224,58,PDE4DIP,0.06,0.0412256,0
43225,58,USP8,-0.08,-0.03623899999999999,0
43226,58,MYH9,-0.29,-0.04647890000000002,0
43227,58,MYC,-1.3200000000000003,-0.43686090000000005,0
43228,58,NBN,0.56,0.42616950000000003,0
43229,58,CCND3,-3.469446951953614e-18,0.0393458,0
43230,58,TRIP11,-0.12,-0.08081659999999999,0
43231,58,CNTRL,-0.060000000000000005,-0.0418173,0
43232,58,PIK3CA,1.4000000000000008,1.0388119999999998,0
43233,58,DDX5,0.43000000000000005,0.3303561,0
43234,58,PICALM,0.010000000000000002,0.011493299999999994,0
43235,58,RARA,0.53,0.3666855999999999,0
43236,58,DDX6,-0.09000000000000001,0.0506326,0
43237,58,COL1A1,0.13,0.13879239999999998,0
43238,58,VHL,0.2,0.13879149999999996,0
43239,58,MAPK1,1.6000000000000008,1.0061884000000003,0
43240,58,SRC,-0.7199999999999998,-0.0434082,0
43241,58,NFE2L2,0.22,0.15944210000000003,0
43242,58,MITF,-0.24000000000000002,-0.03704840000000001,0
43243,58,SMAD3,1.2000000000000008,0.9132020000000002,0
43244,58,RBM15,0.08,0.0687847,0
43245,58,ATR,0.7200000000000003,0.6080258,0
43246,58,EPAS1,0.43,0.3675486,0
43247,58,TPM3,0.22999999999999998,0.1629969,0
43248,58,RPL10,0.1,0.11264300000000001,0
43249,58,STAG1,0.14,0.1429245,0
43250,58,SBDS,-0.09000000000000001,-0.0272426,0
43251,58,KMT2D,0.9800000000000004,0.7207748999999999,0
43252,58,MED12,0.28,0.22306189999999998,0
43253,58,BCLAF1,-0.019999999999999997,0.034711800000000015,0
43254,58,ASPSCR1,0.019999999999999997,0.01873790000000001,0
43255,58,CDK12,0.35,0.25254940000000003,0
43256,58,EWSR1,0.38999999999999996,0.3156156000000001,0
43257,58,NDRG1,-0.02,-0.0012112000000000026,0
43258,58,PSIP1,-0.1,-0.0441096,0
43259,58,TRIM33,0.04999999999999999,0.04553910000000001,0
43260,58,MTOR,1.2600000000000007,0.9113584999999998,0
43261,58,ARHGAP35,0.13,0.14214770000000002,0
43262,58,POT1,-0.04000000000000001,-0.00031480000000000223,0
43263,58,EXT1,0.1,0.063035,0
43264,58,IL6ST,0.29,0.22050979999999998,0
43265,58,IDH2,0.07,0.0888873,0
43266,58,SMARCE1,0.44,0.26325790000000004,0
43267,58,CRTC3,0.08,0.0578158,0
43268,58,TSC1,0.29,0.2651642,0
43269,58,BCOR,-0.15,-0.003793399999999999,0
43270,58,SDHA,0.26,0.1710844,0
43271,58,EP300,1.7100000000000013,1.3480861999999998,0
43272,58,HNRNPA2B1,0.21,0.193942,0
43273,58,CLIP1,-0.11,-0.06058420000000001,0
43274,58,PATZ1,-0.6400000000000001,-0.1410854,0
43275,58,FUBP1,-0.16,-0.021331499999999996,0
43276,58,HLA-A,-0.11999999999999998,0.018132500000000013,0
43277,58,CCNC,-0.049999999999999996,-0.018326699999999994,0
43278,58,RPN1,-0.32000000000000006,-0.0675441,0
43279,58,TCF7L2,0.01999999999999996,0.07966939999999999,0
43280,58,CANT1,0.11,0.06234640000000002,0
43281,58,RPL5,-0.7,-0.17453860000000002,0
43282,58,CCDC6,-0.020000000000000004,0.04001570000000002,0
43283,58,NCKIPSD,0.04,0.0241032,0
43284,58,SMARCD1,0.45,0.29837460000000005,0
43285,58,BCL10,-0.009999999999999988,0.025083600000000005,0
43286,58,MAX,-0.039999999999999994,-0.004125299999999998,0
43287,58,HERPUD1,0.01,0.0038940999999999997,0
43288,58,RAC1,-0.06000000000000001,0.07362569999999999,0
43289,58,FLNA,0.1,0.10182830000000001,0
43290,58,TFE3,-0.44999999999999996,-0.1866297,0
43291,58,NCOR2,0.7400000000000002,0.5354434000000001,0
43292,58,PRPF40B,-0.010000000000000002,-0.0043759,0
43293,58,BCL3,-0.029999999999999992,0.0018727000000000101,0
43294,58,TFPT,-0.26,-0.0875324,0
43295,58,MLH1,0.8900000000000002,0.7423799,0
43296,58,ARHGAP5,0.1,0.09925220000000001,0
43297,58,CIC,0.0,0.0,0
43298,58,LYN,0.8500000000000003,0.5993451,0
43299,58,TCF12,0.27999999999999997,0.2147237,0
43300,58,KLF6,0.05,0.028571,0
43301,58,KMT2C,1.0500000000000005,0.8240646,0
43302,58,PIM1,-0.12999999999999998,-0.037881,0
43303,58,CCND1,1.3300000000000007,0.8206902,0
43304,58,MLLT1,-1.08,-0.2960431,0
43305,58,MEN1,0.009999999999999995,0.0371716,0
43306,58,CUL3,0.17,0.1538508,0
43307,58,RB1,0.6399999999999999,0.5044873000000001,0
43308,58,LPP,-0.07,-0.020406300000000002,0
43309,58,BUB1B,-0.16,-0.08084930000000003,0
43310,58,SMAD4,1.4100000000000008,1.0745170000000002,0
43311,58,FGFR1,0.2,0.14109209999999997,0
43312,58,TMSB4X,0.04,0.031150000000000004,0
43313,58,CDK4,0.6000000000000001,0.4154339000000001,0
43314,58,MSI2,0.0,0.0,0
43315,58,MSH6,0.9700000000000006,0.7878518999999999,0
43316,58,BRAF,1.0500000000000005,0.9105295000000002,0
43317,58,TCEA1,-0.08999999999999997,-0.010167700000000003,0
43318,58,TNFAIP3,0.13,0.128262,0
43319,58,RABEP1,0.0,-0.001954499999999998,0
43320,58,GMPS,-0.05,-0.031148800000000004,0
43321,58,MDM2,1.2300000000000006,0.8453186000000001,0
43322,58,NSD2,0.18,0.12352170000000001,0
43323,58,CASP8,0.02000000000000001,0.18931689999999998,0
43324,58,PER1,-0.19999999999999998,-0.03210060000000001,0
43325,58,UBR5,-0.049999999999999996,-0.009980799999999996,0
43326,58,EIF3E,-0.029999999999999995,0.067832,0
43327,58,RFWD3,0.03,0.0273159,0
43328,58,BRD3,0.07,0.06861240000000002,0
43329,58,PAFAH1B2,0.02,0.0158298,0
43330,58,EXT2,0.0,0.002441999999999993,0
43331,58,PLCG1,0.5700000000000001,0.39168490000000006,0
43332,58,SF3B1,-0.26,-0.10260810000000001,0
43333,58,ARHGEF10L,0.02,0.010652,0
43334,58,NFATC2,0.2,0.14086649999999998,0
43335,58,SDHD,0.31,0.1759441,0
43336,58,PABPC1,-0.97,-0.22900079999999998,0
43337,58,POLD1,-0.36000000000000004,-0.074423,0
43338,58,CALR,0.020000000000000004,0.027279099999999997,0
43339,58,PIK3CB,0.54,0.44262320000000005,0
43340,58,PPM1D,0.19,0.1433636,0
43341,58,ATRX,0.9400000000000005,0.7601137000000003,0
43342,58,DGCR8,0.14,0.0862082,0
43343,58,DDX10,0.14,0.0915242,0
43344,58,DROSHA,0.42000000000000004,0.3070812,0
43345,58,TNFRSF14,-0.12,-0.0438744,0
43346,58,BCL9L,0.14,0.09573860000000001,0
43347,58,QKI,-0.03,-0.018261,0
43348,58,BAZ1A,0.01,0.0067875,0
43349,58,CHD4,0.18,0.1550381,0
43350,58,NSD3,0.02000000000000001,0.044383099999999995,0
43351,58,NT5C2,0.16,0.09309590000000001,0
43352,58,CCNB1IP1,0.1,0.041971,0
43353,58,PCBP1,-0.78,-0.21570790000000004,0
43354,58,RALGDS,0.16999999999999998,0.1147791,0
43355,58,ARHGEF12,-0.05,-0.007682000000000001,0
43356,58,HSP90AB1,1.1300000000000003,0.7316685999999999,0
43357,58,FOXO3,1.2800000000000007,0.8847343000000002,0
43358,58,HIP1,-0.01,-0.0068865,0
43359,58,CDC73,-0.21000000000000002,-0.041724399999999995,0
43360,58,NIN,0.009999999999999998,0.008684299999999999,0
43361,58,MDM4,0.17,0.1849974,0
43362,58,COL3A1,0.18,0.16063889999999997,0
43363,58,CTNND1,0.11000000000000001,0.1358822,0
43364,58,SPOP,-0.030000000000000006,0.00941949999999999,0
43365,58,TMEM127,0.039999999999999994,0.0496308,0
43366,58,CREB3L2,0.09,0.0573234,0
43367,58,MSH2,0.9500000000000004,0.7140953000000001,0
43368,58,FNBP1,-0.02,-0.004545599999999999,0
43369,58,ATF1,0.06,0.03644239999999999,0
43370,58,EIF1AX,-0.44,-0.20577330000000002,0
43371,58,PMS1,0.47000000000000003,0.36428730000000004,0
43372,58,DEK,0.13,0.11187500000000002,0
43373,58,ERBB2,1.0500000000000005,0.6676732000000001,0
43374,58,AKT1,0.9200000000000004,0.5939026000000001,0
43375,58,CHEK2,0.22000000000000006,0.31832,0
43376,58,SDHB,0.43,0.2740742,0
43377,58,NCOA1,0.45,0.32419519999999996,0
43378,58,CHIC2,0.049999999999999996,0.025991300000000002,0
43379,58,RUNX1,0.6100000000000005,0.7004832,0
43380,58,STAT6,0.32000000000000006,0.2160829,0
43381,58,FH,-0.12,-0.029702899999999997,0
43382,58,AKT3,0.9900000000000004,0.6762596000000001,0
43383,58,GNAS,0.24999999999999997,0.15841149999999998,0
43384,58,CTNNB1,1.550000000000001,1.0534548999999995,0
43385,58,NONO,0.06,0.04369279999999999,0
43386,58,SMARCB1,0.8800000000000003,0.6390529999999999,0
43387,58,PRKAR1A,0.13,0.1178294,0
43388,58,ITGAV,0.020000000000000014,0.03820669999999999,0
43389,58,SS18,0.39,0.24916920000000004,0
43390,58,MAP2K1,1.1000000000000005,0.683009,0
43391,58,SIRPA,0.0,-0.0002569,0
43392,58,PPFIBP1,0.39999999999999997,0.26752270000000006,0
43393,58,RPL22,-0.18000000000000002,0.081782,0
43394,58,CYLD,0.30000000000000004,0.2361552,0
43395,58,ARID1B,0.6399999999999999,0.4695421,0
43396,58,SETDB1,0.31,0.22342279999999998,0
43397,58,AFDN,-0.38,-0.13894630000000002,0
43398,58,ZRSR2,0.30000000000000004,0.21743210000000002,0
43399,58,PBRM1,0.9300000000000004,0.6767427999999999,0
43400,58,XPC,0.6200000000000001,0.4191328999999999,0
43401,58,ASXL2,0.24000000000000002,0.1603303,0
43402,58,TRIM24,-0.18,-0.06451240000000001,0
43403,58,SFPQ,-0.060000000000000005,0.027452100000000028,0
43404,58,NCOA2,0.55,0.3880578999999999,0
43405,58,FOXO4,0.3800000000000001,0.24996729999999998,0
43406,58,LEF1,0.16999999999999996,0.1289273,0
43407,58,B2M,-0.58,-0.2194289,0
43408,58,DDIT3,-0.36,-0.0944522,0
43409,58,BCL6,0.5800000000000002,0.409167,0
43410,58,KRAS,-1.1600000000000001,-0.29018659999999996,0
43411,58,FAT1,0.06000000000000001,0.051706300000000004,0
43412,58,ABL2,0.09000000000000001,0.0660125,0
43413,58,NF1,0.9000000000000005,0.7436386999999998,0
43414,58,BTG1,-0.02,-0.0108634,0
43415,58,EIF4A2,0.09999999999999999,0.0884545,0
43416,58,SET,0.17,0.1429765,0
43417,58,EPS15,0.04,0.03709219999999999,0
43418,58,RNF213,0.04,0.0304644,0
43419,58,CTCF,0.9000000000000004,0.6314182000000002,0
43420,58,WDCP,0.12000000000000001,0.07944589999999999,0
43421,58,KAT7,0.12000000000000001,0.09679540000000002,0
43422,58,KDM5C,0.16999999999999998,0.1503495,0
43423,58,TGFBR2,0.26,0.18414450000000004,0
43424,58,ATM,1.4500000000000008,1.1647664,0
43425,58,NUMA1,-0.010000000000000002,0.0044914000000000065,0
43426,58,STAT3,1.520000000000001,1.1787573000000002,0
43427,58,SUB1,-0.17,-0.0668533,0
43428,58,NUP98,0.09999999999999999,0.11910260000000006,0
43429,58,ELL,-0.13999999999999999,-0.03262500000000001,0
43430,58,MAP3K1,0.39999999999999997,0.3144079000000001,0
43431,58,MALT1,0.14,0.1406604,0
43432,58,XPO1,0.33999999999999997,0.2967895,0
43433,58,SETD1B,0.16,0.11495160000000001,0
43434,58,ETV6,-0.13999999999999996,-0.0340223,0
43435,58,TBL1XR1,0.23000000000000004,0.15613700000000003,0
43436,58,NUP214,0.019999999999999997,0.11871729999999998,0
43437,58,TPR,0.1,0.1052786,0
43438,58,ATIC,0.030000000000000002,0.035049200000000016,0
43439,58,NACA,0.23,0.15259840000000002,0
43440,58,MYO5A,0.009999999999999998,0.0076977,0
43441,58,SMC1A,0.5800000000000001,0.4797734,0
43442,58,LASP1,-0.22,-0.12305680000000001,0
43443,58,ERCC5,0.51,0.3352184,0
43444,58,JUN,0.07,0.2579559,0
43445,58,THRAP3,0.11000000000000001,0.08844859999999999,0
43446,58,STAG2,0.49999999999999994,0.39095660000000004,0
43447,58,RAF1,1.1200000000000003,0.7903552000000001,0
43448,58,ERCC3,0.5399999999999999,0.43690460000000003,0
43449,58,SMAD2,0.5700000000000002,0.5061068999999999,0
43450,58,TAF15,0.16000000000000003,0.13295280000000004,0
43451,58,ARNT,0.30000000000000004,0.2501563,0
43452,58,CLTC,-0.51,-0.26944860000000004,0
43453,58,IKBKB,0.5700000000000003,0.47284089999999995,0
43454,58,IDH1,-0.4799999999999999,-0.11522370000000001,0
43455,58,SND1,0.01,0.008438800000000002,0
43456,58,KNSTRN,0.03,0.0237864,0
43457,58,RHOA,-1.3000000000000003,-0.31242820000000004,0
43458,58,PALB2,0.58,0.502512,0
43459,58,ARID2,0.7300000000000002,0.5472814,0
43460,58,EZR,-0.060000000000000005,0.013398600000000004,0
43461,58,TP53,-1.0099999999999998,-0.13766110000000006,0
43462,58,ARAF,0.38,0.2067772,0
43463,58,KIF5B,0.41000000000000003,0.29683609999999994,0
43464,58,KAT6A,0.15999999999999998,0.16840910000000003,0
43465,58,KTN1,-0.14,-0.04174780000000001,0
43466,58,GOLGA5,-0.11,-0.07405699999999998,0
43467,58,KDM5A,0.21000000000000002,0.19628289999999998,0
43468,58,RAD21,0.44000000000000006,0.34463200000000005,0
43469,58,GNAQ,0.11,0.08422649999999998,0
43470,58,CAMTA1,0.02,0.0118406,0
43471,58,ERCC2,0.6,0.4306464,0
43472,58,EZH2,1.9300000000000013,1.2626994999999994,0
43473,58,TOP1,0.12999999999999998,0.09989379999999999,0
43474,58,SRSF3,-0.28,-0.07806800000000003,0
43475,58,NPM1,-0.029999999999999995,0.16329519999999995,0
43476,58,BAX,-0.44999999999999996,-0.13944120000000002,0
43477,58,NOTCH2,0.29000000000000004,0.23123729999999998,0
43478,58,TRAF7,0.03,0.0226644,0
43479,58,KDM6A,0.8900000000000002,0.7467868,0
43480,58,SPEN,0.09999999999999999,0.0755765,0
43481,58,TRIM27,-0.46,-0.159377,0
43482,58,CRTC1,0.14,0.11134859999999999,0
43483,58,EML4,0.27000000000000013,0.22596089999999996,0
43484,58,USP9X,-0.029999999999999995,-0.017065799999999996,0
43485,58,PTPRK,0.01,0.007194000000000001,0
43486,58,CD74,-0.16000000000000003,-0.012740700000000015,0
43487,58,CBL,0.57,0.44402989999999987,0
43488,58,ZNF384,-0.07,-0.0352995,0
43489,58,NOTCH1,1.0200000000000005,0.7493066999999999,0
43490,58,COX6C,-0.14,-0.0580936,0
43491,58,CHCHD7,0.04,0.027775599999999998,0
43492,58,HMGA1,-0.12,-0.0557563,0
43493,58,PTEN,1.4300000000000013,1.2032192999999995,0
43494,58,FIP1L1,-0.05000000000000001,-0.0297397,0
43495,58,JAK1,0.8000000000000003,0.6250786,0
43496,58,ZMYM2,-0.060000000000000005,-0.041302,0
43497,58,SUZ12,0.8200000000000004,0.5865617,0
43498,58,FUS,-0.19,0.11409049999999998,0
43499,58,BAP1,0.03,0.038719699999999996,0
43500,58,ZCCHC8,-0.07,-0.019999700000000002,0
43501,58,CRNKL1,-0.04,-0.024245199999999998,0
43502,58,RAD17,0.14,0.10149339999999998,0
43503,58,ATP1A1,0.0,0.00025280000000000094,0
43504,58,DNMT3A,0.8700000000000004,0.6406180999999999,0
43505,58,FBXW7,1.0600000000000003,0.8090215999999999,0
43506,58,WWTR1,-0.09000000000000001,-0.0446125,0
43507,58,CDKN1B,0.5700000000000001,0.3515821,0
43508,58,KMT2A,0.4,0.35500240000000005,0
43509,58,PTPN11,0.9800000000000004,0.7251451,0
43510,58,STAT5B,0.6500000000000001,0.4996707,0
43511,58,CUX1,-0.09,-0.060582300000000006,0
43512,58,ABI1,-0.34,-0.1094715,0
43513,58,BRCA1,1.6700000000000013,1.3414068000000001,0
43514,58,SH2B3,0.04,0.029549199999999998,0
43515,58,AFF4,0.009999999999999995,0.020672499999999996,0
43516,58,NF2,0.029999999999999985,0.0789838,0
43517,58,LMNA,0.05,0.053328600000000004,0
43518,58,TSC2,0.6500000000000001,0.5116251,0
43519,58,GOLPH3,-0.11,-0.0665636,0
43520,58,PCM1,-0.05,-0.033685900000000005,0
43521,58,PPP2R1A,-0.56,-0.1943518,0
43522,58,ARID1A,1.7800000000000011,1.2774961,0
43523,58,ABL1,0.029999999999999995,0.10761429999999993,0
43524,58,AFF1,0.19,0.15605600000000003,0
43525,58,DAXX,-0.25000000000000006,-0.047682799999999984,0
43526,58,CBFB,0.13999999999999999,0.1143306,0
43527,58,CBLB,0.14,0.110705,0
43528,58,POLR2A,-0.09,0.14679559999999997,0
43529,58,PRKACA,0.4000000000000001,0.2971418,0
43530,58,DNM2,-0.12000000000000001,-0.050801400000000003,0
43531,58,RAP1GDS1,-0.07,-0.022481100000000007,0
43532,58,NCOR1,0.7700000000000001,0.7406297000000001,0
43533,58,NFKBIE,-0.26,-0.0904624,0
43534,58,DDX3X,0.16999999999999996,0.1540516,0
43535,58,ELK4,0.02,0.0145376,0
43536,58,MLLT6,0.12000000000000001,0.09697420000000001,0
43537,58,SRSF2,-1.3600000000000003,-0.3700148000000001,0
43538,58,CTNNA1,0.1,0.07403349999999999,0
43539,58,RBM10,0.21000000000000005,0.1485754,0
43540,58,PTPRC,0.13,0.13080540000000002,0
43541,58,HSP90AA1,1.0900000000000005,0.7074299999999999,0
43542,59,NSD1,0.35000000000000003,0.3006454,1
43543,59,DICER1,0.29000000000000004,0.3011078,1
43544,59,BIRC6,0.16,0.144327,1
43545,59,SDHC,0.38,0.2936931,1
43546,59,TFG,0.21,0.1252563,1
43547,59,MAP2K2,0.28,0.2143431,1
43548,59,TFRC,-0.33000000000000007,-0.14274320000000001,1
43549,59,CREB1,0.8100000000000003,0.7652789,1
43550,59,POLG,-0.01,-0.0029583,1
43551,59,SETD2,0.7000000000000002,0.6415276000000001,1
43552,59,NAB2,-0.56,-0.1597967,1
43553,59,HIF1A,1.690000000000001,1.3475658,1
43554,59,FLCN,-0.05000000000000002,0.017191199999999993,1
43555,59,MAP2K4,0.05,0.11815119999999998,1
43556,59,CNOT3,0.06999999999999999,0.06670989999999999,1
43557,59,CIITA,0.09000000000000001,0.0589915,1
43558,59,LSM14A,0.16,0.1363069,1
43559,59,AKAP9,-1.3877787807814457e-17,0.029121699999999993,1
43560,59,MSN,-0.26,-0.09252730000000002,1
43561,59,BCR,-0.08000000000000003,0.029446999999999994,1
43562,59,TRRAP,-0.07,0.2148343,1
43563,59,PPP6C,-0.16,-0.0682142,1
43564,59,NCOA4,-0.14999999999999997,-0.03640679999999999,1
43565,59,BCL9,0.19,0.16010329999999998,1
43566,59,PRCC,0.09,0.07538829999999999,1
43567,59,LARP4B,0.03,0.0235896,1
43568,59,CHD2,0.02,0.0181456,1
43569,59,ASXL1,0.26,0.33872120000000006,1
43570,59,SMARCA4,1.7700000000000011,1.4509315,1
43571,59,ERC1,-0.01,-0.0082339,1
43572,59,DCTN1,0.009999999999999988,0.04712019999999996,1
43573,59,PIK3R1,1.0400000000000005,0.9121414000000001,1
43574,59,EED,0.18999999999999997,0.13118210000000002,1
43575,59,CNBP,0.01,0.0058109,1
43576,59,SGK1,0.5,0.36109169999999996,1
43577,59,MLLT10,-0.21,-0.12541909999999998,1
43578,59,BRD4,0.9100000000000004,0.8628610999999998,1
43579,59,RANBP2,0.39,0.35779110000000003,1
43580,59,FBXO11,0.07,0.0570128,1
43581,59,PML,0.38000000000000006,0.2664067,1
43582,59,AKT2,1.1400000000000006,0.8503699,1
43583,59,CEP89,0.06,0.0395544,1
43584,59,LZTR1,0.029999999999999995,0.09311349999999999,1
43585,59,YWHAE,0.3,0.1909878,1
43586,59,DNAJB1,-0.13999999999999999,-0.048632800000000004,1
43587,59,PRDM2,0.06,0.051230599999999994,1
43588,59,TPM4,0.53,0.39290600000000003,1
43589,59,CREBBP,2.050000000000001,1.7275878,1
43590,59,PMS2,0.71,0.6457582000000001,1
43591,59,DDR2,-0.009999999999999998,-0.006408299999999999,1
43592,59,FANCA,0.36,0.30191060000000003,1
43593,59,PDE4DIP,0.08,0.0632646,1
43594,59,USP8,-0.049999999999999996,-0.022056799999999998,1
43595,59,MYH9,-0.44000000000000006,-0.10783310000000002,1
43596,59,MYC,-1.2800000000000002,-0.3602942999999999,1
43597,59,NBN,0.5800000000000001,0.47673640000000006,1
43598,59,CCND3,-0.09000000000000001,0.0019152999999999948,1
43599,59,TRIP11,-0.09,-0.0681905,1
43600,59,CNTRL,-0.06,-0.0499367,1
43601,59,PIK3CA,1.2600000000000011,1.1180220999999997,1
43602,59,DDX5,0.26000000000000006,0.3050782,1
43603,59,PICALM,3.469446951953614e-18,0.0045408000000000046,1
43604,59,RARA,0.039999999999999994,0.11583809999999999,1
43605,59,DDX6,2.7755575615628914e-17,0.1061851,1
43606,59,COL1A1,0.20999999999999996,0.17409899999999998,1
43607,59,VHL,0.30999999999999994,0.2301755,1
43608,59,MAPK1,1.860000000000001,1.4192787000000002,1
43609,59,SRC,0.8000000000000005,0.5587758,1
43610,59,NFE2L2,0.3400000000000001,0.2492161,1
43611,59,MITF,-0.17,-0.01903729999999999,1
43612,59,SMAD3,1.280000000000001,1.2233033,1
43613,59,RBM15,0.1,0.08637510000000001,1
43614,59,ATR,0.75,0.6252603,1
43615,59,EPAS1,0.42,0.42597360000000006,1
43616,59,TPM3,0.13999999999999999,0.13692060000000003,1
43617,59,RPL10,0.059999999999999984,0.0963724,1
43618,59,STAG1,0.17,0.17206520000000003,1
43619,59,SBDS,-0.08,-0.024690500000000004,1
43620,59,KMT2D,1.0500000000000003,0.8638874000000001,1
43621,59,MED12,0.38000000000000006,0.3243542,1
43622,59,BCLAF1,0.0,0.04496249999999999,1
43623,59,ASPSCR1,-0.04000000000000001,-0.016366099999999998,1
43624,59,CDK12,0.53,0.44812530000000006,1
43625,59,EWSR1,0.17000000000000004,0.2805488,1
43626,59,NDRG1,-0.04,-0.007489500000000003,1
43627,59,PSIP1,0.09999999999999999,0.09018489999999998,1
43628,59,TRIM33,0.11000000000000001,0.0956583,1
43629,59,MTOR,0.9500000000000002,0.8252894,1
43630,59,ARHGAP35,0.14,0.14868599999999998,1
43631,59,POT1,0.0,0.0021541999999999993,1
43632,59,EXT1,0.11,0.082533,1
43633,59,IL6ST,0.34,0.29616849999999995,1
43634,59,IDH2,0.020000000000000004,0.0496487,1
43635,59,SMARCE1,0.42000000000000004,0.2940107,1
43636,59,CRTC3,0.09,0.0793791,1
43637,59,TSC1,0.39,0.3596920999999999,1
43638,59,BCOR,-0.10999999999999999,0.0068836999999999995,1
43639,59,SDHA,0.27,0.2111245,1
43640,59,EP300,2.3200000000000003,2.0145863,1
43641,59,HNRNPA2B1,0.47000000000000003,0.35374810000000007,1
43642,59,CLIP1,-0.09000000000000001,-0.050545900000000005,1
43643,59,PATZ1,-0.57,-0.1483788,1
43644,59,FUBP1,-0.07999999999999999,0.021156900000000006,1
43645,59,HLA-A,-0.05,0.0344822,1
43646,59,CCNC,-0.28,-0.11951450000000001,1
43647,59,RPN1,-0.25,-0.0862472,1
43648,59,TCF7L2,0.06000000000000007,0.12621350000000003,1
43649,59,CANT1,-0.04000000000000001,0.008268799999999986,1
43650,59,RPL5,-0.7000000000000001,-0.2172838,1
43651,59,CCDC6,0.06,0.07578000000000001,1
43652,59,NCKIPSD,-0.08,-0.0146464,1
43653,59,SMARCD1,0.48000000000000004,0.4019094,1
43654,59,BCL10,0.08,0.0970789,1
43655,59,MAX,0.05,0.0902611,1
43656,59,HERPUD1,-0.03,-0.0083337,1
43657,59,RAC1,0.13999999999999999,0.18174030000000002,1
43658,59,FLNA,0.18999999999999997,0.13934439999999998,1
43659,59,TFE3,-0.8200000000000001,-0.3023145,1
43660,59,NCOR2,0.6300000000000001,0.5332781999999998,1
43661,59,PRPF40B,0.030000000000000002,0.0260782,1
43662,59,BCL3,-0.09,-0.012660200000000003,1
43663,59,TFPT,-0.48,-0.1237424,1
43664,59,MLH1,0.9200000000000004,0.8237224999999998,1
43665,59,ARHGAP5,0.1,0.1045464,1
43666,59,CIC,0.0,0.0,1
43667,59,LYN,0.7700000000000001,0.5929739,1
43668,59,TCF12,0.34,0.2851477,1
43669,59,KLF6,0.060000000000000005,0.0382754,1
43670,59,KMT2C,0.9600000000000004,0.8551576000000001,1
43671,59,PIM1,-0.08000000000000002,-0.00527939999999999,1
43672,59,CCND1,1.2400000000000007,0.7830939,1
43673,59,MLLT1,-1.5600000000000005,-0.3940142,1
43674,59,MEN1,-0.08,-0.016890899999999993,1
43675,59,CUL3,0.1,0.1271627,1
43676,59,RB1,0.6800000000000002,0.5737711,1
43677,59,LPP,-0.13,-0.027006899999999993,1
43678,59,BUB1B,-0.15,-0.04896460000000001,1
43679,59,SMAD4,1.620000000000001,1.3342479999999999,1
43680,59,FGFR1,0.3,0.2747965,1
43681,59,TMSB4X,0.03,0.023911199999999997,1
43682,59,CDK4,1.0500000000000005,0.7456754,1
43683,59,MSI2,0.01,0.0082573,1
43684,59,MSH6,0.9700000000000004,0.8509739000000001,1
43685,59,BRAF,1.4200000000000008,1.2074086000000002,1
43686,59,TCEA1,-0.24,-0.049577500000000004,1
43687,59,TNFAIP3,0.1,0.10760260000000002,1
43688,59,RABEP1,0.010000000000000002,0.007765999999999999,1
43689,59,GMPS,-0.09000000000000001,-0.042374199999999994,1
43690,59,MDM2,1.2900000000000007,1.0360117000000002,1
43691,59,NSD2,0.21999999999999997,0.1704643,1
43692,59,CASP8,-0.33,0.026406900000000018,1
43693,59,PER1,-0.21000000000000002,-0.08444890000000002,1
43694,59,UBR5,-0.020000000000000004,0.02054030000000001,1
43695,59,EIF3E,-0.019999999999999997,0.03334070000000001,1
43696,59,RFWD3,0.03,0.029156800000000004,1
43697,59,BRD3,0.14999999999999997,0.11075369999999998,1
43698,59,PAFAH1B2,0.02,0.017839,1
43699,59,EXT2,0.009999999999999995,0.014260999999999996,1
43700,59,PLCG1,0.47000000000000003,0.4226132999999999,1
43701,59,SF3B1,-0.59,-0.2928695,1
43702,59,ARHGEF10L,0.03,0.0138333,1
43703,59,NFATC2,0.24000000000000002,0.180377,1
43704,59,SDHD,0.35,0.24415750000000003,1
43705,59,PABPC1,-0.9900000000000002,-0.299354,1
43706,59,POLD1,-0.33999999999999997,-0.0941333,1
43707,59,CALR,0.039999999999999994,0.07685180000000001,1
43708,59,PIK3CB,0.56,0.5044042000000001,1
43709,59,PPM1D,0.29000000000000004,0.23384549999999998,1
43710,59,ATRX,1.0100000000000005,0.8953996999999999,1
43711,59,DGCR8,0.22000000000000003,0.1862856,1
43712,59,DDX10,0.2,0.1565206,1
43713,59,DROSHA,0.51,0.4249205000000001,1
43714,59,TNFRSF14,-0.17,-0.059585,1
43715,59,BCL9L,0.14,0.1076627,1
43716,59,QKI,0.05,0.0404386,1
43717,59,BAZ1A,0.01,0.0080746,1
43718,59,CHD4,0.3400000000000001,0.33992029999999995,1
43719,59,NSD3,0.13,0.1330847,1
43720,59,NT5C2,0.18000000000000002,0.11054660000000001,1
43721,59,CCNB1IP1,0.15000000000000002,0.070102,1
43722,59,PCBP1,-1.06,-0.286232,1
43723,59,RALGDS,-0.09999999999999999,0.0277788,1
43724,59,ARHGEF12,-0.04000000000000001,0.0222086,1
43725,59,HSP90AB1,1.2000000000000006,0.8157016999999998,1
43726,59,FOXO3,1.510000000000001,1.18424,1
43727,59,HIP1,-0.01,-0.0071043,1
43728,59,CDC73,0.02,0.07559369999999999,1
43729,59,NIN,0.0,-0.0007883999999999981,1
43730,59,MDM4,0.12000000000000002,0.19129120000000005,1
43731,59,COL3A1,0.19999999999999998,0.1642433,1
43732,59,CTNND1,0.03,0.12327159999999998,1
43733,59,SPOP,0.14,0.1203139,1
43734,59,TMEM127,0.05000000000000002,0.039109300000000013,1
43735,59,CREB3L2,0.11,0.0761212,1
43736,59,MSH2,0.9900000000000004,0.8470716999999999,1
43737,59,FNBP1,0.03,0.0330119,1
43738,59,ATF1,0.17,0.1262632,1
43739,59,EIF1AX,-0.48,-0.21404620000000002,1
43740,59,PMS1,0.5099999999999999,0.40381989999999995,1
43741,59,DEK,0.19,0.1642955,1
43742,59,ERBB2,0.8100000000000003,0.5486655,1
43743,59,AKT1,1.2300000000000006,0.7892856999999998,1
43744,59,CHEK2,0.6400000000000001,0.6093169,1
43745,59,SDHB,0.42000000000000004,0.31173829999999997,1
43746,59,NCOA1,0.41,0.33811480000000005,1
43747,59,CHIC2,0.09,0.0642856,1
43748,59,RUNX1,0.14000000000000004,0.6162195999999999,1
43749,59,STAT6,0.39,0.3697167,1
43750,59,FH,-0.039999999999999994,0.01801000000000002,1
43751,59,AKT3,1.1300000000000003,0.8636977999999997,1
43752,59,GNAS,0.3600000000000001,0.2759875,1
43753,59,CTNNB1,1.4000000000000008,1.0119733000000002,1
43754,59,NONO,0.32000000000000006,0.2873732,1
43755,59,SMARCB1,1.0000000000000004,0.8354545000000002,1
43756,59,PRKAR1A,0.22,0.2114759,1
43757,59,ITGAV,-0.019999999999999987,0.03852720000000001,1
43758,59,SS18,0.43,0.3282916,1
43759,59,MAP2K1,1.0300000000000005,0.6502825000000001,1
43760,59,SIRPA,-0.09,-0.019581,1
43761,59,PPFIBP1,0.41,0.31411340000000004,1
43762,59,RPL22,-0.19000000000000006,0.09068680000000001,1
43763,59,CYLD,0.30000000000000004,0.24340490000000006,1
43764,59,ARID1B,0.8300000000000001,0.6813991999999999,1
43765,59,SETDB1,0.34,0.2588317,1
43766,59,AFDN,-0.41000000000000003,-0.1441987,1
43767,59,ZRSR2,-0.15,-0.1004844,1
43768,59,PBRM1,1.0400000000000005,0.8288146999999999,1
43769,59,XPC,0.48000000000000004,0.3038442,1
43770,59,ASXL2,0.27,0.2050261,1
43771,59,TRIM24,-0.14,0.013820799999999996,1
43772,59,SFPQ,-0.4,-0.13321980000000003,1
43773,59,NCOA2,0.6200000000000001,0.5204263,1
43774,59,FOXO4,0.4,0.2511417000000001,1
43775,59,LEF1,0.2,0.2088291,1
43776,59,B2M,-0.29,-0.1263503,1
43777,59,DDIT3,-0.33000000000000007,-0.110248,1
43778,59,BCL6,0.38,0.3043826,1
43779,59,KRAS,-1.06,-0.2601515999999999,1
43780,59,FAT1,0.12000000000000001,0.09183949999999999,1
43781,59,ABL2,0.04000000000000001,0.045791500000000006,1
43782,59,NF1,1.2700000000000007,1.0595163,1
43783,59,BTG1,-0.08,-0.0322256,1
43784,59,EIF4A2,-5.204170427930421e-18,-0.0024858000000000007,1
43785,59,SET,0.19,0.16079819999999997,1
43786,59,EPS15,0.09,0.0823989,1
43787,59,RNF213,0.05,0.04518659999999999,1
43788,59,CTCF,1.1200000000000006,0.8373808,1
43789,59,WDCP,0.24000000000000002,0.15309709999999999,1
43790,59,KAT7,0.15999999999999998,0.1396838,1
43791,59,KDM5C,0.21000000000000002,0.1988434,1
43792,59,TGFBR2,0.18999999999999997,0.1753472,1
43793,59,ATM,1.2600000000000007,1.2044770999999999,1
43794,59,NUMA1,0.05,0.04883560000000001,1
43795,59,STAT3,0.9100000000000005,0.8634443000000002,1
43796,59,SUB1,-0.08,-0.0380096,1
43797,59,NUP98,0.2199999999999999,0.22608739999999994,1
43798,59,ELL,0.08,0.0357562,1
43799,59,MAP3K1,0.2799999999999999,0.2562732,1
43800,59,MALT1,0.15,0.15147270000000002,1
43801,59,XPO1,0.5300000000000001,0.4440451000000001,1
43802,59,SETD1B,0.28,0.23289810000000002,1
43803,59,ETV6,-0.15000000000000002,-0.049249400000000006,1
43804,59,TBL1XR1,0.23,0.16874180000000003,1
43805,59,NUP214,-0.19,0.11421139999999999,1
43806,59,TPR,0.14,0.11396680000000002,1
43807,59,ATIC,0.07999999999999999,0.1386536,1
43808,59,NACA,0.22999999999999998,0.14659950000000002,1
43809,59,MYO5A,0.03,0.0235125,1
43810,59,SMC1A,0.25000000000000006,0.40273349999999997,1
43811,59,LASP1,-0.2,-0.11301510000000001,1
43812,59,ERCC5,0.51,0.3234255999999999,1
43813,59,JUN,-0.8999999999999999,-0.17603089999999985,1
43814,59,THRAP3,0.08,0.06674580000000001,1
43815,59,STAG2,0.15,0.2326117,1
43816,59,RAF1,0.9100000000000004,0.7025455,1
43817,59,ERCC3,0.5800000000000001,0.5058022,1
43818,59,SMAD2,0.39000000000000024,0.5143099000000002,1
43819,59,TAF15,0.22000000000000003,0.1845073,1
43820,59,ARNT,0.27,0.24195610000000006,1
43821,59,CLTC,-0.74,-0.3059680000000001,1
43822,59,IKBKB,0.3400000000000002,0.4427111000000001,1
43823,59,IDH1,-0.8300000000000003,-0.28006440000000005,1
43824,59,SND1,-0.030000000000000002,0.0210345,1
43825,59,KNSTRN,0.02,0.0157308,1
43826,59,RHOA,-3.6800000000000006,-0.7954862999999999,1
43827,59,PALB2,0.6300000000000001,0.5547203,1
43828,59,ARID2,0.8700000000000001,0.7201064,1
43829,59,EZR,-0.13,-0.03947120000000001,1
43830,59,TP53,-0.25,0.23979269999999997,1
43831,59,ARAF,0.46,0.2711808,1
43832,59,KIF5B,0.5400000000000001,0.4230823,1
43833,59,KAT6A,0.13999999999999999,0.2022044,1
43834,59,KTN1,-0.16,-0.0229032,1
43835,59,GOLGA5,-0.060000000000000005,-0.043931500000000005,1
43836,59,KDM5A,0.31000000000000005,0.2902903,1
43837,59,RAD21,0.54,0.4631239999999999,1
43838,59,GNAQ,0.3000000000000001,0.22508560000000002,1
43839,59,CAMTA1,0.05,0.03685000000000001,1
43840,59,ERCC2,0.6900000000000001,0.5521262000000001,1
43841,59,EZH2,1.6400000000000012,1.3039136999999998,1
43842,59,TOP1,0.3,0.238206,1
43843,59,SRSF3,-0.19000000000000003,-0.0413132,1
43844,59,NPM1,0.17999999999999997,0.21808900000000006,1
43845,59,BAX,-0.88,-0.20012349999999998,1
43846,59,NOTCH2,0.29000000000000004,0.2495984,1
43847,59,TRAF7,0.02,0.014282600000000001,1
43848,59,KDM6A,0.8800000000000002,0.9158839999999998,1
43849,59,SPEN,0.14,0.1147879,1
43850,59,TRIM27,-0.65,-0.20039120000000002,1
43851,59,CRTC1,0.14,0.1139192,1
43852,59,EML4,0.3699999999999999,0.36532890000000007,1
43853,59,USP9X,0.009999999999999998,0.005954699999999997,1
43854,59,PTPRK,0.0,0.0,1
43855,59,CD74,-0.28,-0.0417255,1
43856,59,CBL,0.6400000000000001,0.5642584,1
43857,59,ZNF384,0.03,0.0238402,1
43858,59,NOTCH1,1.1100000000000003,0.8283303000000001,1
43859,59,COX6C,-0.19,-0.05487289999999999,1
43860,59,CHCHD7,0.01,0.0057821999999999995,1
43861,59,HMGA1,-0.09,-0.039255899999999996,1
43862,59,PTEN,1.070000000000001,1.0859709999999998,1
43863,59,FIP1L1,-0.03,-0.009289500000000006,1
43864,59,JAK1,0.8800000000000003,0.7562445000000002,1
43865,59,ZMYM2,-0.019999999999999997,-0.014849599999999996,1
43866,59,SUZ12,0.9500000000000004,0.7429285000000002,1
43867,59,FUS,-0.47,-0.004281099999999989,1
43868,59,BAP1,-0.29999999999999993,-0.13610160000000002,1
43869,59,ZCCHC8,-0.05,-0.0175965,1
43870,59,CRNKL1,0.03,0.0248142,1
43871,59,RAD17,0.18,0.1373736,1
43872,59,ATP1A1,0.02,0.0120582,1
43873,59,DNMT3A,0.9400000000000004,0.8670142000000003,1
43874,59,FBXW7,0.9900000000000003,0.8439802,1
43875,59,WWTR1,-0.13,-0.0566413,1
43876,59,CDKN1B,0.4099999999999999,0.30900560000000005,1
43877,59,KMT2A,0.30999999999999994,0.35787979999999997,1
43878,59,PTPN11,1.0700000000000005,0.966423,1
43879,59,STAT5B,0.8600000000000004,0.7031734000000001,1
43880,59,CUX1,-0.060000000000000005,-0.040401700000000006,1
43881,59,ABI1,-0.43,-0.12363100000000002,1
43882,59,BRCA1,1.8000000000000012,1.4835184999999995,1
43883,59,SH2B3,0.08,0.0499276,1
43884,59,AFF4,-0.12,-0.059284500000000004,1
43885,59,NF2,0.08,0.111712,1
43886,59,LMNA,0.030000000000000006,0.03928999999999999,1
43887,59,TSC2,0.7800000000000004,0.6656854,1
43888,59,GOLPH3,-0.08,-0.055252,1
43889,59,PCM1,-0.05,-0.0420031,1
43890,59,PPP2R1A,-0.25999999999999995,-0.08181700000000001,1
43891,59,ARID1A,1.950000000000001,1.6049161000000007,1
43892,59,ABL1,-0.13999999999999985,0.11496429999999994,1
43893,59,AFF1,0.020000000000000004,0.053340700000000005,1
43894,59,DAXX,-0.33000000000000007,-0.0899043,1
43895,59,CBFB,0.06000000000000002,0.13761600000000002,1
43896,59,CBLB,0.18,0.1608713,1
43897,59,POLR2A,-0.24,0.13909979999999994,1
43898,59,PRKACA,0.14000000000000007,0.2572003,1
43899,59,DNM2,-0.07,-0.0239467,1
43900,59,RAP1GDS1,-0.04000000000000001,0.05758050000000003,1
43901,59,NCOR1,1.0100000000000002,0.9860608999999999,1
43902,59,NFKBIE,-0.39,-0.111379,1
43903,59,DDX3X,0.33000000000000007,0.2997125,1
43904,59,ELK4,0.03,0.0265863,1
43905,59,MLLT6,0.04,0.033803299999999994,1
43906,59,SRSF2,-3.25,-0.7439412000000001,1
43907,59,CTNNA1,0.17,0.1315543,1
43908,59,RBM10,0.12999999999999998,0.10319859999999999,1
43909,59,PTPRC,0.19,0.1935318,1
43910,59,HSP90AA1,0.9500000000000004,0.6633633000000002,1
43911,59,NSD1,0.24999999999999997,0.21294749999999998,0
43912,59,DICER1,0.21,0.22245010000000004,0
43913,59,BIRC6,0.11,0.0922637,0
43914,59,SDHC,0.2800000000000001,0.18449780000000005,0
43915,59,TFG,0.31,0.17089790000000002,0
43916,59,MAP2K2,0.26,0.18856469999999997,0
43917,59,TFRC,-0.31,-0.14564510000000003,0
43918,59,CREB1,0.8900000000000003,0.6558209,0
43919,59,POLG,0.01,0.0034926000000000002,0
43920,59,SETD2,0.6900000000000002,0.5747117999999999,0
43921,59,NAB2,-0.3,-0.1047332,0
43922,59,HIF1A,1.5900000000000007,1.1203683,0
43923,59,FLCN,0.030000000000000002,0.030143700000000002,0
43924,59,MAP2K4,6.938893903907228e-18,0.0756457,0
43925,59,CNOT3,-0.020000000000000004,-0.002850200000000004,0
43926,59,CIITA,0.1,0.0656406,0
43927,59,LSM14A,0.1,0.08443160000000001,0
43928,59,AKAP9,-0.07999999999999999,-0.021440999999999998,0
43929,59,MSN,-0.30999999999999994,-0.060439400000000004,0
43930,59,BCR,0.039999999999999994,0.044903000000000005,0
43931,59,TRRAP,0.04999999999999996,0.14062239999999998,0
43932,59,PPP6C,-0.16999999999999998,-0.0834187,0
43933,59,NCOA4,-0.19999999999999998,-0.1112007,0
43934,59,BCL9,0.13999999999999999,0.10796839999999999,0
43935,59,PRCC,0.02,0.021424199999999997,0
43936,59,LARP4B,0.01,0.0057435,0
43937,59,CHD2,0.01,0.0077227,0
43938,59,ASXL1,0.6100000000000001,0.5207940000000001,0
43939,59,SMARCA4,1.3500000000000008,0.9842884000000003,0
43940,59,ERC1,-0.02,-0.0154166,0
43941,59,DCTN1,-0.28,-0.1254934,0
43942,59,PIK3R1,1.3900000000000008,0.9771641000000002,0
43943,59,EED,0.009999999999999978,0.043862000000000005,0
43944,59,CNBP,0.0,0.0,0
43945,59,SGK1,0.31,0.17862959999999997,0
43946,59,MLLT10,-0.10999999999999999,-0.041048,0
43947,59,BRD4,0.9900000000000003,0.7470705000000001,0
43948,59,RANBP2,0.16999999999999998,0.21375139999999992,0
43949,59,FBXO11,0.060000000000000005,0.048293600000000006,0
43950,59,PML,0.37999999999999995,0.27337,0
43951,59,AKT2,0.9900000000000002,0.6637856999999999,0
43952,59,CEP89,0.06,0.0346486,0
43953,59,LZTR1,0.049999999999999996,0.06461829999999999,0
43954,59,YWHAE,0.31000000000000005,0.19679100000000002,0
43955,59,DNAJB1,-0.06999999999999999,-0.022755299999999992,0
43956,59,PRDM2,0.02,0.0144184,0
43957,59,TPM4,0.45000000000000007,0.2844074,0
43958,59,CREBBP,1.800000000000001,1.455722,0
43959,59,PMS2,0.6500000000000001,0.5724471000000001,0
43960,59,DDR2,0.04,0.025962199999999994,0
43961,59,FANCA,0.33,0.26568820000000004,0
43962,59,PDE4DIP,0.05,0.033204500000000005,0
43963,59,USP8,-0.08,-0.039910400000000006,0
43964,59,MYH9,-0.32999999999999996,-0.07304429999999998,0
43965,59,MYC,-1.0700000000000003,-0.38055530000000004,0
43966,59,NBN,0.54,0.40574040000000006,0
43967,59,CCND3,-0.07,0.014294699999999999,0
43968,59,TRIP11,-0.12,-0.0792698,0
43969,59,CNTRL,-0.04000000000000001,-0.0252295,0
43970,59,PIK3CA,1.3600000000000008,0.9868313000000002,0
43971,59,DDX5,0.29000000000000004,0.2540816000000001,0
43972,59,PICALM,3.469446951953614e-18,0.0030201000000000047,0
43973,59,RARA,0.4600000000000001,0.33098150000000004,0
43974,59,DDX6,-0.05,0.0552793,0
43975,59,COL1A1,0.09,0.10921840000000001,0
43976,59,VHL,0.18000000000000002,0.1235725,0
43977,59,MAPK1,1.4700000000000006,0.9118040999999996,0
43978,59,SRC,-0.19999999999999996,0.13141520000000004,0
43979,59,NFE2L2,0.22,0.15436179999999997,0
43980,59,MITF,-0.23,-0.0410906,0
43981,59,SMAD3,1.2200000000000009,0.9171619,0
43982,59,RBM15,0.06000000000000001,0.05206990000000001,0
43983,59,ATR,0.6900000000000003,0.5657346000000001,0
43984,59,EPAS1,0.38999999999999996,0.3406341000000001,0
43985,59,TPM3,0.22999999999999998,0.1618331,0
43986,59,RPL10,0.12,0.10772190000000001,0
43987,59,STAG1,0.16,0.1531204,0
43988,59,SBDS,-0.06,-0.021204800000000003,0
43989,59,KMT2D,0.9600000000000004,0.7076022000000001,0
43990,59,MED12,0.28,0.2247087,0
43991,59,BCLAF1,-0.020000000000000004,0.0280887,0
43992,59,ASPSCR1,0.019999999999999997,0.019040899999999993,0
43993,59,CDK12,0.33999999999999997,0.2415864,0
43994,59,EWSR1,0.45999999999999996,0.35816960000000003,0
43995,59,NDRG1,-0.05,-0.016257800000000003,0
43996,59,PSIP1,-0.21000000000000002,-0.1068814,0
43997,59,TRIM33,0.04,0.040914,0
43998,59,MTOR,1.2800000000000005,0.9007158999999999,0
43999,59,ARHGAP35,0.12000000000000001,0.13835540000000002,0
44000,59,POT1,-0.04000000000000001,-0.001296199999999999,0
44001,59,EXT1,0.1,0.060945000000000006,0
44002,59,IL6ST,0.29,0.2229836,0
44003,59,IDH2,0.19000000000000003,0.1358713,0
44004,59,SMARCE1,0.43,0.25676829999999995,0
44005,59,CRTC3,0.08,0.06177260000000001,0
44006,59,TSC1,0.26,0.250865,0
44007,59,BCOR,-0.17999999999999997,-0.015021,0
44008,59,SDHA,0.24,0.13894570000000003,0
44009,59,EP300,1.6800000000000013,1.3564279999999989,0
44010,59,HNRNPA2B1,0.17,0.16714610000000008,0
44011,59,CLIP1,-0.11,-0.0588018,0
44012,59,PATZ1,-0.47000000000000003,-0.12083260000000001,0
44013,59,FUBP1,-0.12,-0.0016872999999999975,0
44014,59,HLA-A,-0.19000000000000006,-0.002074499999999993,0
44015,59,CCNC,-0.07,-0.024478399999999997,0
44016,59,RPN1,-0.27,-0.07301850000000001,0
44017,59,TCF7L2,0.049999999999999975,0.09719620000000002,0
44018,59,CANT1,0.08000000000000002,0.04756750000000001,0
44019,59,RPL5,-0.63,-0.1756411,0
44020,59,CCDC6,-0.009999999999999967,0.040303600000000016,0
44021,59,NCKIPSD,0.03,0.0172626,0
44022,59,SMARCD1,0.43,0.291061,0
44023,59,BCL10,0.019999999999999997,0.0376681,0
44024,59,MAX,-0.019999999999999993,0.009359400000000002,0
44025,59,HERPUD1,0.0,0.0,0
44026,59,RAC1,-0.18,0.02645159999999999,0
44027,59,FLNA,0.06999999999999998,0.0848136,0
44028,59,TFE3,-0.4200000000000001,-0.1812227,0
44029,59,NCOR2,0.7200000000000002,0.5281079,0
44030,59,PRPF40B,-1.734723475976807e-18,0.0002198999999999977,0
44031,59,BCL3,-0.05000000000000001,-0.004680999999999998,0
44032,59,TFPT,-0.24000000000000002,-0.08710240000000001,0
44033,59,MLH1,0.84,0.7047798000000002,0
44034,59,ARHGAP5,0.13,0.10911980000000002,0
44035,59,CIC,0.0,0.0,0
44036,59,LYN,0.8600000000000001,0.5978206,0
44037,59,TCF12,0.27999999999999997,0.2160433,0
44038,59,KLF6,0.04,0.0218975,0
44039,59,KMT2C,1.0000000000000002,0.7911729000000001,0
44040,59,PIM1,-0.12999999999999998,-0.041190299999999985,0
44041,59,CCND1,1.2300000000000006,0.7749425000000002,0
44042,59,MLLT1,-1.0300000000000002,-0.30429039999999996,0
44043,59,MEN1,-0.09000000000000001,-0.018847200000000005,0
44044,59,CUL3,0.14,0.1447786,0
44045,59,RB1,0.63,0.49029340000000016,0
44046,59,LPP,-0.06000000000000001,-0.01591800000000001,0
44047,59,BUB1B,-0.13,-0.0630837,0
44048,59,SMAD4,1.4600000000000009,1.0908866000000002,0
44049,59,FGFR1,0.26,0.1681904,0
44050,59,TMSB4X,0.04,0.0315944,0
44051,59,CDK4,0.48,0.33194200000000007,0
44052,59,MSI2,0.01,0.007392300000000001,0
44053,59,MSH6,0.9400000000000004,0.7232877,0
44054,59,BRAF,0.9800000000000005,0.8863358,0
44055,59,TCEA1,-0.05000000000000002,0.007826499999999997,0
44056,59,TNFAIP3,0.10999999999999999,0.11045649999999999,0
44057,59,RABEP1,0.0,-0.0017870999999999963,0
44058,59,GMPS,-0.05,-0.03292489999999999,0
44059,59,MDM2,1.2800000000000007,0.8596898999999996,0
44060,59,NSD2,0.16999999999999998,0.11454730000000002,0
44061,59,CASP8,-0.10999999999999999,0.14857209999999998,0
44062,59,PER1,-0.25,-0.050687,0
44063,59,UBR5,-0.06999999999999998,-0.027826299999999995,0
44064,59,EIF3E,-0.039999999999999994,0.0528526,0
44065,59,RFWD3,0.03,0.0271818,0
44066,59,BRD3,0.10999999999999999,0.09277549999999998,0
44067,59,PAFAH1B2,0.02,0.015329200000000001,0
44068,59,EXT2,0.0,0.0012840000000000074,0
44069,59,PLCG1,0.52,0.3674301,0
44070,59,SF3B1,-0.31,-0.1192225,0
44071,59,ARHGEF10L,0.02,0.0103962,0
44072,59,NFATC2,0.2,0.1414712,0
44073,59,SDHD,0.29000000000000004,0.16789410000000002,0
44074,59,PABPC1,-0.8500000000000001,-0.20671889999999996,0
44075,59,POLD1,-0.33999999999999997,-0.06642630000000001,0
44076,59,CALR,0.01999999999999999,0.02583810000000001,0
44077,59,PIK3CB,0.51,0.4418129,0
44078,59,PPM1D,0.19000000000000003,0.1421839,0
44079,59,ATRX,0.8600000000000004,0.7041045000000001,0
44080,59,DGCR8,0.15,0.09330530000000001,0
44081,59,DDX10,0.1,0.06300349999999999,0
44082,59,DROSHA,0.41000000000000003,0.29696089999999997,0
44083,59,TNFRSF14,-0.12,-0.0443292,0
44084,59,BCL9L,0.13,0.08915719999999999,0
44085,59,QKI,-0.08,-0.049923199999999994,0
44086,59,BAZ1A,0.01,0.0069,0
44087,59,CHD4,0.14999999999999997,0.1414239,0
44088,59,NSD3,0.05000000000000001,0.0534694,0
44089,59,NT5C2,0.15,0.0860852,0
44090,59,CCNB1IP1,0.1,0.0421952,0
44091,59,PCBP1,-0.69,-0.20971269999999997,0
44092,59,RALGDS,0.13,0.0889405,0
44093,59,ARHGEF12,-0.03,-0.0018430000000000026,0
44094,59,HSP90AB1,0.9700000000000002,0.65009,0
44095,59,FOXO3,1.2800000000000005,0.8769394,0
44096,59,HIP1,-0.02,-0.012714000000000001,0
44097,59,CDC73,-0.1,0.0075318999999999985,0
44098,59,NIN,0.03,0.023627899999999993,0
44099,59,MDM4,0.1,0.1522335,0
44100,59,COL3A1,0.16,0.14146129999999996,0
44101,59,CTNND1,0.10000000000000002,0.11539990000000001,0
44102,59,SPOP,-0.04000000000000001,0.003860299999999999,0
44103,59,TMEM127,0.020000000000000004,0.0390948,0
44104,59,CREB3L2,0.07,0.043324800000000004,0
44105,59,MSH2,0.9300000000000004,0.6699281999999999,0
44106,59,FNBP1,-0.04,-0.0130752,0
44107,59,ATF1,0.020000000000000007,0.0110414,0
44108,59,EIF1AX,-0.45999999999999996,-0.21605080000000002,0
44109,59,PMS1,0.47000000000000003,0.3656925000000001,0
44110,59,DEK,0.07,0.0808619,0
44111,59,ERBB2,1.0200000000000005,0.6504753,0
44112,59,AKT1,0.8100000000000003,0.5409158000000001,0
44113,59,CHEK2,0.17,0.28593739999999995,0
44114,59,SDHB,0.39999999999999997,0.2501591,0
44115,59,NCOA1,0.44,0.3081394,0
44116,59,CHIC2,0.04,0.0189972,0
44117,59,RUNX1,0.5800000000000005,0.6535318999999999,0
44118,59,STAT6,0.24000000000000002,0.16999630000000002,0
44119,59,FH,-0.2,-0.0703185,0
44120,59,AKT3,0.9900000000000004,0.6783667999999999,0
44121,59,GNAS,0.22999999999999995,0.14788130000000002,0
44122,59,CTNNB1,1.4300000000000006,0.9535292999999999,0
44123,59,NONO,0.11,0.0785906,0
44124,59,SMARCB1,0.9400000000000004,0.6842303999999998,0
44125,59,PRKAR1A,0.11,0.10150440000000001,0
44126,59,ITGAV,0.039999999999999994,0.0403437,0
44127,59,SS18,0.41000000000000003,0.2660395,0
44128,59,MAP2K1,1.0500000000000005,0.6427710999999998,0
44129,59,SIRPA,-0.01,-0.004806699999999999,0
44130,59,PPFIBP1,0.36,0.2312975,0
44131,59,RPL22,-0.15,0.0708513,0
44132,59,CYLD,0.29000000000000004,0.22781680000000004,0
44133,59,ARID1B,0.6399999999999999,0.47072149999999996,0
44134,59,SETDB1,0.31,0.2185908,0
44135,59,AFDN,-0.4,-0.14402209999999996,0
44136,59,ZRSR2,0.31000000000000005,0.22922659999999997,0
44137,59,PBRM1,0.9100000000000004,0.6537842999999998,0
44138,59,XPC,0.6200000000000001,0.4205081,0
44139,59,ASXL2,0.22000000000000003,0.14498060000000002,0
44140,59,TRIM24,-0.16,-0.0645782,0
44141,59,SFPQ,-0.08999999999999997,0.009281000000000005,0
44142,59,NCOA2,0.52,0.36230330000000005,0
44143,59,FOXO4,0.45000000000000007,0.29445799999999994,0
44144,59,LEF1,0.1,0.09061309999999999,0
44145,59,B2M,-0.5300000000000001,-0.2047265,0
44146,59,DDIT3,-0.41000000000000003,-0.0990961,0
44147,59,BCL6,0.5000000000000001,0.35265499999999994,0
44148,59,KRAS,-1.1500000000000001,-0.30058150000000006,0
44149,59,FAT1,0.05000000000000001,0.0481103,0
44150,59,ABL2,0.09000000000000001,0.06434959999999999,0
44151,59,NF1,0.8600000000000003,0.6997184999999999,0
44152,59,BTG1,-0.02,-0.0103378,0
44153,59,EIF4A2,0.09999999999999998,0.0743515,0
44154,59,SET,0.18,0.1493116,0
44155,59,EPS15,0.03,0.031211900000000008,0
44156,59,RNF213,0.04,0.0308921,0
44157,59,CTCF,0.8400000000000003,0.6012028000000001,0
44158,59,WDCP,0.11000000000000001,0.07108600000000001,0
44159,59,KAT7,0.13,0.1022082,0
44160,59,KDM5C,0.19,0.1706624,0
44161,59,TGFBR2,0.23999999999999996,0.1750731,0
44162,59,ATM,1.2800000000000007,1.0311704,0
44163,59,NUMA1,-0.01,0.0017692000000000029,0
44164,59,STAT3,1.4400000000000008,1.1336061,0
44165,59,SUB1,-0.24000000000000002,-0.0893775,0
44166,59,NUP98,0.07999999999999999,0.1040864,0
44167,59,ELL,0.02000000000000001,0.026267499999999996,0
44168,59,MAP3K1,0.43,0.32669719999999997,0
44169,59,MALT1,0.17000000000000004,0.1596411,0
44170,59,XPO1,0.29000000000000004,0.24696819999999997,0
44171,59,SETD1B,0.15,0.10576339999999998,0
44172,59,ETV6,-0.18999999999999997,-0.0679735,0
44173,59,TBL1XR1,0.19000000000000003,0.1244541,0
44174,59,NUP214,0.04,0.109132,0
44175,59,TPR,0.08000000000000002,0.08777479999999999,0
44176,59,ATIC,-0.030000000000000016,0.009173999999999998,0
44177,59,NACA,0.22000000000000003,0.1452977,0
44178,59,MYO5A,0.009999999999999998,0.0085597,0
44179,59,SMC1A,0.5900000000000001,0.48550099999999996,0
44180,59,LASP1,-0.23,-0.1263777,0
44181,59,ERCC5,0.45,0.30271710000000007,0
44182,59,JUN,0.09999999999999996,0.23542319999999994,0
44183,59,THRAP3,0.09,0.0725868,0
44184,59,STAG2,0.4699999999999999,0.37793750000000004,0
44185,59,RAF1,1.0900000000000003,0.7663650000000003,0
44186,59,ERCC3,0.47000000000000003,0.3857275,0
44187,59,SMAD2,0.5900000000000002,0.5226059000000001,0
44188,59,TAF15,0.16000000000000003,0.13296,0
44189,59,ARNT,0.30000000000000004,0.24638500000000005,0
44190,59,CLTC,-0.5900000000000001,-0.3333227,0
44191,59,IKBKB,0.5500000000000003,0.4341620999999999,0
44192,59,IDH1,-0.5700000000000001,-0.15525660000000002,0
44193,59,SND1,-0.009999999999999997,-0.002674799999999998,0
44194,59,KNSTRN,0.03,0.0243033,0
44195,59,RHOA,-1.2100000000000002,-0.3087773000000001,0
44196,59,PALB2,0.5,0.4417154000000001,0
44197,59,ARID2,0.7400000000000002,0.5525641,0
44198,59,EZR,-0.05,0.017374499999999987,0
44199,59,TP53,-0.7999999999999998,-0.023511299999999947,0
44200,59,ARAF,0.37,0.2008822,0
44201,59,KIF5B,0.4,0.2919563,0
44202,59,KAT6A,0.19999999999999996,0.190555,0
44203,59,KTN1,-0.09000000000000001,-0.024749299999999995,0
44204,59,GOLGA5,-0.13,-0.0843696,0
44205,59,KDM5A,0.22,0.2003525,0
44206,59,RAD21,0.42000000000000004,0.33266369999999995,0
44207,59,GNAQ,0.13000000000000003,0.09427479999999999,0
44208,59,CAMTA1,0.01,0.0056752,0
44209,59,ERCC2,0.5900000000000001,0.4092973000000001,0
44210,59,EZH2,1.8000000000000012,1.1520217000000004,0
44211,59,TOP1,0.16999999999999998,0.1265218,0
44212,59,SRSF3,-0.21000000000000002,-0.04712339999999999,0
44213,59,NPM1,-0.08999999999999998,0.0934267,0
44214,59,BAX,-0.53,-0.1558998,0
44215,59,NOTCH2,0.28,0.2199026,0
44216,59,TRAF7,0.03,0.022248599999999997,0
44217,59,KDM6A,0.9600000000000004,0.8065575999999998,0
44218,59,SPEN,0.09999999999999999,0.0749748,0
44219,59,TRIM27,-0.42000000000000004,-0.1519627,0
44220,59,CRTC1,0.15000000000000002,0.1162985,0
44221,59,EML4,0.26000000000000006,0.20577570000000003,0
44222,59,USP9X,-0.06,-0.0349999,0
44223,59,PTPRK,0.01,0.0067127,0
44224,59,CD74,-0.09000000000000001,0.008882399999999999,0
44225,59,CBL,0.5599999999999999,0.41274890000000003,0
44226,59,ZNF384,-0.07,-0.03452689999999999,0
44227,59,NOTCH1,1.0100000000000005,0.7434179,0
44228,59,COX6C,-0.13,-0.05552290000000001,0
44229,59,CHCHD7,0.03,0.0201807,0
44230,59,HMGA1,-0.11000000000000001,-0.0506563,0
44231,59,PTEN,1.5300000000000007,1.2264933999999996,0
44232,59,FIP1L1,-0.039999999999999994,-0.0278687,0
44233,59,JAK1,0.7800000000000002,0.6070473000000001,0
44234,59,ZMYM2,-0.07,-0.0477206,0
44235,59,SUZ12,0.7900000000000003,0.5478656000000001,0
44236,59,FUS,-0.07,0.1523738,0
44237,59,BAP1,-0.010000000000000004,0.02219300000000001,0
44238,59,ZCCHC8,-0.08,-0.0214168,0
44239,59,CRNKL1,-0.03,-0.017407699999999998,0
44240,59,RAD17,0.12000000000000001,0.0878728,0
44241,59,ATP1A1,0.0,-0.00018920000000000048,0
44242,59,DNMT3A,0.9100000000000004,0.6735612999999999,0
44243,59,FBXW7,1.0600000000000003,0.8167631,0
44244,59,WWTR1,-0.13,-0.0662955,0
44245,59,CDKN1B,0.6500000000000001,0.4178166000000001,0
44246,59,KMT2A,0.43000000000000005,0.36383619999999994,0
44247,59,PTPN11,0.9800000000000004,0.7199932999999998,0
44248,59,STAT5B,0.6900000000000002,0.5197593,0
44249,59,CUX1,-0.09,-0.0599153,0
44250,59,ABI1,-0.34,-0.12250230000000001,0
44251,59,BRCA1,1.7700000000000014,1.3682956000000002,0
44252,59,SH2B3,0.019999999999999997,0.017298599999999997,0
44253,59,AFF4,0.08000000000000002,0.06670670000000001,0
44254,59,NF2,0.029999999999999985,0.07685249999999999,0
44255,59,LMNA,0.010000000000000018,0.031765699999999994,0
44256,59,TSC2,0.6100000000000001,0.47764179999999995,0
44257,59,GOLPH3,-0.12000000000000001,-0.0707588,0
44258,59,PCM1,-0.060000000000000005,-0.04096010000000001,0
44259,59,PPP2R1A,-0.5900000000000002,-0.20654790000000003,0
44260,59,ARID1A,1.7800000000000011,1.2803986,0
44261,59,ABL1,0.24000000000000007,0.209832,0
44262,59,AFF1,0.15,0.13009930000000003,0
44263,59,DAXX,-0.36,-0.08271649999999998,0
44264,59,CBFB,0.10999999999999996,0.0893282,0
44265,59,CBLB,0.14,0.1093636,0
44266,59,POLR2A,0.02999999999999997,0.18665309999999993,0
44267,59,PRKACA,0.34,0.24814109999999995,0
44268,59,DNM2,-0.09000000000000001,-0.0414949,0
44269,59,RAP1GDS1,-0.06,-0.031462199999999996,0
44270,59,NCOR1,0.8400000000000003,0.7590946,0
44271,59,NFKBIE,-0.22000000000000003,-0.0821588,0
44272,59,DDX3X,0.11,0.12206699999999997,0
44273,59,ELK4,0.02,0.014416199999999999,0
44274,59,MLLT6,0.1,0.0784471,0
44275,59,SRSF2,-1.18,-0.3352955000000001,0
44276,59,CTNNA1,0.09999999999999999,0.0711158,0
44277,59,RBM10,0.22,0.15224339999999997,0
44278,59,PTPRC,0.13999999999999999,0.13354510000000003,0
44279,59,HSP90AA1,0.9300000000000004,0.6065092,0
44280,60,NSD1,0.33,0.2769215,1
44281,60,DICER1,0.18,0.23509910000000003,1
44282,60,BIRC6,0.12,0.11260799999999999,1
44283,60,SDHC,0.3899999999999999,0.3024802,1
44284,60,TFG,0.17,0.10280040000000001,1
44285,60,MAP2K2,0.26,0.1904346,1
44286,60,TFRC,-0.24,-0.0919922,1
44287,60,CREB1,0.9000000000000006,0.7569634000000001,1
44288,60,POLG,-0.01,-0.0029920999999999997,1
44289,60,SETD2,0.6100000000000003,0.5577203000000002,1
44290,60,NAB2,-0.43,-0.14013979999999998,1
44291,60,HIF1A,1.5700000000000007,1.2059281000000004,1
44292,60,FLCN,-0.039999999999999994,0.0129288,1
44293,60,MAP2K4,0.0,0.09394350000000001,1
44294,60,CNOT3,0.04999999999999999,0.0479329,1
44295,60,CIITA,0.1,0.0657516,1
44296,60,LSM14A,0.14,0.11550850000000001,1
44297,60,AKAP9,-0.1,-0.010549899999999994,1
44298,60,MSN,-0.21000000000000002,-0.06278480000000002,1
44299,60,BCR,-0.05000000000000002,0.024823300000000003,1
44300,60,TRRAP,0.06999999999999999,0.21793480000000004,1
44301,60,PPP6C,-0.16999999999999998,-0.07216439999999999,1
44302,60,NCOA4,-0.12,-0.0379447,1
44303,60,BCL9,0.2,0.16405989999999998,1
44304,60,PRCC,0.12,0.0920757,1
44305,60,LARP4B,0.03,0.0223023,1
44306,60,CHD2,0.02,0.017029000000000002,1
44307,60,ASXL1,0.5000000000000002,0.4500858,1
44308,60,SMARCA4,1.890000000000001,1.4518100000000007,1
44309,60,ERC1,-0.03,-0.022861799999999998,1
44310,60,DCTN1,-0.06000000000000001,-0.0074911999999999965,1
44311,60,PIK3R1,1.1400000000000003,0.9513276,1
44312,60,EED,0.22,0.15162689999999998,1
44313,60,CNBP,0.02,0.012098800000000002,1
44314,60,SGK1,0.49,0.3406065,1
44315,60,MLLT10,-0.15000000000000002,-0.0746379,1
44316,60,BRD4,0.9800000000000002,0.8331969000000001,1
44317,60,RANBP2,0.28,0.2774596,1
44318,60,FBXO11,0.06,0.04939,1
44319,60,PML,0.3600000000000001,0.23823319999999998,1
44320,60,AKT2,1.1900000000000004,0.8600517,1
44321,60,CEP89,0.04,0.0237739,1
44322,60,LZTR1,0.07999999999999999,0.10371970000000001,1
44323,60,YWHAE,0.27,0.1691763,1
44324,60,DNAJB1,-0.1,-0.023501900000000003,1
44325,60,PRDM2,0.05,0.040249700000000006,1
44326,60,TPM4,0.53,0.371275,1
44327,60,CREBBP,1.880000000000001,1.5180064999999996,1
44328,60,PMS2,0.7300000000000002,0.6247712,1
44329,60,DDR2,3.469446951953614e-18,-0.0006214999999999971,1
44330,60,FANCA,0.43,0.35565630000000004,1
44331,60,PDE4DIP,0.07,0.053105900000000004,1
44332,60,USP8,-0.030000000000000002,-0.0149789,1
44333,60,MYH9,-0.44000000000000006,-0.12759050000000002,1
44334,60,MYC,-1.4200000000000002,-0.3273897,1
44335,60,NBN,0.6200000000000001,0.5000819000000001,1
44336,60,CCND3,-0.029999999999999995,0.021151699999999996,1
44337,60,TRIP11,-0.1,-0.07696610000000001,1
44338,60,CNTRL,-0.1,-0.0753869,1
44339,60,PIK3CA,1.2700000000000007,1.0932916999999998,1
44340,60,DDX5,0.3399999999999999,0.31305430000000006,1
44341,60,PICALM,3.469446951953614e-18,0.003631800000000001,1
44342,60,RARA,0.13,0.15649900000000003,1
44343,60,DDX6,0.010000000000000016,0.1017607,1
44344,60,COL1A1,0.20000000000000004,0.17769600000000005,1
44345,60,VHL,0.27,0.1968518,1
44346,60,MAPK1,1.5500000000000007,1.1185324,1
44347,60,SRC,-0.22000000000000003,0.1664138,1
44348,60,NFE2L2,0.23,0.20850660000000004,1
44349,60,MITF,-0.27,-0.0771238,1
44350,60,SMAD3,1.350000000000001,1.1838336999999999,1
44351,60,RBM15,0.08,0.0683706,1
44352,60,ATR,0.7400000000000002,0.5956546,1
44353,60,EPAS1,0.36,0.3481427000000001,1
44354,60,TPM3,0.19000000000000003,0.17414690000000002,1
44355,60,RPL10,0.08000000000000003,0.10840490000000003,1
44356,60,STAG1,0.13,0.1454752,1
44357,60,SBDS,-0.05,-0.0175657,1
44358,60,KMT2D,1.0400000000000005,0.8253344,1
44359,60,MED12,0.35000000000000003,0.2858698,1
44360,60,BCLAF1,-0.06,0.0161363,1
44361,60,ASPSCR1,-0.020000000000000004,-0.0020368000000000053,1
44362,60,CDK12,0.53,0.42335290000000003,1
44363,60,EWSR1,0.2799999999999999,0.29383469999999995,1
44364,60,NDRG1,-0.04000000000000001,-0.009948300000000002,1
44365,60,PSIP1,0.04,0.047477399999999996,1
44366,60,TRIM33,0.11,0.09587,1
44367,60,MTOR,1.1400000000000006,0.9136352,1
44368,60,ARHGAP35,0.2,0.1661487,1
44369,60,POT1,0.010000000000000002,0.0173832,1
44370,60,EXT1,0.11,0.08284760000000001,1
44371,60,IL6ST,0.32,0.27224740000000003,1
44372,60,IDH2,0.01000000000000001,0.0615417,1
44373,60,SMARCE1,0.4,0.283083,1
44374,60,CRTC3,0.09,0.0737982,1
44375,60,TSC1,0.31999999999999995,0.2976876,1
44376,60,BCOR,-0.10999999999999999,0.010269199999999992,1
44377,60,SDHA,0.26999999999999996,0.20331690000000002,1
44378,60,EP300,2.2900000000000005,1.8993106000000002,1
44379,60,HNRNPA2B1,0.52,0.3763995,1
44380,60,CLIP1,-0.12999999999999998,-0.0784663,1
44381,60,PATZ1,-0.5,-0.1388858,1
44382,60,FUBP1,-0.049999999999999996,0.02324,1
44383,60,HLA-A,-0.1,0.006053899999999984,1
44384,60,CCNC,-0.15000000000000002,-0.0664768,1
44385,60,RPN1,-0.21000000000000002,-0.07246050000000001,1
44386,60,TCF7L2,0.019999999999999973,0.0964173,1
44387,60,CANT1,0.020000000000000004,0.023357799999999998,1
44388,60,RPL5,-0.6699999999999999,-0.20570300000000002,1
44389,60,CCDC6,0.03999999999999998,0.0713995,1
44390,60,NCKIPSD,-0.030000000000000002,-0.0051695000000000005,1
44391,60,SMARCD1,0.43999999999999995,0.35872,1
44392,60,BCL10,0.05000000000000001,0.07155810000000001,1
44393,60,MAX,0.03,0.06663070000000001,1
44394,60,HERPUD1,-0.05,-0.0116335,1
44395,60,RAC1,-0.08000000000000002,0.0871891,1
44396,60,FLNA,0.04,0.0696723,1
44397,60,TFE3,-0.67,-0.2679777,1
44398,60,NCOR2,0.6300000000000002,0.5307978,1
44399,60,PRPF40B,0.03,0.017314499999999997,1
44400,60,BCL3,-0.16000000000000003,-0.03394249999999999,1
44401,60,TFPT,-0.39,-0.1233804,1
44402,60,MLH1,0.8200000000000003,0.7253430000000001,1
44403,60,ARHGAP5,0.09999999999999999,0.1047411,1
44404,60,CIC,0.0,0.0,1
44405,60,LYN,0.8100000000000002,0.6103911,1
44406,60,TCF12,0.31,0.2485876,1
44407,60,KLF6,0.06,0.038901200000000004,1
44408,60,KMT2C,1.0100000000000002,0.8172666999999999,1
44409,60,PIM1,-0.06000000000000001,0.004911000000000013,1
44410,60,CCND1,1.2100000000000004,0.7560883000000002,1
44411,60,MLLT1,-1.1800000000000002,-0.3244104,1
44412,60,MEN1,-0.33,-0.12888629999999995,1
44413,60,CUL3,0.12000000000000001,0.17942409999999998,1
44414,60,RB1,0.6500000000000001,0.5438441,1
44415,60,LPP,-0.13,-0.0335791,1
44416,60,BUB1B,-0.17,-0.06128829999999999,1
44417,60,SMAD4,1.610000000000001,1.2845233,1
44418,60,FGFR1,0.27999999999999997,0.24562,1
44419,60,TMSB4X,0.03,0.0233715,1
44420,60,CDK4,1.0100000000000005,0.6838665999999998,1
44421,60,MSI2,0.01,0.0076133,1
44422,60,MSH6,1.0200000000000005,0.8470216,1
44423,60,BRAF,1.2500000000000007,1.0599420999999998,1
44424,60,TCEA1,-0.09000000000000001,-0.0032543999999999976,1
44425,60,TNFAIP3,0.13,0.1056426,1
44426,60,RABEP1,-0.010000000000000002,-0.007051400000000003,1
44427,60,GMPS,-0.08,-0.0369594,1
44428,60,MDM2,1.0900000000000007,0.8513109999999999,1
44429,60,NSD2,0.24,0.182708,1
44430,60,CASP8,-0.08999999999999997,0.1336738,1
44431,60,PER1,-0.22000000000000003,-0.0723248,1
44432,60,UBR5,0.02,0.03810739999999999,1
44433,60,EIF3E,-0.009999999999999995,0.0384632,1
44434,60,RFWD3,0.020000000000000004,0.026051400000000002,1
44435,60,BRD3,0.06999999999999999,0.055838299999999993,1
44436,60,PAFAH1B2,0.03,0.0264663,1
44437,60,EXT2,0.020000000000000004,0.02001950000000001,1
44438,60,PLCG1,0.5499999999999998,0.43656919999999994,1
44439,60,SF3B1,-0.54,-0.2394597,1
44440,60,ARHGEF10L,0.04,0.022503199999999998,1
44441,60,NFATC2,0.24000000000000002,0.18372199999999997,1
44442,60,SDHD,0.34,0.245152,1
44443,60,PABPC1,-0.9299999999999999,-0.2597943999999999,1
44444,60,POLD1,-0.3699999999999999,-0.07413950000000001,1
44445,60,CALR,0.050000000000000024,0.0749644,1
44446,60,PIK3CB,0.7500000000000002,0.6033172000000001,1
44447,60,PPM1D,0.27,0.20942,1
44448,60,ATRX,0.9200000000000004,0.7834806000000001,1
44449,60,DGCR8,0.19,0.1451557,1
44450,60,DDX10,0.18,0.1377159,1
44451,60,DROSHA,0.5,0.39562179999999997,1
44452,60,TNFRSF14,-0.18,-0.06014159999999999,1
44453,60,BCL9L,0.13,0.0992143,1
44454,60,QKI,0.019999999999999997,0.015599500000000002,1
44455,60,BAZ1A,0.01,0.0076192000000000005,1
44456,60,CHD4,0.35,0.2879325,1
44457,60,NSD3,0.06,0.09133280000000002,1
44458,60,NT5C2,0.15000000000000002,0.093442,1
44459,60,CCNB1IP1,0.13,0.0637003,1
44460,60,PCBP1,-0.8699999999999999,-0.23524859999999997,1
44461,60,RALGDS,-0.060000000000000005,0.037877100000000004,1
44462,60,ARHGEF12,0.0,0.036188899999999996,1
44463,60,HSP90AB1,0.9400000000000002,0.6672767,1
44464,60,FOXO3,1.4700000000000009,1.1096522000000002,1
44465,60,HIP1,-0.01,-0.006858400000000001,1
44466,60,CDC73,0.049999999999999996,0.0750881,1
44467,60,NIN,-0.019999999999999993,-0.015501999999999998,1
44468,60,MDM4,0.14,0.17409170000000002,1
44469,60,COL3A1,0.24,0.19674019999999998,1
44470,60,CTNND1,0.13,0.1481807,1
44471,60,SPOP,0.09,0.1024744,1
44472,60,TMEM127,0.11000000000000001,0.0610566,1
44473,60,CREB3L2,0.12000000000000001,0.08064990000000001,1
44474,60,MSH2,1.0100000000000005,0.8384885999999999,1
44475,60,FNBP1,0.02,0.029817000000000003,1
44476,60,ATF1,0.13,0.0920265,1
44477,60,EIF1AX,-0.45000000000000007,-0.1908853,1
44478,60,PMS1,0.52,0.4005203,1
44479,60,DEK,0.15,0.1388414,1
44480,60,ERBB2,0.8800000000000003,0.5931105999999998,1
44481,60,AKT1,0.8800000000000001,0.5900483999999998,1
44482,60,CHEK2,0.5700000000000002,0.5728938,1
44483,60,SDHB,0.4,0.2996821,1
44484,60,NCOA1,0.38999999999999996,0.32359220000000005,1
44485,60,CHIC2,0.07,0.04648700000000001,1
44486,60,RUNX1,0.17,0.5805427000000002,1
44487,60,STAT6,0.4,0.3425977,1
44488,60,FH,-0.039999999999999994,0.014666899999999997,1
44489,60,AKT3,1.0700000000000003,0.7890339000000003,1
44490,60,GNAS,0.35,0.25038029999999994,1
44491,60,CTNNB1,1.3600000000000008,0.9569526000000003,1
44492,60,NONO,0.31000000000000005,0.2710604999999999,1
44493,60,SMARCB1,1.0300000000000005,0.7837343999999998,1
44494,60,PRKAR1A,0.19000000000000003,0.18256109999999995,1
44495,60,ITGAV,-0.039999999999999994,0.029222599999999987,1
44496,60,SS18,0.43,0.3113262,1
44497,60,MAP2K1,0.9900000000000002,0.6401444,1
44498,60,SIRPA,-0.05000000000000001,-0.008861700000000004,1
44499,60,PPFIBP1,0.38999999999999996,0.2891789,1
44500,60,RPL22,-0.16,0.08487449999999999,1
44501,60,CYLD,0.28,0.2184075,1
44502,60,ARID1B,0.8,0.6244734,1
44503,60,SETDB1,0.34,0.2471046,1
44504,60,AFDN,-0.36,-0.1189945,1
44505,60,ZRSR2,0.010000000000000009,0.005340499999999998,1
44506,60,PBRM1,0.9600000000000004,0.7288708,1
44507,60,XPC,0.5,0.31380230000000003,1
44508,60,ASXL2,0.24000000000000002,0.17140679999999997,1
44509,60,TRIM24,-0.17,-0.012660700000000004,1
44510,60,SFPQ,-0.33000000000000007,-0.08497,1
44511,60,NCOA2,0.5900000000000001,0.47745789999999994,1
44512,60,FOXO4,0.35,0.2324428,1
44513,60,LEF1,0.21,0.19401569999999996,1
44514,60,B2M,-0.21,-0.0892485,1
44515,60,DDIT3,-0.33,-0.10630519999999999,1
44516,60,BCL6,0.3800000000000001,0.3100909,1
44517,60,KRAS,-0.04999999999999999,0.14873679999999997,1
44518,60,FAT1,0.11,0.08023319999999999,1
44519,60,ABL2,0.04,0.04704319999999999,1
44520,60,NF1,1.2800000000000005,1.0405218,1
44521,60,BTG1,-0.04,-0.0193412,1
44522,60,EIF4A2,0.04,0.026756400000000007,1
44523,60,SET,0.17,0.1393519,1
44524,60,EPS15,0.09,0.07647390000000001,1
44525,60,RNF213,0.05,0.044148,1
44526,60,CTCF,0.9400000000000005,0.6629012,1
44527,60,WDCP,0.24000000000000002,0.1543726,1
44528,60,KAT7,0.15,0.12794060000000002,1
44529,60,KDM5C,0.18000000000000002,0.1614344,1
44530,60,TGFBR2,0.07,0.14384460000000002,1
44531,60,ATM,0.7900000000000005,0.8602479000000003,1
44532,60,NUMA1,0.01,0.017416799999999996,1
44533,60,STAT3,0.9200000000000005,0.8728603000000001,1
44534,60,SUB1,-0.09,-0.04303610000000001,1
44535,60,NUP98,0.14999999999999997,0.1636249,1
44536,60,ELL,0.020000000000000014,0.009875400000000001,1
44537,60,MAP3K1,0.43,0.34317169999999997,1
44538,60,MALT1,0.15999999999999998,0.1519687,1
44539,60,XPO1,0.4500000000000001,0.3786068,1
44540,60,SETD1B,0.25,0.20038550000000002,1
44541,60,ETV6,-0.020000000000000004,0.0336977,1
44542,60,TBL1XR1,0.23,0.1634293,1
44543,60,NUP214,-0.03999999999999997,0.14482590000000004,1
44544,60,TPR,0.09000000000000001,0.07924629999999999,1
44545,60,ATIC,0.13999999999999999,0.13891699999999998,1
44546,60,NACA,0.2,0.1114785,1
44547,60,MYO5A,0.01,0.0083656,1
44548,60,SMC1A,0.33000000000000007,0.4054425,1
44549,60,LASP1,-0.26,-0.12855,1
44550,60,ERCC5,0.39000000000000007,0.23175300000000001,1
44551,60,JUN,-1.0699999999999998,-0.1800476000000001,1
44552,60,THRAP3,0.06,0.04795340000000001,1
44553,60,STAG2,0.29,0.29657250000000007,1
44554,60,RAF1,0.9200000000000004,0.6985201000000001,1
44555,60,ERCC3,0.57,0.46381810000000007,1
44556,60,SMAD2,0.4700000000000002,0.5196455,1
44557,60,TAF15,0.21000000000000002,0.1724688,1
44558,60,ARNT,0.22999999999999998,0.20812840000000002,1
44559,60,CLTC,-0.7300000000000001,-0.3305073,1
44560,60,IKBKB,0.43000000000000005,0.40984160000000003,1
44561,60,IDH1,-0.53,-0.17448119999999998,1
44562,60,SND1,-0.010000000000000007,0.0169982,1
44563,60,KNSTRN,0.02,0.014466399999999999,1
44564,60,RHOA,-2.540000000000001,-0.6423855000000002,1
44565,60,PALB2,0.57,0.5159228000000001,1
44566,60,ARID2,0.8300000000000001,0.6551801,1
44567,60,EZR,-0.25,-0.0826967,1
44568,60,TP53,-0.21000000000000013,0.319433,1
44569,60,ARAF,0.39,0.23164789999999996,1
44570,60,KIF5B,0.5500000000000002,0.41782590000000003,1
44571,60,KAT6A,0.21,0.224933,1
44572,60,KTN1,-0.09000000000000001,-0.011554900000000007,1
44573,60,GOLGA5,-0.08,-0.0558952,1
44574,60,KDM5A,0.29000000000000004,0.2646847,1
44575,60,RAD21,0.56,0.4706992,1
44576,60,GNAQ,0.29,0.24359019999999995,1
44577,60,CAMTA1,0.05,0.0382162,1
44578,60,ERCC2,0.62,0.47999230000000004,1
44579,60,EZH2,1.7000000000000013,1.2920843,1
44580,60,TOP1,0.29000000000000004,0.23045200000000005,1
44581,60,SRSF3,-0.21000000000000002,-0.020107799999999974,1
44582,60,NPM1,0.1699999999999999,0.17621489999999992,1
44583,60,BAX,-0.69,-0.173649,1
44584,60,NOTCH2,0.29000000000000004,0.2430563,1
44585,60,TRAF7,0.01,0.0068511,1
44586,60,KDM6A,0.9100000000000004,0.8959690000000001,1
44587,60,SPEN,0.13,0.10108349999999999,1
44588,60,TRIM27,-0.52,-0.16041940000000002,1
44589,60,CRTC1,0.16,0.1251197,1
44590,60,EML4,0.30000000000000004,0.2948158999999999,1
44591,60,USP9X,-0.04,-0.031217299999999996,1
44592,60,PTPRK,0.0,0.0,1
44593,60,CD74,-0.18,-0.006822900000000022,1
44594,60,CBL,0.47000000000000003,0.4373158999999999,1
44595,60,ZNF384,0.04,0.031637700000000005,1
44596,60,NOTCH1,1.1700000000000006,0.8345105999999997,1
44597,60,COX6C,-0.17,-0.0464489,1
44598,60,CHCHD7,0.03,0.020245199999999998,1
44599,60,HMGA1,-0.05,-0.020044899999999997,1
44600,60,PTEN,1.3700000000000008,1.2481471999999993,1
44601,60,FIP1L1,-0.049999999999999996,-0.023475799999999998,1
44602,60,JAK1,0.8300000000000003,0.6878753,1
44603,60,ZMYM2,-0.009999999999999997,-0.006605299999999996,1
44604,60,SUZ12,0.7900000000000003,0.6455811,1
44605,60,FUS,-0.4,0.026909500000000006,1
44606,60,BAP1,-0.49,-0.19991600000000004,1
44607,60,ZCCHC8,-0.07,-0.020299300000000003,1
44608,60,CRNKL1,0.0,0.0005281999999999995,1
44609,60,RAD17,0.18999999999999997,0.1365379,1
44610,60,ATP1A1,0.03,0.017185699999999998,1
44611,60,DNMT3A,1.1100000000000003,0.8767165000000001,1
44612,60,FBXW7,1.0000000000000004,0.8349177999999998,1
44613,60,WWTR1,-0.08999999999999998,-0.037501799999999995,1
44614,60,CDKN1B,0.47000000000000003,0.35317919999999997,1
44615,60,KMT2A,0.3500000000000001,0.36887670000000006,1
44616,60,PTPN11,1.0400000000000007,0.8651789999999999,1
44617,60,STAT5B,0.6400000000000001,0.5332893000000001,1
44618,60,CUX1,-0.09,-0.06010019999999999,1
44619,60,ABI1,-0.28,-0.07481839999999998,1
44620,60,BRCA1,1.6600000000000013,1.3750879,1
44621,60,SH2B3,0.1,0.06543429999999999,1
44622,60,AFF4,-0.01999999999999999,0.0059665000000000065,1
44623,60,NF2,0.11,0.12749069999999998,1
44624,60,LMNA,0.049999999999999975,0.050643999999999995,1
44625,60,TSC2,0.8500000000000003,0.6784657000000002,1
44626,60,GOLPH3,-0.049999999999999996,-0.0377279,1
44627,60,PCM1,-0.05,-0.0406082,1
44628,60,PPP2R1A,-0.44999999999999996,-0.13364950000000003,1
44629,60,ARID1A,1.7700000000000011,1.3953672,1
44630,60,ABL1,-0.3299999999999999,0.0069397000000000555,1
44631,60,AFF1,0.11000000000000001,0.1221634,1
44632,60,DAXX,-0.45,-0.10763719999999999,1
44633,60,CBFB,0.08000000000000002,0.11069449999999997,1
44634,60,CBLB,0.17,0.149185,1
44635,60,POLR2A,-0.27999999999999997,0.09556530000000002,1
44636,60,PRKACA,0.18000000000000002,0.27539610000000003,1
44637,60,DNM2,-0.13,-0.05247890000000001,1
44638,60,RAP1GDS1,0.03,0.061227500000000025,1
44639,60,NCOR1,0.9500000000000003,0.8958294999999998,1
44640,60,NFKBIE,-0.32,-0.1050509,1
44641,60,DDX3X,0.31,0.2665322,1
44642,60,ELK4,0.03,0.0263517,1
44643,60,MLLT6,0.09,0.0727936,1
44644,60,SRSF2,-2.6799999999999997,-0.6732578999999999,1
44645,60,CTNNA1,0.17,0.1301785,1
44646,60,RBM10,0.20000000000000004,0.14642110000000003,1
44647,60,PTPRC,0.02000000000000003,0.11239360000000001,1
44648,60,HSP90AA1,0.7000000000000004,0.5448524999999999,1
44649,60,NSD1,0.3,0.24282269999999997,0
44650,60,DICER1,0.18999999999999997,0.20980170000000004,0
44651,60,BIRC6,0.08,0.0656215,0
44652,60,SDHC,0.29000000000000004,0.19917310000000002,0
44653,60,TFG,0.32,0.1822122,0
44654,60,MAP2K2,0.32,0.24694769999999996,0
44655,60,TFRC,-0.22,-0.10869430000000001,0
44656,60,CREB1,0.8800000000000003,0.6316245,0
44657,60,POLG,0.02,0.0080586,0
44658,60,SETD2,0.7400000000000002,0.6189609000000001,0
44659,60,NAB2,-0.3,-0.1055433,0
44660,60,HIF1A,1.5500000000000007,1.1066782999999998,0
44661,60,FLCN,0.05,0.042742499999999996,0
44662,60,MAP2K4,-0.060000000000000026,0.0595663,0
44663,60,CNOT3,-0.06,-0.019310699999999997,0
44664,60,CIITA,0.11000000000000001,0.07343369999999999,0
44665,60,LSM14A,0.08,0.0747838,0
44666,60,AKAP9,-0.06,-0.021913,0
44667,60,MSN,-0.2899999999999999,-0.05116519999999999,0
44668,60,BCR,0.060000000000000005,0.0486481,0
44669,60,TRRAP,0.08000000000000002,0.1462177,0
44670,60,PPP6C,-0.15000000000000002,-0.0758596,0
44671,60,NCOA4,-0.11000000000000001,-0.0597502,0
44672,60,BCL9,0.13,0.09967250000000001,0
44673,60,PRCC,0.08,0.054269300000000006,0
44674,60,LARP4B,-0.02,-0.0093568,0
44675,60,CHD2,0.01,0.007835100000000001,0
44676,60,ASXL1,0.33999999999999986,0.3742987000000001,0
44677,60,SMARCA4,0.9900000000000004,0.7765698000000002,0
44678,60,ERC1,-0.02,-0.0145504,0
44679,60,DCTN1,-0.17000000000000007,-0.0690756,0
44680,60,PIK3R1,1.3700000000000008,0.9606605000000001,0
44681,60,EED,0.010000000000000004,0.0566455,0
44682,60,CNBP,0.01,0.0052216,0
44683,60,SGK1,0.32,0.18720039999999996,0
44684,60,MLLT10,-0.13999999999999999,-0.052695299999999994,0
44685,60,BRD4,1.0200000000000005,0.7640621,0
44686,60,RANBP2,0.22,0.2308106,0
44687,60,FBXO11,0.07,0.053355700000000006,0
44688,60,PML,0.52,0.35711790000000004,0
44689,60,AKT2,0.8900000000000002,0.5954994,0
44690,60,CEP89,0.05,0.0278321,0
44691,60,LZTR1,0.020000000000000007,0.0629861,0
44692,60,YWHAE,0.26,0.1610302,0
44693,60,DNAJB1,-0.020000000000000004,0.0071319999999999925,0
44694,60,PRDM2,0.03,0.021699200000000002,0
44695,60,TPM4,0.45000000000000007,0.2898554,0
44696,60,CREBBP,1.680000000000001,1.3834461,0
44697,60,PMS2,0.6300000000000001,0.5675256,0
44698,60,DDR2,0.049999999999999996,0.031466,0
44699,60,FANCA,0.33999999999999997,0.2674849000000001,0
44700,60,PDE4DIP,0.05,0.0336071,0
44701,60,USP8,-0.08,-0.034648399999999996,0
44702,60,MYH9,-0.21000000000000005,-0.012477699999999986,0
44703,60,MYC,-0.8600000000000003,-0.2539334999999999,0
44704,60,NBN,0.52,0.3812666,0
44705,60,CCND3,-0.06000000000000001,0.0205161,0
44706,60,TRIP11,-0.12,-0.0790185,0
44707,60,CNTRL,-0.09,-0.0588683,0
44708,60,PIK3CA,1.620000000000001,1.1517999,0
44709,60,DDX5,0.23,0.23667250000000006,0
44710,60,PICALM,3.469446951953614e-18,0.0015638000000000006,0
44711,60,RARA,0.53,0.3612139999999999,0
44712,60,DDX6,-0.009999999999999988,0.07759210000000001,0
44713,60,COL1A1,0.14,0.13656549999999998,0
44714,60,VHL,0.24,0.17826470000000003,0
44715,60,MAPK1,1.550000000000001,0.9553917000000001,0
44716,60,SRC,-0.7399999999999998,-0.05552460000000002,0
44717,60,NFE2L2,0.23,0.15830560000000002,0
44718,60,MITF,-0.27,-0.05083180000000001,0
44719,60,SMAD3,1.320000000000001,0.9962077,0
44720,60,RBM15,0.07,0.0624417,0
44721,60,ATR,0.6800000000000002,0.5540186,0
44722,60,EPAS1,0.4599999999999999,0.39294789999999996,0
44723,60,TPM3,0.18,0.14520790000000003,0
44724,60,RPL10,0.13,0.1290682,0
44725,60,STAG1,0.12000000000000001,0.1282129,0
44726,60,SBDS,-0.07,-0.0256053,0
44727,60,KMT2D,0.9500000000000004,0.6895793,0
44728,60,MED12,0.30000000000000004,0.2362385,0
44729,60,BCLAF1,-0.07,0.008566399999999995,0
44730,60,ASPSCR1,0.009999999999999997,0.009874899999999999,0
44731,60,CDK12,0.28,0.2031695,0
44732,60,EWSR1,0.4099999999999999,0.31920919999999997,0
44733,60,NDRG1,-0.08,-0.0369782,0
44734,60,PSIP1,-0.26,-0.1203108,0
44735,60,TRIM33,0.019999999999999997,0.025091499999999992,0
44736,60,MTOR,1.2700000000000007,0.8919174000000002,0
44737,60,ARHGAP35,0.1,0.140044,0
44738,60,POT1,-0.05,-0.004155300000000001,0
44739,60,EXT1,0.11,0.07536100000000001,0
44740,60,IL6ST,0.29000000000000004,0.21811580000000003,0
44741,60,IDH2,0.25,0.1797872,0
44742,60,SMARCE1,0.39,0.2271332,0
44743,60,CRTC3,0.08,0.057507600000000006,0
44744,60,TSC1,0.35000000000000003,0.2978062,0
44745,60,BCOR,-0.13,-0.007881499999999996,0
44746,60,SDHA,0.25,0.1535062,0
44747,60,EP300,1.640000000000001,1.2738991,0
44748,60,HNRNPA2B1,0.18000000000000002,0.18424240000000006,0
44749,60,CLIP1,-0.09,-0.0477816,0
44750,60,PATZ1,-0.4,-0.1134806,0
44751,60,FUBP1,-0.16,-0.014559100000000005,0
44752,60,HLA-A,-0.07,0.0399662,0
44753,60,CCNC,-0.09,-0.03714219999999999,0
44754,60,RPN1,-0.29000000000000004,-0.06637919999999999,0
44755,60,TCF7L2,0.07999999999999999,0.09252959999999999,0
44756,60,CANT1,0.10000000000000002,0.062959,0
44757,60,RPL5,-0.6799999999999999,-0.17445909999999998,0
44758,60,CCDC6,-0.010000000000000009,0.036287200000000006,0
44759,60,NCKIPSD,0.04,0.022784699999999998,0
44760,60,SMARCD1,0.42,0.273315,0
44761,60,BCL10,0.02000000000000001,0.027451399999999997,0
44762,60,MAX,-0.010000000000000002,0.008835099999999999,0
44763,60,HERPUD1,0.01,0.004038900000000001,0
44764,60,RAC1,0.020000000000000018,0.109068,0
44765,60,FLNA,0.18000000000000002,0.15363540000000003,0
44766,60,TFE3,-0.4,-0.16224630000000004,0
44767,60,NCOR2,0.7600000000000001,0.5553742,0
44768,60,PRPF40B,-0.03,-0.0181339,0
44769,60,BCL3,-0.020000000000000004,0.0013410000000000097,0
44770,60,TFPT,-0.22,-0.0813842,0
44771,60,MLH1,0.8600000000000001,0.6892899,0
44772,60,ARHGAP5,0.14,0.11085339999999998,0
44773,60,CIC,-0.01,-0.0062158000000000005,0
44774,60,LYN,0.8600000000000003,0.5976258999999999,0
44775,60,TCF12,0.27999999999999997,0.20574579999999998,0
44776,60,KLF6,0.05,0.0279666,0
44777,60,KMT2C,0.9500000000000002,0.7599169,0
44778,60,PIM1,-0.17999999999999997,-0.05765049999999999,0
44779,60,CCND1,1.1500000000000008,0.7102158000000002,0
44780,60,MLLT1,-0.9300000000000002,-0.2754285000000001,0
44781,60,MEN1,0.07,0.0699828,0
44782,60,CUL3,0.14,0.11775400000000001,0
44783,60,RB1,0.69,0.4929285,0
44784,60,LPP,-0.06,-0.011816100000000006,0
44785,60,BUB1B,-0.18000000000000002,-0.09270879999999998,0
44786,60,SMAD4,1.2100000000000006,0.9081355999999998,0
44787,60,FGFR1,0.15999999999999998,0.11632379999999998,0
44788,60,TMSB4X,0.04,0.0307816,0
44789,60,CDK4,0.55,0.3759798,0
44790,60,MSI2,0.01,0.0070445,0
44791,60,MSH6,0.7500000000000001,0.5826505,0
44792,60,BRAF,0.9100000000000005,0.7618407999999999,0
44793,60,TCEA1,-0.09999999999999999,-0.018671700000000006,0
44794,60,TNFAIP3,0.16999999999999998,0.1326891,0
44795,60,RABEP1,0.010000000000000002,0.006082899999999999,0
44796,60,GMPS,-0.07,-0.03891290000000001,0
44797,60,MDM2,1.1600000000000006,0.7910129,0
44798,60,NSD2,0.17,0.1171223,0
44799,60,CASP8,0.029999999999999985,0.1831052,0
44800,60,PER1,-0.19,-0.0364445,0
44801,60,UBR5,-0.06999999999999998,-0.025909300000000003,0
44802,60,EIF3E,-0.04000000000000001,0.06805360000000002,0
44803,60,RFWD3,0.030000000000000002,0.031080000000000003,0
44804,60,BRD3,0.08000000000000002,0.0763067,0
44805,60,PAFAH1B2,0.02,0.0157008,0
44806,60,EXT2,0.0,0.00883740000000001,0
44807,60,PLCG1,0.56,0.39623309999999995,0
44808,60,SF3B1,-0.43,-0.1859332,0
44809,60,ARHGEF10L,0.02,0.0115352,0
44810,60,NFATC2,0.18,0.12334909999999998,0
44811,60,SDHD,0.21000000000000002,0.113959,0
44812,60,PABPC1,-0.9099999999999999,-0.21482550000000003,0
44813,60,POLD1,-0.14,-0.012473500000000002,0
44814,60,CALR,0.059999999999999984,0.053574,0
44815,60,PIK3CB,0.5299999999999999,0.4310547,0
44816,60,PPM1D,0.18000000000000002,0.13540390000000002,0
44817,60,ATRX,0.9600000000000006,0.7547918,0
44818,60,DGCR8,0.15,0.09225249999999999,0
44819,60,DDX10,0.1,0.0622751,0
44820,60,DROSHA,0.41000000000000003,0.28991999999999996,0
44821,60,TNFRSF14,-0.09,-0.0307427,0
44822,60,BCL9L,0.14,0.0939546,0
44823,60,QKI,-0.07,-0.041735499999999995,0
44824,60,BAZ1A,0.01,0.0067061,0
44825,60,CHD4,0.22,0.18315519999999996,0
44826,60,NSD3,0.030000000000000006,0.045244900000000005,0
44827,60,NT5C2,0.17,0.09929289999999999,0
44828,60,CCNB1IP1,0.11,0.053417299999999994,0
44829,60,PCBP1,-0.69,-0.20927980000000002,0
44830,60,RALGDS,0.15999999999999998,0.1161521,0
44831,60,ARHGEF12,-0.04,-0.008578000000000002,0
44832,60,HSP90AB1,1.0500000000000005,0.7070991999999999,0
44833,60,FOXO3,1.3000000000000007,0.8825582,0
44834,60,HIP1,-0.03,-0.0189151,0
44835,60,CDC73,-0.19,-0.03398650000000001,0
44836,60,NIN,0.009999999999999998,0.008617699999999999,0
44837,60,MDM4,0.12000000000000001,0.1585791,0
44838,60,COL3A1,0.15,0.1383486,0
44839,60,CTNND1,0.16,0.16068559999999998,0
44840,60,SPOP,0.03999999999999999,0.048209800000000004,0
44841,60,TMEM127,0.029999999999999985,0.040127399999999994,0
44842,60,CREB3L2,0.1,0.06177669999999999,0
44843,60,MSH2,0.8400000000000003,0.6025278,0
44844,60,FNBP1,0.0,0.006376800000000002,0
44845,60,ATF1,0.020000000000000007,0.013669700000000002,0
44846,60,EIF1AX,-0.54,-0.23573329999999998,0
44847,60,PMS1,0.5399999999999999,0.40285810000000005,0
44848,60,DEK,0.12,0.10807510000000001,0
44849,60,ERBB2,0.9900000000000003,0.6484095999999999,0
44850,60,AKT1,1.3000000000000007,0.8020589000000002,0
44851,60,CHEK2,0.32999999999999996,0.38110559999999993,0
44852,60,SDHB,0.41,0.2658538,0
44853,60,NCOA1,0.46,0.3214118,0
44854,60,CHIC2,0.030000000000000002,0.013445599999999999,0
44855,60,RUNX1,0.5900000000000005,0.6905260000000002,0
44856,60,STAT6,0.27,0.1836724,0
44857,60,FH,-0.16000000000000003,-0.047664099999999994,0
44858,60,AKT3,1.0300000000000005,0.6772896000000002,0
44859,60,GNAS,0.22999999999999998,0.14362930000000002,0
44860,60,CTNNB1,1.2400000000000004,0.8313661999999998,0
44861,60,NONO,0.12,0.0800901,0
44862,60,SMARCB1,0.9200000000000004,0.6554346999999999,0
44863,60,PRKAR1A,0.13,0.1109889,0
44864,60,ITGAV,0.049999999999999996,0.049079500000000005,0
44865,60,SS18,0.4,0.252915,0
44866,60,MAP2K1,1.0300000000000005,0.6509265000000003,0
44867,60,SIRPA,0.02,0.0112407,0
44868,60,PPFIBP1,0.38,0.24506650000000002,0
44869,60,RPL22,-0.16999999999999998,0.09120320000000004,0
44870,60,CYLD,0.29000000000000004,0.224463,0
44871,60,ARID1B,0.69,0.5044335,0
44872,60,SETDB1,0.32,0.2248231,0
44873,60,AFDN,-0.35,-0.12162849999999996,0
44874,60,ZRSR2,0.3500000000000001,0.24900080000000002,0
44875,60,PBRM1,0.9300000000000004,0.6552184999999999,0
44876,60,XPC,0.6300000000000001,0.41321920000000006,0
44877,60,ASXL2,0.23000000000000004,0.15352100000000002,0
44878,60,TRIM24,-0.25000000000000006,-0.1102415,0
44879,60,SFPQ,-0.08,0.00855319999999999,0
44880,60,NCOA2,0.56,0.385686,0
44881,60,FOXO4,0.44000000000000006,0.27338290000000004,0
44882,60,LEF1,0.060000000000000005,0.05786540000000001,0
44883,60,B2M,-0.4600000000000001,-0.16835970000000003,0
44884,60,DDIT3,-0.31,-0.0869606,0
44885,60,BCL6,0.6200000000000001,0.43512940000000006,0
44886,60,KRAS,-2.270000000000001,-0.5469126999999999,0
44887,60,FAT1,0.039999999999999994,0.04106250000000001,0
44888,60,ABL2,0.09000000000000001,0.0645677,0
44889,60,NF1,0.7800000000000002,0.6324902000000001,0
44890,60,BTG1,-0.02,-0.0103922,0
44891,60,EIF4A2,0.12,0.09529940000000002,0
44892,60,SET,0.15000000000000002,0.1292152,0
44893,60,EPS15,0.010000000000000002,0.020712500000000005,0
44894,60,RNF213,0.05,0.0405717,0
44895,60,CTCF,0.8900000000000003,0.6136283,0
44896,60,WDCP,0.11000000000000001,0.0822031,0
44897,60,KAT7,0.09999999999999999,0.07858380000000001,0
44898,60,KDM5C,0.15,0.1368845,0
44899,60,TGFBR2,0.22999999999999995,0.1647016,0
44900,60,ATM,1.3800000000000008,1.0574793,0
44901,60,NUMA1,-0.04,-0.0137049,0
44902,60,STAT3,1.4900000000000009,1.1488177000000002,0
44903,60,SUB1,-0.25,-0.091148,0
44904,60,NUP98,0.1,0.12814039999999996,0
44905,60,ELL,0.00999999999999999,0.020402199999999995,0
44906,60,MAP3K1,0.41000000000000003,0.3041246,0
44907,60,MALT1,0.16,0.1361552,0
44908,60,XPO1,0.24999999999999997,0.2097339,0
44909,60,SETD1B,0.15,0.10830310000000001,0
44910,60,ETV6,-0.15,-0.0466833,0
44911,60,TBL1XR1,0.21000000000000002,0.1356795,0
44912,60,NUP214,0.039999999999999994,0.10564800000000002,0
44913,60,TPR,0.05,0.0745345,0
44914,60,ATIC,0.06,0.0640226,0
44915,60,NACA,0.24,0.1708394,0
44916,60,MYO5A,-0.010000000000000002,-0.0016562,0
44917,60,SMC1A,0.66,0.5154121,0
44918,60,LASP1,-0.22000000000000003,-0.1217676,0
44919,60,ERCC5,0.5,0.31180939999999996,0
44920,60,JUN,0.42000000000000015,0.37282,0
44921,60,THRAP3,0.09999999999999999,0.08263960000000001,0
44922,60,STAG2,0.54,0.39079189999999997,0
44923,60,RAF1,1.1300000000000003,0.7921382999999999,0
44924,60,ERCC3,0.5499999999999999,0.4355181,0
44925,60,SMAD2,0.5000000000000001,0.46396329999999997,0
44926,60,TAF15,0.13,0.1150548,0
44927,60,ARNT,0.32999999999999996,0.2605686,0
44928,60,CLTC,-0.47,-0.23875909999999997,0
44929,60,IKBKB,0.5700000000000003,0.4708434,0
44930,60,IDH1,-0.53,-0.1333937,0
44931,60,SND1,0.01,0.008874300000000002,0
44932,60,KNSTRN,0.04,0.032664,0
44933,60,RHOA,-0.97,-0.22675429999999996,0
44934,60,PALB2,0.6200000000000001,0.5011039,0
44935,60,ARID2,0.7200000000000002,0.5261678999999999,0
44936,60,EZR,-0.08,0.01277,0
44937,60,TP53,-0.9099999999999998,-0.10191380000000007,0
44938,60,ARAF,0.4600000000000001,0.2598206,0
44939,60,KIF5B,0.3900000000000001,0.27062270000000005,0
44940,60,KAT6A,0.23,0.20351740000000001,0
44941,60,KTN1,-0.1,-0.0344198,0
44942,60,GOLGA5,-0.13,-0.08421880000000001,0
44943,60,KDM5A,0.24999999999999997,0.2216055,0
44944,60,RAD21,0.45000000000000007,0.33702429999999994,0
44945,60,GNAQ,0.13,0.08728949999999999,0
44946,60,CAMTA1,0.02,0.0121154,0
44947,60,ERCC2,0.64,0.44628130000000005,0
44948,60,EZH2,1.8700000000000012,1.1541552,0
44949,60,TOP1,0.09,0.07893970000000002,0
44950,60,SRSF3,-0.5399999999999999,-0.1511224,0
44951,60,NPM1,-0.13999999999999999,0.08312230000000001,0
44952,60,BAX,-0.42000000000000004,-0.14275110000000002,0
44953,60,NOTCH2,0.28,0.21986150000000002,0
44954,60,TRAF7,0.03,0.0222594,0
44955,60,KDM6A,0.8800000000000003,0.7343177999999999,0
44956,60,SPEN,0.11,0.08198580000000001,0
44957,60,TRIM27,-0.42000000000000004,-0.1486942,0
44958,60,CRTC1,0.14,0.10378000000000001,0
44959,60,EML4,0.21000000000000005,0.18608199999999997,0
44960,60,USP9X,-0.049999999999999996,-0.03153690000000001,0
44961,60,PTPRK,0.02,0.014841400000000001,0
44962,60,CD74,-0.16999999999999998,-0.0170205,0
44963,60,CBL,0.5900000000000001,0.42809980000000003,0
44964,60,ZNF384,-0.08,-0.0410866,0
44965,60,NOTCH1,1.0100000000000005,0.7285121000000001,0
44966,60,COX6C,-0.14,-0.059679499999999996,0
44967,60,CHCHD7,0.04,0.028189199999999998,0
44968,60,HMGA1,-0.12,-0.054634100000000005,0
44969,60,PTEN,1.500000000000001,1.1745017999999998,0
44970,60,FIP1L1,-0.03,-0.02378180000000001,0
44971,60,JAK1,0.7400000000000002,0.5812834000000001,0
44972,60,ZMYM2,-0.08000000000000002,-0.05202009999999999,0
44973,60,SUZ12,0.8000000000000003,0.5421884,0
44974,60,FUS,-0.1,0.12740379999999998,0
44975,60,BAP1,0.08999999999999998,0.08340469999999998,0
44976,60,ZCCHC8,-0.07,-0.0218792,0
44977,60,CRNKL1,-0.07,-0.035280500000000006,0
44978,60,RAD17,0.14000000000000004,0.0948973,0
44979,60,ATP1A1,-0.01,-0.004776600000000001,0
44980,60,DNMT3A,0.7900000000000003,0.6050668,0
44981,60,FBXW7,0.9000000000000002,0.6871896,0
44982,60,WWTR1,-0.12000000000000001,-0.05589210000000001,0
44983,60,CDKN1B,0.56,0.33760879999999993,0
44984,60,KMT2A,0.45000000000000007,0.3754851999999999,0
44985,60,PTPN11,0.8700000000000004,0.6194157000000001,0
44986,60,STAT5B,0.6300000000000001,0.4798606999999999,0
44987,60,CUX1,-0.08999999999999998,-0.058374800000000004,0
44988,60,ABI1,-0.35999999999999993,-0.1233974,0
44989,60,BRCA1,1.710000000000001,1.3094188999999996,0
44990,60,SH2B3,0.05,0.040004700000000004,0
44991,60,AFF4,0.10999999999999999,0.08423399999999999,0
44992,60,NF2,-0.060000000000000005,0.023592499999999995,0
44993,60,LMNA,0.12,0.08770589999999999,0
44994,60,TSC2,0.39,0.36878809999999995,0
44995,60,GOLPH3,-0.13,-0.07283379999999999,0
44996,60,PCM1,-0.05,-0.033413700000000005,0
44997,60,PPP2R1A,-0.23,-0.041980699999999996,0
44998,60,ARID1A,1.660000000000001,1.1701215999999999,0
44999,60,ABL1,0.3400000000000001,0.25265589999999993,0
45000,60,AFF1,0.26,0.2063016,0
45001,60,DAXX,-0.2899999999999999,-0.05565760000000001,0
45002,60,CBFB,0.13,0.0974757,0
45003,60,CBLB,0.13,0.09887080000000001,0
45004,60,POLR2A,-0.010000000000000037,0.14110720000000002,0
45005,60,PRKACA,0.39000000000000007,0.30723749999999994,0
45006,60,DNM2,-0.13999999999999999,-0.051018799999999996,0
45007,60,RAP1GDS1,-0.060000000000000005,-0.027430500000000003,0
45008,60,NCOR1,0.9300000000000003,0.7804804999999999,0
45009,60,NFKBIE,-0.24,-0.0920648,0
45010,60,DDX3X,0.13,0.12317879999999999,0
45011,60,ELK4,0.02,0.013899600000000002,0
45012,60,MLLT6,0.15000000000000002,0.12094189999999999,0
45013,60,SRSF2,-0.99,-0.26299380000000006,0
45014,60,CTNNA1,0.11,0.08105429999999998,0
45015,60,RBM10,0.22,0.1522771,0
45016,60,PTPRC,0.08,0.1010995,0
45017,60,HSP90AA1,1.1400000000000006,0.7324474000000003,0
45018,61,NSD1,0.33,0.28325480000000003,1
45019,61,DICER1,0.2,0.24946350000000006,1
45020,61,BIRC6,0.12,0.11481609999999999,1
45021,61,SDHC,0.43,0.31203680000000006,1
45022,61,TFG,0.15,0.09741950000000002,1
45023,61,MAP2K2,0.29,0.2184052,1
45024,61,TFRC,-0.29000000000000004,-0.09234600000000001,1
45025,61,CREB1,0.8600000000000004,0.7343888000000001,1
45026,61,POLG,-0.02,-0.0053268000000000005,1
45027,61,SETD2,0.4800000000000002,0.4811509999999999,1
45028,61,NAB2,-0.5,-0.14948960000000003,1
45029,61,HIF1A,1.570000000000001,1.2100617,1
45030,61,FLCN,-0.05999999999999999,0.019596300000000004,1
45031,61,MAP2K4,0.09,0.12347850000000002,1
45032,61,CNOT3,0.06,0.057170099999999995,1
45033,61,CIITA,0.09000000000000001,0.058496200000000005,1
45034,61,LSM14A,0.16,0.1303846,1
45035,61,AKAP9,-0.020000000000000004,0.023125699999999992,1
45036,61,MSN,-0.27999999999999997,-0.081919,1
45037,61,BCR,-0.04000000000000001,0.04134850000000001,1
45038,61,TRRAP,0.07000000000000005,0.21041430000000003,1
45039,61,PPP6C,-0.16999999999999998,-0.0646726,1
45040,61,NCOA4,-0.06000000000000001,0.010551999999999999,1
45041,61,BCL9,0.2,0.1549558,1
45042,61,PRCC,0.15000000000000002,0.1300548,1
45043,61,LARP4B,0.03,0.0221319,1
45044,61,CHD2,0.02,0.0177986,1
45045,61,ASXL1,0.30999999999999994,0.34321419999999997,1
45046,61,SMARCA4,1.9800000000000013,1.5379241000000006,1
45047,61,ERC1,-0.03,-0.0228126,1
45048,61,DCTN1,-6.938893903907228e-18,0.039562499999999994,1
45049,61,PIK3R1,1.2300000000000006,0.9952614000000004,1
45050,61,EED,0.1,0.08325180000000001,1
45051,61,CNBP,0.02,0.0118292,1
45052,61,SGK1,0.5,0.3337798,1
45053,61,MLLT10,-0.32000000000000006,-0.1878956,1
45054,61,BRD4,0.9000000000000004,0.8057885999999999,1
45055,61,RANBP2,0.3,0.30028650000000007,1
45056,61,FBXO11,0.07,0.056688600000000006,1
45057,61,PML,0.36000000000000004,0.26387080000000007,1
45058,61,AKT2,1.09,0.7978196000000002,1
45059,61,CEP89,0.06,0.0382632,1
45060,61,LZTR1,0.06999999999999999,0.0958951,1
45061,61,YWHAE,0.26999999999999996,0.17366040000000002,1
45062,61,DNAJB1,-0.08,-0.018176500000000005,1
45063,61,PRDM2,0.07,0.0563906,1
45064,61,TPM4,0.53,0.3762215000000001,1
45065,61,CREBBP,2.0400000000000014,1.6816210000000003,1
45066,61,PMS2,0.7700000000000002,0.6730041000000001,1
45067,61,DDR2,0.010000000000000002,0.004599300000000001,1
45068,61,FANCA,0.41000000000000003,0.34280849999999996,1
45069,61,PDE4DIP,0.08,0.0621724,1
45070,61,USP8,-0.06,-0.0319457,1
45071,61,MYH9,-0.62,-0.14204789999999998,1
45072,61,MYC,-1.8000000000000003,-0.37384979999999995,1
45073,61,NBN,0.6200000000000001,0.5107231,1
45074,61,CCND3,-0.009999999999999988,0.026010000000000002,1
45075,61,TRIP11,-0.1,-0.0740008,1
45076,61,CNTRL,-0.04,-0.035838499999999995,1
45077,61,PIK3CA,1.4000000000000008,1.1668318,1
45078,61,DDX5,0.06999999999999999,0.15464160000000002,1
45079,61,PICALM,3.469446951953614e-18,0.003984000000000005,1
45080,61,RARA,-0.06,0.0884346,1
45081,61,DDX6,0.02000000000000001,0.1081096,1
45082,61,COL1A1,0.23,0.1926337,1
45083,61,VHL,0.29,0.2077566,1
45084,61,MAPK1,1.660000000000001,1.2091828000000002,1
45085,61,SRC,-0.12999999999999998,0.21490800000000007,1
45086,61,NFE2L2,0.35,0.25666089999999997,1
45087,61,MITF,-0.33,-0.10755739999999998,1
45088,61,SMAD3,1.1900000000000008,1.0958955000000001,1
45089,61,RBM15,0.14,0.1164791,1
45090,61,ATR,0.7800000000000002,0.6499166000000002,1
45091,61,EPAS1,0.35999999999999993,0.34886320000000004,1
45092,61,TPM3,0.17000000000000007,0.15720370000000006,1
45093,61,RPL10,0.13,0.12809350000000003,1
45094,61,STAG1,0.14,0.1548814,1
45095,61,SBDS,-0.03,-0.0110492,1
45096,61,KMT2D,1.0600000000000005,0.8559242000000001,1
45097,61,MED12,0.38000000000000006,0.3113083,1
45098,61,BCLAF1,-0.029999999999999985,0.03612140000000001,1
45099,61,ASPSCR1,-0.010000000000000002,0.00831620000000001,1
45100,61,CDK12,0.53,0.41692129999999994,1
45101,61,EWSR1,0.22000000000000003,0.270664,1
45102,61,NDRG1,-0.1,-0.026354000000000002,1
45103,61,PSIP1,0.05,0.0513275,1
45104,61,TRIM33,0.14,0.11863980000000002,1
45105,61,MTOR,0.9100000000000005,0.7683233,1
45106,61,ARHGAP35,0.15000000000000002,0.1402547,1
45107,61,POT1,0.04,0.0302528,1
45108,61,EXT1,0.11,0.0855624,1
45109,61,IL6ST,0.33,0.277501,1
45110,61,IDH2,-0.08999999999999997,-0.01270860000000001,1
45111,61,SMARCE1,0.48000000000000004,0.3472369,1
45112,61,CRTC3,0.09,0.076824,1
45113,61,TSC1,0.27999999999999997,0.2897162,1
45114,61,BCOR,-0.22,0.0177386,1
45115,61,SDHA,0.23,0.184395,1
45116,61,EP300,2.4400000000000004,2.0405536999999994,1
45117,61,HNRNPA2B1,0.5000000000000001,0.34837969999999996,1
45118,61,CLIP1,-0.13,-0.07954510000000001,1
45119,61,PATZ1,-0.55,-0.1452519,1
45120,61,FUBP1,-0.22999999999999998,-0.06316329999999998,1
45121,61,HLA-A,-0.1,0.011499200000000005,1
45122,61,CCNC,-0.18999999999999997,-0.08305219999999999,1
45123,61,RPN1,-0.18,-0.0728029,1
45124,61,TCF7L2,0.10000000000000002,0.13447769999999998,1
45125,61,CANT1,0.0,0.01606400000000001,1
45126,61,RPL5,-0.5700000000000001,-0.1716031,1
45127,61,CCDC6,0.08000000000000002,0.10027859999999997,1
45128,61,NCKIPSD,-0.03,-0.00027369999999999825,1
45129,61,SMARCD1,0.46,0.38641650000000005,1
45130,61,BCL10,0.06,0.08458090000000001,1
45131,61,MAX,1.734723475976807e-18,0.0549047,1
45132,61,HERPUD1,-0.04,-0.0090232,1
45133,61,RAC1,0.019999999999999966,0.1350545,1
45134,61,FLNA,0.12000000000000001,0.0900715,1
45135,61,TFE3,-0.7200000000000001,-0.2702775,1
45136,61,NCOR2,0.5900000000000002,0.5223516,1
45137,61,PRPF40B,0.049999999999999996,0.0349497,1
45138,61,BCL3,-0.029999999999999975,0.0079329,1
45139,61,TFPT,-0.37,-0.1161316,1
45140,61,MLH1,0.7800000000000002,0.7186904999999999,1
45141,61,ARHGAP5,0.15,0.1282904,1
45142,61,CIC,0.01,0.0070359,1
45143,61,LYN,0.78,0.5850634999999998,1
45144,61,TCF12,0.35000000000000003,0.27732049999999997,1
45145,61,KLF6,0.060000000000000005,0.042101599999999996,1
45146,61,KMT2C,0.9800000000000004,0.8230857999999999,1
45147,61,PIM1,-0.15,-0.025220700000000006,1
45148,61,CCND1,1.2500000000000004,0.8246490999999999,1
45149,61,MLLT1,-1.6400000000000003,-0.36991959999999996,1
45150,61,MEN1,-0.030000000000000002,0.021115400000000003,1
45151,61,CUL3,0.16,0.16026859999999998,1
45152,61,RB1,0.77,0.6173056,1
45153,61,LPP,-0.15,-0.030584399999999998,1
45154,61,BUB1B,-0.13999999999999999,-0.03665970000000002,1
45155,61,SMAD4,1.580000000000001,1.2800311000000004,1
45156,61,FGFR1,0.25,0.24479860000000003,1
45157,61,TMSB4X,0.04,0.0314308,1
45158,61,CDK4,1.0000000000000004,0.6993944999999999,1
45159,61,MSI2,0.01,0.007827800000000001,1
45160,61,MSH6,1.0400000000000005,0.8672187,1
45161,61,BRAF,1.2700000000000007,1.0865045,1
45162,61,TCEA1,-0.13,-0.01670780000000001,1
45163,61,TNFAIP3,0.15,0.1415808,1
45164,61,RABEP1,-0.010000000000000002,-0.007165600000000005,1
45165,61,GMPS,-0.08000000000000002,-0.0469412,1
45166,61,MDM2,1.340000000000001,1.0141885000000002,1
45167,61,NSD2,0.24,0.18394160000000004,1
45168,61,CASP8,-0.47,-0.0241455,1
45169,61,PER1,-0.22000000000000003,-0.0669092,1
45170,61,UBR5,0.039999999999999994,0.0500272,1
45171,61,EIF3E,0.0,0.05167579999999999,1
45172,61,RFWD3,0.04,0.0387504,1
45173,61,BRD3,0.12000000000000001,0.08853590000000001,1
45174,61,PAFAH1B2,0.03,0.0271506,1
45175,61,EXT2,0.009999999999999995,0.018427399999999997,1
45176,61,PLCG1,0.45,0.3897376,1
45177,61,SF3B1,-0.8200000000000001,-0.40163589999999993,1
45178,61,ARHGEF10L,0.04,0.0216696,1
45179,61,NFATC2,0.26,0.18764269999999997,1
45180,61,SDHD,0.31,0.21489750000000002,1
45181,61,PABPC1,-0.8600000000000001,-0.25899160000000004,1
45182,61,POLD1,-0.36,-0.07880079999999998,1
45183,61,CALR,-0.039999999999999994,0.0360404,1
45184,61,PIK3CB,0.6200000000000001,0.5181595999999999,1
45185,61,PPM1D,0.28,0.21961580000000003,1
45186,61,ATRX,1.0200000000000005,0.8915394,1
45187,61,DGCR8,0.19999999999999998,0.15595900000000001,1
45188,61,DDX10,0.19,0.1448831,1
45189,61,DROSHA,0.55,0.4356935,1
45190,61,TNFRSF14,-0.15000000000000002,-0.057610100000000004,1
45191,61,BCL9L,0.13,0.09422439999999999,1
45192,61,QKI,0.009999999999999998,0.0082919,1
45193,61,BAZ1A,0.0,0.0,1
45194,61,CHD4,0.42000000000000004,0.3585284,1
45195,61,NSD3,0.11,0.1131715,1
45196,61,NT5C2,0.15,0.08526500000000001,1
45197,61,CCNB1IP1,0.12,0.057059399999999996,1
45198,61,PCBP1,-1.03,-0.27933589999999997,1
45199,61,RALGDS,-0.06999999999999999,0.0273488,1
45200,61,ARHGEF12,-0.020000000000000004,0.025146799999999997,1
45201,61,HSP90AB1,1.1500000000000004,0.8096425000000002,1
45202,61,FOXO3,1.4500000000000008,1.0822385000000003,1
45203,61,HIP1,-0.02,-0.0130222,1
45204,61,CDC73,-0.009999999999999998,0.04099760000000001,1
45205,61,NIN,-0.02,-0.014735500000000002,1
45206,61,MDM4,0.16,0.19053009999999998,1
45207,61,COL3A1,0.22,0.18049079999999998,1
45208,61,CTNND1,0.12,0.154904,1
45209,61,SPOP,0.07,0.07921679999999999,1
45210,61,TMEM127,0.06000000000000001,0.03291960000000001,1
45211,61,CREB3L2,0.14,0.09037960000000002,1
45212,61,MSH2,1.0100000000000005,0.8714487,1
45213,61,FNBP1,-0.009999999999999997,0.012267300000000002,1
45214,61,ATF1,0.13,0.0892723,1
45215,61,EIF1AX,-0.55,-0.2045532,1
45216,61,PMS1,0.49000000000000005,0.3941068999999999,1
45217,61,DEK,0.19999999999999998,0.1694217,1
45218,61,ERBB2,0.7900000000000003,0.5428643999999999,1
45219,61,AKT1,1.1500000000000006,0.7815902999999996,1
45220,61,CHEK2,0.5800000000000001,0.6245939,1
45221,61,SDHB,0.4,0.2964529,1
45222,61,NCOA1,0.47000000000000003,0.3716760999999999,1
45223,61,CHIC2,0.08,0.051319800000000006,1
45224,61,RUNX1,-0.1100000000000001,0.4510231,1
45225,61,STAT6,0.37,0.3524393,1
45226,61,FH,-0.08000000000000002,-0.014381400000000003,1
45227,61,AKT3,1.0800000000000005,0.7995969000000002,1
45228,61,GNAS,0.38,0.26237439999999995,1
45229,61,CTNNB1,1.4500000000000008,1.0531549999999996,1
45230,61,NONO,0.36000000000000004,0.3082418,1
45231,61,SMARCB1,1.0600000000000005,0.8474371,1
45232,61,PRKAR1A,0.18000000000000005,0.19126350000000003,1
45233,61,ITGAV,-5.204170427930421e-18,0.04148279999999999,1
45234,61,SS18,0.42,0.29327200000000003,1
45235,61,MAP2K1,0.8600000000000003,0.5655136000000001,1
45236,61,SIRPA,-0.05,-0.01665,1
45237,61,PPFIBP1,0.38,0.2785646,1
45238,61,RPL22,-0.18000000000000002,0.09061500000000001,1
45239,61,CYLD,0.30000000000000004,0.2393672,1
45240,61,ARID1B,0.8300000000000001,0.6518594000000001,1
45241,61,SETDB1,0.35000000000000003,0.2557278,1
45242,61,AFDN,-0.30000000000000004,-0.09427700000000001,1
45243,61,ZRSR2,-0.13,-0.0969081,1
45244,61,PBRM1,0.9900000000000004,0.7539753,1
45245,61,XPC,0.51,0.33810589999999996,1
45246,61,ASXL2,0.26,0.19006989999999999,1
45247,61,TRIM24,-0.15,-0.02508090000000001,1
45248,61,SFPQ,-0.5,-0.17067759999999998,1
45249,61,NCOA2,0.6000000000000001,0.4865242,1
45250,61,FOXO4,0.38,0.2531836,1
45251,61,LEF1,0.30000000000000004,0.24250149999999998,1
45252,61,B2M,-0.34,-0.14574339999999997,1
45253,61,DDIT3,-0.38,-0.1186535,1
45254,61,BCL6,0.31999999999999995,0.27224669999999995,1
45255,61,KRAS,-0.009999999999999953,0.14078239999999992,1
45256,61,FAT1,0.11,0.0800625,1
45257,61,ABL2,0.08,0.0676553,1
45258,61,NF1,1.3500000000000008,1.0926475000000002,1
45259,61,BTG1,-0.06,-0.0251184,1
45260,61,EIF4A2,0.1,0.0570178,1
45261,61,SET,0.16,0.1330849,1
45262,61,EPS15,0.09,0.0792975,1
45263,61,RNF213,0.06,0.0523112,1
45264,61,CTCF,1.0300000000000002,0.724081,1
45265,61,WDCP,0.22,0.1350811,1
45266,61,KAT7,0.16,0.1319515,1
45267,61,KDM5C,0.19,0.18812429999999997,1
45268,61,TGFBR2,0.13999999999999996,0.16931489999999996,1
45269,61,ATM,1.0500000000000007,1.0872946000000003,1
45270,61,NUMA1,-0.010000000000000009,0.014082899999999992,1
45271,61,STAT3,0.53,0.6703149,1
45272,61,SUB1,-0.10999999999999999,-0.0473432,1
45273,61,NUP98,0.18999999999999995,0.1986471,1
45274,61,ELL,0.14,0.07237760000000001,1
45275,61,MAP3K1,0.38,0.3132654,1
45276,61,MALT1,0.16999999999999998,0.1656196,1
45277,61,XPO1,0.5800000000000002,0.47122150000000007,1
45278,61,SETD1B,0.28,0.21932820000000003,1
45279,61,ETV6,-0.11,-0.022143800000000005,1
45280,61,TBL1XR1,0.24000000000000002,0.1709883,1
45281,61,NUP214,-0.05000000000000003,0.13766000000000003,1
45282,61,TPR,0.11,0.09645840000000003,1
45283,61,ATIC,0.17,0.1541102,1
45284,61,NACA,0.2,0.1208003,1
45285,61,MYO5A,0.02,0.0161702,1
45286,61,SMC1A,0.16999999999999998,0.3666087,1
45287,61,LASP1,-0.26,-0.1323911,1
45288,61,ERCC5,0.39,0.2554378,1
45289,61,JUN,-1.0899999999999999,-0.2115183,1
45290,61,THRAP3,0.09000000000000001,0.06885980000000001,1
45291,61,STAG2,0.29999999999999993,0.29846209999999995,1
45292,61,RAF1,0.7700000000000004,0.6168575000000001,1
45293,61,ERCC3,0.63,0.5351042,1
45294,61,SMAD2,0.40000000000000024,0.5187426999999999,1
45295,61,TAF15,0.23000000000000004,0.1847755,1
45296,61,ARNT,0.24,0.21963080000000004,1
45297,61,CLTC,-0.58,-0.24923330000000002,1
45298,61,IKBKB,0.4500000000000002,0.4268972,1
45299,61,IDH1,-0.43000000000000005,-0.14373229999999998,1
45300,61,SND1,-0.010000000000000007,0.012112299999999994,1
45301,61,KNSTRN,0.03,0.024110399999999997,1
45302,61,RHOA,-3.280000000000001,-0.7482084,1
45303,61,PALB2,0.6300000000000001,0.5591343000000001,1
45304,61,ARID2,0.8500000000000001,0.6652764999999998,1
45305,61,EZR,-0.15,-0.039800899999999986,1
45306,61,TP53,0.09,0.4825080999999998,1
45307,61,ARAF,0.39000000000000007,0.22758309999999995,1
45308,61,KIF5B,0.55,0.42072649999999995,1
45309,61,KAT6A,0.17,0.20235399999999998,1
45310,61,KTN1,-0.07,-0.009576300000000006,1
45311,61,GOLGA5,-0.07,-0.0447225,1
45312,61,KDM5A,0.25,0.2465637,1
45313,61,RAD21,0.5800000000000001,0.47441380000000005,1
45314,61,GNAQ,0.35,0.25448670000000007,1
45315,61,CAMTA1,0.06,0.0431752,1
45316,61,ERCC2,0.65,0.5233378999999999,1
45317,61,EZH2,1.8000000000000012,1.4240243999999995,1
45318,61,TOP1,0.25,0.21042140000000004,1
45319,61,SRSF3,-0.21,-0.020214300000000004,1
45320,61,NPM1,0.22999999999999987,0.2518074,1
45321,61,BAX,-0.7399999999999999,-0.17118529999999998,1
45322,61,NOTCH2,0.3,0.25510120000000003,1
45323,61,TRAF7,0.02,0.014333400000000001,1
45324,61,KDM6A,0.7800000000000001,0.8152079999999999,1
45325,61,SPEN,0.16,0.1301226,1
45326,61,TRIM27,-0.45000000000000007,-0.15393500000000002,1
45327,61,CRTC1,0.16999999999999998,0.1347549,1
45328,61,EML4,0.3800000000000001,0.3557850000000001,1
45329,61,USP9X,-0.010000000000000002,-0.007234600000000002,1
45330,61,PTPRK,0.0,0.0,1
45331,61,CD74,-0.16,-0.0069795,1
45332,61,CBL,0.5800000000000001,0.5136864999999999,1
45333,61,ZNF384,0.03,0.0241202,1
45334,61,NOTCH1,1.1800000000000006,0.8520848000000001,1
45335,61,COX6C,-0.2,-0.060250399999999996,1
45336,61,CHCHD7,0.03,0.019857299999999998,1
45337,61,HMGA1,-0.04,-0.014466,1
45338,61,PTEN,1.1000000000000005,1.0716612999999997,1
45339,61,FIP1L1,-0.03,-0.012429299999999997,1
45340,61,JAK1,0.8100000000000003,0.6863675,1
45341,61,ZMYM2,0.02,0.0174518,1
45342,61,SUZ12,0.8400000000000003,0.6563712,1
45343,61,FUS,-0.72,-0.11908050000000003,1
45344,61,BAP1,-0.36000000000000004,-0.1411406,1
45345,61,ZCCHC8,-0.08,-0.022657600000000003,1
45346,61,CRNKL1,0.02,0.0176964,1
45347,61,RAD17,0.18,0.1270158,1
45348,61,ATP1A1,0.01,0.008394500000000001,1
45349,61,DNMT3A,1.0800000000000003,0.8841920999999999,1
45350,61,FBXW7,0.9500000000000004,0.811429,1
45351,61,WWTR1,-0.06999999999999999,-0.0223078,1
45352,61,CDKN1B,0.27,0.2485241,1
45353,61,KMT2A,0.3899999999999999,0.3981965,1
45354,61,PTPN11,1.2600000000000007,0.9903989000000001,1
45355,61,STAT5B,0.7500000000000003,0.6300872000000001,1
45356,61,CUX1,-0.060000000000000005,-0.04064419999999999,1
45357,61,ABI1,-0.34,-0.09350730000000002,1
45358,61,BRCA1,1.670000000000001,1.4064374000000004,1
45359,61,SH2B3,0.09000000000000001,0.0560695,1
45360,61,AFF4,-0.31999999999999995,-0.1604802,1
45361,61,NF2,0.16,0.15572249999999999,1
45362,61,LMNA,0.060000000000000005,0.042251899999999995,1
45363,61,TSC2,0.8900000000000003,0.7075137,1
45364,61,GOLPH3,-0.06,-0.043970999999999996,1
45365,61,PCM1,-0.04,-0.032511000000000005,1
45366,61,PPP2R1A,-0.36,-0.0821162,1
45367,61,ARID1A,1.8000000000000012,1.4417973999999998,1
45368,61,ABL1,-0.18999999999999992,0.06353730000000002,1
45369,61,AFF1,0.030000000000000013,0.05676710000000001,1
45370,61,DAXX,-0.3500000000000001,-0.0782774,1
45371,61,CBFB,0.13,0.143996,1
45372,61,CBLB,0.17,0.14805050000000003,1
45373,61,POLR2A,-0.45999999999999996,-0.0025611000000000037,1
45374,61,PRKACA,0.12000000000000016,0.2279876,1
45375,61,DNM2,-0.12000000000000002,-0.0481946,1
45376,61,RAP1GDS1,0.030000000000000027,0.052183799999999995,1
45377,61,NCOR1,0.9900000000000002,0.9311728999999999,1
45378,61,NFKBIE,-0.34,-0.105884,1
45379,61,DDX3X,0.29999999999999993,0.26142210000000005,1
45380,61,ELK4,0.03,0.0257712,1
45381,61,MLLT6,0.09,0.06789200000000001,1
45382,61,SRSF2,-3.36,-0.7622156999999999,1
45383,61,CTNNA1,0.16,0.12494490000000001,1
45384,61,RBM10,0.12000000000000001,0.0962055,1
45385,61,PTPRC,-0.049999999999999975,0.0768071,1
45386,61,HSP90AA1,1.1200000000000006,0.7915702,1
45387,61,NSD1,0.27,0.2249604,0
45388,61,DICER1,0.20999999999999996,0.22523050000000003,0
45389,61,BIRC6,0.07,0.058369599999999994,0
45390,61,SDHC,0.29000000000000004,0.20783000000000004,0
45391,61,TFG,0.25,0.1407947,0
45392,61,MAP2K2,0.19,0.1999603,0
45393,61,TFRC,-0.22000000000000003,-0.1139108,0
45394,61,CREB1,0.8300000000000005,0.6206895000000001,0
45395,61,POLG,0.02,0.0079936,0
45396,61,SETD2,0.7100000000000002,0.5986792,0
45397,61,NAB2,-0.35,-0.1280781,0
45398,61,HIF1A,1.5600000000000007,1.1630383000000004,0
45399,61,FLCN,0.05,0.045524600000000005,0
45400,61,MAP2K4,-0.06,0.057447000000000005,0
45401,61,CNOT3,-0.060000000000000005,-0.0186184,0
45402,61,CIITA,0.1,0.0659239,0
45403,61,LSM14A,0.09,0.07396989999999999,0
45404,61,AKAP9,-0.06,-0.016723900000000003,0
45405,61,MSN,-0.24000000000000002,-0.0428487,0
45406,61,BCR,0.06000000000000001,0.0649066,0
45407,61,TRRAP,0.09999999999999999,0.16632320000000006,0
45408,61,PPP6C,-0.16,-0.0804508,0
45409,61,NCOA4,-0.16999999999999998,-0.094673,0
45410,61,BCL9,0.13,0.10427120000000001,0
45411,61,PRCC,0.04000000000000001,0.0341228,0
45412,61,LARP4B,0.0,0.0,0
45413,61,CHD2,0.01,0.0081122,0
45414,61,ASXL1,0.46,0.4421566,0
45415,61,SMARCA4,1.3100000000000007,1.0382539000000002,0
45416,61,ERC1,-0.02,-0.0155426,0
45417,61,DCTN1,-0.25,-0.12876970000000001,0
45418,61,PIK3R1,1.3900000000000006,0.9876162999999998,0
45419,61,EED,-0.16,-0.016530700000000002,0
45420,61,CNBP,0.0,0.0,0
45421,61,SGK1,0.3,0.1751742,0
45422,61,MLLT10,-0.09999999999999998,-0.03186250000000001,0
45423,61,BRD4,1.0300000000000002,0.8270423,0
45424,61,RANBP2,0.13999999999999999,0.1999074,0
45425,61,FBXO11,0.05,0.0429297,0
45426,61,PML,0.39999999999999997,0.29425539999999994,0
45427,61,AKT2,0.8500000000000002,0.5948713999999999,0
45428,61,CEP89,0.09,0.061049900000000004,0
45429,61,LZTR1,0.04000000000000001,0.0687547,0
45430,61,YWHAE,0.27,0.172684,0
45431,61,DNAJB1,-0.06,-0.0146249,0
45432,61,PRDM2,0.05,0.038154900000000005,0
45433,61,TPM4,0.51,0.3438393,0
45434,61,CREBBP,1.8600000000000012,1.5416550999999996,0
45435,61,PMS2,0.5700000000000001,0.5495053999999999,0
45436,61,DDR2,0.06,0.0400269,0
45437,61,FANCA,0.33999999999999997,0.276735,0
45438,61,PDE4DIP,0.05,0.03481,0
45439,61,USP8,-0.09,-0.047888,0
45440,61,MYH9,-0.22,-0.0221939,0
45441,61,MYC,-1.1900000000000002,-0.4524556,0
45442,61,NBN,0.5,0.37362560000000006,0
45443,61,CCND3,-0.12000000000000004,0.001246800000000001,0
45444,61,TRIP11,-0.13,-0.0883546,0
45445,61,CNTRL,-0.08,-0.0546185,0
45446,61,PIK3CA,1.6100000000000008,1.1475397000000003,0
45447,61,DDX5,0.3799999999999999,0.32879300000000006,0
45448,61,PICALM,-0.009999999999999998,-0.003200199999999997,0
45449,61,RARA,0.5,0.3514599,0
45450,61,DDX6,0.010000000000000005,0.06425999999999998,0
45451,61,COL1A1,0.12,0.12494989999999999,0
45452,61,VHL,0.21999999999999997,0.16165970000000002,0
45453,61,MAPK1,1.510000000000001,0.9639584,0
45454,61,SRC,-0.6499999999999999,-0.03517689999999998,0
45455,61,NFE2L2,0.26999999999999996,0.1811931,0
45456,61,MITF,-0.27,-0.08438909999999998,0
45457,61,SMAD3,1.2500000000000009,0.9664175999999999,0
45458,61,RBM15,0.08,0.07024230000000001,0
45459,61,ATR,0.7000000000000003,0.5931321999999999,0
45460,61,EPAS1,0.47000000000000003,0.4070514,0
45461,61,TPM3,0.12000000000000002,0.10744280000000003,0
45462,61,RPL10,0.14,0.13522710000000002,0
45463,61,STAG1,0.15000000000000002,0.1451771,0
45464,61,SBDS,-0.06,-0.0224631,0
45465,61,KMT2D,0.9700000000000004,0.7272622999999999,0
45466,61,MED12,0.34,0.2782968,0
45467,61,BCLAF1,0.010000000000000009,0.047748399999999996,0
45468,61,ASPSCR1,-0.010000000000000005,0.00041139999999999927,0
45469,61,CDK12,0.27,0.1896781,0
45470,61,EWSR1,0.3899999999999999,0.33887410000000007,0
45471,61,NDRG1,-0.010000000000000002,0.00020399999999999932,0
45472,61,PSIP1,-0.11000000000000001,-0.048333600000000004,0
45473,61,TRIM33,0.010000000000000004,0.017481599999999993,0
45474,61,MTOR,1.0500000000000007,0.8000778,0
45475,61,ARHGAP35,0.11,0.13677009999999998,0
45476,61,POT1,-0.060000000000000005,-0.011490900000000002,0
45477,61,EXT1,0.11,0.0801867,0
45478,61,IL6ST,0.29,0.22276179999999998,0
45479,61,IDH2,0.15999999999999998,0.12936579999999998,0
45480,61,SMARCE1,0.49,0.3169934,0
45481,61,CRTC3,0.09,0.0667839,0
45482,61,TSC1,0.36,0.2976196,0
45483,61,BCOR,-0.15,-0.0196935,0
45484,61,SDHA,0.21000000000000002,0.1385256,0
45485,61,EP300,1.580000000000001,1.2948194999999991,0
45486,61,HNRNPA2B1,0.26,0.21228950000000002,0
45487,61,CLIP1,-0.16,-0.09094219999999999,0
45488,61,PATZ1,-0.5599999999999999,-0.14611269999999998,0
45489,61,FUBP1,-0.13,-0.00765119999999999,0
45490,61,HLA-A,-0.21000000000000002,0.007597899999999984,0
45491,61,CCNC,-0.09000000000000001,-0.044003999999999995,0
45492,61,RPN1,-0.3,-0.06879559999999998,0
45493,61,TCF7L2,0.05999999999999998,0.06936610000000001,0
45494,61,CANT1,0.11000000000000001,0.071906,0
45495,61,RPL5,-0.6799999999999998,-0.1772123,0
45496,61,CCDC6,0.020000000000000004,0.0522765,0
45497,61,NCKIPSD,0.04,0.022765099999999996,0
45498,61,SMARCD1,0.47000000000000003,0.33399070000000003,0
45499,61,BCL10,0.020000000000000004,0.0480679,0
45500,61,MAX,6.938893903907228e-18,0.0173926,0
45501,61,HERPUD1,0.03,0.0126321,0
45502,61,RAC1,-0.05000000000000002,0.0826901,0
45503,61,FLNA,0.15,0.136689,0
45504,61,TFE3,-0.33999999999999997,-0.16238190000000002,0
45505,61,NCOR2,0.7500000000000002,0.5765935,0
45506,61,PRPF40B,-0.010000000000000002,0.000925299999999997,0
45507,61,BCL3,-0.04,-0.006301100000000007,0
45508,61,TFPT,-0.25,-0.0926162,0
45509,61,MLH1,0.8400000000000001,0.7069719000000001,0
45510,61,ARHGAP5,0.14,0.11333309999999999,0
45511,61,CIC,0.0,0.0,0
45512,61,LYN,0.8400000000000001,0.5861090999999999,0
45513,61,TCF12,0.29999999999999993,0.23654939999999997,0
45514,61,KLF6,0.05,0.028322399999999998,0
45515,61,KMT2C,0.8900000000000003,0.7414551000000001,0
45516,61,PIM1,-0.13,-0.046558699999999995,0
45517,61,CCND1,1.0800000000000007,0.7111935,0
45518,61,MLLT1,-1.0100000000000002,-0.31592739999999997,0
45519,61,MEN1,0.14999999999999997,0.1302241,0
45520,61,CUL3,0.08000000000000002,0.1272969,0
45521,61,RB1,0.6699999999999999,0.4964412000000001,0
45522,61,LPP,-0.1,-0.025591000000000003,0
45523,61,BUB1B,-0.13,-0.0716297,0
45524,61,SMAD4,1.2600000000000007,0.9642842999999999,0
45525,61,FGFR1,0.29,0.2026511,0
45526,61,TMSB4X,0.04,0.0320232,0
45527,61,CDK4,0.6100000000000001,0.4193084999999998,0
45528,61,MSI2,0.01,0.007206700000000001,0
45529,61,MSH6,0.8300000000000003,0.6519416,0
45530,61,BRAF,0.9200000000000004,0.8146473,0
45531,61,TCEA1,-0.06999999999999999,-0.005651999999999999,0
45532,61,TNFAIP3,0.14,0.1261686,0
45533,61,RABEP1,0.0,-0.002082300000000002,0
45534,61,GMPS,-0.05,-0.0318574,0
45535,61,MDM2,1.2200000000000006,0.8392943,0
45536,61,NSD2,0.16999999999999998,0.1205964,0
45537,61,CASP8,0.030000000000000006,0.1812542,0
45538,61,PER1,-0.24,-0.047470000000000005,0
45539,61,UBR5,-0.06999999999999998,-0.027292199999999996,0
45540,61,EIF3E,-0.10000000000000003,0.0402574,0
45541,61,RFWD3,0.030000000000000002,0.030583000000000006,0
45542,61,BRD3,0.11,0.1009773,0
45543,61,PAFAH1B2,0.02,0.0161768,0
45544,61,EXT2,0.0,0.010266300000000006,0
45545,61,PLCG1,0.54,0.38871510000000004,0
45546,61,SF3B1,-0.26,-0.0860482,0
45547,61,ARHGEF10L,0.02,0.010507200000000001,0
45548,61,NFATC2,0.18,0.1268182,0
45549,61,SDHD,0.22,0.12458100000000001,0
45550,61,PABPC1,-0.8200000000000001,-0.2256236,0
45551,61,POLD1,-0.29000000000000004,-0.06666010000000001,0
45552,61,CALR,0.04,0.0417145,0
45553,61,PIK3CB,0.51,0.43146109999999993,0
45554,61,PPM1D,0.19000000000000003,0.14986960000000002,0
45555,61,ATRX,1.0000000000000004,0.8155933999999999,0
45556,61,DGCR8,0.16,0.10740519999999998,0
45557,61,DDX10,0.13,0.09068860000000001,0
45558,61,DROSHA,0.3600000000000001,0.25593960000000004,0
45559,61,TNFRSF14,-0.16,-0.0512272,0
45560,61,BCL9L,0.12000000000000001,0.08714979999999999,0
45561,61,QKI,-0.08,-0.0470509,0
45562,61,BAZ1A,0.01,0.0074069,0
45563,61,CHD4,0.21,0.20345570000000002,0
45564,61,NSD3,0.04000000000000001,0.043583300000000005,0
45565,61,NT5C2,0.17,0.1061978,0
45566,61,CCNB1IP1,0.09,0.0404622,0
45567,61,PCBP1,-0.8499999999999999,-0.2687546,0
45568,61,RALGDS,0.12,0.086195,0
45569,61,ARHGEF12,-0.019999999999999997,0.000420499999999999,0
45570,61,HSP90AB1,1.1800000000000006,0.8030097000000003,0
45571,61,FOXO3,1.2600000000000007,0.8730682999999999,0
45572,61,HIP1,-0.02,-0.012826800000000001,0
45573,61,CDC73,-0.14,-0.010085500000000006,0
45574,61,NIN,0.01,0.007321800000000003,0
45575,61,MDM4,0.11000000000000003,0.1436323,0
45576,61,COL3A1,0.15,0.13573670000000002,0
45577,61,CTNND1,0.09000000000000002,0.12010160000000003,0
45578,61,SPOP,0.019999999999999997,0.035299699999999996,0
45579,61,TMEM127,0.06999999999999999,0.0616371,0
45580,61,CREB3L2,0.12,0.07721639999999999,0
45581,61,MSH2,0.9100000000000005,0.6851736000000002,0
45582,61,FNBP1,-0.009999999999999997,-0.0014166999999999973,0
45583,61,ATF1,0.060000000000000005,0.0354383,0
45584,61,EIF1AX,-0.47,-0.22141750000000002,0
45585,61,PMS1,0.52,0.40616550000000007,0
45586,61,DEK,0.09999999999999999,0.09496230000000001,0
45587,61,ERBB2,1.1100000000000005,0.7399146,0
45588,61,AKT1,1.2400000000000007,0.7906269999999999,0
45589,61,CHEK2,0.16000000000000003,0.31211,0
45590,61,SDHB,0.39999999999999997,0.2563028,0
45591,61,NCOA1,0.42000000000000004,0.2962486,0
45592,61,CHIC2,0.049999999999999996,0.028073199999999993,0
45593,61,RUNX1,0.3200000000000002,0.6423777,0
45594,61,STAT6,0.25,0.18147839999999998,0
45595,61,FH,-0.24,-0.07798839999999999,0
45596,61,AKT3,0.9800000000000003,0.6592405000000001,0
45597,61,GNAS,0.22999999999999998,0.15494820000000004,0
45598,61,CTNNB1,1.4500000000000008,0.9920426999999996,0
45599,61,NONO,0.11,0.08371260000000001,0
45600,61,SMARCB1,0.9800000000000004,0.7385246999999998,0
45601,61,PRKAR1A,0.11,0.09949430000000001,0
45602,61,ITGAV,0.03000000000000001,0.046960299999999996,0
45603,61,SS18,0.39,0.2566557,0
45604,61,MAP2K1,1.1100000000000005,0.7197545000000001,0
45605,61,SIRPA,0.0,0.001483400000000001,0
45606,61,PPFIBP1,0.39999999999999997,0.2745814,0
45607,61,RPL22,-0.33999999999999997,0.08274490000000001,0
45608,61,CYLD,0.28,0.2153912,0
45609,61,ARID1B,0.6599999999999999,0.5034761,0
45610,61,SETDB1,0.34,0.2529708,0
45611,61,AFDN,-0.34,-0.128407,0
45612,61,ZRSR2,0.29000000000000004,0.2189615,0
45613,61,PBRM1,0.9500000000000004,0.7006227000000003,0
45614,61,XPC,0.6499999999999999,0.4682664,0
45615,61,ASXL2,0.16999999999999998,0.12422230000000001,0
45616,61,TRIM24,-0.16,-0.07020760000000001,0
45617,61,SFPQ,-0.08,0.01642929999999997,0
45618,61,NCOA2,0.53,0.3817895,0
45619,61,FOXO4,0.31000000000000005,0.20726809999999996,0
45620,61,LEF1,0.060000000000000005,0.0526999,0
45621,61,B2M,-0.66,-0.23034459999999998,0
45622,61,DDIT3,-0.45,-0.11022520000000001,0
45623,61,BCL6,0.6100000000000001,0.44068630000000003,0
45624,61,KRAS,-2.06,-0.5674529999999999,0
45625,61,FAT1,0.060000000000000005,0.060292100000000015,0
45626,61,ABL2,0.09,0.06464129999999998,0
45627,61,NF1,0.7600000000000002,0.6282548,0
45628,61,BTG1,-0.02,-0.011132,0
45629,61,EIF4A2,0.10999999999999999,0.086201,0
45630,61,SET,0.16999999999999998,0.13938140000000002,0
45631,61,EPS15,0.010000000000000002,0.018775299999999998,0
45632,61,RNF213,0.04,0.0319459,0
45633,61,CTCF,1.0300000000000005,0.7611481000000001,0
45634,61,WDCP,0.13999999999999996,0.09258179999999999,0
45635,61,KAT7,0.12999999999999998,0.09975840000000001,0
45636,61,KDM5C,0.15999999999999998,0.1457744,0
45637,61,TGFBR2,0.32999999999999996,0.23810929999999997,0
45638,61,ATM,1.2300000000000009,0.9938062000000006,0
45639,61,NUMA1,0.030000000000000006,0.0312813,0
45640,61,STAT3,1.4000000000000008,1.1243633000000002,0
45641,61,SUB1,-0.24000000000000002,-0.09537620000000001,0
45642,61,NUP98,0.07999999999999999,0.10239439999999998,0
45643,61,ELL,0.09000000000000001,0.06556239999999999,0
45644,61,MAP3K1,0.42,0.3285021000000001,0
45645,61,MALT1,0.17,0.14321520000000001,0
45646,61,XPO1,0.23,0.20416809999999996,0
45647,61,SETD1B,0.13,0.0927959,0
45648,61,ETV6,-0.17999999999999997,-0.06363090000000002,0
45649,61,TBL1XR1,0.2,0.13499480000000003,0
45650,61,NUP214,0.02,0.1041426,0
45651,61,TPR,0.09,0.08531699999999998,0
45652,61,ATIC,-0.010000000000000005,0.03317020000000002,0
45653,61,NACA,0.24,0.1671051,0
45654,61,MYO5A,0.0,0.0036003000000000007,0
45655,61,SMC1A,0.5900000000000001,0.5002993,0
45656,61,LASP1,-0.19,-0.1168577,0
45657,61,ERCC5,0.52,0.3630156000000001,0
45658,61,JUN,0.42000000000000004,0.3752797000000001,0
45659,61,THRAP3,0.1,0.08695950000000001,0
45660,61,STAG2,0.49,0.3955593,0
45661,61,RAF1,1.1400000000000003,0.8048115,0
45662,61,ERCC3,0.5299999999999999,0.45507309999999995,0
45663,61,SMAD2,0.3900000000000001,0.4103643,0
45664,61,TAF15,0.14,0.1282636,0
45665,61,ARNT,0.33999999999999997,0.2754427,0
45666,61,CLTC,-0.4700000000000001,-0.27718489999999996,0
45667,61,IKBKB,0.5500000000000003,0.47265640000000003,0
45668,61,IDH1,-0.5700000000000001,-0.15379159999999997,0
45669,61,SND1,0.0,0.0006728000000000003,0
45670,61,KNSTRN,0.03,0.0237759,0
45671,61,RHOA,-1.4100000000000004,-0.36618240000000013,0
45672,61,PALB2,0.6100000000000001,0.5236772999999999,0
45673,61,ARID2,0.76,0.5735554,0
45674,61,EZR,-0.06999999999999998,0.006782800000000002,0
45675,61,TP53,-1.3299999999999994,-0.11983100000000009,0
45676,61,ARAF,0.4,0.23051050000000006,0
45677,61,KIF5B,0.39,0.2881162,0
45678,61,KAT6A,0.18999999999999997,0.18120449999999996,0
45679,61,KTN1,-0.11,-0.034084100000000006,0
45680,61,GOLGA5,-0.14,-0.09589610000000001,0
45681,61,KDM5A,0.21000000000000002,0.18985149999999998,0
45682,61,RAD21,0.48000000000000004,0.38340260000000004,0
45683,61,GNAQ,0.15999999999999998,0.1056969,0
45684,61,CAMTA1,-0.02,-0.0106169,0
45685,61,ERCC2,0.62,0.4612984,0
45686,61,EZH2,1.8000000000000012,1.1551023999999996,0
45687,61,TOP1,0.17999999999999997,0.14123380000000002,0
45688,61,SRSF3,-0.30000000000000004,-0.10772919999999998,0
45689,61,NPM1,-0.09999999999999999,0.1201137,0
45690,61,BAX,-0.53,-0.1704282,0
45691,61,NOTCH2,0.26,0.2108005,0
45692,61,TRAF7,0.03,0.023010899999999997,0
45693,61,KDM6A,0.8100000000000004,0.6916251999999999,0
45694,61,SPEN,0.12,0.0927596,0
45695,61,TRIM27,-0.43,-0.1638533,0
45696,61,CRTC1,0.15000000000000002,0.11514429999999999,0
45697,61,EML4,0.21999999999999997,0.1919609000000001,0
45698,61,USP9X,-0.06999999999999999,-0.04452560000000001,0
45699,61,PTPRK,0.01,0.0072197,0
45700,61,CD74,-0.17,-0.020529800000000004,0
45701,61,CBL,0.6100000000000001,0.4549339000000001,0
45702,61,ZNF384,-0.06,-0.0330975,0
45703,61,NOTCH1,1.0200000000000005,0.7830686999999998,0
45704,61,COX6C,-0.17,-0.06530630000000001,0
45705,61,CHCHD7,0.03,0.0200184,0
45706,61,HMGA1,-0.13,-0.0610462,0
45707,61,PTEN,1.5400000000000007,1.2268909000000001,0
45708,61,FIP1L1,-0.020000000000000004,-0.016564200000000008,0
45709,61,JAK1,0.7700000000000002,0.6183072999999999,0
45710,61,ZMYM2,-0.060000000000000005,-0.0456359,0
45711,61,SUZ12,0.8200000000000003,0.5767138,0
45712,61,FUS,-0.21000000000000002,0.1050494,0
45713,61,BAP1,0.08999999999999998,0.087835,0
45714,61,ZCCHC8,-0.09,-0.025026299999999998,0
45715,61,CRNKL1,-0.04,-0.023442200000000003,0
45716,61,RAD17,0.12000000000000001,0.08207210000000001,0
45717,61,ATP1A1,0.0,-0.0010729000000000008,0
45718,61,DNMT3A,0.9000000000000004,0.7425038999999999,0
45719,61,FBXW7,0.9500000000000004,0.7381460999999999,0
45720,61,WWTR1,-0.07,-0.0379327,0
45721,61,CDKN1B,0.5700000000000001,0.3455527,0
45722,61,KMT2A,0.3900000000000001,0.3295952000000001,0
45723,61,PTPN11,0.8600000000000001,0.6829734,0
45724,61,STAT5B,0.6600000000000001,0.5044856,0
45725,61,CUX1,-0.09999999999999999,-0.06980910000000001,0
45726,61,ABI1,-0.42000000000000004,-0.14575310000000002,0
45727,61,BRCA1,1.6500000000000012,1.3119849999999995,0
45728,61,SH2B3,0.07,0.048610600000000004,0
45729,61,AFF4,0.08000000000000002,0.0689042,0
45730,61,NF2,-0.020000000000000004,0.05382190000000001,0
45731,61,LMNA,0.12,0.08551969999999999,0
45732,61,TSC2,0.52,0.42900699999999997,0
45733,61,GOLPH3,-0.09,-0.0577548,0
45734,61,PCM1,-0.08,-0.053841000000000014,0
45735,61,PPP2R1A,-0.43000000000000005,-0.14334360000000002,0
45736,61,ARID1A,1.7500000000000009,1.2964738000000002,0
45737,61,ABL1,0.31000000000000016,0.2627773,0
45738,61,AFF1,0.22999999999999998,0.1882455,0
45739,61,DAXX,-0.33999999999999997,-0.08041350000000003,0
45740,61,CBFB,0.10999999999999999,0.0965391,0
45741,61,CBLB,0.13,0.09917480000000001,0
45742,61,POLR2A,-0.040000000000000036,0.10911969999999999,0
45743,61,PRKACA,0.42000000000000015,0.3356228000000001,0
45744,61,DNM2,-0.12000000000000001,-0.051331699999999994,0
45745,61,RAP1GDS1,-0.08,-0.025696000000000004,0
45746,61,NCOR1,0.9200000000000003,0.8195097,0
45747,61,NFKBIE,-0.22,-0.0765615,0
45748,61,DDX3X,0.12000000000000001,0.1220298,0
45749,61,ELK4,0.01,0.0068921,0
45750,61,MLLT6,0.1,0.0747788,0
45751,61,SRSF2,-1.3800000000000001,-0.4136412999999999,0
45752,61,CTNNA1,0.09000000000000001,0.06561689999999999,0
45753,61,RBM10,0.19,0.13588860000000003,0
45754,61,PTPRC,0.13999999999999999,0.14196489999999998,0
45755,61,HSP90AA1,1.2100000000000006,0.8121796,0
45756,62,NSD1,0.35000000000000003,0.2977185,1
45757,62,DICER1,0.18,0.239282,1
45758,62,BIRC6,0.13,0.12087710000000002,1
45759,62,SDHC,0.38,0.2729324,1
45760,62,TFG,0.18000000000000002,0.10980680000000002,1
45761,62,MAP2K2,0.33999999999999997,0.2301323,1
45762,62,TFRC,-0.32000000000000006,-0.1012033,1
45763,62,CREB1,0.8600000000000004,0.7335218,1
45764,62,POLG,-0.02,-0.006179400000000001,1
45765,62,SETD2,0.4900000000000002,0.4758698,1
45766,62,NAB2,-0.48,-0.140857,1
45767,62,HIF1A,1.580000000000001,1.2107334000000003,1
45768,62,FLCN,-0.06,0.0139781,1
45769,62,MAP2K4,0.1,0.1343411,1
45770,62,CNOT3,0.04000000000000001,0.0387749,1
45771,62,CIITA,0.08,0.0506674,1
45772,62,LSM14A,0.16,0.131404,1
45773,62,AKAP9,-0.05000000000000001,0.014057099999999996,1
45774,62,MSN,-0.17,-0.032072399999999994,1
45775,62,BCR,-0.04000000000000001,0.0357715,1
45776,62,TRRAP,0.07,0.1984451,1
45777,62,PPP6C,-0.15000000000000002,-0.0630694,1
45778,62,NCOA4,-0.1,-0.025891200000000003,1
45779,62,BCL9,0.19,0.1535133,1
45780,62,PRCC,0.13,0.1035277,1
45781,62,LARP4B,0.03,0.0215946,1
45782,62,CHD2,0.03,0.027693,1
45783,62,ASXL1,0.35,0.37563230000000003,1
45784,62,SMARCA4,1.9800000000000013,1.5283153999999997,1
45785,62,ERC1,-0.03,-0.0227706,1
45786,62,DCTN1,-0.010000000000000009,0.026414300000000016,1
45787,62,PIK3R1,1.2200000000000006,0.9899387000000003,1
45788,62,EED,0.12999999999999998,0.09662209999999999,1
45789,62,CNBP,0.02,0.0120478,1
45790,62,SGK1,0.48,0.31519159999999996,1
45791,62,MLLT10,-0.28,-0.1609843,1
45792,62,BRD4,0.8600000000000004,0.7904949000000002,1
45793,62,RANBP2,0.3,0.29124659999999997,1
45794,62,FBXO11,0.05,0.0405534,1
45795,62,PML,0.41000000000000003,0.27053369999999993,1
45796,62,AKT2,1.04,0.730187,1
45797,62,CEP89,0.05,0.032209100000000004,1
45798,62,LZTR1,0.1,0.1123622,1
45799,62,YWHAE,0.23000000000000007,0.1420396,1
45800,62,DNAJB1,-0.030000000000000002,-0.0036256000000000014,1
45801,62,PRDM2,0.07,0.0576873,1
45802,62,TPM4,0.51,0.35845999999999995,1
45803,62,CREBBP,2.0600000000000014,1.6996347000000003,1
45804,62,PMS2,0.8500000000000003,0.7277675,1
45805,62,DDR2,0.020000000000000004,0.012737000000000009,1
45806,62,FANCA,0.4100000000000001,0.3417723,1
45807,62,PDE4DIP,0.08,0.0635628,1
45808,62,USP8,-0.049999999999999996,-0.02196739999999999,1
45809,62,MYH9,-0.44,-0.09862980000000002,1
45810,62,MYC,-1.9700000000000009,-0.4240631,1
45811,62,NBN,0.6200000000000001,0.5125302,1
45812,62,CCND3,-0.030000000000000006,0.015136999999999994,1
45813,62,TRIP11,-0.1,-0.0737831,1
45814,62,CNTRL,-0.06999999999999999,-0.05509209999999999,1
45815,62,PIK3CA,1.2000000000000008,1.0346657000000004,1
45816,62,DDX5,0.24000000000000005,0.24798170000000003,1
45817,62,PICALM,0.009999999999999995,0.014763900000000003,1
45818,62,RARA,0.06999999999999999,0.1338084,1
45819,62,DDX6,-0.019999999999999976,0.0923429,1
45820,62,COL1A1,0.21000000000000002,0.1757676,1
45821,62,VHL,0.27999999999999997,0.20562059999999996,1
45822,62,MAPK1,1.690000000000001,1.1925690000000002,1
45823,62,SRC,0.20999999999999994,0.34544330000000006,1
45824,62,NFE2L2,0.35,0.253282,1
45825,62,MITF,-0.27,-0.06692970000000001,1
45826,62,SMAD3,1.1800000000000008,1.0995050000000002,1
45827,62,RBM15,0.12,0.0981573,1
45828,62,ATR,0.74,0.6172688000000001,1
45829,62,EPAS1,0.26,0.2950575,1
45830,62,TPM3,0.15999999999999998,0.1329546,1
45831,62,RPL10,0.07,0.11050190000000001,1
45832,62,STAG1,0.1,0.1436249,1
45833,62,SBDS,-0.11,-0.0335962,1
45834,62,KMT2D,1.0200000000000005,0.8151694,1
45835,62,MED12,0.37000000000000005,0.30914189999999997,1
45836,62,BCLAF1,-0.01999999999999999,0.0450115,1
45837,62,ASPSCR1,0.009999999999999995,0.009782100000000009,1
45838,62,CDK12,0.54,0.4373948,1
45839,62,EWSR1,0.17,0.2650751,1
45840,62,NDRG1,-0.07,-0.017632099999999998,1
45841,62,PSIP1,0.03,0.035010999999999994,1
45842,62,TRIM33,0.11,0.0948346,1
45843,62,MTOR,0.9300000000000003,0.7904081,1
45844,62,ARHGAP35,0.16,0.1464417,1
45845,62,POT1,0.03,0.0293664,1
45846,62,EXT1,0.11,0.0846813,1
45847,62,IL6ST,0.34,0.281541,1
45848,62,IDH2,-0.09,-0.012281500000000011,1
45849,62,SMARCE1,0.45,0.3097378,1
45850,62,CRTC3,0.08,0.06637399999999999,1
45851,62,TSC1,0.29,0.2940528,1
45852,62,BCOR,-0.16,0.029676699999999993,1
45853,62,SDHA,0.27,0.19418750000000004,1
45854,62,EP300,2.49,2.0599643,1
45855,62,HNRNPA2B1,0.5500000000000002,0.3890345,1
45856,62,CLIP1,-0.15,-0.08860110000000002,1
45857,62,PATZ1,-0.54,-0.1391291,1
45858,62,FUBP1,-0.11,-0.004233099999999997,1
45859,62,HLA-A,-0.04000000000000001,0.03118509999999999,1
45860,62,CCNC,-0.18999999999999997,-0.081605,1
45861,62,RPN1,-0.18,-0.07137750000000001,1
45862,62,TCF7L2,0.09000000000000001,0.12873740000000003,1
45863,62,CANT1,0.05,0.0325121,1
45864,62,RPL5,-0.62,-0.1860479,1
45865,62,CCDC6,0.08,0.09087319999999999,1
45866,62,NCKIPSD,-0.039999999999999994,-0.005788599999999998,1
45867,62,SMARCD1,0.45,0.3752484,1
45868,62,BCL10,0.04,0.0662991,1
45869,62,MAX,0.00999999999999999,0.06102539999999999,1
45870,62,HERPUD1,-0.03,-0.0076074,1
45871,62,RAC1,0.07999999999999999,0.1579803,1
45872,62,FLNA,0.06000000000000001,0.06781340000000002,1
45873,62,TFE3,-0.74,-0.26913620000000005,1
45874,62,NCOR2,0.5500000000000002,0.48754679999999995,1
45875,62,PRPF40B,0.04,0.027169600000000002,1
45876,62,BCL3,-0.08000000000000002,-0.006803099999999993,1
45877,62,TFPT,-0.31,-0.1057855,1
45878,62,MLH1,0.85,0.7558541000000001,1
45879,62,ARHGAP5,0.12999999999999998,0.1159957,1
45880,62,CIC,0.01,0.0072549,1
45881,62,LYN,0.7700000000000001,0.5776308000000001,1
45882,62,TCF12,0.34,0.2727964,1
45883,62,KLF6,0.05,0.0325409,1
45884,62,KMT2C,1.0200000000000002,0.8420385999999999,1
45885,62,PIM1,-0.11000000000000001,-0.011965300000000019,1
45886,62,CCND1,1.1600000000000006,0.7586743,1
45887,62,MLLT1,-1.5100000000000002,-0.3611351,1
45888,62,MEN1,-0.06999999999999999,-0.002133700000000009,1
45889,62,CUL3,0.14,0.1441637,1
45890,62,RB1,0.6900000000000001,0.5559607,1
45891,62,LPP,-0.13,-0.031971,1
45892,62,BUB1B,-0.12000000000000002,-0.023737600000000008,1
45893,62,SMAD4,1.630000000000001,1.3114362,1
45894,62,FGFR1,0.23,0.23376629999999998,1
45895,62,TMSB4X,0.04,0.0316236,1
45896,62,CDK4,1.0800000000000005,0.7496617,1
45897,62,MSI2,0.01,0.0079099,1
45898,62,MSH6,1.0500000000000005,0.8749676,1
45899,62,BRAF,1.2100000000000004,1.0872353,1
45900,62,TCEA1,-0.04000000000000001,0.026856700000000004,1
45901,62,TNFAIP3,0.16,0.1411082,1
45902,62,RABEP1,-0.010000000000000002,-0.007487000000000001,1
45903,62,GMPS,-0.06,-0.030319599999999995,1
45904,62,MDM2,1.1600000000000008,0.9133939000000001,1
45905,62,NSD2,0.21999999999999997,0.16614069999999997,1
45906,62,CASP8,-0.26,0.04985839999999999,1
45907,62,PER1,-0.19,-0.06222750000000001,1
45908,62,UBR5,0.03,0.04831360000000001,1
45909,62,EIF3E,0.04000000000000001,0.0751136,1
45910,62,RFWD3,0.030000000000000002,0.0324013,1
45911,62,BRD3,0.1,0.0682871,1
45912,62,PAFAH1B2,0.03,0.027002699999999998,1
45913,62,EXT2,0.009999999999999995,0.018492300000000003,1
45914,62,PLCG1,0.44,0.37604180000000004,1
45915,62,SF3B1,-0.76,-0.3452898,1
45916,62,ARHGEF10L,0.03,0.0160563,1
45917,62,NFATC2,0.25,0.18299379999999998,1
45918,62,SDHD,0.31,0.21318929999999997,1
45919,62,PABPC1,-0.9000000000000001,-0.25904989999999994,1
45920,62,POLD1,-0.15,-0.022161299999999988,1
45921,62,CALR,0.029999999999999992,0.055873500000000006,1
45922,62,PIK3CB,0.6000000000000001,0.5054202,1
45923,62,PPM1D,0.27,0.21162910000000001,1
45924,62,ATRX,0.9900000000000004,0.8681880000000002,1
45925,62,DGCR8,0.18,0.1407706,1
45926,62,DDX10,0.16999999999999998,0.12904320000000002,1
45927,62,DROSHA,0.55,0.43743909999999997,1
45928,62,TNFRSF14,-0.18000000000000002,-0.06392260000000001,1
45929,62,BCL9L,0.13,0.0988463,1
45930,62,QKI,0.03,0.0229532,1
45931,62,BAZ1A,0.01,0.0076035,1
45932,62,CHD4,0.39,0.3255743,1
45933,62,NSD3,0.11000000000000001,0.1179046,1
45934,62,NT5C2,0.15000000000000002,0.08790070000000003,1
45935,62,CCNB1IP1,0.13,0.0635507,1
45936,62,PCBP1,-0.97,-0.2519587,1
45937,62,RALGDS,-0.039999999999999994,0.04435069999999999,1
45938,62,ARHGEF12,-0.010000000000000009,0.0242031,1
45939,62,HSP90AB1,1.1200000000000006,0.8006477000000001,1
45940,62,FOXO3,1.4400000000000008,1.0540386,1
45941,62,HIP1,-0.01,-0.0054175000000000004,1
45942,62,CDC73,0.039999999999999994,0.07981289999999998,1
45943,62,NIN,-0.019999999999999997,-0.011596200000000004,1
45944,62,MDM4,0.16,0.18305670000000002,1
45945,62,COL3A1,0.22,0.17763779999999998,1
45946,62,CTNND1,0.08000000000000003,0.12878260000000002,1
45947,62,SPOP,0.04000000000000001,0.06109290000000001,1
45948,62,TMEM127,0.04,0.034443,1
45949,62,CREB3L2,0.19999999999999998,0.1350202,1
45950,62,MSH2,1.0000000000000004,0.8659688000000001,1
45951,62,FNBP1,-0.010000000000000007,0.017988499999999994,1
45952,62,ATF1,0.12000000000000001,0.08522440000000002,1
45953,62,EIF1AX,-0.54,-0.18106579999999997,1
45954,62,PMS1,0.61,0.4840812,1
45955,62,DEK,0.18000000000000002,0.1538407,1
45956,62,ERBB2,0.7100000000000001,0.4728363000000001,1
45957,62,AKT1,0.9900000000000004,0.6737626000000001,1
45958,62,CHEK2,0.6700000000000002,0.6616335,1
45959,62,SDHB,0.41000000000000003,0.28667109999999996,1
45960,62,NCOA1,0.37000000000000005,0.3040686,1
45961,62,CHIC2,0.09,0.059662200000000006,1
45962,62,RUNX1,0.009999999999999953,0.5191168,1
45963,62,STAT6,0.38,0.3412415,1
45964,62,FH,-0.12,-0.03650160000000001,1
45965,62,AKT3,1.0500000000000003,0.7602153,1
45966,62,GNAS,0.39,0.2729939,1
45967,62,CTNNB1,1.4500000000000008,1.0319544000000003,1
45968,62,NONO,0.35,0.3019571,1
45969,62,SMARCB1,1.1100000000000005,0.8754708999999999,1
45970,62,PRKAR1A,0.16,0.16702710000000004,1
45971,62,ITGAV,-0.01,0.03465089999999999,1
45972,62,SS18,0.43,0.31156120000000004,1
45973,62,MAP2K1,0.9600000000000004,0.5998391,1
45974,62,SIRPA,-0.04000000000000001,-0.007196400000000002,1
45975,62,PPFIBP1,0.39999999999999997,0.28788680000000005,1
45976,62,RPL22,-0.16,0.09363760000000002,1
45977,62,CYLD,0.29000000000000004,0.23642860000000004,1
45978,62,ARID1B,0.8500000000000001,0.6559631000000001,1
45979,62,SETDB1,0.33,0.23982910000000002,1
45980,62,AFDN,-0.36,-0.10251580000000002,1
45981,62,ZRSR2,-0.020000000000000004,-0.012646000000000008,1
45982,62,PBRM1,0.9800000000000004,0.7366570000000002,1
45983,62,XPC,0.54,0.3573485,1
45984,62,ASXL2,0.27,0.1991849,1
45985,62,TRIM24,-0.13999999999999999,0.004586199999999998,1
45986,62,SFPQ,-0.33999999999999997,-0.08121550000000002,1
45987,62,NCOA2,0.6000000000000001,0.48954910000000007,1
45988,62,FOXO4,0.39,0.24299679999999999,1
45989,62,LEF1,0.23,0.19677159999999996,1
45990,62,B2M,-0.3500000000000001,-0.1398785,1
45991,62,DDIT3,-0.31000000000000005,-0.1094528,1
45992,62,BCL6,0.29,0.2573186999999999,1
45993,62,KRAS,-0.07999999999999989,0.10322129999999999,1
45994,62,FAT1,0.11,0.0812143,1
45995,62,ABL2,0.04,0.041608700000000005,1
45996,62,NF1,1.2900000000000005,1.0447118000000002,1
45997,62,BTG1,-0.06,-0.0253686,1
45998,62,EIF4A2,0.06,0.0379605,1
45999,62,SET,0.18,0.1451996,1
46000,62,EPS15,0.11000000000000001,0.09607160000000001,1
46001,62,RNF213,0.06,0.051382800000000006,1
46002,62,CTCF,1.0400000000000005,0.7251668,1
46003,62,WDCP,0.19999999999999998,0.12129380000000002,1
46004,62,KAT7,0.15,0.1262286,1
46005,62,KDM5C,0.17,0.176827,1
46006,62,TGFBR2,0.14,0.14720460000000005,1
46007,62,ATM,1.0500000000000007,1.0788826,1
46008,62,NUMA1,-0.04000000000000001,-0.0020040999999999982,1
46009,62,STAT3,0.7600000000000003,0.7703453,1
46010,62,SUB1,-0.1,-0.043728199999999995,1
46011,62,NUP98,0.24000000000000002,0.2418261,1
46012,62,ELL,0.16,0.0806684,1
46013,62,MAP3K1,0.37,0.3102491,1
46014,62,MALT1,0.15,0.15312679999999998,1
46015,62,XPO1,0.5600000000000002,0.45081079999999996,1
46016,62,SETD1B,0.27,0.21143800000000001,1
46017,62,ETV6,-0.06000000000000002,0.005390499999999996,1
46018,62,TBL1XR1,0.23,0.16005660000000002,1
46019,62,NUP214,-0.04999999999999996,0.15073199999999998,1
46020,62,TPR,0.09000000000000001,0.0834819,1
46021,62,ATIC,0.16,0.13163560000000002,1
46022,62,NACA,0.22,0.1424594,1
46023,62,MYO5A,0.01,0.008072900000000001,1
46024,62,SMC1A,0.31000000000000005,0.4205127,1
46025,62,LASP1,-0.28,-0.1341864,1
46026,62,ERCC5,0.45999999999999996,0.3076007,1
46027,62,JUN,-0.97,-0.14692999999999998,1
46028,62,THRAP3,0.060000000000000005,0.04679799999999999,1
46029,62,STAG2,0.28,0.29113609999999995,1
46030,62,RAF1,0.8200000000000003,0.6366460000000002,1
46031,62,ERCC3,0.63,0.5367434,1
46032,62,SMAD2,0.3900000000000003,0.5106845000000001,1
46033,62,TAF15,0.22000000000000003,0.176635,1
46034,62,ARNT,0.15999999999999998,0.1753119,1
46035,62,CLTC,-0.6200000000000001,-0.2792152,1
46036,62,IKBKB,0.5200000000000002,0.48036039999999997,1
46037,62,IDH1,-0.5,-0.15979930000000003,1
46038,62,SND1,0.030000000000000006,0.0416476,1
46039,62,KNSTRN,0.03,0.0235755,1
46040,62,RHOA,-3.04,-0.6976063000000001,1
46041,62,PALB2,0.7200000000000002,0.6111683,1
46042,62,ARID2,0.8500000000000001,0.6602763,1
46043,62,EZR,-0.07,-0.0015785999999999986,1
46044,62,TP53,0.4600000000000003,0.5586098999999999,1
46045,62,ARAF,0.4000000000000001,0.2305245,1
46046,62,KIF5B,0.5,0.37716419999999995,1
46047,62,KAT6A,0.20000000000000004,0.22106119999999999,1
46048,62,KTN1,-0.07,-0.0129493,1
46049,62,GOLGA5,-0.07,-0.04665860000000001,1
46050,62,KDM5A,0.23999999999999996,0.23418830000000002,1
46051,62,RAD21,0.5800000000000001,0.47505520000000007,1
46052,62,GNAQ,0.35,0.2538744,1
46053,62,CAMTA1,0.08,0.059867500000000004,1
46054,62,ERCC2,0.7300000000000001,0.5631078999999999,1
46055,62,EZH2,1.7800000000000014,1.3859746999999998,1
46056,62,TOP1,0.32,0.2549765,1
46057,62,SRSF3,-0.18999999999999997,-0.012674400000000004,1
46058,62,NPM1,0.25999999999999995,0.2626359,1
46059,62,BAX,-0.63,-0.1562021,1
46060,62,NOTCH2,0.29000000000000004,0.2430108,1
46061,62,TRAF7,0.02,0.0140438,1
46062,62,KDM6A,0.7800000000000002,0.8062870999999999,1
46063,62,SPEN,0.14,0.1112765,1
46064,62,TRIM27,-0.5,-0.15743919999999997,1
46065,62,CRTC1,0.16,0.12500139999999998,1
46066,62,EML4,0.3400000000000001,0.32837279999999996,1
46067,62,USP9X,0.0,-0.00025080000000000414,1
46068,62,PTPRK,-0.01,-0.0057383,1
46069,62,CD74,-0.16,0.0003717000000000026,1
46070,62,CBL,0.6100000000000001,0.5298886,1
46071,62,ZNF384,0.03,0.0237702,1
46072,62,NOTCH1,1.1700000000000006,0.8409435000000002,1
46073,62,COX6C,-0.15,-0.0419891,1
46074,62,CHCHD7,0.03,0.020326800000000003,1
46075,62,HMGA1,-0.05,-0.0168054,1
46076,62,PTEN,1.060000000000001,1.0371529999999995,1
46077,62,FIP1L1,-0.04000000000000001,-0.010382000000000002,1
46078,62,JAK1,0.8100000000000003,0.6782181,1
46079,62,ZMYM2,0.010000000000000004,0.010214,1
46080,62,SUZ12,0.8100000000000003,0.6431454999999999,1
46081,62,FUS,-0.57,-0.046936499999999964,1
46082,62,BAP1,-0.35000000000000003,-0.13781239999999997,1
46083,62,ZCCHC8,-0.08,-0.0226784,1
46084,62,CRNKL1,0.0,0.003087300000000001,1
46085,62,RAD17,0.17,0.12417600000000001,1
46086,62,ATP1A1,0.0,0.0014968999999999998,1
46087,62,DNMT3A,1.1300000000000003,0.9162142,1
46088,62,FBXW7,0.9600000000000004,0.8076012000000001,1
46089,62,WWTR1,-0.15000000000000002,-0.05533070000000002,1
46090,62,CDKN1B,0.3400000000000001,0.25338520000000003,1
46091,62,KMT2A,0.23000000000000007,0.29256550000000003,1
46092,62,PTPN11,1.1000000000000003,0.8953879,1
46093,62,STAT5B,0.6900000000000002,0.579515,1
46094,62,CUX1,-0.049999999999999996,-0.032723100000000005,1
46095,62,ABI1,-0.28,-0.0766373,1
46096,62,BRCA1,1.8600000000000012,1.5088183,1
46097,62,SH2B3,0.10999999999999999,0.06725500000000001,1
46098,62,AFF4,-0.22,-0.1069639,1
46099,62,NF2,0.18000000000000002,0.1683794,1
46100,62,LMNA,-5.204170427930421e-18,0.010824499999999992,1
46101,62,TSC2,0.8500000000000003,0.6722908000000002,1
46102,62,GOLPH3,-0.060000000000000005,-0.0430585,1
46103,62,PCM1,-0.030000000000000002,-0.0243287,1
46104,62,PPP2R1A,-0.36,-0.09079650000000003,1
46105,62,ARID1A,1.710000000000001,1.3762868999999998,1
46106,62,ABL1,-0.12,0.09852759999999992,1
46107,62,AFF1,0.030000000000000006,0.0648798,1
46108,62,DAXX,-0.33,-0.0635783,1
46109,62,CBFB,0.13,0.1455906,1
46110,62,CBLB,0.18,0.1558744,1
46111,62,POLR2A,-0.36,0.054706899999999954,1
46112,62,PRKACA,0.2300000000000001,0.2678874,1
46113,62,DNM2,-0.09999999999999999,-0.0374984,1
46114,62,RAP1GDS1,0.030000000000000013,0.043329400000000004,1
46115,62,NCOR1,0.9000000000000002,0.8830424000000001,1
46116,62,NFKBIE,-0.38,-0.1225575,1
46117,62,DDX3X,0.27,0.24153340000000004,1
46118,62,ELK4,0.03,0.024863999999999997,1
46119,62,MLLT6,0.06,0.049879900000000005,1
46120,62,SRSF2,-2.9400000000000004,-0.678336,1
46121,62,CTNNA1,0.16,0.12410070000000001,1
46122,62,RBM10,0.15000000000000002,0.11362789999999999,1
46123,62,PTPRC,0.009999999999999981,0.1002374,1
46124,62,HSP90AA1,1.0800000000000005,0.7644351999999999,1
46125,62,NSD1,0.26,0.2149706,0
46126,62,DICER1,0.19999999999999998,0.20890740000000002,0
46127,62,BIRC6,0.04,0.0464999,0
46128,62,SDHC,0.3400000000000001,0.24642580000000003,0
46129,62,TFG,0.26,0.1490281,0
46130,62,MAP2K2,0.27,0.2055057,0
46131,62,TFRC,-0.24000000000000002,-0.11697740000000001,0
46132,62,CREB1,0.9500000000000004,0.7154524,0
46133,62,POLG,0.01,0.0032898,0
46134,62,SETD2,0.7100000000000002,0.6014792000000001,0
46135,62,NAB2,-0.33,-0.12335680000000002,0
46136,62,HIF1A,1.620000000000001,1.1654279000000003,0
46137,62,FLCN,0.030000000000000002,0.0324958,0
46138,62,MAP2K4,-0.04000000000000001,0.0635713,0
46139,62,CNOT3,0.010000000000000002,0.022595199999999992,0
46140,62,CIITA,0.06999999999999999,0.0415155,0
46141,62,LSM14A,0.09,0.07576,0
46142,62,AKAP9,-0.07,-0.018929099999999997,0
46143,62,MSN,-0.45999999999999996,-0.12228000000000001,0
46144,62,BCR,0.06999999999999999,0.0630144,0
46145,62,TRRAP,0.05000000000000001,0.15050380000000005,0
46146,62,PPP6C,-0.16999999999999998,-0.079051,0
46147,62,NCOA4,-0.18999999999999997,-0.10253009999999999,0
46148,62,BCL9,0.16,0.1281438,0
46149,62,PRCC,0.02,0.020073499999999994,0
46150,62,LARP4B,0.01,0.005973000000000001,0
46151,62,CHD2,0.01,0.0076018,0
46152,62,ASXL1,0.48,0.4531416,0
46153,62,SMARCA4,1.580000000000001,1.1926766,0
46154,62,ERC1,-0.02,-0.015078000000000001,0
46155,62,DCTN1,-0.23000000000000007,-0.1021802,0
46156,62,PIK3R1,1.2600000000000007,0.9366184000000002,0
46157,62,EED,-0.09000000000000001,-0.0042702,0
46158,62,CNBP,0.02,0.0112988,0
46159,62,SGK1,0.33,0.1969968,0
46160,62,MLLT10,-0.13,-0.0468113,0
46161,62,BRD4,1.0200000000000002,0.7872425999999999,0
46162,62,RANBP2,0.14,0.20242599999999997,0
46163,62,FBXO11,0.060000000000000005,0.048978900000000006,0
46164,62,PML,0.29000000000000004,0.22186799999999995,0
46165,62,AKT2,1.0100000000000002,0.6936886000000001,0
46166,62,CEP89,0.08,0.0499801,0
46167,62,LZTR1,0.09,0.08447349999999999,0
46168,62,YWHAE,0.31000000000000005,0.20318080000000002,0
46169,62,DNAJB1,-0.06,-0.0118423,0
46170,62,PRDM2,0.03,0.0223213,0
46171,62,TPM4,0.51,0.329038,0
46172,62,CREBBP,1.8000000000000012,1.4442093,0
46173,62,PMS2,0.6100000000000001,0.5576591,0
46174,62,DDR2,0.060000000000000005,0.039737100000000004,0
46175,62,FANCA,0.37,0.3039625000000001,0
46176,62,PDE4DIP,0.060000000000000005,0.0415989,0
46177,62,USP8,-0.09000000000000001,-0.049035,0
46178,62,MYH9,-0.39,-0.09608280000000001,0
46179,62,MYC,-1.9000000000000008,-0.6817617999999999,0
46180,62,NBN,0.54,0.4169381,0
46181,62,CCND3,-0.01999999999999998,0.03253,0
46182,62,TRIP11,-0.15,-0.10016920000000001,0
46183,62,CNTRL,-0.049999999999999996,-0.0354155,0
46184,62,PIK3CA,1.4700000000000009,1.0726058,0
46185,62,DDX5,0.41999999999999993,0.3214611,0
46186,62,PICALM,0.0,0.0020136000000000043,0
46187,62,RARA,0.43000000000000005,0.312911,0
46188,62,DDX6,-0.009999999999999998,0.06330569999999998,0
46189,62,COL1A1,0.12000000000000001,0.12237470000000002,0
46190,62,VHL,0.17,0.1217095,0
46191,62,MAPK1,1.5400000000000007,0.9979563,0
46192,62,SRC,-0.5,0.04104550000000002,0
46193,62,NFE2L2,0.30000000000000004,0.19868619999999998,0
46194,62,MITF,-0.2,-0.036911599999999996,0
46195,62,SMAD3,1.1600000000000008,0.8852580000000001,0
46196,62,RBM15,0.07,0.061894500000000005,0
46197,62,ATR,0.7000000000000003,0.5953609000000001,0
46198,62,EPAS1,0.41,0.3483408999999999,0
46199,62,TPM3,0.22000000000000003,0.15660300000000005,0
46200,62,RPL10,0.14,0.115979,0
46201,62,STAG1,0.16999999999999998,0.17417720000000003,0
46202,62,SBDS,-0.03,-0.0119224,0
46203,62,KMT2D,0.9400000000000004,0.7021809000000001,0
46204,62,MED12,0.29000000000000004,0.2340287,0
46205,62,BCLAF1,0.01999999999999999,0.057331799999999995,0
46206,62,ASPSCR1,-0.04000000000000001,-0.016148700000000012,0
46207,62,CDK12,0.3,0.2179331,0
46208,62,EWSR1,0.4399999999999999,0.36283700000000013,0
46209,62,NDRG1,-0.08,-0.028704500000000008,0
46210,62,PSIP1,-0.10999999999999999,-0.05387819999999999,0
46211,62,TRIM33,0.04,0.03911850000000001,0
46212,62,MTOR,1.1300000000000006,0.8331510999999999,0
46213,62,ARHGAP35,0.09000000000000001,0.13801270000000002,0
46214,62,POT1,-0.020000000000000004,0.004085299999999999,0
46215,62,EXT1,0.11,0.0748308,0
46216,62,IL6ST,0.3,0.23524070000000002,0
46217,62,IDH2,0.11,0.08798940000000001,0
46218,62,SMARCE1,0.45,0.2858968,0
46219,62,CRTC3,0.08,0.06631419999999999,0
46220,62,TSC1,0.22999999999999998,0.2481138,0
46221,62,BCOR,-0.17,-0.012035799999999996,0
46222,62,SDHA,0.22,0.1348778,0
46223,62,EP300,1.7100000000000013,1.4087317000000006,0
46224,62,HNRNPA2B1,0.37999999999999995,0.2824771,0
46225,62,CLIP1,-0.12000000000000001,-0.07033779999999999,0
46226,62,PATZ1,-0.48,-0.1278321,0
46227,62,FUBP1,-0.06,0.0212509,0
46228,62,HLA-A,-0.28,-0.031001000000000008,0
46229,62,CCNC,-0.10000000000000002,-0.0413925,0
46230,62,RPN1,-0.25,-0.07072329999999999,0
46231,62,TCF7L2,0.08000000000000003,0.1126681,0
46232,62,CANT1,0.1,0.058148200000000004,0
46233,62,RPL5,-0.62,-0.1889307,0
46234,62,CCDC6,0.02999999999999997,0.060851,0
46235,62,NCKIPSD,0.04,0.022707400000000003,0
46236,62,SMARCD1,0.44,0.3114956000000001,0
46237,62,BCL10,0.009999999999999995,0.037155,0
46238,62,MAX,-0.009999999999999998,0.016239700000000003,0
46239,62,HERPUD1,0.02,0.0075578,0
46240,62,RAC1,0.09999999999999999,0.14952820000000003,0
46241,62,FLNA,0.030000000000000006,0.054869400000000006,0
46242,62,TFE3,-0.4600000000000001,-0.2115398,0
46243,62,NCOR2,0.6900000000000002,0.5171560000000001,0
46244,62,PRPF40B,0.020000000000000004,0.019809400000000005,0
46245,62,BCL3,-0.03000000000000002,0.012512899999999983,0
46246,62,TFPT,-0.26,-0.09004519999999999,0
46247,62,MLH1,0.8500000000000001,0.7306454,0
46248,62,ARHGAP5,0.13,0.11641470000000001,0
46249,62,CIC,0.0,0.0,0
46250,62,LYN,0.8800000000000001,0.6160580999999999,0
46251,62,TCF12,0.26,0.20591399999999999,0
46252,62,KLF6,0.04,0.0217435,0
46253,62,KMT2C,1.0100000000000002,0.8195763,0
46254,62,PIM1,-0.13999999999999999,-0.056433399999999995,0
46255,62,CCND1,1.3200000000000007,0.8243769000000003,0
46256,62,MLLT1,-0.9900000000000002,-0.2908153,0
46257,62,MEN1,0.06,0.07288999999999998,0
46258,62,CUL3,0.1,0.1287267,0
46259,62,RB1,0.6800000000000002,0.5261926,0
46260,62,LPP,-0.06,-0.020291100000000003,0
46261,62,BUB1B,-0.13,-0.0684597,0
46262,62,SMAD4,1.4300000000000008,1.0950419999999998,0
46263,62,FGFR1,0.35,0.2514946,0
46264,62,TMSB4X,0.05,0.041984,0
46265,62,CDK4,0.6600000000000001,0.4542264,0
46266,62,MSI2,0.01,0.007215,0
46267,62,MSH6,0.9400000000000004,0.7275254,0
46268,62,BRAF,0.9000000000000004,0.8405452999999999,0
46269,62,TCEA1,0.049999999999999996,0.057870099999999994,0
46270,62,TNFAIP3,0.09,0.10391360000000001,0
46271,62,RABEP1,0.0,-0.0020511999999999996,0
46272,62,GMPS,-0.05,-0.03368470000000002,0
46273,62,MDM2,1.2000000000000006,0.8248153,0
46274,62,NSD2,0.17,0.11681740000000002,0
46275,62,CASP8,-0.17000000000000007,0.12752239999999998,0
46276,62,PER1,-0.26999999999999996,-0.04646829999999999,0
46277,62,UBR5,-0.030000000000000006,0.005691300000000002,0
46278,62,EIF3E,-0.020000000000000004,0.05233620000000001,0
46279,62,RFWD3,0.030000000000000002,0.0302988,0
46280,62,BRD3,0.12,0.09964060000000001,0
46281,62,PAFAH1B2,0.02,0.016255,0
46282,62,EXT2,0.009999999999999995,0.011265799999999992,0
46283,62,PLCG1,0.46999999999999986,0.3576875,0
46284,62,SF3B1,-0.35000000000000003,-0.141008,0
46285,62,ARHGEF10L,0.01,0.0045601999999999995,0
46286,62,NFATC2,0.22000000000000003,0.1549554,0
46287,62,SDHD,0.32,0.18977280000000002,0
46288,62,PABPC1,-0.64,-0.17551700000000003,0
46289,62,POLD1,-0.37000000000000005,-0.09357909999999998,0
46290,62,CALR,0.04000000000000001,0.04037480000000001,0
46291,62,PIK3CB,0.5900000000000001,0.4718181,0
46292,62,PPM1D,0.19000000000000003,0.1435123,0
46293,62,ATRX,0.9200000000000005,0.7720269,0
46294,62,DGCR8,0.18,0.11736830000000001,0
46295,62,DDX10,0.15000000000000002,0.1053715,0
46296,62,DROSHA,0.43000000000000005,0.3271634,0
46297,62,TNFRSF14,-0.14,-0.04940680000000001,0
46298,62,BCL9L,0.13999999999999999,0.0974634,0
46299,62,QKI,-0.05,-0.030231300000000003,0
46300,62,BAZ1A,0.01,0.0073776,0
46301,62,CHD4,0.20999999999999996,0.21039680000000002,0
46302,62,NSD3,0.020000000000000007,0.0382211,0
46303,62,NT5C2,0.15,0.091669,0
46304,62,CCNB1IP1,0.09,0.03826499999999999,0
46305,62,PCBP1,-0.83,-0.25588950000000005,0
46306,62,RALGDS,0.15000000000000002,0.0984883,0
46307,62,ARHGEF12,-0.049999999999999996,-0.008639899999999996,0
46308,62,HSP90AB1,1.2800000000000005,0.8449149,0
46309,62,FOXO3,1.2400000000000004,0.8522781999999999,0
46310,62,HIP1,-0.02,-0.012718400000000001,0
46311,62,CDC73,-0.18000000000000002,-0.023123099999999994,0
46312,62,NIN,0.029999999999999995,0.022832599999999995,0
46313,62,MDM4,0.11000000000000001,0.15141139999999997,0
46314,62,COL3A1,0.19,0.16283989999999998,0
46315,62,CTNND1,0.020000000000000018,0.0964948,0
46316,62,SPOP,-0.039999999999999994,-0.0033523999999999924,0
46317,62,TMEM127,0.09,0.0694265,0
46318,62,CREB3L2,0.1,0.0626337,0
46319,62,MSH2,0.9600000000000004,0.7319810999999998,0
46320,62,FNBP1,3.469446951953614e-18,0.0072751,0
46321,62,ATF1,0.05999999999999999,0.035166199999999995,0
46322,62,EIF1AX,-0.43,-0.19986649999999997,0
46323,62,PMS1,0.46,0.3567496,0
46324,62,DEK,0.14,0.1200206,0
46325,62,ERBB2,1.0800000000000005,0.7022140000000002,0
46326,62,AKT1,1.2600000000000007,0.8121378999999997,0
46327,62,CHEK2,0.18000000000000008,0.353687,0
46328,62,SDHB,0.43,0.28332369999999996,0
46329,62,NCOA1,0.41,0.2914773,0
46330,62,CHIC2,0.06,0.033529199999999995,0
46331,62,RUNX1,0.36,0.5502240999999999,0
46332,62,STAT6,0.25,0.19281689999999999,0
46333,62,FH,-0.19,-0.07131669999999998,0
46334,62,AKT3,1.0400000000000003,0.6959691,0
46335,62,GNAS,0.28,0.2016248,0
46336,62,CTNNB1,1.4100000000000008,0.9821017999999998,0
46337,62,NONO,0.14,0.10048489999999999,0
46338,62,SMARCB1,0.9600000000000004,0.7348396999999999,0
46339,62,PRKAR1A,0.14,0.11977180000000001,0
46340,62,ITGAV,-0.009999999999999981,0.024540900000000004,0
46341,62,SS18,0.42,0.2831411,0
46342,62,MAP2K1,1.1100000000000005,0.7081455000000001,0
46343,62,SIRPA,0.0,0.0008730999999999999,0
46344,62,PPFIBP1,0.39,0.25936620000000005,0
46345,62,RPL22,-0.17999999999999997,0.0716504,0
46346,62,CYLD,0.30000000000000004,0.2364232,0
46347,62,ARID1B,0.6499999999999999,0.48452379999999995,0
46348,62,SETDB1,0.33,0.2356307,0
46349,62,AFDN,-0.45000000000000007,-0.1672674,0
46350,62,ZRSR2,0.23,0.1698781,0
46351,62,PBRM1,0.9700000000000004,0.7121365,0
46352,62,XPC,0.6000000000000001,0.4056864,0
46353,62,ASXL2,0.22,0.1497398,0
46354,62,TRIM24,-0.15000000000000002,-0.05716910000000001,0
46355,62,SFPQ,-0.21,-0.041497599999999996,0
46356,62,NCOA2,0.56,0.41366580000000003,0
46357,62,FOXO4,0.39,0.2574805,0
46358,62,LEF1,0.23,0.17364980000000002,0
46359,62,B2M,-0.62,-0.221736,0
46360,62,DDIT3,-0.49,-0.104615,0
46361,62,BCL6,0.5300000000000001,0.3650065,0
46362,62,KRAS,-1.3300000000000003,-0.39230689999999996,0
46363,62,FAT1,0.08,0.06622030000000001,0
46364,62,ABL2,0.08000000000000002,0.05899299999999999,0
46365,62,NF1,0.9600000000000006,0.7703311000000003,0
46366,62,BTG1,-0.02,-0.0105974,0
46367,62,EIF4A2,0.09,0.06875279999999999,0
46368,62,SET,0.18000000000000002,0.1477294,0
46369,62,EPS15,0.009999999999999995,0.016240499999999998,0
46370,62,RNF213,0.03,0.0226151,0
46371,62,CTCF,0.9900000000000004,0.7174539,0
46372,62,WDCP,0.13,0.0745146,0
46373,62,KAT7,0.12999999999999998,0.098529,0
46374,62,KDM5C,0.14,0.13141560000000002,0
46375,62,TGFBR2,0.22999999999999998,0.17181819999999998,0
46376,62,ATM,1.3300000000000007,1.0797583000000004,0
46377,62,NUMA1,0.010000000000000002,0.0161972,0
46378,62,STAT3,1.4100000000000008,1.1350345,0
46379,62,SUB1,-0.24000000000000002,-0.08713680000000001,0
46380,62,NUP98,0.10999999999999997,0.11439290000000002,0
46381,62,ELL,-0.05,-0.005488500000000018,0
46382,62,MAP3K1,0.39999999999999997,0.3096204,0
46383,62,MALT1,0.13,0.1418194,0
46384,62,XPO1,0.35,0.2839044,0
46385,62,SETD1B,0.17,0.12135510000000001,0
46386,62,ETV6,-0.26999999999999996,-0.09141610000000001,0
46387,62,TBL1XR1,0.23,0.1612372,0
46388,62,NUP214,0.02000000000000001,0.10195580000000003,0
46389,62,TPR,0.10000000000000002,0.1005414,0
46390,62,ATIC,0.060000000000000005,0.05966800000000001,0
46391,62,NACA,0.22000000000000003,0.1439284,0
46392,62,MYO5A,0.0,0.0014083999999999989,0
46393,62,SMC1A,0.53,0.4791149999999999,0
46394,62,LASP1,-0.22999999999999998,-0.12611,0
46395,62,ERCC5,0.48000000000000004,0.3260773,0
46396,62,JUN,-0.06000000000000002,0.14496070000000008,0
46397,62,THRAP3,0.1,0.0855269,0
46398,62,STAG2,0.41000000000000003,0.35821129999999995,0
46399,62,RAF1,1.0500000000000003,0.7567588000000001,0
46400,62,ERCC3,0.44000000000000006,0.38313640000000004,0
46401,62,SMAD2,0.5100000000000002,0.48857680000000014,0
46402,62,TAF15,0.19,0.15241010000000002,0
46403,62,ARNT,0.27999999999999997,0.24849239999999995,0
46404,62,CLTC,-0.5800000000000001,-0.3148679,0
46405,62,IKBKB,0.5300000000000002,0.43996069999999987,0
46406,62,IDH1,-0.6200000000000001,-0.17713120000000002,0
46407,62,SND1,-0.009999999999999997,-0.002459199999999998,0
46408,62,KNSTRN,0.03,0.0246573,0
46409,62,RHOA,-1.7100000000000004,-0.4435995,0
46410,62,PALB2,0.61,0.5238325999999999,0
46411,62,ARID2,0.7200000000000002,0.5361958,0
46412,62,EZR,-0.049999999999999996,0.006724199999999994,0
46413,62,TP53,-1.0199999999999996,-0.007470000000000048,0
46414,62,ARAF,0.38,0.2106094,0
46415,62,KIF5B,0.4499999999999999,0.3249499,0
46416,62,KAT6A,0.22999999999999993,0.20205959999999998,0
46417,62,KTN1,-0.10999999999999999,-0.0321395,0
46418,62,GOLGA5,-0.10000000000000002,-0.06649290000000001,0
46419,62,KDM5A,0.18,0.17177910000000002,0
46420,62,RAD21,0.5,0.41221719999999995,0
46421,62,GNAQ,0.15000000000000002,0.10824450000000001,0
46422,62,CAMTA1,-0.01,-0.0054648,0
46423,62,ERCC2,0.56,0.43179159999999994,0
46424,62,EZH2,1.9400000000000013,1.3203158999999995,0
46425,62,TOP1,0.23000000000000004,0.16843329999999998,0
46426,62,SRSF3,-0.21000000000000002,-0.0689244,0
46427,62,NPM1,0.23000000000000004,0.2624192,0
46428,62,BAX,-0.63,-0.17383490000000001,0
46429,62,NOTCH2,0.27,0.21028249999999998,0
46430,62,TRAF7,0.02,0.0143288,0
46431,62,KDM6A,0.8900000000000002,0.7655004000000001,0
46432,62,SPEN,0.09999999999999999,0.0735176,0
46433,62,TRIM27,-0.47,-0.1673756,0
46434,62,CRTC1,0.15000000000000002,0.121203,0
46435,62,EML4,0.15,0.1436759,0
46436,62,USP9X,-0.06999999999999999,-0.04531420000000001,0
46437,62,PTPRK,0.01,0.0068076000000000005,0
46438,62,CD74,-0.12,0.0019860999999999976,0
46439,62,CBL,0.5199999999999999,0.39125269999999995,0
46440,62,ZNF384,-0.05,-0.024097499999999997,0
46441,62,NOTCH1,1.0300000000000005,0.7643643999999999,0
46442,62,COX6C,-0.12,-0.0532401,0
46443,62,CHCHD7,0.02,0.0125038,0
46444,62,HMGA1,-0.08,-0.03951,0
46445,62,PTEN,1.550000000000001,1.2786452000000004,0
46446,62,FIP1L1,-0.05,-0.02879690000000001,0
46447,62,JAK1,0.7400000000000002,0.5933469,0
46448,62,ZMYM2,-0.07,-0.049565399999999996,0
46449,62,SUZ12,0.8,0.553114,0
46450,62,FUS,-0.19000000000000006,0.0942853,0
46451,62,BAP1,0.07999999999999999,0.0711322,0
46452,62,ZCCHC8,-0.06,-0.0185514,0
46453,62,CRNKL1,-0.009999999999999998,-0.004948899999999997,0
46454,62,RAD17,0.14,0.0984908,0
46455,62,ATP1A1,0.02,0.010823000000000001,0
46456,62,DNMT3A,0.8900000000000003,0.7212866,0
46457,62,FBXW7,1.0100000000000002,0.7811237000000002,0
46458,62,WWTR1,-0.06999999999999999,-0.036754400000000007,0
46459,62,CDKN1B,0.5600000000000002,0.34930909999999993,0
46460,62,KMT2A,0.44000000000000017,0.3699931000000001,0
46461,62,PTPN11,0.9800000000000004,0.7593683,0
46462,62,STAT5B,0.7100000000000003,0.5284644,0
46463,62,CUX1,-0.08,-0.0555162,0
46464,62,ABI1,-0.4,-0.1475942,0
46465,62,BRCA1,1.8200000000000014,1.4565850000000005,0
46466,62,SH2B3,5.204170427930421e-18,0.0101362,0
46467,62,AFF4,0.08000000000000002,0.0592205,0
46468,62,NF2,0.09,0.1152725,0
46469,62,LMNA,0.010000000000000004,0.021341799999999984,0
46470,62,TSC2,0.6500000000000001,0.5031511,0
46471,62,GOLPH3,-0.08,-0.049096799999999996,0
46472,62,PCM1,-0.060000000000000005,-0.04081870000000001,0
46473,62,PPP2R1A,-0.47,-0.17208400000000001,0
46474,62,ARID1A,1.750000000000001,1.2957197,0
46475,62,ABL1,0.19000000000000003,0.19165540000000006,0
46476,62,AFF1,0.18,0.1517234,0
46477,62,DAXX,-0.23000000000000007,-0.051319000000000004,0
46478,62,CBFB,0.12999999999999998,0.1048136,0
46479,62,CBLB,0.14,0.1086497,0
46480,62,POLR2A,0.12999999999999998,0.24885650000000006,0
46481,62,PRKACA,0.40000000000000013,0.314816,0
46482,62,DNM2,-0.1,-0.04490350000000001,0
46483,62,RAP1GDS1,-0.06000000000000001,-0.017910899999999993,0
46484,62,NCOR1,0.8800000000000003,0.8038657999999999,0
46485,62,NFKBIE,-0.24000000000000002,-0.0811243,0
46486,62,DDX3X,0.16,0.13641569999999997,0
46487,62,ELK4,0.02,0.014765600000000002,0
46488,62,MLLT6,0.11,0.08534170000000002,0
46489,62,SRSF2,-1.57,-0.4550327000000001,0
46490,62,CTNNA1,0.12,0.088624,0
46491,62,RBM10,0.19,0.1350464,0
46492,62,PTPRC,0.09,0.10444600000000001,0
46493,62,HSP90AA1,1.2700000000000007,0.8690518999999999,0
46494,63,NSD1,0.32,0.2737452,1
46495,63,DICER1,0.18000000000000002,0.24491230000000003,1
46496,63,BIRC6,0.13,0.11656559999999999,1
46497,63,SDHC,0.42,0.3042682,1
46498,63,TFG,0.22000000000000003,0.1349043,1
46499,63,MAP2K2,0.32,0.22991289999999995,1
46500,63,TFRC,-0.28,-0.11389060000000001,1
46501,63,CREB1,0.9000000000000005,0.7538356999999999,1
46502,63,POLG,-0.02,-0.0060056,1
46503,63,SETD2,0.6200000000000003,0.5668450999999999,1
46504,63,NAB2,-0.49,-0.1468669,1
46505,63,HIF1A,1.660000000000001,1.2682982,1
46506,63,FLCN,-0.05999999999999999,0.01785690000000001,1
46507,63,MAP2K4,0.08000000000000002,0.11385139999999999,1
46508,63,CNOT3,0.060000000000000005,0.0497637,1
46509,63,CIITA,0.08,0.047794,1
46510,63,LSM14A,0.14,0.11460730000000001,1
46511,63,AKAP9,-0.020000000000000004,0.0214429,1
46512,63,MSN,-0.36,-0.1075008,1
46513,63,BCR,-0.04,0.023615999999999998,1
46514,63,TRRAP,0.030000000000000047,0.16920440000000003,1
46515,63,PPP6C,-0.16,-0.0679545,1
46516,63,NCOA4,-0.11000000000000001,-0.024927700000000018,1
46517,63,BCL9,0.19,0.1488443,1
46518,63,PRCC,0.10000000000000002,0.0891354,1
46519,63,LARP4B,0.03,0.022240499999999996,1
46520,63,CHD2,0.02,0.017403599999999998,1
46521,63,ASXL1,0.3800000000000001,0.3803904999999999,1
46522,63,SMARCA4,1.9600000000000013,1.5011856999999997,1
46523,63,ERC1,-0.02,-0.0153684,1
46524,63,DCTN1,-0.05,0.004049699999999989,1
46525,63,PIK3R1,1.3000000000000007,1.0346789000000003,1
46526,63,EED,0.21,0.1488615,1
46527,63,CNBP,0.01,0.0056194999999999995,1
46528,63,SGK1,0.51,0.3358454,1
46529,63,MLLT10,-0.21999999999999997,-0.11500860000000002,1
46530,63,BRD4,0.9600000000000004,0.8367393,1
46531,63,RANBP2,0.30000000000000004,0.2904234,1
46532,63,FBXO11,0.08,0.0638475,1
46533,63,PML,0.35,0.24729099999999993,1
46534,63,AKT2,1.09,0.7744283000000002,1
46535,63,CEP89,0.07,0.045171300000000005,1
46536,63,LZTR1,0.11,0.1170807,1
46537,63,YWHAE,0.19,0.1213934,1
46538,63,DNAJB1,-0.09,-0.022975599999999992,1
46539,63,PRDM2,0.05,0.0400499,1
46540,63,TPM4,0.51,0.35042960000000006,1
46541,63,CREBBP,2.130000000000001,1.7523482000000004,1
46542,63,PMS2,0.8300000000000003,0.7091717999999999,1
46543,63,DDR2,3.469446951953614e-18,-0.0012796999999999982,1
46544,63,FANCA,0.38000000000000006,0.3298032,1
46545,63,PDE4DIP,0.08,0.0606218,1
46546,63,USP8,-0.07,-0.0345817,1
46547,63,MYH9,-0.45000000000000007,-0.1228273,1
46548,63,MYC,-1.1300000000000001,-0.16237750000000004,1
46549,63,NBN,0.6200000000000001,0.5081901,1
46550,63,CCND3,-0.13,-0.015072999999999986,1
46551,63,TRIP11,-0.11,-0.080702,1
46552,63,CNTRL,-0.049999999999999996,-0.03926409999999999,1
46553,63,PIK3CA,1.2100000000000006,1.0330062,1
46554,63,DDX5,0.24999999999999994,0.2441927,1
46555,63,PICALM,0.010000000000000002,0.010022700000000006,1
46556,63,RARA,0.029999999999999992,0.11374989999999999,1
46557,63,DDX6,-0.05000000000000002,0.06487520000000001,1
46558,63,COL1A1,0.18000000000000002,0.1586928,1
46559,63,VHL,0.30000000000000004,0.22235480000000002,1
46560,63,MAPK1,1.690000000000001,1.1871905999999997,1
46561,63,SRC,0.21999999999999995,0.35078470000000006,1
46562,63,NFE2L2,0.32999999999999996,0.23881030000000003,1
46563,63,MITF,-0.21000000000000002,-0.0384249,1
46564,63,SMAD3,1.220000000000001,1.1373910999999999,1
46565,63,RBM15,0.08,0.06933990000000001,1
46566,63,ATR,0.7400000000000002,0.6131734999999999,1
46567,63,EPAS1,0.38,0.36140190000000005,1
46568,63,TPM3,0.15,0.119526,1
46569,63,RPL10,0.11000000000000001,0.1127431,1
46570,63,STAG1,0.12,0.1377558,1
46571,63,SBDS,-0.05,-0.0186752,1
46572,63,KMT2D,1.0400000000000005,0.8257992,1
46573,63,MED12,0.37000000000000005,0.3001061,1
46574,63,BCLAF1,-0.01999999999999999,0.041857000000000005,1
46575,63,ASPSCR1,0.0,0.006087000000000002,1
46576,63,CDK12,0.51,0.4035369,1
46577,63,EWSR1,0.2799999999999999,0.3003038,1
46578,63,NDRG1,-0.06999999999999999,-0.025406400000000003,1
46579,63,PSIP1,0.039999999999999994,0.057814500000000005,1
46580,63,TRIM33,0.11,0.1003414,1
46581,63,MTOR,0.9200000000000005,0.7849794,1
46582,63,ARHGAP35,0.17999999999999997,0.1565497,1
46583,63,POT1,0.02,0.0202998,1
46584,63,EXT1,0.12,0.08985,1
46585,63,IL6ST,0.32,0.2666924,1
46586,63,IDH2,-0.09000000000000002,0.004369999999999998,1
46587,63,SMARCE1,0.4,0.2802358,1
46588,63,CRTC3,0.08,0.0682501,1
46589,63,TSC1,0.27,0.29267340000000003,1
46590,63,BCOR,-0.18,0.011936499999999996,1
46591,63,SDHA,0.22,0.1772204,1
46592,63,EP300,2.350000000000001,1.9221778,1
46593,63,HNRNPA2B1,0.47000000000000003,0.33320179999999994,1
46594,63,CLIP1,-0.13999999999999999,-0.08667899999999999,1
46595,63,PATZ1,-0.47,-0.13329,1
46596,63,FUBP1,-0.21000000000000002,-0.04852929999999999,1
46597,63,HLA-A,-0.1,-0.007488899999999993,1
46598,63,CCNC,-0.10999999999999999,-0.048212000000000005,1
46599,63,RPN1,-0.21000000000000002,-0.0758585,1
46600,63,TCF7L2,0.05,0.1083851,1
46601,63,CANT1,-0.04000000000000001,0.0031100000000000155,1
46602,63,RPL5,-0.6000000000000001,-0.179225,1
46603,63,CCDC6,0.08000000000000002,0.1033897,1
46604,63,NCKIPSD,-0.04,-0.0101696,1
46605,63,SMARCD1,0.4,0.3538148,1
46606,63,BCL10,0.08,0.08588939999999999,1
46607,63,MAX,0.020000000000000004,0.06286080000000001,1
46608,63,HERPUD1,-0.04,-0.0101436,1
46609,63,RAC1,0.18999999999999997,0.20032069999999996,1
46610,63,FLNA,0.12000000000000001,0.08873640000000002,1
46611,63,TFE3,-0.7900000000000001,-0.2828007,1
46612,63,NCOR2,0.5900000000000002,0.5007301,1
46613,63,PRPF40B,0.04,0.0250844,1
46614,63,BCL3,-0.13,-0.02369730000000001,1
46615,63,TFPT,-0.31,-0.1052286,1
46616,63,MLH1,0.9600000000000001,0.8280773,1
46617,63,ARHGAP5,0.11999999999999998,0.11065699999999999,1
46618,63,CIC,0.0,0.0,1
46619,63,LYN,0.7100000000000001,0.5478881000000001,1
46620,63,TCF12,0.33,0.2633799,1
46621,63,KLF6,0.060000000000000005,0.041870000000000004,1
46622,63,KMT2C,0.9900000000000002,0.8148552000000002,1
46623,63,PIM1,-0.12000000000000002,-0.018653800000000005,1
46624,63,CCND1,1.1600000000000006,0.7426794999999998,1
46625,63,MLLT1,-1.4100000000000004,-0.3509859,1
46626,63,MEN1,-0.12,-0.030501899999999985,1
46627,63,CUL3,0.08000000000000002,0.15027139999999997,1
46628,63,RB1,0.6800000000000004,0.5526582,1
46629,63,LPP,-0.11000000000000001,-0.025018200000000004,1
46630,63,BUB1B,-0.12000000000000001,-0.0356532,1
46631,63,SMAD4,1.590000000000001,1.2772436999999996,1
46632,63,FGFR1,0.26999999999999996,0.24156360000000002,1
46633,63,TMSB4X,0.03,0.0227106,1
46634,63,CDK4,1.1300000000000006,0.7975146999999999,1
46635,63,MSI2,0.01,0.007591700000000001,1
46636,63,MSH6,1.0800000000000005,0.9047064999999999,1
46637,63,BRAF,1.2300000000000006,1.0511074999999999,1
46638,63,TCEA1,-0.05,0.019838,1
46639,63,TNFAIP3,0.11,0.1146004,1
46640,63,RABEP1,-0.010000000000000002,-0.007236300000000001,1
46641,63,GMPS,-0.09,-0.051302400000000005,1
46642,63,MDM2,1.1200000000000008,0.8445296,1
46643,63,NSD2,0.21,0.1585438,1
46644,63,CASP8,-0.2800000000000001,0.028700799999999978,1
46645,63,PER1,-0.23000000000000004,-0.06903240000000002,1
46646,63,UBR5,0.029999999999999992,0.042451199999999994,1
46647,63,EIF3E,0.01999999999999999,0.056118,1
46648,63,RFWD3,0.04,0.0383273,1
46649,63,BRD3,0.13,0.0965796,1
46650,63,PAFAH1B2,0.03,0.026814,1
46651,63,EXT2,0.0,0.01577039999999999,1
46652,63,PLCG1,0.49000000000000005,0.3924842,1
46653,63,SF3B1,-0.7100000000000001,-0.3497135,1
46654,63,ARHGEF10L,0.04,0.023669600000000002,1
46655,63,NFATC2,0.24000000000000002,0.1797016,1
46656,63,SDHD,0.30000000000000004,0.20955910000000003,1
46657,63,PABPC1,-0.9200000000000002,-0.26188940000000005,1
46658,63,POLD1,-0.17000000000000004,-0.03193170000000001,1
46659,63,CALR,0.04999999999999998,0.06664659999999999,1
46660,63,PIK3CB,0.7000000000000002,0.5623855,1
46661,63,PPM1D,0.28,0.21953920000000002,1
46662,63,ATRX,1.0300000000000005,0.8992897000000001,1
46663,63,DGCR8,0.16999999999999998,0.1279189,1
46664,63,DDX10,0.16999999999999998,0.1339467,1
46665,63,DROSHA,0.55,0.4336052000000001,1
46666,63,TNFRSF14,-0.17,-0.059812000000000004,1
46667,63,BCL9L,0.13,0.0980174,1
46668,63,QKI,-0.01,-0.0063491,1
46669,63,BAZ1A,0.01,0.007472100000000001,1
46670,63,CHD4,0.37,0.3195647,1
46671,63,NSD3,0.13,0.1298545,1
46672,63,NT5C2,0.15,0.08242440000000001,1
46673,63,CCNB1IP1,0.11000000000000001,0.05181480000000001,1
46674,63,PCBP1,-1.1,-0.28439570000000003,1
46675,63,RALGDS,-0.04999999999999999,0.0411998,1
46676,63,ARHGEF12,0.0,0.02729680000000001,1
46677,63,HSP90AB1,1.0800000000000003,0.7461513000000001,1
46678,63,FOXO3,1.4400000000000008,1.0674611,1
46679,63,HIP1,-0.02,-0.012956,1
46680,63,CDC73,0.08000000000000002,0.0883427,1
46681,63,NIN,-0.02,-0.012006699999999995,1
46682,63,MDM4,0.1,0.160853,1
46683,63,COL3A1,0.22,0.1807263,1
46684,63,CTNND1,0.11000000000000001,0.14293600000000004,1
46685,63,SPOP,0.08,0.09347060000000001,1
46686,63,TMEM127,0.02000000000000001,0.020355400000000013,1
46687,63,CREB3L2,0.12000000000000001,0.0768701,1
46688,63,MSH2,0.9800000000000004,0.8644409000000002,1
46689,63,FNBP1,-0.019999999999999993,0.021299000000000005,1
46690,63,ATF1,0.13,0.087268,1
46691,63,EIF1AX,-0.51,-0.21518440000000003,1
46692,63,PMS1,0.61,0.4806524,1
46693,63,DEK,0.19999999999999998,0.168149,1
46694,63,ERBB2,0.8800000000000003,0.5774720000000002,1
46695,63,AKT1,0.59,0.45429410000000003,1
46696,63,CHEK2,0.6000000000000002,0.6343604,1
46697,63,SDHB,0.41000000000000003,0.30373960000000005,1
46698,63,NCOA1,0.39999999999999997,0.32916059999999997,1
46699,63,CHIC2,0.08,0.0526244,1
46700,63,RUNX1,5.551115123125783e-17,0.5280457,1
46701,63,STAT6,0.39,0.35889519999999997,1
46702,63,FH,-0.06999999999999999,-0.0064016,1
46703,63,AKT3,1.0900000000000003,0.7877119000000001,1
46704,63,GNAS,0.38,0.2676597,1
46705,63,CTNNB1,1.5000000000000009,1.0838261,1
46706,63,NONO,0.33000000000000007,0.2941324999999999,1
46707,63,SMARCB1,1.0900000000000005,0.8503596999999999,1
46708,63,PRKAR1A,0.17000000000000004,0.17805580000000001,1
46709,63,ITGAV,-0.02,0.02912780000000001,1
46710,63,SS18,0.39,0.26697970000000004,1
46711,63,MAP2K1,0.9200000000000004,0.5732138,1
46712,63,SIRPA,-0.07,-0.019542900000000002,1
46713,63,PPFIBP1,0.39,0.28284620000000005,1
46714,63,RPL22,-0.17,0.091423,1
46715,63,CYLD,0.30000000000000004,0.2380144,1
46716,63,ARID1B,0.8200000000000001,0.6314082999999999,1
46717,63,SETDB1,0.35000000000000003,0.2564828,1
46718,63,AFDN,-0.38,-0.1088581,1
46719,63,ZRSR2,-0.13999999999999999,-0.09489439999999999,1
46720,63,PBRM1,0.9900000000000004,0.7416843000000003,1
46721,63,XPC,0.51,0.3190476,1
46722,63,ASXL2,0.27,0.19148289999999998,1
46723,63,TRIM24,-0.13,-0.005849299999999998,1
46724,63,SFPQ,-0.43000000000000005,-0.13429389999999997,1
46725,63,NCOA2,0.5800000000000001,0.4740355999999999,1
46726,63,FOXO4,0.33999999999999997,0.22575080000000006,1
46727,63,LEF1,0.24,0.20957869999999998,1
46728,63,B2M,-0.36000000000000004,-0.16328679999999995,1
46729,63,DDIT3,-0.31000000000000005,-0.10628430000000001,1
46730,63,BCL6,0.27,0.2564341,1
46731,63,KRAS,-0.03999999999999995,0.15257690000000004,1
46732,63,FAT1,0.11000000000000001,0.07751509999999999,1
46733,63,ABL2,0.04,0.04530119999999999,1
46734,63,NF1,1.2700000000000007,1.0404049,1
46735,63,BTG1,-0.06,-0.026231400000000002,1
46736,63,EIF4A2,0.04,0.0327677,1
46737,63,SET,0.16,0.13375900000000002,1
46738,63,EPS15,0.06,0.0525588,1
46739,63,RNF213,0.05,0.0437201,1
46740,63,CTCF,1.0000000000000004,0.7029148000000002,1
46741,63,WDCP,0.22,0.13579800000000006,1
46742,63,KAT7,0.15,0.1248836,1
46743,63,KDM5C,0.19,0.1788392,1
46744,63,TGFBR2,0.15999999999999998,0.17452899999999996,1
46745,63,ATM,1.0500000000000007,1.0686394,1
46746,63,NUMA1,-0.030000000000000016,0.0032561999999999886,1
46747,63,STAT3,0.7900000000000005,0.8025865999999995,1
46748,63,SUB1,-0.08,-0.0378092,1
46749,63,NUP98,0.15999999999999995,0.18637440000000005,1
46750,63,ELL,0.030000000000000006,0.013202900000000014,1
46751,63,MAP3K1,0.4299999999999999,0.3356232,1
46752,63,MALT1,0.18,0.17364110000000002,1
46753,63,XPO1,0.54,0.451881,1
46754,63,SETD1B,0.25,0.19770369999999998,1
46755,63,ETV6,-0.15,-0.030746600000000013,1
46756,63,TBL1XR1,0.24000000000000002,0.17324889999999998,1
46757,63,NUP214,-0.020000000000000028,0.15414340000000004,1
46758,63,TPR,0.09999999999999999,0.08942550000000002,1
46759,63,ATIC,0.12999999999999998,0.13728380000000004,1
46760,63,NACA,0.22,0.1315916,1
46761,63,MYO5A,0.01,0.0085334,1
46762,63,SMC1A,0.27,0.3916427000000001,1
46763,63,LASP1,-0.3,-0.1343394,1
46764,63,ERCC5,0.45999999999999996,0.29185520000000004,1
46765,63,JUN,-1.18,-0.22742869999999996,1
46766,63,THRAP3,0.07,0.054203400000000006,1
46767,63,STAG2,0.33999999999999997,0.31665590000000005,1
46768,63,RAF1,0.8300000000000004,0.641745,1
46769,63,ERCC3,0.6900000000000001,0.5577194000000001,1
46770,63,SMAD2,0.4600000000000003,0.4925300000000003,1
46771,63,TAF15,0.21000000000000002,0.16558040000000002,1
46772,63,ARNT,0.21,0.20186310000000005,1
46773,63,CLTC,-0.6200000000000001,-0.28644530000000007,1
46774,63,IKBKB,0.4500000000000002,0.4248478,1
46775,63,IDH1,-0.4600000000000001,-0.13518750000000002,1
46776,63,SND1,0.03,0.0363419,1
46777,63,KNSTRN,0.02,0.0154006,1
46778,63,RHOA,-3.0000000000000004,-0.7391302,1
46779,63,PALB2,0.7200000000000002,0.6208577999999999,1
46780,63,ARID2,0.8400000000000001,0.6548838,1
46781,63,EZR,-0.13999999999999999,-0.036383000000000006,1
46782,63,TP53,0.28,0.5622834,1
46783,63,ARAF,0.4,0.2380951,1
46784,63,KIF5B,0.5400000000000001,0.4086737,1
46785,63,KAT6A,0.20999999999999996,0.2254758,1
46786,63,KTN1,-0.08,-0.011744899999999997,1
46787,63,GOLGA5,-0.09999999999999999,-0.061945,1
46788,63,KDM5A,0.30000000000000004,0.2727294,1
46789,63,RAD21,0.5700000000000001,0.4683617,1
46790,63,GNAQ,0.33,0.2501011,1
46791,63,CAMTA1,0.07,0.0492291,1
46792,63,ERCC2,0.68,0.5375690000000001,1
46793,63,EZH2,1.6400000000000012,1.3044783000000002,1
46794,63,TOP1,0.29000000000000004,0.23648579999999997,1
46795,63,SRSF3,-0.19,-0.022021700000000012,1
46796,63,NPM1,0.16999999999999996,0.2034412,1
46797,63,BAX,-0.65,-0.1544854,1
46798,63,NOTCH2,0.29000000000000004,0.24178819999999998,1
46799,63,TRAF7,0.01,0.006889300000000001,1
46800,63,KDM6A,0.8500000000000002,0.8712518999999997,1
46801,63,SPEN,0.15,0.1196646,1
46802,63,TRIM27,-0.4600000000000001,-0.15540790000000002,1
46803,63,CRTC1,0.15000000000000002,0.11991059999999999,1
46804,63,EML4,0.30000000000000004,0.30881679999999995,1
46805,63,USP9X,0.009999999999999998,0.007694299999999994,1
46806,63,PTPRK,0.0,0.0,1
46807,63,CD74,-0.18,-0.033805399999999985,1
46808,63,CBL,0.49,0.430587,1
46809,63,ZNF384,0.02,0.015809999999999998,1
46810,63,NOTCH1,1.1400000000000006,0.8185394000000004,1
46811,63,COX6C,-0.16,-0.05310259999999999,1
46812,63,CHCHD7,0.03,0.0203682,1
46813,63,HMGA1,-0.07,-0.030975399999999997,1
46814,63,PTEN,1.0000000000000009,1.0242806000000002,1
46815,63,FIP1L1,-0.039999999999999994,-0.017895100000000004,1
46816,63,JAK1,0.8800000000000003,0.7257662,1
46817,63,ZMYM2,0.010000000000000004,0.009655299999999997,1
46818,63,SUZ12,0.7500000000000002,0.6301858999999999,1
46819,63,FUS,-0.6000000000000001,-0.05510370000000001,1
46820,63,BAP1,-0.39999999999999997,-0.1606306,1
46821,63,ZCCHC8,-0.07,-0.022055600000000005,1
46822,63,CRNKL1,0.02,0.017854000000000002,1
46823,63,RAD17,0.16,0.1163657,1
46824,63,ATP1A1,0.019999999999999997,0.011481199999999999,1
46825,63,DNMT3A,1.0900000000000005,0.8868700999999999,1
46826,63,FBXW7,0.9600000000000004,0.8109948999999995,1
46827,63,WWTR1,-0.09,-0.03644949999999998,1
46828,63,CDKN1B,0.3800000000000001,0.29737600000000003,1
46829,63,KMT2A,0.3699999999999999,0.38061159999999994,1
46830,63,PTPN11,1.0900000000000005,0.8683106999999999,1
46831,63,STAT5B,0.7500000000000003,0.625124,1
46832,63,CUX1,-0.09,-0.059899499999999994,1
46833,63,ABI1,-0.27,-0.07028930000000001,1
46834,63,BRCA1,1.720000000000001,1.4197717999999997,1
46835,63,SH2B3,0.09999999999999999,0.060929800000000006,1
46836,63,AFF4,-0.15,-0.0645707,1
46837,63,NF2,0.16000000000000003,0.1501679,1
46838,63,LMNA,0.040000000000000015,0.039338599999999994,1
46839,63,TSC2,0.8500000000000003,0.6762286,1
46840,63,GOLPH3,-0.030000000000000002,-0.023383900000000003,1
46841,63,PCM1,-0.05,-0.0396439,1
46842,63,PPP2R1A,-0.33999999999999997,-0.0880632,1
46843,63,ARID1A,1.8400000000000012,1.4584681999999995,1
46844,63,ABL1,-0.29000000000000004,0.027716200000000017,1
46845,63,AFF1,0.05,0.06874759999999999,1
46846,63,DAXX,-0.52,-0.13697620000000002,1
46847,63,CBFB,0.09000000000000001,0.1158693,1
46848,63,CBLB,0.17,0.1465159,1
46849,63,POLR2A,-0.27,0.0946643,1
46850,63,PRKACA,0.14999999999999994,0.22448999999999994,1
46851,63,DNM2,-0.09999999999999999,-0.0395484,1
46852,63,RAP1GDS1,0.030000000000000013,0.0506169,1
46853,63,NCOR1,0.9800000000000003,0.9068115,1
46854,63,NFKBIE,-0.36,-0.11739459999999999,1
46855,63,DDX3X,0.29000000000000004,0.24850710000000006,1
46856,63,ELK4,0.03,0.0248271,1
46857,63,MLLT6,0.05,0.0464198,1
46858,63,SRSF2,-2.9600000000000004,-0.7092780000000001,1
46859,63,CTNNA1,0.15000000000000002,0.1172711,1
46860,63,RBM10,0.14,0.11042239999999999,1
46861,63,PTPRC,0.02999999999999997,0.1181595,1
46862,63,HSP90AA1,0.9100000000000004,0.6425842999999998,1
46863,63,NSD1,0.29,0.24490800000000001,0
46864,63,DICER1,0.31,0.29120640000000003,0
46865,63,BIRC6,0.11000000000000001,0.09798290000000001,0
46866,63,SDHC,0.33000000000000007,0.228677,0
46867,63,TFG,0.27,0.15108760000000002,0
46868,63,MAP2K2,0.32,0.24267710000000003,0
46869,63,TFRC,-0.33999999999999997,-0.15392950000000002,0
46870,63,CREB1,0.9200000000000005,0.7121717,0
46871,63,POLG,0.01,0.0032503,0
46872,63,SETD2,0.7500000000000001,0.6426969,0
46873,63,NAB2,-0.38000000000000006,-0.12006040000000001,0
46874,63,HIF1A,1.590000000000001,1.1722864,0
46875,63,FLCN,0.03,0.029747799999999998,0
46876,63,MAP2K4,0.05,0.09080680000000002,0
46877,63,CNOT3,0.010000000000000002,0.014874900000000005,0
46878,63,CIITA,0.09000000000000001,0.05593770000000001,0
46879,63,LSM14A,0.11,0.0925087,0
46880,63,AKAP9,-0.11000000000000001,-0.0337934,0
46881,63,MSN,-0.45999999999999996,-0.1275411,0
46882,63,BCR,0.05999999999999999,0.060636899999999994,0
46883,63,TRRAP,0.02000000000000001,0.1504709,0
46884,63,PPP6C,-0.13,-0.0678182,0
46885,63,NCOA4,-0.16999999999999998,-0.0926669,0
46886,63,BCL9,0.13,0.10798749999999997,0
46887,63,PRCC,0.05,0.0330791,0
46888,63,LARP4B,0.01,0.0059266,0
46889,63,CHD2,0.02,0.0162776,0
46890,63,ASXL1,0.5400000000000001,0.49190360000000005,0
46891,63,SMARCA4,1.290000000000001,0.9711050999999999,0
46892,63,ERC1,-0.02,-0.0154764,0
46893,63,DCTN1,-0.19000000000000003,-0.081995,0
46894,63,PIK3R1,1.4000000000000008,1.0255910000000004,0
46895,63,EED,-0.010000000000000002,0.0371056,0
46896,63,CNBP,0.01,0.0053814,0
46897,63,SGK1,0.3,0.1744188,0
46898,63,MLLT10,-0.22999999999999998,-0.10052529999999998,0
46899,63,BRD4,0.9600000000000004,0.7544856999999999,0
46900,63,RANBP2,0.18999999999999995,0.2441934000000001,0
46901,63,FBXO11,0.060000000000000005,0.0506486,0
46902,63,PML,0.32999999999999996,0.25748980000000005,0
46903,63,AKT2,0.9300000000000003,0.6499799999999998,0
46904,63,CEP89,0.07,0.043662,0
46905,63,LZTR1,0.06999999999999999,0.08062879999999999,0
46906,63,YWHAE,0.2799999999999999,0.1800084,0
46907,63,DNAJB1,-0.06999999999999999,-0.013086099999999996,0
46908,63,PRDM2,0.02,0.0145488,0
46909,63,TPM4,0.4600000000000001,0.2978087,0
46910,63,CREBBP,1.8300000000000012,1.5060457,0
46911,63,PMS2,0.5700000000000001,0.5427614999999999,0
46912,63,DDR2,0.08,0.0558318,0
46913,63,FANCA,0.33,0.279277,0
46914,63,PDE4DIP,0.07,0.04869,0
46915,63,USP8,-0.08,-0.0393634,0
46916,63,MYH9,-0.31999999999999995,-0.06957620000000002,0
46917,63,MYC,-0.9000000000000004,-0.31023350000000005,0
46918,63,NBN,0.54,0.4203468000000001,0
46919,63,CCND3,-0.14,-0.011494100000000009,0
46920,63,TRIP11,-0.12,-0.0801515,0
46921,63,CNTRL,-0.060000000000000005,-0.040829800000000006,0
46922,63,PIK3CA,1.2600000000000007,0.9825788000000002,0
46923,63,DDX5,0.42,0.3281739999999999,0
46924,63,PICALM,0.010000000000000002,0.011915100000000012,0
46925,63,RARA,0.45000000000000007,0.3270854000000001,0
46926,63,DDX6,-0.17,0.037085299999999995,0
46927,63,COL1A1,0.09,0.11047279999999998,0
46928,63,VHL,0.18999999999999997,0.14313379999999998,0
46929,63,MAPK1,1.6200000000000008,1.0551493,0
46930,63,SRC,-0.7200000000000001,-0.053324799999999985,0
46931,63,NFE2L2,0.35,0.23093990000000003,0
46932,63,MITF,-0.17000000000000004,-0.02736360000000001,0
46933,63,SMAD3,1.2200000000000009,0.9570306,0
46934,63,RBM15,0.04000000000000001,0.039134300000000004,0
46935,63,ATR,0.7200000000000001,0.6284505,0
46936,63,EPAS1,0.45,0.3872072000000001,0
46937,63,TPM3,0.13,0.1037412,0
46938,63,RPL10,0.12000000000000001,0.10810920000000002,0
46939,63,STAG1,0.16999999999999998,0.1665807,0
46940,63,SBDS,-0.04,-0.015587199999999999,0
46941,63,KMT2D,0.9700000000000004,0.7269365000000002,0
46942,63,MED12,0.31000000000000005,0.2448378,0
46943,63,BCLAF1,-0.06,0.013632999999999992,0
46944,63,ASPSCR1,-0.04,-0.013791700000000004,0
46945,63,CDK12,0.38,0.2810559,0
46946,63,EWSR1,0.41999999999999993,0.3428403,0
46947,63,NDRG1,-0.06,-0.024591100000000005,0
46948,63,PSIP1,-0.17,-0.07708820000000001,0
46949,63,TRIM33,0.060000000000000005,0.0564646,0
46950,63,MTOR,1.2400000000000004,0.9014340000000002,0
46951,63,ARHGAP35,0.11,0.14445629999999995,0
46952,63,POT1,-0.029999999999999995,0.0023184000000000017,0
46953,63,EXT1,0.1,0.068658,0
46954,63,IL6ST,0.31,0.24575460000000002,0
46955,63,IDH2,-1.0408340855860843e-17,0.0342754,0
46956,63,SMARCE1,0.47,0.30169880000000004,0
46957,63,CRTC3,0.08,0.0667114,0
46958,63,TSC1,0.25,0.25136780000000003,0
46959,63,BCOR,-0.2,-0.007649200000000009,0
46960,63,SDHA,0.27,0.16704400000000003,0
46961,63,EP300,1.7800000000000014,1.4780809,0
46962,63,HNRNPA2B1,0.2,0.1677905,0
46963,63,CLIP1,-0.09,-0.043803600000000005,0
46964,63,PATZ1,-0.52,-0.1334245,0
46965,63,FUBP1,-0.24000000000000005,-0.0477385,0
46966,63,HLA-A,-0.2,-0.0017332000000000042,0
46967,63,CCNC,-0.04,-0.011295300000000001,0
46968,63,RPN1,-0.27,-0.0733792,0
46969,63,TCF7L2,0.09999999999999999,0.10263110000000002,0
46970,63,CANT1,0.09,0.0562059,0
46971,63,RPL5,-0.7000000000000001,-0.2173979,0
46972,63,CCDC6,-0.009999999999999981,0.0436902,0
46973,63,NCKIPSD,0.03,0.016470000000000002,0
46974,63,SMARCD1,0.44,0.30108130000000005,0
46975,63,BCL10,-0.030000000000000006,0.0290359,0
46976,63,MAX,0.029999999999999992,0.035945200000000004,0
46977,63,HERPUD1,0.02,0.0083174,0
46978,63,RAC1,0.07999999999999997,0.14443009999999998,0
46979,63,FLNA,0.15,0.10678599999999999,0
46980,63,TFE3,-0.36,-0.16814690000000002,0
46981,63,NCOR2,0.7300000000000002,0.5583037,0
46982,63,PRPF40B,0.02,0.0166054,0
46983,63,BCL3,-0.029999999999999992,-0.0033494999999999974,0
46984,63,TFPT,-0.29,-0.093889,0
46985,63,MLH1,0.7900000000000003,0.6988819000000002,0
46986,63,ARHGAP5,0.12,0.11255350000000001,0
46987,63,CIC,0.0,0.0,0
46988,63,LYN,0.8800000000000002,0.6255207,0
46989,63,TCF12,0.29,0.2237075,0
46990,63,KLF6,0.04,0.023646,0
46991,63,KMT2C,1.0700000000000003,0.8814935,0
46992,63,PIM1,-0.22,-0.07456549999999999,0
46993,63,CCND1,1.2500000000000009,0.7791290000000001,0
46994,63,MLLT1,-1.2800000000000002,-0.3369620000000001,0
46995,63,MEN1,0.07,0.07490909999999999,0
46996,63,CUL3,0.11999999999999998,0.1412221,0
46997,63,RB1,0.6599999999999999,0.5204378999999999,0
46998,63,LPP,-0.08,-0.025026400000000004,0
46999,63,BUB1B,-0.16,-0.08010029999999999,0
47000,63,SMAD4,1.4500000000000008,1.1395125,0
47001,63,FGFR1,0.21999999999999997,0.1518906,0
47002,63,TMSB4X,0.04,0.031087600000000003,0
47003,63,CDK4,0.56,0.4039170000000001,0
47004,63,MSI2,0.01,0.007621900000000001,0
47005,63,MSH6,0.8400000000000004,0.6962107999999999,0
47006,63,BRAF,0.9900000000000004,0.9148256,0
47007,63,TCEA1,-0.08999999999999998,-0.015089700000000001,0
47008,63,TNFAIP3,0.14,0.1249557,0
47009,63,RABEP1,0.010000000000000002,0.006454099999999997,0
47010,63,GMPS,-0.08000000000000002,-0.049375,0
47011,63,MDM2,1.2400000000000007,0.8852116000000001,0
47012,63,NSD2,0.2,0.1432341,0
47013,63,CASP8,-0.26,0.11221990000000001,0
47014,63,PER1,-0.25,-0.05241500000000001,0
47015,63,UBR5,-0.049999999999999996,-0.0104344,0
47016,63,EIF3E,-0.039999999999999994,0.0487277,0
47017,63,RFWD3,0.03,0.028353499999999997,0
47018,63,BRD3,0.13,0.10514209999999999,0
47019,63,PAFAH1B2,0.03,0.0253671,0
47020,63,EXT2,0.010000000000000009,0.008505600000000002,0
47021,63,PLCG1,0.5499999999999999,0.3914114,0
47022,63,SF3B1,-0.33999999999999997,-0.14559260000000002,0
47023,63,ARHGEF10L,0.02,0.009984400000000001,0
47024,63,NFATC2,0.19,0.1332077,0
47025,63,SDHD,0.26999999999999996,0.15471980000000002,0
47026,63,PABPC1,-0.9,-0.21901739999999997,0
47027,63,POLD1,-0.63,-0.14228719999999997,0
47028,63,CALR,0.02,0.025688300000000004,0
47029,63,PIK3CB,0.46,0.4205046,0
47030,63,PPM1D,0.19,0.14232830000000002,0
47031,63,ATRX,0.9400000000000005,0.795456,0
47032,63,DGCR8,0.16,0.1025741,0
47033,63,DDX10,0.1,0.063306,0
47034,63,DROSHA,0.44000000000000006,0.33307279999999995,0
47035,63,TNFRSF14,-0.15000000000000002,-0.05445690000000001,0
47036,63,BCL9L,0.13999999999999999,0.09873059999999999,0
47037,63,QKI,-0.060000000000000005,-0.037057299999999994,0
47038,63,BAZ1A,0.01,0.006870000000000001,0
47039,63,CHD4,0.18,0.1754738,0
47040,63,NSD3,0.06999999999999999,0.07858469999999998,0
47041,63,NT5C2,0.16,0.09894230000000001,0
47042,63,CCNB1IP1,0.07,0.0283767,0
47043,63,PCBP1,-1.04,-0.29109029999999997,0
47044,63,RALGDS,0.13,0.09311689999999997,0
47045,63,ARHGEF12,-0.04,0.0010591999999999945,0
47046,63,HSP90AB1,1.2200000000000004,0.8141084000000003,0
47047,63,FOXO3,1.3500000000000005,0.9718561,0
47048,63,HIP1,-0.01,-0.0065883,0
47049,63,CDC73,-0.22,-0.0422923,0
47050,63,NIN,0.04,0.0277319,0
47051,63,MDM4,0.15000000000000002,0.17863909999999997,0
47052,63,COL3A1,0.13999999999999999,0.13273140000000003,0
47053,63,CTNND1,0.09,0.1293008,0
47054,63,SPOP,-0.010000000000000007,0.028354199999999996,0
47055,63,TMEM127,0.05000000000000002,0.04586520000000001,0
47056,63,CREB3L2,0.13,0.0819494,0
47057,63,MSH2,0.8600000000000003,0.6926673,0
47058,63,FNBP1,-0.02,0.0021402999999999978,0
47059,63,ATF1,0.04999999999999999,0.032549400000000006,0
47060,63,EIF1AX,-0.44000000000000006,-0.20409350000000004,0
47061,63,PMS1,0.33,0.26332310000000003,0
47062,63,DEK,0.1,0.09004310000000001,0
47063,63,ERBB2,1.0400000000000005,0.7029173,0
47064,63,AKT1,0.9900000000000002,0.6324759000000002,0
47065,63,CHEK2,0.18000000000000002,0.3158685,0
47066,63,SDHB,0.39,0.2507947,0
47067,63,NCOA1,0.46,0.3349518,0
47068,63,CHIC2,0.060000000000000005,0.0349609,0
47069,63,RUNX1,0.5800000000000005,0.6980168,0
47070,63,STAT6,0.31000000000000005,0.22075080000000002,0
47071,63,FH,-0.26,-0.0912219,0
47072,63,AKT3,1.0000000000000002,0.6910480000000001,0
47073,63,GNAS,0.26,0.1682156,0
47074,63,CTNNB1,1.3800000000000006,0.9680711000000003,0
47075,63,NONO,0.19,0.1375637,0
47076,63,SMARCB1,0.8900000000000003,0.6637161,0
47077,63,PRKAR1A,0.15000000000000002,0.1293005,0
47078,63,ITGAV,0.019999999999999993,0.0354708,0
47079,63,SS18,0.41000000000000003,0.2786859,0
47080,63,MAP2K1,1.1200000000000006,0.7058165,0
47081,63,SIRPA,0.01,0.006078399999999999,0
47082,63,PPFIBP1,0.38,0.2605071,0
47083,63,RPL22,-0.17999999999999997,0.074289,0
47084,63,CYLD,0.28,0.22206520000000002,0
47085,63,ARID1B,0.72,0.5441186,0
47086,63,SETDB1,0.34,0.2490708,0
47087,63,AFDN,-0.45999999999999996,-0.1771016,0
47088,63,ZRSR2,0.27,0.19736209999999996,0
47089,63,PBRM1,0.9800000000000004,0.7335581,0
47090,63,XPC,0.5800000000000001,0.4036991,0
47091,63,ASXL2,0.24,0.1681477,0
47092,63,TRIM24,-0.18,-0.06214230000000001,0
47093,63,SFPQ,-0.18,-0.028466199999999983,0
47094,63,NCOA2,0.53,0.3758127,0
47095,63,FOXO4,0.43999999999999995,0.28993939999999996,0
47096,63,LEF1,0.10999999999999999,0.09034869999999999,0
47097,63,B2M,-0.6000000000000001,-0.21835220000000005,0
47098,63,DDIT3,-0.47,-0.1103145,0
47099,63,BCL6,0.5800000000000001,0.4077933,0
47100,63,KRAS,-1.5300000000000007,-0.43249940000000003,0
47101,63,FAT1,0.060000000000000005,0.062007099999999996,0
47102,63,ABL2,0.09000000000000001,0.0651103,0
47103,63,NF1,1.0600000000000005,0.8821143,0
47104,63,BTG1,-0.03,-0.015468599999999999,0
47105,63,EIF4A2,0.18,0.1262496,0
47106,63,SET,0.17,0.14416050000000002,0
47107,63,EPS15,0.05,0.04816210000000001,0
47108,63,RNF213,0.04,0.0326705,0
47109,63,CTCF,0.9100000000000004,0.6532689,0
47110,63,WDCP,0.16999999999999998,0.1045284,0
47111,63,KAT7,0.1,0.0854909,0
47112,63,KDM5C,0.15999999999999998,0.15452329999999997,0
47113,63,TGFBR2,0.27,0.20415770000000003,0
47114,63,ATM,1.1400000000000008,1.0125354,0
47115,63,NUMA1,0.010000000000000004,0.015421999999999998,0
47116,63,STAT3,1.570000000000001,1.2195144,0
47117,63,SUB1,-0.22,-0.0824126,0
47118,63,NUP98,0.12000000000000001,0.13242490000000004,0
47119,63,ELL,-0.020000000000000028,0.006075499999999984,0
47120,63,MAP3K1,0.26999999999999996,0.24714070000000002,0
47121,63,MALT1,0.1,0.12078290000000001,0
47122,63,XPO1,0.38,0.3272936000000001,0
47123,63,SETD1B,0.16,0.11202119999999999,0
47124,63,ETV6,-0.21999999999999997,-0.07436179999999999,0
47125,63,TBL1XR1,0.22000000000000003,0.1517077,0
47126,63,NUP214,0.08,0.16406310000000005,0
47127,63,TPR,0.08000000000000002,0.09992019999999999,0
47128,63,ATIC,0.030000000000000006,0.04643380000000001,0
47129,63,NACA,0.22000000000000003,0.1387942,0
47130,63,MYO5A,0.03,0.0244631,0
47131,63,SMC1A,0.5200000000000001,0.4693484000000001,0
47132,63,LASP1,-0.23,-0.1250243,0
47133,63,ERCC5,0.44999999999999996,0.2980054,0
47134,63,JUN,-0.03999999999999998,0.1426888,0
47135,63,THRAP3,0.1,0.0814104,0
47136,63,STAG2,0.4499999999999999,0.37314110000000006,0
47137,63,RAF1,1.0300000000000002,0.7404953999999998,0
47138,63,ERCC3,0.4000000000000001,0.3523708,0
47139,63,SMAD2,0.5,0.49575149999999996,0
47140,63,TAF15,0.17,0.14387240000000004,0
47141,63,ARNT,0.29000000000000004,0.2535635,0
47142,63,CLTC,-0.53,-0.28897639999999997,0
47143,63,IKBKB,0.49000000000000016,0.43997210000000003,0
47144,63,IDH1,-0.67,-0.19366150000000001,0
47145,63,SND1,3.469446951953614e-18,0.004210700000000002,0
47146,63,KNSTRN,0.03,0.0243531,0
47147,63,RHOA,-1.8900000000000001,-0.5080532999999999,0
47148,63,PALB2,0.4700000000000001,0.43824389999999996,0
47149,63,ARID2,0.7300000000000002,0.5502926,0
47150,63,EZR,-0.11000000000000001,-0.021002100000000006,0
47151,63,TP53,-0.7499999999999999,0.05443209999999998,0
47152,63,ARAF,0.4,0.2323923,0
47153,63,KIF5B,0.47000000000000003,0.3369522,0
47154,63,KAT6A,0.18999999999999995,0.1820414,0
47155,63,KTN1,-0.13,-0.029760699999999994,0
47156,63,GOLGA5,-0.11000000000000001,-0.0721258,0
47157,63,KDM5A,0.27,0.2410468,0
47158,63,RAD21,0.43000000000000005,0.35281979999999996,0
47159,63,GNAQ,0.09999999999999999,0.0880142,0
47160,63,CAMTA1,0.01,0.0059768,0
47161,63,ERCC2,0.63,0.46639260000000005,0
47162,63,EZH2,1.630000000000001,1.0920184,0
47163,63,TOP1,0.15000000000000002,0.11288490000000001,0
47164,63,SRSF3,-0.44999999999999996,-0.14821559999999998,0
47165,63,NPM1,0.1,0.21470690000000003,0
47166,63,BAX,-0.6600000000000001,-0.1698281,0
47167,63,NOTCH2,0.28,0.2211431,0
47168,63,TRAF7,0.03,0.023427599999999996,0
47169,63,KDM6A,0.9800000000000003,0.8557847000000002,0
47170,63,SPEN,0.08,0.0641925,0
47171,63,TRIM27,-0.51,-0.1751873,0
47172,63,CRTC1,0.16,0.1284423,0
47173,63,EML4,0.27,0.23086400000000007,0
47174,63,USP9X,-0.039999999999999994,-0.025363900000000012,0
47175,63,PTPRK,0.01,0.0072858,0
47176,63,CD74,-0.18000000000000002,-0.027896800000000006,0
47177,63,CBL,0.57,0.42916260000000006,0
47178,63,ZNF384,-0.060000000000000005,-0.029287,0
47179,63,NOTCH1,1.0600000000000005,0.7574694000000002,0
47180,63,COX6C,-0.16,-0.06723140000000001,0
47181,63,CHCHD7,0.04,0.029477600000000003,0
47182,63,HMGA1,-0.14,-0.05978599999999999,0
47183,63,PTEN,1.1900000000000006,1.1064232,0
47184,63,FIP1L1,-0.039999999999999994,-0.016619999999999996,0
47185,63,JAK1,0.7700000000000002,0.6197627000000001,0
47186,63,ZMYM2,-0.08000000000000002,-0.054289699999999996,0
47187,63,SUZ12,0.7900000000000001,0.596908,0
47188,63,FUS,-0.28,0.0651881,0
47189,63,BAP1,0.03,0.0536181,0
47190,63,ZCCHC8,-0.07,-0.0204988,0
47191,63,CRNKL1,-0.019999999999999997,-0.013141,0
47192,63,RAD17,0.16000000000000003,0.1160585,0
47193,63,ATP1A1,0.0,0.0004570000000000008,0
47194,63,DNMT3A,0.9200000000000004,0.7180282,0
47195,63,FBXW7,1.0700000000000005,0.8334909,0
47196,63,WWTR1,-0.13,-0.0707694,0
47197,63,CDKN1B,0.5500000000000002,0.3555522000000001,0
47198,63,KMT2A,0.42000000000000004,0.36859150000000007,0
47199,63,PTPN11,0.9200000000000004,0.6932288,0
47200,63,STAT5B,0.7300000000000002,0.5496184000000001,0
47201,63,CUX1,-0.1,-0.06377469999999999,0
47202,63,ABI1,-0.33,-0.1021099,0
47203,63,BRCA1,1.5700000000000012,1.3064585,0
47204,63,SH2B3,0.030000000000000006,0.027738900000000007,0
47205,63,AFF4,0.009999999999999995,0.017756400000000002,0
47206,63,NF2,0.019999999999999997,0.0693696,0
47207,63,LMNA,0.04000000000000001,0.044409300000000006,0
47208,63,TSC2,0.6200000000000001,0.5018349999999999,0
47209,63,GOLPH3,-0.09,-0.0580885,0
47210,63,PCM1,-0.06,-0.04442890000000001,0
47211,63,PPP2R1A,-0.48000000000000004,-0.16614220000000002,0
47212,63,ARID1A,1.8300000000000012,1.36762,0
47213,63,ABL1,0.12000000000000012,0.17422690000000007,0
47214,63,AFF1,0.15999999999999998,0.1347411,0
47215,63,DAXX,-0.41000000000000003,-0.12076339999999999,0
47216,63,CBFB,0.10999999999999999,0.0978672,0
47217,63,CBLB,0.14,0.1112029,0
47218,63,POLR2A,0.06999999999999995,0.23678819999999998,0
47219,63,PRKACA,0.36000000000000004,0.27280639999999995,0
47220,63,DNM2,-0.1,-0.036966099999999995,0
47221,63,RAP1GDS1,-0.09000000000000001,-0.03652050000000001,0
47222,63,NCOR1,0.9000000000000004,0.8184665000000002,0
47223,63,NFKBIE,-0.36000000000000004,-0.1143822,0
47224,63,DDX3X,0.21,0.1782928,0
47225,63,ELK4,0.01,0.0072829,0
47226,63,MLLT6,0.11000000000000001,0.0887413,0
47227,63,SRSF2,-1.5900000000000003,-0.44657009999999997,0
47228,63,CTNNA1,0.11,0.08255379999999998,0
47229,63,RBM10,0.18,0.11743660000000002,0
47230,63,PTPRC,0.13,0.1272098,0
47231,63,HSP90AA1,1.1200000000000006,0.7513014999999998,0
47232,64,NSD1,0.31,0.2716944,1
47233,64,DICER1,0.16,0.2362505,1
47234,64,BIRC6,0.13,0.11897350000000001,1
47235,64,SDHC,0.41999999999999993,0.32103500000000007,1
47236,64,TFG,0.2,0.1326031,1
47237,64,MAP2K2,0.27,0.19619830000000002,1
47238,64,TFRC,-0.20000000000000007,-0.0828904,1
47239,64,CREB1,0.9100000000000005,0.7613485999999999,1
47240,64,POLG,-0.01,-0.0031383,1
47241,64,SETD2,0.6600000000000001,0.5973881000000001,1
47242,64,NAB2,-0.53,-0.15073029999999998,1
47243,64,HIF1A,1.690000000000001,1.2997690999999998,1
47244,64,FLCN,-0.04,0.021359700000000002,1
47245,64,MAP2K4,0.13,0.1535857,1
47246,64,CNOT3,0.04999999999999999,0.0463115,1
47247,64,CIITA,0.1,0.06428510000000001,1
47248,64,LSM14A,0.14,0.11614440000000001,1
47249,64,AKAP9,-0.060000000000000005,0.0143451,1
47250,64,MSN,-0.14000000000000004,-0.019785300000000002,1
47251,64,BCR,-0.020000000000000007,0.05538180000000001,1
47252,64,TRRAP,0.10000000000000002,0.22414070000000005,1
47253,64,PPP6C,-0.16,-0.06738970000000001,1
47254,64,NCOA4,-0.09000000000000002,-0.020449399999999996,1
47255,64,BCL9,0.19,0.1469145,1
47256,64,PRCC,0.12,0.09333489999999998,1
47257,64,LARP4B,0.02,0.014198200000000001,1
47258,64,CHD2,0.02,0.0174362,1
47259,64,ASXL1,0.28,0.33944949999999996,1
47260,64,SMARCA4,1.9700000000000013,1.5201841999999999,1
47261,64,ERC1,-0.04,-0.0284734,1
47262,64,DCTN1,-6.938893903907228e-18,0.038064900000000026,1
47263,64,PIK3R1,1.3300000000000007,1.0581393000000001,1
47264,64,EED,0.11999999999999998,0.09766019999999999,1
47265,64,CNBP,0.02,0.0124172,1
47266,64,SGK1,0.44999999999999996,0.29777829999999994,1
47267,64,MLLT10,-0.14,-0.0666312,1
47268,64,BRD4,1.0000000000000002,0.8674692000000003,1
47269,64,RANBP2,0.32000000000000006,0.3002623,1
47270,64,FBXO11,0.07,0.055642199999999996,1
47271,64,PML,0.25000000000000006,0.21430090000000002,1
47272,64,AKT2,1.1200000000000003,0.8080296,1
47273,64,CEP89,0.04,0.026442,1
47274,64,LZTR1,0.10999999999999999,0.1182377,1
47275,64,YWHAE,0.28,0.17588230000000005,1
47276,64,DNAJB1,-0.04000000000000001,-0.0023467000000000036,1
47277,64,PRDM2,0.06,0.0487222,1
47278,64,TPM4,0.52,0.370039,1
47279,64,CREBBP,1.7900000000000011,1.4848196999999994,1
47280,64,PMS2,0.76,0.6649137999999999,1
47281,64,DDR2,-0.009999999999999998,-0.0058844,1
47282,64,FANCA,0.33999999999999997,0.2892953999999999,1
47283,64,PDE4DIP,0.08,0.0612168,1
47284,64,USP8,-0.060000000000000005,-0.024682600000000002,1
47285,64,MYH9,-0.4699999999999999,-0.12098659999999997,1
47286,64,MYC,-1.1400000000000003,-0.18759000000000003,1
47287,64,NBN,0.5800000000000001,0.4615907,1
47288,64,CCND3,-0.07999999999999999,0.013122599999999996,1
47289,64,TRIP11,-0.08,-0.059334300000000006,1
47290,64,CNTRL,-0.06,-0.0489563,1
47291,64,PIK3CA,1.3700000000000006,1.1331377999999994,1
47292,64,DDX5,0.23999999999999994,0.278752,1
47293,64,PICALM,3.469446951953614e-18,0.004619400000000003,1
47294,64,RARA,-0.43999999999999995,-0.04577910000000001,1
47295,64,DDX6,0.060000000000000005,0.11618530000000002,1
47296,64,COL1A1,0.19,0.16802240000000002,1
47297,64,VHL,0.28,0.21130640000000003,1
47298,64,MAPK1,1.8200000000000012,1.3190181999999995,1
47299,64,SRC,0.4,0.42053440000000003,1
47300,64,NFE2L2,0.39,0.27579560000000003,1
47301,64,MITF,-0.24000000000000002,-0.0622615,1
47302,64,SMAD3,1.270000000000001,1.1812572999999997,1
47303,64,RBM15,0.1,0.0853093,1
47304,64,ATR,0.7,0.5703653000000001,1
47305,64,EPAS1,0.36999999999999994,0.3839477,1
47306,64,TPM3,0.19999999999999998,0.1537264,1
47307,64,RPL10,0.11000000000000001,0.11786150000000001,1
47308,64,STAG1,0.13,0.14524710000000002,1
47309,64,SBDS,-0.04,-0.013688699999999998,1
47310,64,KMT2D,0.9400000000000004,0.7565370999999999,1
47311,64,MED12,0.39,0.3260018,1
47312,64,BCLAF1,-0.03,0.03283740000000001,1
47313,64,ASPSCR1,-0.030000000000000006,-0.0048011999999999985,1
47314,64,CDK12,0.52,0.4068047000000001,1
47315,64,EWSR1,0.2599999999999999,0.28108330000000004,1
47316,64,NDRG1,0.009999999999999992,0.027348599999999997,1
47317,64,PSIP1,0.09999999999999999,0.08770929999999999,1
47318,64,TRIM33,0.06999999999999999,0.07056720000000001,1
47319,64,MTOR,1.2200000000000004,0.9615155,1
47320,64,ARHGAP35,0.17999999999999997,0.15438,1
47321,64,POT1,0.01,0.0128515,1
47322,64,EXT1,0.11,0.0829928,1
47323,64,IL6ST,0.32,0.2684307,1
47324,64,IDH2,0.009999999999999998,0.0731545,1
47325,64,SMARCE1,0.36,0.2557658,1
47326,64,CRTC3,0.09999999999999999,0.08311779999999999,1
47327,64,TSC1,0.31,0.3067684,1
47328,64,BCOR,-0.09999999999999998,0.013234099999999999,1
47329,64,SDHA,0.26,0.19787780000000002,1
47330,64,EP300,2.3200000000000007,1.8763609000000003,1
47331,64,HNRNPA2B1,0.5300000000000001,0.3768792,1
47332,64,CLIP1,-0.13,-0.0756882,1
47333,64,PATZ1,-0.7,-0.1580688,1
47334,64,FUBP1,-0.11000000000000001,-0.0013724000000000002,1
47335,64,HLA-A,-0.13,0.017403200000000018,1
47336,64,CCNC,-0.23,-0.09623350000000001,1
47337,64,RPN1,-0.2,-0.06015380000000001,1
47338,64,TCF7L2,1.0408340855860843e-17,0.09107040000000002,1
47339,64,CANT1,0.0,0.013601299999999997,1
47340,64,RPL5,-0.6000000000000001,-0.16198700000000005,1
47341,64,CCDC6,0.14000000000000004,0.1315869,1
47342,64,NCKIPSD,-0.07,-0.0263682,1
47343,64,SMARCD1,0.43000000000000005,0.36293200000000003,1
47344,64,BCL10,0.039999999999999994,0.0709784,1
47345,64,MAX,8.673617379884035e-18,0.054253699999999995,1
47346,64,HERPUD1,-0.01,-0.0029844,1
47347,64,RAC1,-0.14,0.0646415,1
47348,64,FLNA,0.08999999999999998,0.0868321,1
47349,64,TFE3,-0.7,-0.2656234,1
47350,64,NCOR2,0.6100000000000001,0.5168250999999999,1
47351,64,PRPF40B,0.04,0.028962700000000004,1
47352,64,BCL3,-0.08000000000000003,-0.005231900000000013,1
47353,64,TFPT,-0.32,-0.10769199999999998,1
47354,64,MLH1,0.7800000000000002,0.7014503,1
47355,64,ARHGAP5,0.14,0.11921769999999998,1
47356,64,CIC,0.01,0.007194700000000001,1
47357,64,LYN,0.7,0.5537551000000001,1
47358,64,TCF12,0.33,0.25880320000000007,1
47359,64,KLF6,0.04,0.0324698,1
47360,64,KMT2C,0.8000000000000003,0.6856454999999999,1
47361,64,PIM1,-0.07000000000000002,0.005075099999999989,1
47362,64,CCND1,0.7700000000000004,0.5619791000000001,1
47363,64,MLLT1,-1.2600000000000005,-0.35744220000000004,1
47364,64,MEN1,-0.009999999999999995,0.02107719999999999,1
47365,64,CUL3,0.06000000000000002,0.16009120000000002,1
47366,64,RB1,0.6599999999999999,0.4985944000000001,1
47367,64,LPP,-0.1,-0.026550999999999995,1
47368,64,BUB1B,-0.11,-0.0419765,1
47369,64,SMAD4,1.690000000000001,1.3885797999999998,1
47370,64,FGFR1,0.34,0.3002613,1
47371,64,TMSB4X,0.04,0.0329148,1
47372,64,CDK4,0.9200000000000004,0.6375782999999999,1
47373,64,MSI2,0.01,0.0076615,1
47374,64,MSH6,0.9700000000000004,0.8109395999999999,1
47375,64,BRAF,1.2000000000000004,1.0672274999999998,1
47376,64,TCEA1,-0.12000000000000001,-0.015054799999999998,1
47377,64,TNFAIP3,0.14,0.1315069,1
47378,64,RABEP1,0.0,0.0004895999999999963,1
47379,64,GMPS,-0.09,-0.045382999999999986,1
47380,64,MDM2,1.330000000000001,0.9808223999999998,1
47381,64,NSD2,0.21000000000000002,0.15573710000000002,1
47382,64,CASP8,-0.5,0.021444799999999993,1
47383,64,PER1,-0.21000000000000002,-0.0684212,1
47384,64,UBR5,0.010000000000000002,0.03126639999999999,1
47385,64,EIF3E,-0.019999999999999997,0.06173369999999999,1
47386,64,RFWD3,0.04,0.039186700000000005,1
47387,64,BRD3,0.12,0.0866148,1
47388,64,PAFAH1B2,0.03,0.0270198,1
47389,64,EXT2,0.020000000000000004,0.020763200000000002,1
47390,64,PLCG1,0.5399999999999999,0.4356556,1
47391,64,SF3B1,-0.51,-0.23535489999999998,1
47392,64,ARHGEF10L,0.04,0.0218392,1
47393,64,NFATC2,0.26,0.19780980000000004,1
47394,64,SDHD,0.33,0.24010389999999998,1
47395,64,PABPC1,-0.8100000000000002,-0.2155355,1
47396,64,POLD1,-0.29000000000000004,-0.0684891,1
47397,64,CALR,0.05000000000000001,0.07364520000000001,1
47398,64,PIK3CB,0.7600000000000002,0.6171116,1
47399,64,PPM1D,0.28,0.21938660000000001,1
47400,64,ATRX,1.0400000000000005,0.8795464,1
47401,64,DGCR8,0.19,0.1438624,1
47402,64,DDX10,0.16999999999999998,0.1354997,1
47403,64,DROSHA,0.51,0.4013780000000001,1
47404,64,TNFRSF14,-0.19999999999999998,-0.0670612,1
47405,64,BCL9L,0.13,0.09656790000000001,1
47406,64,QKI,-0.01,-0.006058799999999999,1
47407,64,BAZ1A,0.01,0.0076112,1
47408,64,CHD4,0.39,0.35378160000000003,1
47409,64,NSD3,0.11,0.1166005,1
47410,64,NT5C2,0.15000000000000002,0.08651999999999999,1
47411,64,CCNB1IP1,0.14,0.06576299999999999,1
47412,64,PCBP1,-0.86,-0.22135960000000002,1
47413,64,RALGDS,-0.03,0.046902700000000005,1
47414,64,ARHGEF12,0.010000000000000009,0.029496800000000004,1
47415,64,HSP90AB1,0.9400000000000002,0.6808453999999999,1
47416,64,FOXO3,1.4700000000000009,1.0740797,1
47417,64,HIP1,-0.019999999999999997,-0.010806099999999999,1
47418,64,CDC73,0.04000000000000001,0.0765788,1
47419,64,NIN,-0.030000000000000002,-0.019911500000000002,1
47420,64,MDM4,0.10000000000000002,0.1540907,1
47421,64,COL3A1,0.23,0.1888892,1
47422,64,CTNND1,0.16000000000000003,0.17004370000000002,1
47423,64,SPOP,0.09,0.09721560000000001,1
47424,64,TMEM127,0.0,0.015229600000000003,1
47425,64,CREB3L2,0.14,0.0949146,1
47426,64,MSH2,0.9800000000000004,0.7982446000000001,1
47427,64,FNBP1,-0.010000000000000005,0.0225485,1
47428,64,ATF1,0.14,0.10255890000000001,1
47429,64,EIF1AX,-0.39,-0.1686407,1
47430,64,PMS1,0.49999999999999994,0.39300009999999996,1
47431,64,DEK,0.15,0.13607980000000003,1
47432,64,ERBB2,1.0700000000000005,0.7002908999999997,1
47433,64,AKT1,0.2399999999999999,0.28447169999999994,1
47434,64,CHEK2,0.6600000000000001,0.6383953,1
47435,64,SDHB,0.43000000000000005,0.30982659999999995,1
47436,64,NCOA1,0.46,0.3624636,1
47437,64,CHIC2,0.11,0.08239540000000001,1
47438,64,RUNX1,0.06000000000000011,0.48786890000000005,1
47439,64,STAT6,0.35000000000000003,0.3353723,1
47440,64,FH,-0.01999999999999999,0.02470159999999999,1
47441,64,AKT3,1.1200000000000006,0.8346977000000002,1
47442,64,GNAS,0.42000000000000015,0.2881881,1
47443,64,CTNNB1,1.3500000000000005,0.9460348999999992,1
47444,64,NONO,0.34,0.2896242,1
47445,64,SMARCB1,0.9900000000000004,0.7640964,1
47446,64,PRKAR1A,0.21000000000000002,0.1997989,1
47447,64,ITGAV,0.009999999999999995,0.04756179999999999,1
47448,64,SS18,0.41000000000000003,0.2903583,1
47449,64,MAP2K1,1.0000000000000002,0.6590552000000001,1
47450,64,SIRPA,-0.07,-0.016388499999999997,1
47451,64,PPFIBP1,0.42,0.30742430000000004,1
47452,64,RPL22,-0.10999999999999999,0.10017580000000001,1
47453,64,CYLD,0.31000000000000005,0.25232180000000004,1
47454,64,ARID1B,0.81,0.6296630000000001,1
47455,64,SETDB1,0.33,0.2455061,1
47456,64,AFDN,-0.26,-0.0787746,1
47457,64,ZRSR2,-0.11000000000000001,-0.06175320000000001,1
47458,64,PBRM1,1.0200000000000005,0.7654413999999999,1
47459,64,XPC,0.42000000000000004,0.2577878,1
47460,64,ASXL2,0.27,0.19763100000000003,1
47461,64,TRIM24,-0.19999999999999998,-0.007949700000000006,1
47462,64,SFPQ,-0.44999999999999996,-0.1274263,1
47463,64,NCOA2,0.49,0.42310460000000005,1
47464,64,FOXO4,0.31999999999999995,0.20685269999999994,1
47465,64,LEF1,0.24999999999999994,0.20517549999999993,1
47466,64,B2M,-0.36999999999999994,-0.15326900000000004,1
47467,64,DDIT3,-0.29000000000000004,-0.09914509999999999,1
47468,64,BCL6,0.3400000000000001,0.2973341,1
47469,64,KRAS,-0.06000000000000001,0.16071290000000002,1
47470,64,FAT1,0.13,0.0972385,1
47471,64,ABL2,0.04000000000000001,0.050288000000000006,1
47472,64,NF1,1.2400000000000004,1.0233869999999998,1
47473,64,BTG1,-0.03,-0.015331799999999998,1
47474,64,EIF4A2,0.04,0.022794000000000002,1
47475,64,SET,0.18,0.1469769,1
47476,64,EPS15,0.07,0.06313089999999999,1
47477,64,RNF213,0.05,0.0443789,1
47478,64,CTCF,1.0600000000000003,0.7632116000000001,1
47479,64,WDCP,0.22,0.13586990000000004,1
47480,64,KAT7,0.16999999999999998,0.142465,1
47481,64,KDM5C,0.21000000000000002,0.1968855,1
47482,64,TGFBR2,0.09000000000000002,0.15760160000000004,1
47483,64,ATM,0.9900000000000007,0.9468270999999998,1
47484,64,NUMA1,0.06000000000000001,0.0588102,1
47485,64,STAT3,0.8000000000000005,0.8544064999999997,1
47486,64,SUB1,-0.08,-0.0339129,1
47487,64,NUP98,0.18999999999999997,0.2102944,1
47488,64,ELL,0.17,0.0922182,1
47489,64,MAP3K1,0.41,0.3278942000000001,1
47490,64,MALT1,0.10000000000000003,0.14896310000000001,1
47491,64,XPO1,0.49000000000000016,0.4092266,1
47492,64,SETD1B,0.26,0.2064045,1
47493,64,ETV6,-0.11000000000000001,-0.017310899999999997,1
47494,64,TBL1XR1,0.21000000000000002,0.1459925,1
47495,64,NUP214,-0.09000000000000001,0.13207649999999999,1
47496,64,TPR,0.14,0.1120256,1
47497,64,ATIC,0.15000000000000002,0.145573,1
47498,64,NACA,0.21000000000000002,0.12455590000000001,1
47499,64,MYO5A,0.01,0.0069524,1
47500,64,SMC1A,0.33000000000000007,0.3887958,1
47501,64,LASP1,-0.25,-0.1313832,1
47502,64,ERCC5,0.38,0.24410179999999998,1
47503,64,JUN,-0.44999999999999984,0.05923050000000002,1
47504,64,THRAP3,0.049999999999999996,0.0406692,1
47505,64,STAG2,0.3300000000000001,0.3244805,1
47506,64,RAF1,0.9100000000000004,0.6811381000000001,1
47507,64,ERCC3,0.51,0.4442297000000001,1
47508,64,SMAD2,0.6100000000000002,0.5920194000000002,1
47509,64,TAF15,0.22000000000000003,0.17724630000000002,1
47510,64,ARNT,0.27999999999999997,0.24745180000000003,1
47511,64,CLTC,-0.7500000000000001,-0.3003279,1
47512,64,IKBKB,0.53,0.475753,1
47513,64,IDH1,-0.6100000000000001,-0.20223199999999997,1
47514,64,SND1,-0.010000000000000004,0.013640399999999997,1
47515,64,KNSTRN,0.02,0.015319600000000001,1
47516,64,RHOA,-2.700000000000001,-0.6860940000000001,1
47517,64,PALB2,0.6800000000000002,0.5728789000000001,1
47518,64,ARID2,0.8500000000000001,0.6601730000000002,1
47519,64,EZR,-0.07000000000000002,-0.0008704999999999971,1
47520,64,TP53,-0.47999999999999965,0.3439254,1
47521,64,ARAF,0.4,0.229186,1
47522,64,KIF5B,0.5200000000000001,0.39358719999999997,1
47523,64,KAT6A,0.2,0.2202351,1
47524,64,KTN1,-0.05,0.004257999999999996,1
47525,64,GOLGA5,-0.09000000000000001,-0.060514200000000004,1
47526,64,KDM5A,0.27,0.2584436,1
47527,64,RAD21,0.56,0.4578751999999999,1
47528,64,GNAQ,0.33999999999999997,0.2390896,1
47529,64,CAMTA1,0.06,0.0452588,1
47530,64,ERCC2,0.66,0.502206,1
47531,64,EZH2,1.6000000000000012,1.2448765999999991,1
47532,64,TOP1,0.3600000000000001,0.29013389999999994,1
47533,64,SRSF3,-0.19,-0.021760099999999997,1
47534,64,NPM1,0.12000000000000005,0.17132960000000003,1
47535,64,BAX,-0.79,-0.1687337,1
47536,64,NOTCH2,0.29000000000000004,0.24774870000000002,1
47537,64,TRAF7,0.02,0.014135,1
47538,64,KDM6A,0.7400000000000001,0.7727091000000001,1
47539,64,SPEN,0.12000000000000001,0.0915453,1
47540,64,TRIM27,-0.61,-0.17955160000000003,1
47541,64,CRTC1,0.15,0.12122720000000001,1
47542,64,EML4,0.18000000000000002,0.22751770000000004,1
47543,64,USP9X,-0.06,-0.0461698,1
47544,64,PTPRK,-0.01,-0.005856900000000001,1
47545,64,CD74,-0.28,-0.01885189999999999,1
47546,64,CBL,0.55,0.47990130000000003,1
47547,64,ZNF384,0.02,0.0161016,1
47548,64,NOTCH1,1.2400000000000007,0.9004979000000002,1
47549,64,COX6C,-0.14,-0.04564660000000001,1
47550,64,CHCHD7,0.02,0.0127754,1
47551,64,HMGA1,-0.09,-0.0324198,1
47552,64,PTEN,1.2200000000000009,1.1455798,1
47553,64,FIP1L1,-0.060000000000000005,-0.011055199999999994,1
47554,64,JAK1,0.9000000000000004,0.7417765,1
47555,64,ZMYM2,0.010000000000000004,0.0115946,1
47556,64,SUZ12,0.8800000000000003,0.6690002999999999,1
47557,64,FUS,-0.49,0.017735599999999997,1
47558,64,BAP1,-0.28,-0.1170249,1
47559,64,ZCCHC8,-0.08,-0.0238944,1
47560,64,CRNKL1,0.01,0.007486500000000001,1
47561,64,RAD17,0.19,0.13623699999999997,1
47562,64,ATP1A1,0.0,0.0,1
47563,64,DNMT3A,1.1200000000000003,0.8905604999999998,1
47564,64,FBXW7,0.9800000000000002,0.8359498000000003,1
47565,64,WWTR1,-0.09,-0.0370716,1
47566,64,CDKN1B,0.41000000000000003,0.31073740000000005,1
47567,64,KMT2A,0.3600000000000001,0.37096019999999996,1
47568,64,PTPN11,1.1300000000000008,0.9071416999999999,1
47569,64,STAT5B,0.6500000000000001,0.5565242,1
47570,64,CUX1,-0.1,-0.0636604,1
47571,64,ABI1,-0.29000000000000004,-0.0795329,1
47572,64,BRCA1,1.9000000000000012,1.5067297000000002,1
47573,64,SH2B3,0.09999999999999999,0.062084200000000006,1
47574,64,AFF4,-0.030000000000000006,0.0045676999999999905,1
47575,64,NF2,0.13,0.13372360000000003,1
47576,64,LMNA,0.029999999999999992,0.030186999999999995,1
47577,64,TSC2,0.8300000000000003,0.6634381,1
47578,64,GOLPH3,-0.049999999999999996,-0.0354184,1
47579,64,PCM1,-0.04,-0.033098,1
47580,64,PPP2R1A,-0.25,-0.045017399999999985,1
47581,64,ARID1A,1.8700000000000012,1.4724194,1
47582,64,ABL1,-0.4399999999999999,-0.018314400000000047,1
47583,64,AFF1,0.07,0.1023328,1
47584,64,DAXX,-0.53,-0.14074890000000004,1
47585,64,CBFB,0.08,0.10098729999999999,1
47586,64,CBLB,0.16000000000000003,0.13639980000000002,1
47587,64,POLR2A,-0.18,0.11572880000000005,1
47588,64,PRKACA,0.2500000000000001,0.3031409,1
47589,64,DNM2,-0.13,-0.0570586,1
47590,64,RAP1GDS1,0.02999999999999997,0.06667760000000003,1
47591,64,NCOR1,0.7500000000000001,0.8121372999999998,1
47592,64,NFKBIE,-0.39,-0.1144741,1
47593,64,DDX3X,0.25,0.22419269999999997,1
47594,64,ELK4,0.03,0.025570799999999998,1
47595,64,MLLT6,0.07999999999999999,0.0661997,1
47596,64,SRSF2,-2.72,-0.6483637999999999,1
47597,64,CTNNA1,0.13,0.1039067,1
47598,64,RBM10,0.18000000000000002,0.12741639999999999,1
47599,64,PTPRC,-0.039999999999999994,0.0813007,1
47600,64,HSP90AA1,0.8200000000000003,0.5728044999999998,1
47601,64,NSD1,0.25,0.2088277,0
47602,64,DICER1,0.30000000000000004,0.2729602,0
47603,64,BIRC6,0.07,0.0618308,0
47604,64,SDHC,0.28,0.1930085,0
47605,64,TFG,0.32,0.18506219999999998,0
47606,64,MAP2K2,0.29000000000000004,0.2159875,0
47607,64,TFRC,-0.21,-0.1014145,0
47608,64,CREB1,0.7800000000000004,0.6106820000000001,0
47609,64,POLG,0.01,0.0035516,0
47610,64,SETD2,0.7000000000000002,0.6011154,0
47611,64,NAB2,-0.34,-0.1102523,0
47612,64,HIF1A,1.5800000000000007,1.1531043000000005,0
47613,64,FLCN,0.039999999999999994,0.0390064,0
47614,64,MAP2K4,-0.05,0.06302490000000001,0
47615,64,CNOT3,-0.019999999999999997,0.007783500000000002,0
47616,64,CIITA,0.08,0.04849930000000001,0
47617,64,LSM14A,0.09,0.08289650000000001,0
47618,64,AKAP9,-0.09,-0.027278,0
47619,64,MSN,-0.36,-0.0853359,0
47620,64,BCR,0.06,0.058448999999999994,0
47621,64,TRRAP,-0.009999999999999981,0.13861579999999996,0
47622,64,PPP6C,-0.14,-0.0723869,0
47623,64,NCOA4,-0.14,-0.07922310000000002,0
47624,64,BCL9,0.14,0.112914,0
47625,64,PRCC,0.04000000000000001,0.02808730000000001,0
47626,64,LARP4B,0.0,0.0,0
47627,64,CHD2,0.01,0.0078411,0
47628,64,ASXL1,0.5199999999999999,0.482077,0
47629,64,SMARCA4,1.280000000000001,0.9564679000000001,0
47630,64,ERC1,-0.02,-0.0147896,0
47631,64,DCTN1,-0.26,-0.12436110000000003,0
47632,64,PIK3R1,1.2900000000000007,0.9491833999999999,0
47633,64,EED,0.009999999999999969,0.0445785,0
47634,64,CNBP,0.01,0.0055447000000000005,0
47635,64,SGK1,0.27,0.15959540000000003,0
47636,64,MLLT10,-0.13,-0.049270299999999996,0
47637,64,BRD4,0.9300000000000005,0.7204309,0
47638,64,RANBP2,0.14999999999999997,0.200694,0
47639,64,FBXO11,0.060000000000000005,0.0485742,0
47640,64,PML,0.39,0.2862643000000001,0
47641,64,AKT2,0.9700000000000003,0.6779080000000002,0
47642,64,CEP89,0.06,0.0355422,0
47643,64,LZTR1,0.09,0.0932117,0
47644,64,YWHAE,0.28,0.1807479,0
47645,64,DNAJB1,-0.08,-0.025475900000000003,0
47646,64,PRDM2,0.02,0.015463600000000001,0
47647,64,TPM4,0.47000000000000003,0.3144835000000001,0
47648,64,CREBBP,1.8200000000000012,1.500471700000001,0
47649,64,PMS2,0.5700000000000001,0.5290756000000001,0
47650,64,DDR2,0.06,0.044212,0
47651,64,FANCA,0.33,0.2737786,0
47652,64,PDE4DIP,0.06,0.0409324,0
47653,64,USP8,-0.07,-0.0332598,0
47654,64,MYH9,-0.24999999999999997,-0.037832199999999996,0
47655,64,MYC,-1.2300000000000002,-0.4893857999999999,0
47656,64,NBN,0.55,0.42454959999999997,0
47657,64,CCND3,-0.07000000000000002,0.009602199999999995,0
47658,64,TRIP11,-0.14,-0.09235750000000001,0
47659,64,CNTRL,-0.07,-0.047974,0
47660,64,PIK3CA,1.620000000000001,1.1609372000000002,0
47661,64,DDX5,0.4400000000000001,0.36159409999999986,0
47662,64,PICALM,0.010000000000000002,0.011389300000000005,0
47663,64,RARA,0.52,0.35889519999999997,0
47664,64,DDX6,-0.05000000000000002,0.063433,0
47665,64,COL1A1,0.13,0.1382493,0
47666,64,VHL,0.16,0.11823470000000003,0
47667,64,MAPK1,1.580000000000001,1.0181985000000002,0
47668,64,SRC,-0.7,-0.0860157,0
47669,64,NFE2L2,0.23,0.16098090000000007,0
47670,64,MITF,-0.33999999999999997,-0.069243,0
47671,64,SMAD3,1.2300000000000009,0.9533099999999994,0
47672,64,RBM15,0.05,0.0482203,0
47673,64,ATR,0.7000000000000003,0.5982230000000001,0
47674,64,EPAS1,0.43,0.3930588,0
47675,64,TPM3,0.26,0.1884538,0
47676,64,RPL10,0.12000000000000001,0.11427050000000001,0
47677,64,STAG1,0.15,0.1491296,0
47678,64,SBDS,-0.06,-0.0207964,0
47679,64,KMT2D,0.9700000000000004,0.7275991999999999,0
47680,64,MED12,0.29000000000000004,0.2378643,0
47681,64,BCLAF1,-0.02000000000000001,0.03703609999999999,0
47682,64,ASPSCR1,-0.009999999999999998,0.0040490000000000005,0
47683,64,CDK12,0.33,0.244892,0
47684,64,EWSR1,0.43999999999999995,0.3599451000000001,0
47685,64,NDRG1,-0.04,-0.0138363,0
47686,64,PSIP1,-0.20000000000000004,-0.1053835,0
47687,64,TRIM33,0.05999999999999999,0.05254340000000001,0
47688,64,MTOR,1.1700000000000006,0.8778271,0
47689,64,ARHGAP35,0.09,0.12385080000000002,0
47690,64,POT1,-0.019999999999999993,0.007734400000000002,0
47691,64,EXT1,0.11,0.07540279999999999,0
47692,64,IL6ST,0.29000000000000004,0.22176410000000002,0
47693,64,IDH2,0.039999999999999994,0.06727129999999998,0
47694,64,SMARCE1,0.4,0.23740960000000003,0
47695,64,CRTC3,0.09,0.07009820000000001,0
47696,64,TSC1,0.32,0.285948,0
47697,64,BCOR,-0.16999999999999998,-0.012761700000000011,0
47698,64,SDHA,0.23,0.1373898,0
47699,64,EP300,1.8200000000000016,1.4902469000000003,0
47700,64,HNRNPA2B1,0.19999999999999998,0.1818831,0
47701,64,CLIP1,-0.09,-0.042504,0
47702,64,PATZ1,-0.56,-0.14250770000000001,0
47703,64,FUBP1,-0.21000000000000002,-0.0271865,0
47704,64,HLA-A,-0.15000000000000002,0.00434459999999999,0
47705,64,CCNC,-0.09,-0.0375682,0
47706,64,RPN1,-0.25,-0.076363,0
47707,64,TCF7L2,0.04999999999999999,0.09604710000000002,0
47708,64,CANT1,0.1,0.057998600000000004,0
47709,64,RPL5,-0.64,-0.195847,0
47710,64,CCDC6,1.3877787807814457e-17,0.04944,0
47711,64,NCKIPSD,0.04,0.023722,0
47712,64,SMARCD1,0.4099999999999999,0.2755106,0
47713,64,BCL10,0.03,0.04360480000000001,0
47714,64,MAX,-0.010000000000000005,0.012589700000000006,0
47715,64,HERPUD1,0.02,0.0082634,0
47716,64,RAC1,-0.16,0.022734800000000006,0
47717,64,FLNA,0.1,0.0943009,0
47718,64,TFE3,-0.38000000000000006,-0.1491846,0
47719,64,NCOR2,0.7200000000000002,0.540748,0
47720,64,PRPF40B,-0.03,-0.0160181,0
47721,64,BCL3,-0.060000000000000005,-0.012988799999999995,0
47722,64,TFPT,-0.29,-0.09436,0
47723,64,MLH1,0.8,0.6759925,0
47724,64,ARHGAP5,0.13,0.11064470000000001,0
47725,64,CIC,-0.01,-0.006425999999999999,0
47726,64,LYN,0.8200000000000003,0.5866806999999999,0
47727,64,TCF12,0.32,0.25383,0
47728,64,KLF6,0.05,0.0278872,0
47729,64,KMT2C,1.0300000000000002,0.8287198000000001,0
47730,64,PIM1,-0.13999999999999999,-0.0441739,0
47731,64,CCND1,1.2100000000000006,0.7382118999999998,0
47732,64,MLLT1,-1.07,-0.3115472,0
47733,64,MEN1,0.009999999999999997,0.043525400000000006,0
47734,64,CUL3,0.16,0.1419253,0
47735,64,RB1,0.6700000000000002,0.5179981000000001,0
47736,64,LPP,-0.08,-0.018721099999999997,0
47737,64,BUB1B,-0.13,-0.0631735,0
47738,64,SMAD4,1.3200000000000007,1.0207042000000004,0
47739,64,FGFR1,0.27,0.18168800000000002,0
47740,64,TMSB4X,0.04,0.029880399999999998,0
47741,64,CDK4,0.49,0.3445521,0
47742,64,MSI2,0.01,0.0073408,0
47743,64,MSH6,0.8800000000000003,0.677241,0
47744,64,BRAF,0.9000000000000005,0.8336458999999998,0
47745,64,TCEA1,-0.05,0.0054691999999999935,0
47746,64,TNFAIP3,0.12,0.12065500000000001,0
47747,64,RABEP1,0.0,-0.0010749000000000002,0
47748,64,GMPS,-0.07,-0.03589,0
47749,64,MDM2,1.2500000000000007,0.8596432000000003,0
47750,64,NSD2,0.16999999999999998,0.11704880000000001,0
47751,64,CASP8,0.019999999999999997,0.1966886,0
47752,64,PER1,-0.27999999999999997,-0.05664419999999999,0
47753,64,UBR5,-0.039999999999999994,-0.00643139999999999,0
47754,64,EIF3E,-0.08000000000000003,0.04546,0
47755,64,RFWD3,0.030000000000000002,0.0313806,0
47756,64,BRD3,0.09999999999999999,0.08793059999999998,0
47757,64,PAFAH1B2,0.02,0.0159646,0
47758,64,EXT2,0.0,0.007695599999999997,0
47759,64,PLCG1,0.51,0.3748062,0
47760,64,SF3B1,-0.26,-0.09174079999999998,0
47761,64,ARHGEF10L,0.03,0.016712699999999997,0
47762,64,NFATC2,0.18,0.13033329999999999,0
47763,64,SDHD,0.26,0.1435052,0
47764,64,PABPC1,-0.9,-0.2230553,0
47765,64,POLD1,-0.46,-0.1030924,0
47766,64,CALR,0.039999999999999994,0.036688799999999994,0
47767,64,PIK3CB,0.45,0.4130974,0
47768,64,PPM1D,0.21,0.1587831,0
47769,64,ATRX,1.0100000000000007,0.8170634,0
47770,64,DGCR8,0.17,0.11122600000000002,0
47771,64,DDX10,0.11,0.0697407,0
47772,64,DROSHA,0.43000000000000005,0.3161577,0
47773,64,TNFRSF14,-0.14,-0.04651220000000001,0
47774,64,BCL9L,0.15,0.1062623,0
47775,64,QKI,-0.06999999999999999,-0.0446617,0
47776,64,BAZ1A,0.02,0.0146562,0
47777,64,CHD4,0.15999999999999998,0.1472206,0
47778,64,NSD3,0.049999999999999996,0.05400210000000001,0
47779,64,NT5C2,0.18000000000000002,0.1053767,0
47780,64,CCNB1IP1,0.11,0.0515853,0
47781,64,PCBP1,-0.8800000000000001,-0.25834730000000006,0
47782,64,RALGDS,0.15999999999999998,0.1127226,0
47783,64,ARHGEF12,-0.03,-0.0021430999999999967,0
47784,64,HSP90AB1,1.0100000000000002,0.6677732999999997,0
47785,64,FOXO3,1.2900000000000005,0.9080809,0
47786,64,HIP1,-0.01,-0.0066118,0
47787,64,CDC73,-0.18,-0.0336388,0
47788,64,NIN,0.019999999999999997,0.0164139,0
47789,64,MDM4,0.1,0.16022370000000002,0
47790,64,COL3A1,0.16,0.14637590000000003,0
47791,64,CTNND1,0.09,0.12779269999999998,0
47792,64,SPOP,0.049999999999999975,0.050125,0
47793,64,TMEM127,0.04000000000000001,0.047732800000000006,0
47794,64,CREB3L2,0.11,0.0674963,0
47795,64,MSH2,0.9100000000000004,0.6742865000000001,0
47796,64,FNBP1,0.0,0.0041134,0
47797,64,ATF1,0.05,0.032323899999999996,0
47798,64,EIF1AX,-0.5,-0.22635419999999998,0
47799,64,PMS1,0.38999999999999996,0.3059400000000001,0
47800,64,DEK,0.09,0.08992549999999999,0
47801,64,ERBB2,1.1100000000000005,0.7065851999999999,0
47802,64,AKT1,1.0600000000000005,0.6607902999999999,0
47803,64,CHEK2,0.18000000000000008,0.32989880000000005,0
47804,64,SDHB,0.42000000000000004,0.26948389999999994,0
47805,64,NCOA1,0.41000000000000003,0.30121239999999994,0
47806,64,CHIC2,0.049999999999999996,0.027960099999999995,0
47807,64,RUNX1,0.6100000000000003,0.7038003,0
47808,64,STAT6,0.30000000000000004,0.2117714,0
47809,64,FH,-0.22000000000000003,-0.079779,0
47810,64,AKT3,1.0100000000000005,0.6936158000000002,0
47811,64,GNAS,0.21999999999999997,0.136704,0
47812,64,CTNNB1,1.3900000000000008,0.9433767999999999,0
47813,64,NONO,0.13,0.0872763,0
47814,64,SMARCB1,0.8700000000000003,0.6451420000000001,0
47815,64,PRKAR1A,0.13,0.11514250000000001,0
47816,64,ITGAV,0.040000000000000015,0.05545380000000001,0
47817,64,SS18,0.41000000000000003,0.26542619999999995,0
47818,64,MAP2K1,1.1000000000000005,0.6839448000000002,0
47819,64,SIRPA,0.01,0.0053786,0
47820,64,PPFIBP1,0.39,0.25892380000000004,0
47821,64,RPL22,-0.16,0.07643230000000001,0
47822,64,CYLD,0.29000000000000004,0.22507560000000001,0
47823,64,ARID1B,0.6699999999999999,0.4956257,0
47824,64,SETDB1,0.31,0.22085839999999998,0
47825,64,AFDN,-0.32999999999999996,-0.1117629,0
47826,64,ZRSR2,0.27,0.2023087,0
47827,64,PBRM1,0.9300000000000004,0.6801655999999999,0
47828,64,XPC,0.6100000000000001,0.4078338,0
47829,64,ASXL2,0.24000000000000002,0.16039879999999998,0
47830,64,TRIM24,-0.16999999999999998,-0.0622568,0
47831,64,SFPQ,-0.08999999999999998,0.012587100000000007,0
47832,64,NCOA2,0.51,0.36623369999999994,0
47833,64,FOXO4,0.39,0.2555137,0
47834,64,LEF1,0.1,0.0918165,0
47835,64,B2M,-0.52,-0.20945429999999995,0
47836,64,DDIT3,-0.42,-0.10252449999999999,0
47837,64,BCL6,0.6000000000000001,0.4310232999999999,0
47838,64,KRAS,-1.3500000000000005,-0.3622065,0
47839,64,FAT1,0.05000000000000001,0.0569154,0
47840,64,ABL2,0.09000000000000001,0.06590309999999999,0
47841,64,NF1,0.8700000000000004,0.7123780999999999,0
47842,64,BTG1,-0.03,-0.0152664,0
47843,64,EIF4A2,0.10000000000000002,0.08100629999999999,0
47844,64,SET,0.15000000000000002,0.1322786,0
47845,64,EPS15,0.03,0.031203600000000005,0
47846,64,RNF213,0.04,0.0312435,0
47847,64,CTCF,0.8500000000000003,0.60762,0
47848,64,WDCP,0.1,0.07661949999999998,0
47849,64,KAT7,0.11999999999999998,0.09662609999999999,0
47850,64,KDM5C,0.17,0.1574118,0
47851,64,TGFBR2,0.22,0.16563329999999996,0
47852,64,ATM,1.4700000000000009,1.1577860000000004,0
47853,64,NUMA1,-0.030000000000000006,-0.0087841,0
47854,64,STAT3,1.4300000000000008,1.1459036999999996,0
47855,64,SUB1,-0.22,-0.0827955,0
47856,64,NUP98,0.10000000000000002,0.11390200000000003,0
47857,64,ELL,-0.08,-0.019061600000000012,0
47858,64,MAP3K1,0.31999999999999995,0.2732095,0
47859,64,MALT1,0.12000000000000001,0.12690400000000002,0
47860,64,XPO1,0.30000000000000004,0.24764110000000003,0
47861,64,SETD1B,0.16,0.11857859999999999,0
47862,64,ETV6,-0.12999999999999998,-0.0373816,0
47863,64,TBL1XR1,0.22,0.1461819,0
47864,64,NUP214,0.020000000000000028,0.09671550000000001,0
47865,64,TPR,0.09,0.09283530000000001,0
47866,64,ATIC,0.03999999999999998,0.0418239,0
47867,64,NACA,0.23,0.15273820000000002,0
47868,64,MYO5A,0.0,0.0010913,0
47869,64,SMC1A,0.6100000000000001,0.5094291,0
47870,64,LASP1,-0.2,-0.1176478,0
47871,64,ERCC5,0.46,0.30707670000000004,0
47872,64,JUN,-0.04000000000000001,0.185227,0
47873,64,THRAP3,0.11000000000000001,0.09068309999999999,0
47874,64,STAG2,0.54,0.4200212,0
47875,64,RAF1,1.0600000000000003,0.757021,0
47876,64,ERCC3,0.43,0.3699799,0
47877,64,SMAD2,0.4500000000000001,0.46120459999999996,0
47878,64,TAF15,0.14,0.12314319999999997,0
47879,64,ARNT,0.28,0.2433211,0
47880,64,CLTC,-0.47000000000000003,-0.24972570000000002,0
47881,64,IKBKB,0.49000000000000016,0.4346455,0
47882,64,IDH1,-0.56,-0.161968,0
47883,64,SND1,-0.009999999999999997,-0.00025279999999999747,0
47884,64,KNSTRN,0.03,0.025247699999999998,0
47885,64,RHOA,-1.54,-0.3931180000000001,0
47886,64,PALB2,0.49,0.44226740000000003,0
47887,64,ARID2,0.7200000000000002,0.5435466000000001,0
47888,64,EZR,-0.05,0.015323999999999999,0
47889,64,TP53,-1.0799999999999998,-0.1312222,0
47890,64,ARAF,0.4,0.219344,0
47891,64,KIF5B,0.42999999999999994,0.30678550000000004,0
47892,64,KAT6A,0.16999999999999998,0.1877151,0
47893,64,KTN1,-0.12,-0.038056,0
47894,64,GOLGA5,-0.13,-0.0880204,0
47895,64,KDM5A,0.22999999999999998,0.21019700000000002,0
47896,64,RAD21,0.44,0.35067139999999997,0
47897,64,GNAQ,0.14,0.08974629999999999,0
47898,64,CAMTA1,0.01,0.007005600000000001,0
47899,64,ERCC2,0.6,0.426908,0
47900,64,EZH2,1.8200000000000012,1.1981275999999996,0
47901,64,TOP1,0.07000000000000002,0.06695390000000001,0
47902,64,SRSF3,-0.36,-0.1152569,0
47903,64,NPM1,-0.07999999999999992,0.10990800000000003,0
47904,64,BAX,-0.53,-0.15343920000000003,0
47905,64,NOTCH2,0.28,0.2255991,0
47906,64,TRAF7,0.03,0.022919699999999998,0
47907,64,KDM6A,0.8400000000000003,0.7456300000000002,0
47908,64,SPEN,0.12000000000000001,0.0914702,0
47909,64,TRIM27,-0.41000000000000003,-0.1489576,0
47910,64,CRTC1,0.15000000000000002,0.11648000000000001,0
47911,64,EML4,0.2800000000000001,0.23301029999999998,0
47912,64,USP9X,-0.04,-0.024513,0
47913,64,PTPRK,0.01,0.007252499999999999,0
47914,64,CD74,-0.17,-0.0274863,0
47915,64,CBL,0.5900000000000001,0.4435964,0
47916,64,ZNF384,-0.06,-0.0295062,0
47917,64,NOTCH1,1.0300000000000005,0.7546414,0
47918,64,COX6C,-0.15000000000000002,-0.05889740000000001,0
47919,64,CHCHD7,0.03,0.0195207,0
47920,64,HMGA1,-0.11,-0.0501836,0
47921,64,PTEN,1.4800000000000006,1.2312884000000004,0
47922,64,FIP1L1,-0.04000000000000001,-0.02285140000000001,0
47923,64,JAK1,0.8000000000000003,0.6287291,0
47924,64,ZMYM2,-0.07,-0.0487774,0
47925,64,SUZ12,0.7500000000000002,0.5406927,0
47926,64,FUS,-0.17,0.12485579999999995,0
47927,64,BAP1,0.009999999999999993,0.03096869999999999,0
47928,64,ZCCHC8,-0.08,-0.022096,0
47929,64,CRNKL1,-0.04,-0.023690000000000003,0
47930,64,RAD17,0.15,0.108909,0
47931,64,ATP1A1,-0.019999999999999997,-0.009759799999999999,0
47932,64,DNMT3A,0.9100000000000004,0.6759603999999999,0
47933,64,FBXW7,0.9600000000000003,0.7696251,0
47934,64,WWTR1,-0.07999999999999999,-0.035017700000000006,0
47935,64,CDKN1B,0.6000000000000001,0.38370429999999994,0
47936,64,KMT2A,0.4800000000000001,0.40571720000000006,0
47937,64,PTPN11,0.9700000000000004,0.7335099000000003,0
47938,64,STAT5B,0.6500000000000001,0.5055045,0
47939,64,CUX1,-0.08,-0.05464050000000001,0
47940,64,ABI1,-0.41,-0.136154,0
47941,64,BRCA1,1.5700000000000012,1.2653761999999997,0
47942,64,SH2B3,0.030000000000000006,0.0272165,0
47943,64,AFF4,0.029999999999999985,0.036577399999999996,0
47944,64,NF2,0.07000000000000002,0.10419609999999999,0
47945,64,LMNA,0.030000000000000006,0.0429457,0
47946,64,TSC2,0.59,0.4817822,0
47947,64,GOLPH3,-0.12000000000000001,-0.07191399999999999,0
47948,64,PCM1,-0.05,-0.0336221,0
47949,64,PPP2R1A,-0.5600000000000002,-0.19601589999999994,0
47950,64,ARID1A,1.710000000000001,1.2464043,0
47951,64,ABL1,0.16,0.15711270000000005,0
47952,64,AFF1,0.23000000000000004,0.18624029999999997,0
47953,64,DAXX,-0.25,-0.06516979999999999,0
47954,64,CBFB,0.10999999999999999,0.0972984,0
47955,64,CBLB,0.15000000000000002,0.1186461,0
47956,64,POLR2A,0.009999999999999981,0.17774189999999995,0
47957,64,PRKACA,0.3500000000000001,0.27042629999999995,0
47958,64,DNM2,-0.12000000000000001,-0.049315300000000006,0
47959,64,RAP1GDS1,-0.049999999999999996,-0.023873099999999998,0
47960,64,NCOR1,0.8600000000000003,0.7839316000000002,0
47961,64,NFKBIE,-0.28,-0.0962095,0
47962,64,DDX3X,0.13,0.12871159999999998,0
47963,64,ELK4,0.02,0.0148864,0
47964,64,MLLT6,0.13,0.1044071,0
47965,64,SRSF2,-1.27,-0.37818680000000005,0
47966,64,CTNNA1,0.1,0.07527529999999999,0
47967,64,RBM10,0.21000000000000002,0.1422098,0
47968,64,PTPRC,0.12000000000000001,0.1210011,0
47969,64,HSP90AA1,0.9600000000000005,0.6315962999999999,0
47970,65,NSD1,0.3,0.2582928,1
47971,65,DICER1,0.15000000000000002,0.21156530000000004,1
47972,65,BIRC6,0.049999999999999996,0.0713153,1
47973,65,SDHC,0.41,0.29399280000000005,1
47974,65,TFG,0.12,0.09564980000000002,1
47975,65,MAP2K2,0.28,0.2064456,1
47976,65,TFRC,-0.25999999999999995,-0.08699790000000002,1
47977,65,CREB1,0.9900000000000005,0.7969229,1
47978,65,POLG,-0.01,-0.0031473,1
47979,65,SETD2,0.44000000000000017,0.42851130000000004,1
47980,65,NAB2,-0.43999999999999995,-0.13904850000000002,1
47981,65,HIF1A,1.560000000000001,1.1933463,1
47982,65,FLCN,-0.05,0.011487099999999993,1
47983,65,MAP2K4,0.18,0.1711863,1
47984,65,CNOT3,0.029999999999999992,0.04024080000000001,1
47985,65,CIITA,0.1,0.0646471,1
47986,65,LSM14A,0.14,0.1104872,1
47987,65,AKAP9,-0.07,-0.009356999999999997,1
47988,65,MSN,-0.16,-0.03639029999999999,1
47989,65,BCR,-0.049999999999999996,0.0377411,1
47990,65,TRRAP,0.02000000000000001,0.1607747,1
47991,65,PPP6C,-0.21,-0.0697488,1
47992,65,NCOA4,-0.1,-0.04579189999999999,1
47993,65,BCL9,0.19999999999999998,0.1540287,1
47994,65,PRCC,0.13,0.09913229999999999,1
47995,65,LARP4B,0.02,0.0134222,1
47996,65,CHD2,0.02,0.0177632,1
47997,65,ASXL1,0.39,0.38531540000000003,1
47998,65,SMARCA4,1.9700000000000013,1.5265235,1
47999,65,ERC1,-0.03,-0.021820199999999998,1
48000,65,DCTN1,0.009999999999999995,0.041693000000000015,1
48001,65,PIK3R1,1.3700000000000008,1.0627431,1
48002,65,EED,0.10999999999999999,0.0956254,1
48003,65,CNBP,0.02,0.0112586,1
48004,65,SGK1,0.42999999999999994,0.2762903,1
48005,65,MLLT10,-0.07,-0.013791000000000005,1
48006,65,BRD4,1.0300000000000005,0.8803928,1
48007,65,RANBP2,0.24000000000000002,0.24269170000000004,1
48008,65,FBXO11,0.08,0.0618957,1
48009,65,PML,0.45000000000000007,0.3229461999999999,1
48010,65,AKT2,1.0300000000000002,0.7467512000000001,1
48011,65,CEP89,0.05,0.028945099999999998,1
48012,65,LZTR1,0.07,0.10777439999999999,1
48013,65,YWHAE,0.23000000000000004,0.14512380000000003,1
48014,65,DNAJB1,-0.09,-0.0295638,1
48015,65,PRDM2,0.06,0.048256400000000005,1
48016,65,TPM4,0.51,0.3595743,1
48017,65,CREBBP,1.8500000000000012,1.5113433999999997,1
48018,65,PMS2,0.8400000000000003,0.7165795,1
48019,65,DDR2,-0.030000000000000002,-0.014653,1
48020,65,FANCA,0.41000000000000003,0.33314849999999996,1
48021,65,PDE4DIP,0.07,0.05269410000000001,1
48022,65,USP8,-0.06,-0.03225619999999999,1
48023,65,MYH9,-0.5399999999999999,-0.1453493,1
48024,65,MYC,-2.5200000000000005,-0.6674277000000002,1
48025,65,NBN,0.6000000000000001,0.47727670000000005,1
48026,65,CCND3,-0.019999999999999987,0.027096899999999997,1
48027,65,TRIP11,-0.09000000000000001,-0.065121,1
48028,65,CNTRL,-0.06999999999999999,-0.0549623,1
48029,65,PIK3CA,1.530000000000001,1.1987731,1
48030,65,DDX5,0.2500000000000001,0.2791039,1
48031,65,PICALM,0.0,0.0069643,1
48032,65,RARA,0.21999999999999995,0.21275850000000002,1
48033,65,DDX6,0.09000000000000002,0.1312694,1
48034,65,COL1A1,0.25,0.22444760000000002,1
48035,65,VHL,0.29000000000000004,0.20833739999999995,1
48036,65,MAPK1,1.700000000000001,1.1642281000000005,1
48037,65,SRC,0.47000000000000003,0.44555310000000004,1
48038,65,NFE2L2,0.35,0.24871649999999998,1
48039,65,MITF,-0.11,-0.0007277000000000117,1
48040,65,SMAD3,1.1600000000000008,1.0677833,1
48041,65,RBM15,0.1,0.07969490000000001,1
48042,65,ATR,0.76,0.62003,1
48043,65,EPAS1,0.27,0.3078983,1
48044,65,TPM3,0.25000000000000006,0.19267640000000003,1
48045,65,RPL10,0.13,0.1432437,1
48046,65,STAG1,0.08,0.12325299999999999,1
48047,65,SBDS,-0.06,-0.0218457,1
48048,65,KMT2D,1.0000000000000004,0.8220366999999998,1
48049,65,MED12,0.37,0.3102971,1
48050,65,BCLAF1,-0.05999999999999999,0.026659799999999997,1
48051,65,ASPSCR1,0.019999999999999997,0.021361999999999996,1
48052,65,CDK12,0.45999999999999996,0.3624288,1
48053,65,EWSR1,0.25,0.2727479,1
48054,65,NDRG1,-0.029999999999999992,-0.004839899999999999,1
48055,65,PSIP1,0.09999999999999999,0.08173660000000002,1
48056,65,TRIM33,0.09,0.08314719999999999,1
48057,65,MTOR,0.9800000000000005,0.8199439,1
48058,65,ARHGAP35,0.19000000000000003,0.1541552,1
48059,65,POT1,0.02,0.0162388,1
48060,65,EXT1,0.11,0.0767283,1
48061,65,IL6ST,0.32,0.2640114,1
48062,65,IDH2,0.09999999999999999,0.1011528,1
48063,65,SMARCE1,0.46,0.3206702,1
48064,65,CRTC3,0.08,0.0650755,1
48065,65,TSC1,0.3,0.3012452,1
48066,65,BCOR,-0.10999999999999999,0.012645900000000005,1
48067,65,SDHA,0.27,0.19878269999999998,1
48068,65,EP300,2.35,1.9170201000000002,1
48069,65,HNRNPA2B1,0.57,0.40974000000000005,1
48070,65,CLIP1,-0.18,-0.09625700000000001,1
48071,65,PATZ1,-0.47000000000000003,-0.1332891,1
48072,65,FUBP1,-0.18000000000000002,-0.018299799999999995,1
48073,65,HLA-A,-0.03999999999999998,0.03915540000000001,1
48074,65,CCNC,-0.32,-0.1271085,1
48075,65,RPN1,-0.2,-0.0738048,1
48076,65,TCF7L2,0.07000000000000002,0.10951649999999999,1
48077,65,CANT1,0.030000000000000013,0.03817140000000001,1
48078,65,RPL5,-0.8,-0.17367080000000001,1
48079,65,CCDC6,0.04999999999999999,0.0722783,1
48080,65,NCKIPSD,-0.030000000000000002,-0.0040012,1
48081,65,SMARCD1,0.4,0.3460122,1
48082,65,BCL10,0.07999999999999999,0.07868309999999999,1
48083,65,MAX,-0.010000000000000009,0.040564899999999994,1
48084,65,HERPUD1,-0.01,-0.0029027,1
48085,65,RAC1,-0.23,0.03318900000000001,1
48086,65,FLNA,0.15000000000000002,0.1248026,1
48087,65,TFE3,-0.5700000000000001,-0.22820140000000003,1
48088,65,NCOR2,0.6300000000000002,0.5518319,1
48089,65,PRPF40B,0.07,0.049424300000000004,1
48090,65,BCL3,-0.09000000000000004,-0.0087882,1
48091,65,TFPT,-0.32999999999999996,-0.1119153,1
48092,65,MLH1,0.84,0.7356769000000001,1
48093,65,ARHGAP5,0.17,0.1365623,1
48094,65,CIC,0.0,0.0,1
48095,65,LYN,0.8900000000000002,0.6558971,1
48096,65,TCF12,0.31,0.245203,1
48097,65,KLF6,0.06,0.039699000000000005,1
48098,65,KMT2C,0.9800000000000002,0.8151763999999999,1
48099,65,PIM1,-0.08000000000000003,-0.005414200000000008,1
48100,65,CCND1,1.1800000000000006,0.7715933999999999,1
48101,65,MLLT1,-0.9900000000000002,-0.2982344,1
48102,65,MEN1,0.04999999999999999,0.06985849999999998,1
48103,65,CUL3,0.14,0.15386709999999998,1
48104,65,RB1,0.7400000000000002,0.5599387000000001,1
48105,65,LPP,-0.14,-0.04237010000000001,1
48106,65,BUB1B,-0.15,-0.04795889999999999,1
48107,65,SMAD4,1.570000000000001,1.2657328999999997,1
48108,65,FGFR1,0.24,0.21800440000000001,1
48109,65,TMSB4X,0.03,0.0229893,1
48110,65,CDK4,1.0200000000000005,0.6935910000000001,1
48111,65,MSI2,0.01,0.0074066,1
48112,65,MSH6,1.1000000000000005,0.9004513,1
48113,65,BRAF,1.1600000000000006,1.0024151999999997,1
48114,65,TCEA1,-0.009999999999999997,0.0348732,1
48115,65,TNFAIP3,0.16999999999999998,0.1475882,1
48116,65,RABEP1,-0.020000000000000004,-0.013081700000000002,1
48117,65,GMPS,-0.07,-0.03777190000000001,1
48118,65,MDM2,1.2500000000000009,0.9728826,1
48119,65,NSD2,0.21000000000000002,0.1489866,1
48120,65,CASP8,-0.26,0.05588079999999998,1
48121,65,PER1,-0.21999999999999997,-0.07231919999999999,1
48122,65,UBR5,0.00999999999999999,0.0352498,1
48123,65,EIF3E,-0.08000000000000002,0.0422826,1
48124,65,RFWD3,0.020000000000000004,0.025336900000000002,1
48125,65,BRD3,0.14,0.101045,1
48126,65,PAFAH1B2,0.03,0.0264756,1
48127,65,EXT2,0.009999999999999995,0.013197299999999995,1
48128,65,PLCG1,0.5199999999999999,0.4087337000000001,1
48129,65,SF3B1,-0.6200000000000001,-0.2421007,1
48130,65,ARHGEF10L,0.04,0.0238872,1
48131,65,NFATC2,0.26,0.20062149999999998,1
48132,65,SDHD,0.33,0.22695349999999997,1
48133,65,PABPC1,-0.6499999999999999,-0.17691990000000002,1
48134,65,POLD1,-0.14,-0.024012799999999994,1
48135,65,CALR,0.010000000000000004,0.061373199999999975,1
48136,65,PIK3CB,0.7000000000000002,0.5548208999999998,1
48137,65,PPM1D,0.27,0.20362100000000002,1
48138,65,ATRX,0.9300000000000003,0.7957018000000002,1
48139,65,DGCR8,0.18,0.1376408,1
48140,65,DDX10,0.16999999999999998,0.1287161,1
48141,65,DROSHA,0.51,0.3964671,1
48142,65,TNFRSF14,-0.13999999999999999,-0.0482514,1
48143,65,BCL9L,0.10999999999999999,0.07916030000000002,1
48144,65,QKI,0.02,0.015540599999999998,1
48145,65,BAZ1A,0.01,0.007809700000000001,1
48146,65,CHD4,0.35000000000000003,0.3209945999999999,1
48147,65,NSD3,0.07999999999999999,0.0940318,1
48148,65,NT5C2,0.15000000000000002,0.09543250000000002,1
48149,65,CCNB1IP1,0.09,0.0469076,1
48150,65,PCBP1,-0.7899999999999999,-0.2189393,1
48151,65,RALGDS,-0.1,0.0335786,1
48152,65,ARHGEF12,6.938893903907228e-18,0.018445100000000006,1
48153,65,HSP90AB1,0.9199999999999999,0.6805066000000001,1
48154,65,FOXO3,1.4400000000000008,1.0281576,1
48155,65,HIP1,-0.02,-0.0123932,1
48156,65,CDC73,0.15000000000000002,0.14418489999999998,1
48157,65,NIN,-0.010000000000000002,-0.003687599999999999,1
48158,65,MDM4,0.12000000000000002,0.16975450000000003,1
48159,65,COL3A1,0.23,0.1895602,1
48160,65,CTNND1,0.13,0.13812659999999996,1
48161,65,SPOP,0.07,0.0852247,1
48162,65,TMEM127,0.1,0.0611589,1
48163,65,CREB3L2,0.13,0.0878139,1
48164,65,MSH2,1.0500000000000005,0.8728161000000002,1
48165,65,FNBP1,0.009999999999999997,0.0215617,1
48166,65,ATF1,0.1,0.07198610000000001,1
48167,65,EIF1AX,-0.42000000000000004,-0.16492739999999997,1
48168,65,PMS1,0.5900000000000001,0.4678456,1
48169,65,DEK,0.15000000000000002,0.15139,1
48170,65,ERBB2,0.9100000000000003,0.6002674,1
48171,65,AKT1,1.2300000000000006,0.8269389000000003,1
48172,65,CHEK2,0.57,0.5873011999999999,1
48173,65,SDHB,0.4,0.30000269999999996,1
48174,65,NCOA1,0.39999999999999997,0.30762510000000004,1
48175,65,CHIC2,0.07,0.042364700000000005,1
48176,65,RUNX1,0.02999999999999986,0.5145196999999998,1
48177,65,STAT6,0.4,0.3442664,1
48178,65,FH,-0.09000000000000001,-0.022125299999999994,1
48179,65,AKT3,1.1700000000000006,0.8208223999999998,1
48180,65,GNAS,0.35,0.24003009999999997,1
48181,65,CTNNB1,1.540000000000001,1.0755449999999998,1
48182,65,NONO,0.36,0.2910852,1
48183,65,SMARCB1,1.0600000000000005,0.8165750999999999,1
48184,65,PRKAR1A,0.19,0.17586369999999998,1
48185,65,ITGAV,0.020000000000000004,0.0407025,1
48186,65,SS18,0.4,0.2727169,1
48187,65,MAP2K1,0.9500000000000004,0.6476020999999998,1
48188,65,SIRPA,-0.04,-0.0096834,1
48189,65,PPFIBP1,0.42,0.3094641,1
48190,65,RPL22,-0.16999999999999998,0.11979590000000001,1
48191,65,CYLD,0.29000000000000004,0.23164130000000002,1
48192,65,ARID1B,0.8500000000000001,0.6441009,1
48193,65,SETDB1,0.33,0.23582310000000004,1
48194,65,AFDN,-0.27,-0.0939863,1
48195,65,ZRSR2,-0.18,-0.1092823,1
48196,65,PBRM1,0.9200000000000002,0.6652988000000002,1
48197,65,XPC,0.52,0.344132,1
48198,65,ASXL2,0.28,0.20063920000000002,1
48199,65,TRIM24,-0.18,-0.0452247,1
48200,65,SFPQ,-0.32999999999999996,-0.07468979999999999,1
48201,65,NCOA2,0.6000000000000001,0.47506770000000004,1
48202,65,FOXO4,0.29999999999999993,0.20763940000000003,1
48203,65,LEF1,0.28,0.2273409,1
48204,65,B2M,-0.32999999999999996,-0.13582290000000002,1
48205,65,DDIT3,-0.30000000000000004,-0.10777550000000001,1
48206,65,BCL6,0.30000000000000004,0.26283080000000003,1
48207,65,KRAS,-0.47999999999999987,-0.04186670000000002,1
48208,65,FAT1,0.12000000000000001,0.0863766,1
48209,65,ABL2,0.030000000000000002,0.0349241,1
48210,65,NF1,1.2300000000000006,0.9690589,1
48211,65,BTG1,-0.04,-0.0189456,1
48212,65,EIF4A2,0.039999999999999994,0.0215159,1
48213,65,SET,0.18,0.14740530000000002,1
48214,65,EPS15,0.060000000000000005,0.0558636,1
48215,65,RNF213,0.05,0.043025900000000006,1
48216,65,CTCF,0.9900000000000004,0.6877536,1
48217,65,WDCP,0.22,0.13899889999999998,1
48218,65,KAT7,0.13000000000000003,0.11059900000000002,1
48219,65,KDM5C,0.22000000000000003,0.20381680000000002,1
48220,65,TGFBR2,0.14999999999999997,0.169918,1
48221,65,ATM,0.7200000000000005,0.8203219000000002,1
48222,65,NUMA1,0.0,0.011300900000000003,1
48223,65,STAT3,0.7900000000000004,0.8283480999999998,1
48224,65,SUB1,-0.18,-0.0709418,1
48225,65,NUP98,0.13999999999999999,0.16356099999999993,1
48226,65,ELL,0.06999999999999999,0.03790639999999999,1
48227,65,MAP3K1,0.4699999999999999,0.36492540000000007,1
48228,65,MALT1,0.2,0.1773585,1
48229,65,XPO1,0.5600000000000002,0.44131860000000006,1
48230,65,SETD1B,0.22999999999999998,0.1736462,1
48231,65,ETV6,-0.16999999999999998,-0.0400944,1
48232,65,TBL1XR1,0.20000000000000004,0.1366409,1
48233,65,NUP214,-0.13999999999999999,0.13004169999999998,1
48234,65,TPR,0.13,0.09965590000000002,1
48235,65,ATIC,0.13,0.13646329999999998,1
48236,65,NACA,0.22999999999999998,0.1404648,1
48237,65,MYO5A,0.0,0.0005327999999999999,1
48238,65,SMC1A,0.31000000000000005,0.3999999,1
48239,65,LASP1,-0.28,-0.1248521,1
48240,65,ERCC5,0.37000000000000005,0.2336886,1
48241,65,JUN,-0.4999999999999998,-0.016177600000000007,1
48242,65,THRAP3,0.049999999999999996,0.039148100000000005,1
48243,65,STAG2,0.39,0.34374669999999996,1
48244,65,RAF1,0.9300000000000004,0.701261,1
48245,65,ERCC3,0.6,0.5132302999999999,1
48246,65,SMAD2,0.5700000000000002,0.582107,1
48247,65,TAF15,0.21000000000000002,0.1742839,1
48248,65,ARNT,0.24,0.21107990000000004,1
48249,65,CLTC,-0.74,-0.3638545999999999,1
48250,65,IKBKB,0.5100000000000002,0.4294329,1
48251,65,IDH1,-0.2699999999999999,-0.06299529999999999,1
48252,65,SND1,-0.020000000000000004,0.0088765,1
48253,65,KNSTRN,0.02,0.014772400000000002,1
48254,65,RHOA,-2.640000000000001,-0.6610826999999999,1
48255,65,PALB2,0.7600000000000002,0.6210022000000001,1
48256,65,ARID2,0.8200000000000001,0.6282448000000002,1
48257,65,EZR,-0.24,-0.06434129999999999,1
48258,65,TP53,-0.29999999999999993,0.25549169999999993,1
48259,65,ARAF,0.38000000000000006,0.22194460000000005,1
48260,65,KIF5B,0.4700000000000001,0.3547129,1
48261,65,KAT6A,0.31000000000000005,0.2793613,1
48262,65,KTN1,-0.04,-0.0011316000000000034,1
48263,65,GOLGA5,-0.09000000000000001,-0.05303290000000001,1
48264,65,KDM5A,0.23,0.23178220000000002,1
48265,65,RAD21,0.5700000000000001,0.47339459999999994,1
48266,65,GNAQ,0.26000000000000006,0.19046090000000002,1
48267,65,CAMTA1,0.06,0.042795,1
48268,65,ERCC2,0.7100000000000001,0.5627502000000001,1
48269,65,EZH2,1.6300000000000012,1.2562677999999998,1
48270,65,TOP1,0.38000000000000006,0.312601,1
48271,65,SRSF3,-0.3699999999999999,-0.07980049999999997,1
48272,65,NPM1,0.009999999999999992,0.12263719999999999,1
48273,65,BAX,-0.65,-0.17108739999999997,1
48274,65,NOTCH2,0.31,0.25931740000000003,1
48275,65,TRAF7,0.02,0.01432,1
48276,65,KDM6A,0.7300000000000002,0.8464082999999999,1
48277,65,SPEN,0.15000000000000002,0.11723829999999999,1
48278,65,TRIM27,-0.53,-0.16177940000000002,1
48279,65,CRTC1,0.16,0.1221995,1
48280,65,EML4,0.23,0.24045989999999992,1
48281,65,USP9X,-0.09,-0.06572970000000002,1
48282,65,PTPRK,-0.01,-0.0056638,1
48283,65,CD74,-0.16,0.0051591,1
48284,65,CBL,0.5,0.4497273,1
48285,65,ZNF384,0.04,0.0304397,1
48286,65,NOTCH1,1.1700000000000006,0.9008415000000003,1
48287,65,COX6C,-0.15000000000000002,-0.052630800000000005,1
48288,65,CHCHD7,0.02,0.012406,1
48289,65,HMGA1,-0.09,-0.0328583,1
48290,65,PTEN,1.450000000000001,1.2472660000000004,1
48291,65,FIP1L1,-0.04,-0.0205778,1
48292,65,JAK1,0.7800000000000002,0.6575264,1
48293,65,ZMYM2,0.0,0.002303399999999999,1
48294,65,SUZ12,0.8900000000000001,0.6702625999999999,1
48295,65,FUS,-0.29999999999999993,0.06560300000000001,1
48296,65,BAP1,-0.31,-0.1231157,1
48297,65,ZCCHC8,-0.1,-0.025934000000000002,1
48298,65,CRNKL1,0.0,0.0007865999999999984,1
48299,65,RAD17,0.16,0.1122129,1
48300,65,ATP1A1,0.01,0.0047504999999999995,1
48301,65,DNMT3A,0.9700000000000004,0.8067245000000001,1
48302,65,FBXW7,0.8,0.7244170000000002,1
48303,65,WWTR1,-0.16,-0.07188969999999999,1
48304,65,CDKN1B,0.3600000000000001,0.2821745000000001,1
48305,65,KMT2A,0.31,0.35569280000000003,1
48306,65,PTPN11,1.0400000000000003,0.8296309000000001,1
48307,65,STAT5B,0.6900000000000001,0.5683506000000002,1
48308,65,CUX1,-0.11,-0.0682345,1
48309,65,ABI1,-0.32,-0.09418270000000001,1
48310,65,BRCA1,1.9800000000000013,1.5673026,1
48311,65,SH2B3,0.11,0.06781369999999999,1
48312,65,AFF4,0.04000000000000002,0.053724200000000014,1
48313,65,NF2,0.21999999999999997,0.1882776,1
48314,65,LMNA,0.07,0.04782509999999999,1
48315,65,TSC2,0.8400000000000003,0.6688882,1
48316,65,GOLPH3,-0.06,-0.038836800000000005,1
48317,65,PCM1,-0.04,-0.029809299999999997,1
48318,65,PPP2R1A,-0.47,-0.11624460000000002,1
48319,65,ARID1A,1.660000000000001,1.3151786,1
48320,65,ABL1,-0.3499999999999999,0.017697900000000003,1
48321,65,AFF1,0.14999999999999997,0.15214120000000003,1
48322,65,DAXX,-0.48000000000000004,-0.11468020000000002,1
48323,65,CBFB,0.12000000000000001,0.1272899,1
48324,65,CBLB,0.16000000000000003,0.1356848,1
48325,65,POLR2A,-0.17,0.125168,1
48326,65,PRKACA,0.21000000000000005,0.25642709999999996,1
48327,65,DNM2,-0.1,-0.047526,1
48328,65,RAP1GDS1,-0.010000000000000009,0.02095309999999999,1
48329,65,NCOR1,0.8600000000000003,0.8249449999999998,1
48330,65,NFKBIE,-0.2,-0.0682571,1
48331,65,DDX3X,0.25,0.23773029999999998,1
48332,65,ELK4,0.02,0.0157816,1
48333,65,MLLT6,0.11000000000000001,0.0773091,1
48334,65,SRSF2,-2.8200000000000003,-0.6725278,1
48335,65,CTNNA1,0.13,0.09841289999999998,1
48336,65,RBM10,0.14,0.10722120000000002,1
48337,65,PTPRC,-0.009999999999999988,0.087328,1
48338,65,HSP90AA1,1.1000000000000005,0.774461,1
48339,65,NSD1,0.27,0.2229736,0
48340,65,DICER1,0.29,0.26440139999999995,0
48341,65,BIRC6,0.06999999999999999,0.059877599999999996,0
48342,65,SDHC,0.32000000000000006,0.2091599,0
48343,65,TFG,0.34,0.2011176,0
48344,65,MAP2K2,0.24,0.1827222,0
48345,65,TFRC,-0.26999999999999996,-0.13187710000000002,0
48346,65,CREB1,0.9300000000000004,0.7235393,0
48347,65,POLG,0.01,0.0034632,0
48348,65,SETD2,0.6900000000000002,0.5864617,0
48349,65,NAB2,-0.35000000000000003,-0.1139311,0
48350,65,HIF1A,1.620000000000001,1.1744875,0
48351,65,FLCN,0.030000000000000002,0.0287245,0
48352,65,MAP2K4,-0.030000000000000013,0.061208799999999994,0
48353,65,CNOT3,-0.010000000000000002,0.0070688000000000036,0
48354,65,CIITA,0.09000000000000001,0.0570827,0
48355,65,LSM14A,0.1,0.0840338,0
48356,65,AKAP9,-0.09999999999999999,-0.0332868,0
48357,65,MSN,-0.35,-0.0904441,0
48358,65,BCR,0.05999999999999999,0.0554455,0
48359,65,TRRAP,-0.009999999999999988,0.1486323,0
48360,65,PPP6C,-0.17,-0.0851777,0
48361,65,NCOA4,-0.15,-0.08187820000000001,0
48362,65,BCL9,0.15000000000000002,0.12456629999999999,0
48363,65,PRCC,0.039999999999999994,0.030483300000000005,0
48364,65,LARP4B,0.01,0.005892500000000001,0
48365,65,CHD2,0.01,0.0079188,0
48366,65,ASXL1,0.49,0.45123890000000005,0
48367,65,SMARCA4,1.3000000000000007,0.9859165999999999,0
48368,65,ERC1,-0.02,-0.015626,0
48369,65,DCTN1,-0.29000000000000004,-0.1429125,0
48370,65,PIK3R1,1.3300000000000007,0.9754914,0
48371,65,EED,0.009999999999999978,0.0452794,0
48372,65,CNBP,0.0,0.0,0
48373,65,SGK1,0.36999999999999994,0.22520669999999998,0
48374,65,MLLT10,-0.12,-0.0468152,0
48375,65,BRD4,0.8900000000000003,0.6924494,0
48376,65,RANBP2,0.18000000000000002,0.19895290000000002,0
48377,65,FBXO11,0.05,0.0404035,0
48378,65,PML,0.4,0.2798801,0
48379,65,AKT2,0.9900000000000003,0.6879689000000001,0
48380,65,CEP89,0.08,0.0510588,0
48381,65,LZTR1,0.09,0.0829862,0
48382,65,YWHAE,0.26,0.1635071,0
48383,65,DNAJB1,-0.060000000000000005,-0.017546800000000005,0
48384,65,PRDM2,0.03,0.0224983,0
48385,65,TPM4,0.45000000000000007,0.2881713,0
48386,65,CREBBP,1.8500000000000012,1.4719551000000002,0
48387,65,PMS2,0.54,0.49980490000000005,0
48388,65,DDR2,0.04,0.025477800000000005,0
48389,65,FANCA,0.37,0.2985261,0
48390,65,PDE4DIP,0.060000000000000005,0.0415677,0
48391,65,USP8,-0.08,-0.0353317,0
48392,65,MYH9,-0.18000000000000002,-0.022683099999999994,0
48393,65,MYC,-1.3000000000000005,-0.5223369,0
48394,65,NBN,0.53,0.4019694,0
48395,65,CCND3,-0.08,-0.0029994999999999987,0
48396,65,TRIP11,-0.13,-0.0905364,0
48397,65,CNTRL,-0.06,-0.0393295,0
48398,65,PIK3CA,1.440000000000001,1.0887232,0
48399,65,DDX5,0.4,0.32871439999999985,0
48400,65,PICALM,3.469446951953614e-18,0.0035554000000000037,0
48401,65,RARA,0.5900000000000002,0.39729319999999985,0
48402,65,DDX6,-0.1,0.048819100000000004,0
48403,65,COL1A1,0.06999999999999999,0.0898088,0
48404,65,VHL,0.18,0.13212200000000004,0
48405,65,MAPK1,1.4800000000000009,0.9773794999999995,0
48406,65,SRC,-0.33999999999999997,0.04190529999999994,0
48407,65,NFE2L2,0.26,0.1953317,0
48408,65,MITF,-0.22000000000000003,-0.042837299999999995,0
48409,65,SMAD3,1.2100000000000009,0.9268373000000001,0
48410,65,RBM15,0.05,0.0439926,0
48411,65,ATR,0.6700000000000002,0.5476303,0
48412,65,EPAS1,0.4000000000000001,0.34066549999999995,0
48413,65,TPM3,0.20999999999999996,0.13914200000000004,0
48414,65,RPL10,0.11,0.09559690000000001,0
48415,65,STAG1,0.17,0.1595938,0
48416,65,SBDS,-0.03,-0.011774699999999999,0
48417,65,KMT2D,0.9300000000000004,0.6945571999999999,0
48418,65,MED12,0.27,0.217519,0
48419,65,BCLAF1,-0.020000000000000004,0.041242100000000004,0
48420,65,ASPSCR1,-0.04000000000000001,-0.010970499999999996,0
48421,65,CDK12,0.36,0.27134730000000007,0
48422,65,EWSR1,0.3999999999999999,0.32803789999999994,0
48423,65,NDRG1,-0.08,-0.0318523,0
48424,65,PSIP1,-0.15,-0.0787562,0
48425,65,TRIM33,0.03,0.0313156,0
48426,65,MTOR,1.1700000000000004,0.8595674000000002,0
48427,65,ARHGAP35,0.08,0.11599680000000001,0
48428,65,POT1,-0.05,-0.008315199999999998,0
48429,65,EXT1,0.1,0.064082,0
48430,65,IL6ST,0.3,0.2358693,0
48431,65,IDH2,0.039999999999999994,0.05332719999999998,0
48432,65,SMARCE1,0.49000000000000005,0.316071,0
48433,65,CRTC3,0.08,0.0651185,0
48434,65,TSC1,0.32,0.2900803,0
48435,65,BCOR,-0.19999999999999998,-0.029830999999999993,0
48436,65,SDHA,0.2,0.1128677,0
48437,65,EP300,1.7700000000000011,1.4220878,0
48438,65,HNRNPA2B1,0.2,0.1826931,0
48439,65,CLIP1,-0.09999999999999999,-0.054660099999999996,0
48440,65,PATZ1,-0.39999999999999997,-0.1204423,0
48441,65,FUBP1,-0.16,-0.013422999999999992,0
48442,65,HLA-A,-0.18,-0.010884700000000018,0
48443,65,CCNC,-0.09000000000000002,-0.0379001,0
48444,65,RPN1,-0.29999999999999993,-0.07756850000000001,0
48445,65,TCF7L2,0.029999999999999968,0.08579720000000002,0
48446,65,CANT1,0.08,0.04386190000000001,0
48447,65,RPL5,-0.6799999999999999,-0.2033748,0
48448,65,CCDC6,0.020000000000000004,0.0589635,0
48449,65,NCKIPSD,0.01,0.005580899999999999,0
48450,65,SMARCD1,0.44,0.30346989999999996,0
48451,65,BCL10,-0.030000000000000006,0.022702099999999996,0
48452,65,MAX,-0.030000000000000006,-0.0049246,0
48453,65,HERPUD1,0.01,0.0037528,0
48454,65,RAC1,0.12,0.13406479999999998,0
48455,65,FLNA,0.10999999999999999,0.09684800000000002,0
48456,65,TFE3,-0.43000000000000005,-0.19193649999999998,0
48457,65,NCOR2,0.7000000000000002,0.5146804,0
48458,65,PRPF40B,-3.469446951953614e-18,0.0025290000000000017,0
48459,65,BCL3,-0.03999999999999999,-0.0016211000000000012,0
48460,65,TFPT,-0.31000000000000005,-0.09466020000000001,0
48461,65,MLH1,0.81,0.6903461999999999,0
48462,65,ARHGAP5,0.06999999999999999,0.08815039999999999,0
48463,65,CIC,0.0,0.0,0
48464,65,LYN,0.8700000000000003,0.6207794,0
48465,65,TCF12,0.27,0.2104211,0
48466,65,KLF6,0.03,0.0166452,0
48467,65,KMT2C,1.0200000000000002,0.8198939,0
48468,65,PIM1,-0.22,-0.0838068,0
48469,65,CCND1,1.5000000000000009,0.9325516999999997,0
48470,65,MLLT1,-1.0300000000000002,-0.3093064,0
48471,65,MEN1,-0.12000000000000002,-0.035993399999999995,0
48472,65,CUL3,0.14,0.1506776,0
48473,65,RB1,0.6699999999999999,0.5085934,0
48474,65,LPP,-0.09000000000000001,-0.020129800000000003,0
48475,65,BUB1B,-0.16000000000000003,-0.0848312,0
48476,65,SMAD4,1.4300000000000008,1.0721277999999999,0
48477,65,FGFR1,0.24000000000000005,0.151978,0
48478,65,TMSB4X,0.04,0.0323168,0
48479,65,CDK4,0.55,0.37545400000000007,0
48480,65,MSI2,0.01,0.0075497,0
48481,65,MSH6,0.8700000000000003,0.6788744999999999,0
48482,65,BRAF,1.0000000000000004,0.8686943000000001,0
48483,65,TCEA1,-0.05,0.0028997999999999975,0
48484,65,TNFAIP3,0.11000000000000001,0.10994440000000001,0
48485,65,RABEP1,0.0,-0.0017066999999999985,0
48486,65,GMPS,-0.06,-0.0371012,0
48487,65,MDM2,1.2600000000000007,0.8944455000000002,0
48488,65,NSD2,0.16,0.1090114,0
48489,65,CASP8,-1.5612511283791264e-17,0.1885642,0
48490,65,PER1,-0.22999999999999998,-0.05071930000000001,0
48491,65,UBR5,-0.04999999999999999,-0.011101000000000003,0
48492,65,EIF3E,-0.06000000000000001,0.036209100000000015,0
48493,65,RFWD3,0.030000000000000002,0.030537,0
48494,65,BRD3,0.13,0.10559279999999999,0
48495,65,PAFAH1B2,0.02,0.016194,0
48496,65,EXT2,0.0,0.0019399999999999973,0
48497,65,PLCG1,0.5299999999999999,0.3876771,0
48498,65,SF3B1,-0.34,-0.1561065,0
48499,65,ARHGEF10L,0.02,0.0097552,0
48500,65,NFATC2,0.19000000000000003,0.13544720000000002,0
48501,65,SDHD,0.27,0.15548150000000002,0
48502,65,PABPC1,-0.95,-0.23462219999999995,0
48503,65,POLD1,-0.46,-0.10436340000000001,0
48504,65,CALR,0.06,0.049498799999999996,0
48505,65,PIK3CB,0.46,0.4181943,0
48506,65,PPM1D,0.17,0.13317609999999996,0
48507,65,ATRX,0.9100000000000005,0.7602378,0
48508,65,DGCR8,0.15,0.09720210000000001,0
48509,65,DDX10,0.1,0.0676252,0
48510,65,DROSHA,0.4,0.2976063,0
48511,65,TNFRSF14,-0.11,-0.0426976,0
48512,65,BCL9L,0.14,0.1050234,0
48513,65,QKI,-0.04,-0.025622999999999996,0
48514,65,BAZ1A,0.01,0.0071814999999999995,0
48515,65,CHD4,0.13,0.13931190000000004,0
48516,65,NSD3,0.06000000000000001,0.05556609999999999,0
48517,65,NT5C2,0.17,0.09306560000000001,0
48518,65,CCNB1IP1,0.09,0.0388176,0
48519,65,PCBP1,-0.8899999999999999,-0.2688852,0
48520,65,RALGDS,0.18,0.1195611,0
48521,65,ARHGEF12,-0.04,-0.005196599999999997,0
48522,65,HSP90AB1,1.1700000000000004,0.7766416000000002,0
48523,65,FOXO3,1.3300000000000005,0.9359279,0
48524,65,HIP1,-0.02,-0.012703,0
48525,65,CDC73,-0.09000000000000002,-0.00036580000000000553,0
48526,65,NIN,0.04,0.0295585,0
48527,65,MDM4,0.15,0.1706578,0
48528,65,COL3A1,0.13999999999999999,0.12772689999999998,0
48529,65,CTNND1,0.07999999999999999,0.11590890000000001,0
48530,65,SPOP,-0.020000000000000004,0.018321399999999998,0
48531,65,TMEM127,0.06000000000000001,0.05313700000000001,0
48532,65,CREB3L2,0.06999999999999998,0.04582800000000001,0
48533,65,MSH2,0.8900000000000003,0.6687147000000001,0
48534,65,FNBP1,-0.030000000000000002,-0.008485300000000001,0
48535,65,ATF1,0.04000000000000001,0.025944700000000008,0
48536,65,EIF1AX,-0.5,-0.2275335,0
48537,65,PMS1,0.39,0.30413330000000005,0
48538,65,DEK,0.12000000000000001,0.1030894,0
48539,65,ERBB2,0.9900000000000004,0.6809543,0
48540,65,AKT1,0.9900000000000004,0.6327650000000001,0
48541,65,CHEK2,0.16000000000000003,0.2685585999999999,0
48542,65,SDHB,0.38,0.2393368,0
48543,65,NCOA1,0.41,0.2973053,0
48544,65,CHIC2,0.049999999999999996,0.025435200000000005,0
48545,65,RUNX1,0.5400000000000005,0.6077691000000001,0
48546,65,STAT6,0.22,0.15403080000000002,0
48547,65,FH,-0.23000000000000004,-0.0927811,0
48548,65,AKT3,1.0300000000000005,0.7406218000000001,0
48549,65,GNAS,0.19999999999999998,0.1353057,0
48550,65,CTNNB1,1.2600000000000007,0.8948520999999997,0
48551,65,NONO,0.09,0.0694371,0
48552,65,SMARCB1,0.8800000000000003,0.652782,0
48553,65,PRKAR1A,0.12000000000000001,0.1034387,0
48554,65,ITGAV,3.469446951953614e-18,0.021285700000000005,0
48555,65,SS18,0.4,0.2691081,0
48556,65,MAP2K1,1.0400000000000005,0.6487228999999999,0
48557,65,SIRPA,0.009999999999999997,0.008600599999999996,0
48558,65,PPFIBP1,0.37,0.24576490000000004,0
48559,65,RPL22,-0.12999999999999995,0.0658693,0
48560,65,CYLD,0.31,0.2468936,0
48561,65,ARID1B,0.6699999999999999,0.4964621,0
48562,65,SETDB1,0.31,0.2261746,0
48563,65,AFDN,-0.45000000000000007,-0.16544810000000001,0
48564,65,ZRSR2,0.24,0.1778705,0
48565,65,PBRM1,0.9400000000000004,0.700299,0
48566,65,XPC,0.6100000000000001,0.4056660000000001,0
48567,65,ASXL2,0.21000000000000002,0.1408547,0
48568,65,TRIM24,-0.19,-0.0671115,0
48569,65,SFPQ,-0.15000000000000002,-0.0182571,0
48570,65,NCOA2,0.54,0.3880029,0
48571,65,FOXO4,0.4800000000000001,0.3066934,0
48572,65,LEF1,0.13999999999999999,0.11942619999999998,0
48573,65,B2M,-0.5000000000000001,-0.20027730000000002,0
48574,65,DDIT3,-0.4,-0.1047587,0
48575,65,BCL6,0.5,0.3483336,0
48576,65,KRAS,-1.4200000000000006,-0.40634040000000005,0
48577,65,FAT1,0.04000000000000001,0.0443916,0
48578,65,ABL2,0.1,0.0745575,0
48579,65,NF1,0.8400000000000004,0.6938888,0
48580,65,BTG1,-0.03,-0.0149535,0
48581,65,EIF4A2,0.12,0.08466800000000001,0
48582,65,SET,0.17,0.1416983,0
48583,65,EPS15,0.019999999999999997,0.025844,0
48584,65,RNF213,0.04,0.0314852,0
48585,65,CTCF,0.9800000000000004,0.7168231,0
48586,65,WDCP,0.07999999999999999,0.05740800000000001,0
48587,65,KAT7,0.09999999999999999,0.08236369999999998,0
48588,65,KDM5C,0.13,0.12664140000000002,0
48589,65,TGFBR2,0.26999999999999996,0.1935901,0
48590,65,ATM,1.3300000000000007,1.0950400000000002,0
48591,65,NUMA1,-0.010000000000000004,0.001695099999999998,0
48592,65,STAT3,1.670000000000001,1.2626964,0
48593,65,SUB1,-0.2,-0.08004829999999999,0
48594,65,NUP98,0.08999999999999997,0.10404290000000001,0
48595,65,ELL,-0.039999999999999994,-0.004750000000000001,0
48596,65,MAP3K1,0.30999999999999994,0.26940650000000005,0
48597,65,MALT1,0.14,0.1427552,0
48598,65,XPO1,0.30000000000000004,0.25492539999999997,0
48599,65,SETD1B,0.18000000000000002,0.1318295,0
48600,65,ETV6,-0.16999999999999998,-0.051308299999999994,0
48601,65,TBL1XR1,0.21000000000000005,0.1483619,0
48602,65,NUP214,-1.9081958235744878e-17,0.10307190000000002,0
48603,65,TPR,0.07,0.08893520000000002,0
48604,65,ATIC,-0.010000000000000007,0.027481000000000002,0
48605,65,NACA,0.22000000000000003,0.1497525,0
48606,65,MYO5A,0.009999999999999998,0.0097652,0
48607,65,SMC1A,0.5500000000000002,0.4630648,0
48608,65,LASP1,-0.23,-0.12644770000000002,0
48609,65,ERCC5,0.45,0.2995665,0
48610,65,JUN,-0.25999999999999995,0.05161829999999999,0
48611,65,THRAP3,0.12000000000000001,0.0994119,0
48612,65,STAG2,0.43999999999999995,0.3672611,0
48613,65,RAF1,1.0500000000000003,0.7473167,0
48614,65,ERCC3,0.47000000000000003,0.3916041,0
48615,65,SMAD2,0.48000000000000015,0.47400929999999986,0
48616,65,TAF15,0.18000000000000002,0.1458788,0
48617,65,ARNT,0.28,0.24769759999999996,0
48618,65,CLTC,-0.6500000000000001,-0.35502979999999995,0
48619,65,IKBKB,0.5000000000000001,0.4252968,0
48620,65,IDH1,-0.77,-0.23306139999999995,0
48621,65,SND1,-0.019999999999999997,-0.0093432,0
48622,65,KNSTRN,0.03,0.0248601,0
48623,65,RHOA,-1.77,-0.4782638000000001,0
48624,65,PALB2,0.47,0.43617040000000007,0
48625,65,ARID2,0.7300000000000002,0.5546523000000001,0
48626,65,EZR,-0.08,-0.008225400000000015,0
48627,65,TP53,-0.9599999999999999,-0.17360060000000005,0
48628,65,ARAF,0.4099999999999999,0.22909590000000002,0
48629,65,KIF5B,0.42,0.300014,0
48630,65,KAT6A,0.19999999999999996,0.19002420000000003,0
48631,65,KTN1,-0.13,-0.034187,0
48632,65,GOLGA5,-0.13,-0.0900067,0
48633,65,KDM5A,0.21,0.1932045,0
48634,65,RAD21,0.43000000000000005,0.33578450000000004,0
48635,65,GNAQ,0.09,0.0762717,0
48636,65,CAMTA1,0.01,0.005760100000000001,0
48637,65,ERCC2,0.5700000000000001,0.4021654,0
48638,65,EZH2,1.8100000000000012,1.172312,0
48639,65,TOP1,0.13,0.10451479999999998,0
48640,65,SRSF3,-0.28,-0.08765080000000001,0
48641,65,NPM1,-0.02999999999999996,0.11135940000000003,0
48642,65,BAX,-0.54,-0.1624093,0
48643,65,NOTCH2,0.27,0.2111396,0
48644,65,TRAF7,0.03,0.0219099,0
48645,65,KDM6A,0.9400000000000003,0.7874791000000002,0
48646,65,SPEN,0.09999999999999999,0.0759578,0
48647,65,TRIM27,-0.53,-0.1756565,0
48648,65,CRTC1,0.16,0.12646190000000002,0
48649,65,EML4,0.29000000000000004,0.22951159999999998,0
48650,65,USP9X,-0.06,-0.03744990000000001,0
48651,65,PTPRK,0.01,0.0072358000000000006,0
48652,65,CD74,-0.18,-0.0246011,0
48653,65,CBL,0.57,0.42228230000000005,0
48654,65,ZNF384,-0.08,-0.0416176,0
48655,65,NOTCH1,1.0000000000000004,0.7136868999999999,0
48656,65,COX6C,-0.17,-0.0641466,0
48657,65,CHCHD7,0.03,0.020273999999999997,0
48658,65,HMGA1,-0.09,-0.045275800000000005,0
48659,65,PTEN,1.3000000000000007,1.1312823,0
48660,65,FIP1L1,-0.030000000000000013,-0.019294599999999995,0
48661,65,JAK1,0.7900000000000003,0.6292148,0
48662,65,ZMYM2,-0.08000000000000002,-0.054907,0
48663,65,SUZ12,0.79,0.5731331,0
48664,65,FUS,-0.08000000000000002,0.12913130000000003,0
48665,65,BAP1,0.030000000000000006,0.052657699999999995,0
48666,65,ZCCHC8,-0.05,-0.0164935,0
48667,65,CRNKL1,-0.019999999999999997,-0.012982299999999999,0
48668,65,RAD17,0.14,0.09965940000000002,0
48669,65,ATP1A1,0.009999999999999998,0.0064878,0
48670,65,DNMT3A,0.8500000000000004,0.6553117999999999,0
48671,65,FBXW7,1.0800000000000005,0.8276359999999998,0
48672,65,WWTR1,-0.11,-0.0548012,0
48673,65,CDKN1B,0.6100000000000002,0.39257670000000006,0
48674,65,KMT2A,0.4400000000000001,0.38479009999999997,0
48675,65,PTPN11,0.9300000000000004,0.7101527,0
48676,65,STAT5B,0.7200000000000002,0.5347465000000001,0
48677,65,CUX1,-0.09999999999999999,-0.0683404,0
48678,65,ABI1,-0.31000000000000005,-0.12048600000000001,0
48679,65,BRCA1,1.6600000000000013,1.3289442,0
48680,65,SH2B3,0.03,0.021881499999999998,0
48681,65,AFF4,0.07,0.058361600000000007,0
48682,65,NF2,0.019999999999999993,0.07139780000000001,0
48683,65,LMNA,0.030000000000000013,0.03694510000000001,0
48684,65,TSC2,0.56,0.46532210000000007,0
48685,65,GOLPH3,-0.09999999999999999,-0.06362359999999999,0
48686,65,PCM1,-0.060000000000000005,-0.041160800000000004,0
48687,65,PPP2R1A,-0.45,-0.16186079999999997,0
48688,65,ARID1A,1.7800000000000011,1.3099652,0
48689,65,ABL1,0.19000000000000003,0.1839052,0
48690,65,AFF1,0.16000000000000003,0.1396058,0
48691,65,DAXX,-0.26,-0.05984800000000001,0
48692,65,CBFB,0.10999999999999999,0.09942110000000001,0
48693,65,CBLB,0.15000000000000002,0.1175114,0
48694,65,POLR2A,0.14000000000000004,0.25321569999999993,0
48695,65,PRKACA,0.27999999999999997,0.22298180000000006,0
48696,65,DNM2,-0.1,-0.0489603,0
48697,65,RAP1GDS1,-0.09000000000000001,-0.0321046,0
48698,65,NCOR1,0.8700000000000002,0.7536450000000001,0
48699,65,NFKBIE,-0.31,-0.1090709,0
48700,65,DDX3X,0.11,0.11022540000000002,0
48701,65,ELK4,0.02,0.0152694,0
48702,65,MLLT6,0.11000000000000001,0.0933198,0
48703,65,SRSF2,-1.5000000000000002,-0.4378142,0
48704,65,CTNNA1,0.11,0.08202449999999999,0
48705,65,RBM10,0.21000000000000002,0.1463306,0
48706,65,PTPRC,0.14,0.12905310000000003,0
48707,65,HSP90AA1,1.0900000000000005,0.7432669,0
48708,66,NSD1,0.34,0.3001827,1
48709,66,DICER1,0.32999999999999996,0.3342319,1
48710,66,BIRC6,0.11,0.10476599999999998,1
48711,66,SDHC,0.37000000000000005,0.2958656,1
48712,66,TFG,0.18,0.11698239999999999,1
48713,66,MAP2K2,0.31,0.22799980000000003,1
48714,66,TFRC,-0.28,-0.11390630000000002,1
48715,66,CREB1,0.8300000000000004,0.7536913000000001,1
48716,66,POLG,0.0,0.0,1
48717,66,SETD2,0.6500000000000004,0.6092404,1
48718,66,NAB2,-0.62,-0.161562,1
48719,66,HIF1A,1.710000000000001,1.3321297000000003,1
48720,66,FLCN,-0.09,0.020841699999999998,1
48721,66,MAP2K4,0.1,0.1496685,1
48722,66,CNOT3,0.04,0.0476281,1
48723,66,CIITA,0.1,0.06463039999999999,1
48724,66,LSM14A,0.16,0.130886,1
48725,66,AKAP9,-0.05,0.011497800000000002,1
48726,66,MSN,-0.13999999999999999,-0.0499716,1
48727,66,BCR,-0.10999999999999997,0.01894379999999999,1
48728,66,TRRAP,-0.08999999999999997,0.17487850000000005,1
48729,66,PPP6C,-0.14,-0.06297470000000001,1
48730,66,NCOA4,-0.10999999999999999,-0.03954969999999999,1
48731,66,BCL9,0.21000000000000002,0.1827438,1
48732,66,PRCC,0.15000000000000002,0.1094042,1
48733,66,LARP4B,0.03,0.0226464,1
48734,66,CHD2,0.02,0.0181914,1
48735,66,ASXL1,0.28,0.3345505000000001,1
48736,66,SMARCA4,1.9800000000000013,1.5647750999999999,1
48737,66,ERC1,-0.019999999999999997,-0.0153917,1
48738,66,DCTN1,0.029999999999999985,0.06017629999999996,1
48739,66,PIK3R1,1.1900000000000006,1.0090285,1
48740,66,EED,0.09000000000000001,0.0862711,1
48741,66,CNBP,0.02,0.0121384,1
48742,66,SGK1,0.48,0.33479820000000005,1
48743,66,MLLT10,-0.27999999999999997,-0.17093939999999996,1
48744,66,BRD4,0.9000000000000004,0.8326515999999999,1
48745,66,RANBP2,0.31999999999999995,0.30298309999999995,1
48746,66,FBXO11,0.060000000000000005,0.0548579,1
48747,66,PML,0.4,0.2973329,1
48748,66,AKT2,1.1300000000000006,0.8468325000000001,1
48749,66,CEP89,0.06,0.038669600000000005,1
48750,66,LZTR1,0.1,0.11413780000000001,1
48751,66,YWHAE,0.23000000000000004,0.14510540000000002,1
48752,66,DNAJB1,-0.06,-0.018191600000000002,1
48753,66,PRDM2,0.06,0.0498258,1
48754,66,TPM4,0.51,0.3707167,1
48755,66,CREBBP,1.980000000000001,1.676022,1
48756,66,PMS2,0.7400000000000002,0.6569317,1
48757,66,DDR2,-0.009999999999999998,-0.004787899999999998,1
48758,66,FANCA,0.39,0.33062030000000003,1
48759,66,PDE4DIP,0.08,0.06475059999999999,1
48760,66,USP8,-0.049999999999999996,-0.0241494,1
48761,66,MYH9,-0.39,-0.08807589999999998,1
48762,66,MYC,-1.3400000000000005,-0.3321798999999999,1
48763,66,NBN,0.6200000000000001,0.5199174999999999,1
48764,66,CCND3,-0.11000000000000001,-0.0205474,1
48765,66,TRIP11,-0.09,-0.0693467,1
48766,66,CNTRL,-0.08,-0.0620019,1
48767,66,PIK3CA,1.3300000000000007,1.1540916999999995,1
48768,66,DDX5,0.15999999999999986,0.24848349999999994,1
48769,66,PICALM,0.009999999999999995,0.015846200000000005,1
48770,66,RARA,-0.18000000000000002,0.019005399999999995,1
48771,66,DDX6,0.03000000000000001,0.12372810000000001,1
48772,66,COL1A1,0.21,0.18137019999999998,1
48773,66,VHL,0.25,0.1821656,1
48774,66,MAPK1,1.810000000000001,1.3538993999999998,1
48775,66,SRC,0.5800000000000003,0.43583210000000006,1
48776,66,NFE2L2,0.37,0.2844606,1
48777,66,MITF,-0.10999999999999999,0.00018489999999999132,1
48778,66,SMAD3,1.3300000000000007,1.2247609,1
48779,66,RBM15,0.11,0.0868824,1
48780,66,ATR,0.7600000000000003,0.6597755000000001,1
48781,66,EPAS1,0.46,0.42297199999999996,1
48782,66,TPM3,0.21999999999999997,0.18539250000000002,1
48783,66,RPL10,0.08000000000000002,0.11798919999999999,1
48784,66,STAG1,0.15000000000000002,0.1623838,1
48785,66,SBDS,-0.04,-0.014489799999999999,1
48786,66,KMT2D,1.0000000000000004,0.8434173999999999,1
48787,66,MED12,0.35000000000000003,0.30102940000000006,1
48788,66,BCLAF1,-0.049999999999999996,0.03345290000000001,1
48789,66,ASPSCR1,-0.030000000000000006,-0.008206100000000004,1
48790,66,CDK12,0.53,0.43610219999999994,1
48791,66,EWSR1,0.2799999999999999,0.33293639999999997,1
48792,66,NDRG1,-0.060000000000000005,-0.019376099999999997,1
48793,66,PSIP1,0.15000000000000002,0.12889459999999997,1
48794,66,TRIM33,0.11000000000000001,0.09709240000000001,1
48795,66,MTOR,0.9200000000000002,0.8237068999999999,1
48796,66,ARHGAP35,0.16000000000000003,0.14893230000000002,1
48797,66,POT1,0.02,0.0173138,1
48798,66,EXT1,0.1,0.076647,1
48799,66,IL6ST,0.33,0.2812921,1
48800,66,IDH2,-0.17,-0.03784099999999999,1
48801,66,SMARCE1,0.46,0.32365560000000004,1
48802,66,CRTC3,0.09,0.0742182,1
48803,66,TSC1,0.36,0.335717,1
48804,66,BCOR,-0.12,0.009156499999999995,1
48805,66,SDHA,0.24000000000000002,0.18550409999999998,1
48806,66,EP300,2.4000000000000004,2.0521672999999994,1
48807,66,HNRNPA2B1,0.56,0.4082767,1
48808,66,CLIP1,-0.09000000000000001,-0.0532055,1
48809,66,PATZ1,-0.64,-0.1514127,1
48810,66,FUBP1,-0.22000000000000003,-0.0445006,1
48811,66,HLA-A,-0.11000000000000001,0.0031557999999999864,1
48812,66,CCNC,-0.27,-0.1095944,1
48813,66,RPN1,-0.16,-0.0708982,1
48814,66,TCF7L2,0.029999999999999995,0.10045139999999998,1
48815,66,CANT1,-0.07,0.011827000000000004,1
48816,66,RPL5,-0.6799999999999999,-0.19985749999999997,1
48817,66,CCDC6,0.1,0.1013631,1
48818,66,NCKIPSD,-0.07,-0.0207774,1
48819,66,SMARCD1,0.43,0.38935499999999995,1
48820,66,BCL10,0.030000000000000006,0.0678642,1
48821,66,MAX,0.07999999999999999,0.1004774,1
48822,66,HERPUD1,0.0,0.0,1
48823,66,RAC1,-0.03000000000000003,0.10411480000000001,1
48824,66,FLNA,0.11,0.09775990000000004,1
48825,66,TFE3,-0.7400000000000001,-0.2754008,1
48826,66,NCOR2,0.6600000000000001,0.5683629,1
48827,66,PRPF40B,-0.019999999999999997,0.008448300000000002,1
48828,66,BCL3,-0.17999999999999997,-0.04776839999999999,1
48829,66,TFPT,-0.47,-0.1252257,1
48830,66,MLH1,0.78,0.7251817999999999,1
48831,66,ARHGAP5,0.12000000000000001,0.114154,1
48832,66,CIC,0.01,0.0075748000000000005,1
48833,66,LYN,0.7500000000000001,0.5689495,1
48834,66,TCF12,0.33,0.2719654,1
48835,66,KLF6,0.06,0.0395285,1
48836,66,KMT2C,1.0000000000000002,0.8673343,1
48837,66,PIM1,-0.04000000000000002,0.018188000000000003,1
48838,66,CCND1,1.1400000000000006,0.7555289999999999,1
48839,66,MLLT1,-1.6,-0.4201363999999999,1
48840,66,MEN1,-0.12,-0.019812699999999996,1
48841,66,CUL3,0.10000000000000002,0.1419079,1
48842,66,RB1,0.7000000000000002,0.585915,1
48843,66,LPP,-0.13,-0.030360799999999997,1
48844,66,BUB1B,-0.23,-0.0765236,1
48845,66,SMAD4,1.720000000000001,1.4128142000000001,1
48846,66,FGFR1,0.27,0.2489881,1
48847,66,TMSB4X,0.04,0.032286,1
48848,66,CDK4,0.9600000000000004,0.6657653999999998,1
48849,66,MSI2,0.01,0.0078843,1
48850,66,MSH6,1.0100000000000005,0.8816367999999999,1
48851,66,BRAF,1.390000000000001,1.2389171000000003,1
48852,66,TCEA1,-0.13,-0.011828099999999998,1
48853,66,TNFAIP3,0.15,0.1338488,1
48854,66,RABEP1,-0.010000000000000002,-0.005341700000000005,1
48855,66,GMPS,-0.12000000000000001,-0.05832110000000001,1
48856,66,MDM2,1.1200000000000008,0.9485691000000002,1
48857,66,NSD2,0.19999999999999998,0.1547671,1
48858,66,CASP8,-0.29000000000000004,0.02522389999999998,1
48859,66,PER1,-0.25,-0.09399869999999999,1
48860,66,UBR5,0.060000000000000005,0.07118040000000002,1
48861,66,EIF3E,0.009999999999999995,0.06044160000000001,1
48862,66,RFWD3,0.03,0.029687899999999996,1
48863,66,BRD3,0.13,0.09641129999999999,1
48864,66,PAFAH1B2,0.03,0.0271413,1
48865,66,EXT2,0.03,0.022761700000000003,1
48866,66,PLCG1,0.37000000000000005,0.36168799999999995,1
48867,66,SF3B1,-0.54,-0.2634189,1
48868,66,ARHGEF10L,0.03,0.0147558,1
48869,66,NFATC2,0.24000000000000002,0.1868331,1
48870,66,SDHD,0.26,0.2060461,1
48871,66,PABPC1,-1.0,-0.2747315,1
48872,66,POLD1,-0.35,-0.08903869999999998,1
48873,66,CALR,3.469446951953614e-18,0.04718590000000002,1
48874,66,PIK3CB,0.6800000000000002,0.5867001999999999,1
48875,66,PPM1D,0.28,0.22540000000000002,1
48876,66,ATRX,1.0100000000000005,0.8956261,1
48877,66,DGCR8,0.21000000000000002,0.1719111,1
48878,66,DDX10,0.19,0.1528038,1
48879,66,DROSHA,0.49,0.4023332,1
48880,66,TNFRSF14,-0.17,-0.05793940000000001,1
48881,66,BCL9L,0.16,0.1245426,1
48882,66,QKI,0.009999999999999998,0.0082142,1
48883,66,BAZ1A,0.01,0.0077028,1
48884,66,CHD4,0.26,0.3162755,1
48885,66,NSD3,0.13,0.13063940000000002,1
48886,66,NT5C2,0.18000000000000002,0.11318360000000001,1
48887,66,CCNB1IP1,0.14,0.06707880000000001,1
48888,66,PCBP1,-1.0700000000000003,-0.29913539999999994,1
48889,66,RALGDS,-0.04999999999999999,0.04964600000000001,1
48890,66,ARHGEF12,0.009999999999999995,0.0401817,1
48891,66,HSP90AB1,1.0800000000000003,0.7299086999999999,1
48892,66,FOXO3,1.4600000000000009,1.1014077,1
48893,66,HIP1,-0.02,-0.012968200000000001,1
48894,66,CDC73,0.06999999999999999,0.09867029999999999,1
48895,66,NIN,0.010000000000000002,0.0043716,1
48896,66,MDM4,0.07000000000000003,0.1574622,1
48897,66,COL3A1,0.21,0.1745337,1
48898,66,CTNND1,0.13,0.1597991,1
48899,66,SPOP,0.09999999999999999,0.106778,1
48900,66,TMEM127,0.08000000000000002,0.04851040000000001,1
48901,66,CREB3L2,0.14,0.09230080000000002,1
48902,66,MSH2,1.0100000000000005,0.8853304000000002,1
48903,66,FNBP1,0.03,0.0323166,1
48904,66,ATF1,0.17,0.1230575,1
48905,66,EIF1AX,-0.42999999999999994,-0.1811653,1
48906,66,PMS1,0.51,0.4102897999999999,1
48907,66,DEK,0.17,0.14828460000000002,1
48908,66,ERBB2,0.8600000000000003,0.5868534000000001,1
48909,66,AKT1,0.9600000000000004,0.6161983000000001,1
48910,66,CHEK2,0.6200000000000001,0.6395640000000001,1
48911,66,SDHB,0.39000000000000007,0.30709580000000003,1
48912,66,NCOA1,0.39000000000000007,0.3243348,1
48913,66,CHIC2,0.08,0.0543032,1
48914,66,RUNX1,0.44000000000000017,0.7226808,1
48915,66,STAT6,0.4,0.3586319,1
48916,66,FH,-0.03,0.0279605,1
48917,66,AKT3,1.0900000000000003,0.8293199000000001,1
48918,66,GNAS,0.36,0.25742190000000004,1
48919,66,CTNNB1,1.4100000000000006,1.0192409000000002,1
48920,66,NONO,0.32000000000000006,0.2769842,1
48921,66,SMARCB1,0.9100000000000004,0.7565835,1
48922,66,PRKAR1A,0.22,0.20912709999999995,1
48923,66,ITGAV,0.030000000000000006,0.06192030000000001,1
48924,66,SS18,0.43,0.3176205,1
48925,66,MAP2K1,0.8500000000000003,0.5773463000000001,1
48926,66,SIRPA,-0.1,-0.030982100000000002,1
48927,66,PPFIBP1,0.4,0.30742860000000005,1
48928,66,RPL22,-0.1,0.09917780000000001,1
48929,66,CYLD,0.28,0.22672040000000002,1
48930,66,ARID1B,0.8200000000000001,0.6580714000000001,1
48931,66,SETDB1,0.33,0.2465548,1
48932,66,AFDN,-0.36,-0.1267265,1
48933,66,ZRSR2,-0.04999999999999999,-0.0327138,1
48934,66,PBRM1,0.9900000000000004,0.7756272000000003,1
48935,66,XPC,0.5,0.3402147,1
48936,66,ASXL2,0.29000000000000004,0.213225,1
48937,66,TRIM24,-0.14,-0.0162949,1
48938,66,SFPQ,-0.5599999999999999,-0.19791010000000003,1
48939,66,NCOA2,0.6100000000000001,0.5120233000000001,1
48940,66,FOXO4,0.36,0.22855050000000002,1
48941,66,LEF1,0.18,0.19401089999999993,1
48942,66,B2M,-0.33000000000000007,-0.1575377,1
48943,66,DDIT3,-0.33,-0.11462460000000001,1
48944,66,BCL6,0.4099999999999999,0.3248154,1
48945,66,KRAS,-0.2100000000000001,0.0557374,1
48946,66,FAT1,0.11,0.08302570000000001,1
48947,66,ABL2,0.12,0.0911384,1
48948,66,NF1,1.2600000000000007,1.0669244000000002,1
48949,66,BTG1,-0.06,-0.0256512,1
48950,66,EIF4A2,0.07999999999999999,0.0499707,1
48951,66,SET,0.16999999999999998,0.14223600000000003,1
48952,66,EPS15,0.08999999999999998,0.08463989999999999,1
48953,66,RNF213,0.05,0.0447045,1
48954,66,CTCF,1.0700000000000005,0.7749398000000002,1
48955,66,WDCP,0.24000000000000002,0.1518746,1
48956,66,KAT7,0.14,0.11864849999999999,1
48957,66,KDM5C,0.17,0.1643577,1
48958,66,TGFBR2,0.21,0.1947531,1
48959,66,ATM,0.9400000000000006,0.9982843000000002,1
48960,66,NUMA1,0.020000000000000004,0.024879800000000004,1
48961,66,STAT3,0.7700000000000004,0.8261941999999998,1
48962,66,SUB1,-0.15,-0.061413499999999996,1
48963,66,NUP98,0.21,0.20511320000000002,1
48964,66,ELL,0.18000000000000002,0.09348990000000001,1
48965,66,MAP3K1,0.38999999999999996,0.3305691,1
48966,66,MALT1,0.18,0.16870200000000002,1
48967,66,XPO1,0.5700000000000002,0.4703800000000001,1
48968,66,SETD1B,0.27,0.2203323,1
48969,66,ETV6,-0.19999999999999998,-0.0708894,1
48970,66,TBL1XR1,0.24,0.16859949999999999,1
48971,66,NUP214,-0.19999999999999996,0.09768120000000002,1
48972,66,TPR,0.13999999999999999,0.11353660000000002,1
48973,66,ATIC,0.07999999999999999,0.1484473,1
48974,66,NACA,0.21000000000000002,0.12454010000000001,1
48975,66,MYO5A,0.02,0.0157717,1
48976,66,SMC1A,0.30000000000000004,0.4149405,1
48977,66,LASP1,-0.23,-0.12359819999999999,1
48978,66,ERCC5,0.38000000000000006,0.24530930000000004,1
48979,66,JUN,-1.1,-0.1905753999999999,1
48980,66,THRAP3,0.07,0.0541188,1
48981,66,STAG2,0.18,0.24591870000000002,1
48982,66,RAF1,0.8800000000000003,0.6951055,1
48983,66,ERCC3,0.57,0.5115504000000001,1
48984,66,SMAD2,0.4800000000000002,0.5279847000000001,1
48985,66,TAF15,0.22000000000000003,0.185451,1
48986,66,ARNT,0.27,0.2384326,1
48987,66,CLTC,-0.67,-0.28267760000000003,1
48988,66,IKBKB,0.5400000000000003,0.4935164,1
48989,66,IDH1,-0.54,-0.1754884,1
48990,66,SND1,-0.03,-0.002075999999999999,1
48991,66,KNSTRN,0.02,0.0155952,1
48992,66,RHOA,-3.3500000000000005,-0.7925873,1
48993,66,PALB2,0.6700000000000002,0.5849370999999999,1
48994,66,ARID2,0.8300000000000001,0.6760816,1
48995,66,EZR,-0.17000000000000004,-0.049342800000000006,1
48996,66,TP53,-0.6699999999999996,0.028883599999999968,1
48997,66,ARAF,0.39,0.22259900000000005,1
48998,66,KIF5B,0.5300000000000001,0.41014509999999993,1
48999,66,KAT6A,0.21000000000000005,0.225931,1
49000,66,KTN1,-0.08,-0.010180800000000002,1
49001,66,GOLGA5,-0.09000000000000001,-0.0658311,1
49002,66,KDM5A,0.31000000000000005,0.2881192,1
49003,66,RAD21,0.6100000000000001,0.5205169,1
49004,66,GNAQ,0.33,0.25722379999999995,1
49005,66,CAMTA1,0.05,0.0381086,1
49006,66,ERCC2,0.6900000000000001,0.5400146000000001,1
49007,66,EZH2,1.320000000000001,1.1340055999999998,1
49008,66,TOP1,0.27,0.22342939999999997,1
49009,66,SRSF3,-0.31999999999999995,-0.08074100000000003,1
49010,66,NPM1,0.13999999999999999,0.17384489999999994,1
49011,66,BAX,-0.88,-0.1925215,1
49012,66,NOTCH2,0.29000000000000004,0.24685900000000002,1
49013,66,TRAF7,0.02,0.015447599999999999,1
49014,66,KDM6A,0.9100000000000004,0.9508879000000001,1
49015,66,SPEN,0.15000000000000002,0.11908880000000001,1
49016,66,TRIM27,-0.53,-0.1795812,1
49017,66,CRTC1,0.14,0.10755590000000001,1
49018,66,EML4,0.3500000000000001,0.3309852,1
49019,66,USP9X,-0.06,-0.0466834,1
49020,66,PTPRK,0.0,0.0,1
49021,66,CD74,-0.19,-0.003292699999999992,1
49022,66,CBL,0.53,0.49442889999999995,1
49023,66,ZNF384,0.05,0.041682300000000005,1
49024,66,NOTCH1,1.1300000000000006,0.8880423000000001,1
49025,66,COX6C,-0.16999999999999998,-0.050487,1
49026,66,CHCHD7,0.02,0.0123896,1
49027,66,HMGA1,-0.14,-0.0489063,1
49028,66,PTEN,1.4500000000000008,1.3017965000000005,1
49029,66,FIP1L1,-0.039999999999999994,-0.0125107,1
49030,66,JAK1,0.8700000000000003,0.7356054,1
49031,66,ZMYM2,0.010000000000000004,0.012021700000000005,1
49032,66,SUZ12,0.8800000000000003,0.6988688,1
49033,66,FUS,-0.43000000000000005,0.017366100000000044,1
49034,66,BAP1,-0.51,-0.20352330000000002,1
49035,66,ZCCHC8,-0.06,-0.019831199999999997,1
49036,66,CRNKL1,0.019999999999999997,0.01501,1
49037,66,RAD17,0.19,0.14731780000000003,1
49038,66,ATP1A1,0.0,0.0027097000000000006,1
49039,66,DNMT3A,0.9500000000000004,0.8100092000000001,1
49040,66,FBXW7,1.0800000000000005,0.9056309,1
49041,66,WWTR1,-0.11,-0.0502259,1
49042,66,CDKN1B,0.45999999999999996,0.3250196,1
49043,66,KMT2A,0.10999999999999999,0.23432180000000014,1
49044,66,PTPN11,1.1300000000000006,0.964349,1
49045,66,STAT5B,0.7700000000000001,0.6308704999999999,1
49046,66,CUX1,-0.11,-0.0719781,1
49047,66,ABI1,-0.26,-0.07140700000000001,1
49048,66,BRCA1,1.8300000000000012,1.5531021999999999,1
49049,66,SH2B3,0.09999999999999999,0.060007000000000005,1
49050,66,AFF4,-0.13,-0.0718489,1
49051,66,NF2,0.11999999999999998,0.1438046,1
49052,66,LMNA,0.08999999999999998,0.06373390000000001,1
49053,66,TSC2,0.8600000000000003,0.7042551000000001,1
49054,66,GOLPH3,-0.060000000000000005,-0.044148,1
49055,66,PCM1,-0.04,-0.033901799999999996,1
49056,66,PPP2R1A,-0.38,-0.14059439999999998,1
49057,66,ARID1A,1.8800000000000012,1.5444425,1
49058,66,ABL1,-0.19999999999999984,0.04111569999999996,1
49059,66,AFF1,-0.04000000000000001,0.015038099999999993,1
49060,66,DAXX,-0.52,-0.1609318,1
49061,66,CBFB,0.07,0.11738180000000001,1
49062,66,CBLB,0.17,0.15120680000000003,1
49063,66,POLR2A,-0.38999999999999996,0.05027259999999998,1
49064,66,PRKACA,-0.009999999999999851,0.24589120000000003,1
49065,66,DNM2,-0.11,-0.049922499999999995,1
49066,66,RAP1GDS1,0.020000000000000004,0.0673154,1
49067,66,NCOR1,0.7600000000000002,0.8711772999999997,1
49068,66,NFKBIE,-0.33,-0.1121615,1
49069,66,DDX3X,0.30000000000000004,0.2665762,1
49070,66,ELK4,0.03,0.0266841,1
49071,66,MLLT6,0.04,0.033495,1
49072,66,SRSF2,-3.26,-0.739838,1
49073,66,CTNNA1,0.17,0.1357103,1
49074,66,RBM10,0.08,0.06940219999999998,1
49075,66,PTPRC,0.13,0.15981489999999998,1
49076,66,HSP90AA1,0.9900000000000004,0.7020070999999999,1
49077,66,NSD1,0.25,0.2096439,0
49078,66,DICER1,0.24000000000000002,0.23801760000000005,0
49079,66,BIRC6,0.07,0.0622817,0
49080,66,SDHC,0.25,0.17132399999999995,0
49081,66,TFG,0.36,0.216031,0
49082,66,MAP2K2,0.25,0.1973848,0
49083,66,TFRC,-0.23,-0.1171356,0
49084,66,CREB1,0.8200000000000003,0.6201338000000001,0
49085,66,POLG,0.01,0.0035899,0
49086,66,SETD2,0.6900000000000002,0.5914245000000002,0
49087,66,NAB2,-0.33,-0.1123725,0
49088,66,HIF1A,1.620000000000001,1.1678792999999998,0
49089,66,FLCN,0.04,0.035004400000000005,0
49090,66,MAP2K4,-0.11000000000000001,0.0302339,0
49091,66,CNOT3,-0.010000000000000002,0.004145200000000002,0
49092,66,CIITA,0.09000000000000001,0.057526600000000004,0
49093,66,LSM14A,0.11,0.0910163,0
49094,66,AKAP9,-0.07,-0.012850899999999998,0
49095,66,MSN,-0.28,-0.061187500000000006,0
49096,66,BCR,0.04999999999999999,0.04928259999999998,0
49097,66,TRRAP,-0.019999999999999987,0.12827149999999998,0
49098,66,PPP6C,-0.16999999999999998,-0.0831969,0
49099,66,NCOA4,-0.16999999999999998,-0.0901402,0
49100,66,BCL9,0.14,0.10801589999999998,0
49101,66,PRCC,0.030000000000000002,0.021536300000000008,0
49102,66,LARP4B,0.0,0.0,0
49103,66,CHD2,0.01,0.007906100000000001,0
49104,66,ASXL1,0.54,0.48452300000000015,0
49105,66,SMARCA4,1.2600000000000007,0.9629926000000001,0
49106,66,ERC1,-0.01,-0.007780000000000002,0
49107,66,DCTN1,-0.30999999999999994,-0.1505205,0
49108,66,PIK3R1,1.3600000000000008,0.9599795999999997,0
49109,66,EED,0.07,0.06953949999999999,0
49110,66,CNBP,0.01,0.0053533,0
49111,66,SGK1,0.32999999999999996,0.1949986,0
49112,66,MLLT10,-0.16000000000000003,-0.0753238,0
49113,66,BRD4,1.0100000000000005,0.7774987000000003,0
49114,66,RANBP2,0.22,0.21475569999999994,0
49115,66,FBXO11,0.05,0.041545500000000006,0
49116,66,PML,0.42000000000000004,0.2977611,0
49117,66,AKT2,1.0300000000000002,0.7024066000000001,0
49118,66,CEP89,0.05,0.0292367,0
49119,66,LZTR1,0.029999999999999995,0.0633788,0
49120,66,YWHAE,0.23,0.15263749999999998,0
49121,66,DNAJB1,-0.06999999999999999,-0.023162999999999996,0
49122,66,PRDM2,0.02,0.014826100000000002,0
49123,66,TPM4,0.43000000000000005,0.2703286,0
49124,66,CREBBP,1.9200000000000013,1.5572022000000005,0
49125,66,PMS2,0.7000000000000002,0.6041562,0
49126,66,DDR2,0.05,0.0333446,0
49127,66,FANCA,0.35000000000000003,0.2868955,0
49128,66,PDE4DIP,0.060000000000000005,0.041786500000000004,0
49129,66,USP8,-0.060000000000000005,-0.0306885,0
49130,66,MYH9,-0.18000000000000002,-0.014988899999999993,0
49131,66,MYC,-1.0600000000000003,-0.3972518000000001,0
49132,66,NBN,0.5,0.3732719,0
49133,66,CCND3,-0.09999999999999999,-0.0027024000000000006,0
49134,66,TRIP11,-0.13,-0.0861167,0
49135,66,CNTRL,-0.07,-0.049372299999999994,0
49136,66,PIK3CA,1.4200000000000008,1.0457174,0
49137,66,DDX5,0.4,0.31738749999999993,0
49138,66,PICALM,3.469446951953614e-18,0.0029342999999999973,0
49139,66,RARA,0.48000000000000004,0.3291757,0
49140,66,DDX6,-0.08999999999999998,0.058161199999999996,0
49141,66,COL1A1,0.08,0.10745959999999999,0
49142,66,VHL,0.17999999999999997,0.13938479999999998,0
49143,66,MAPK1,1.580000000000001,1.0147317000000002,0
49144,66,SRC,-0.44999999999999996,0.014680699999999984,0
49145,66,NFE2L2,0.22999999999999998,0.1578276,0
49146,66,MITF,-0.27,-0.049283900000000005,0
49147,66,SMAD3,1.2200000000000009,0.9422687,0
49148,66,RBM15,0.060000000000000005,0.0563515,0
49149,66,ATR,0.6800000000000003,0.5653098999999999,0
49150,66,EPAS1,0.37999999999999995,0.3420149,0
49151,66,TPM3,0.19999999999999998,0.1322297,0
49152,66,RPL10,0.13,0.1149366,0
49153,66,STAG1,0.12,0.126548,0
49154,66,SBDS,-0.05,-0.0202679,0
49155,66,KMT2D,0.9600000000000003,0.7088258000000002,0
49156,66,MED12,0.30000000000000004,0.240764,0
49157,66,BCLAF1,-0.029999999999999992,0.0367276,0
49158,66,ASPSCR1,0.010000000000000005,0.014916500000000003,0
49159,66,CDK12,0.33999999999999997,0.2522575,0
49160,66,EWSR1,0.4399999999999999,0.3583584,0
49161,66,NDRG1,-0.03,-0.0128507,0
49162,66,PSIP1,-0.16,-0.0748483,0
49163,66,TRIM33,0.019999999999999997,0.0210056,0
49164,66,MTOR,1.2800000000000007,0.9191283999999998,0
49165,66,ARHGAP35,0.11999999999999998,0.1304527,0
49166,66,POT1,-0.049999999999999996,-0.0048000000000000004,0
49167,66,EXT1,0.1,0.066155,0
49168,66,IL6ST,0.28,0.2112452,0
49169,66,IDH2,-0.009999999999999988,0.049659099999999984,0
49170,66,SMARCE1,0.46,0.29912099999999997,0
49171,66,CRTC3,0.09,0.0721914,0
49172,66,TSC1,0.35000000000000003,0.30228050000000006,0
49173,66,BCOR,-0.16999999999999998,-0.0140004,0
49174,66,SDHA,0.23000000000000004,0.13391640000000002,0
49175,66,EP300,1.660000000000001,1.3566526,0
49176,66,HNRNPA2B1,0.13,0.15529079999999998,0
49177,66,CLIP1,-0.11,-0.05531579999999999,0
49178,66,PATZ1,-0.42000000000000004,-0.12052260000000001,0
49179,66,FUBP1,-0.15999999999999998,-0.022890899999999992,0
49180,66,HLA-A,-0.16999999999999998,0.004274100000000003,0
49181,66,CCNC,-0.049999999999999996,-0.0146699,0
49182,66,RPN1,-0.25,-0.07031409999999999,0
49183,66,TCF7L2,0.029999999999999995,0.0774105,0
49184,66,CANT1,0.09000000000000001,0.050514100000000006,0
49185,66,RPL5,-0.62,-0.1785414,0
49186,66,CCDC6,-0.009999999999999995,0.03903060000000001,0
49187,66,NCKIPSD,0.03,0.0179001,0
49188,66,SMARCD1,0.43,0.2894839,0
49189,66,BCL10,-0.010000000000000002,0.025632699999999998,0
49190,66,MAX,0.010000000000000005,0.0222446,0
49191,66,HERPUD1,0.0,0.0,0
49192,66,RAC1,0.030000000000000006,0.09620139999999999,0
49193,66,FLNA,0.10999999999999999,0.10772380000000001,0
49194,66,TFE3,-0.42000000000000004,-0.17786660000000004,0
49195,66,NCOR2,0.7100000000000002,0.524751,0
49196,66,PRPF40B,-0.03,-0.016181,0
49197,66,BCL3,-0.03000000000000002,0.0016073999999999984,0
49198,66,TFPT,-0.29000000000000004,-0.0930259,0
49199,66,MLH1,0.9000000000000001,0.7349489000000002,0
49200,66,ARHGAP5,0.06999999999999999,0.0907675,0
49201,66,CIC,0.0,0.0,0
49202,66,LYN,0.8400000000000003,0.6073256000000001,0
49203,66,TCF12,0.27999999999999997,0.2199308,0
49204,66,KLF6,0.03,0.0158643,0
49205,66,KMT2C,1.0600000000000005,0.8289040000000001,0
49206,66,PIM1,-0.15999999999999998,-0.0496834,0
49207,66,CCND1,1.4600000000000009,0.8887999000000002,0
49208,66,MLLT1,-1.0599999999999998,-0.3014356999999999,0
49209,66,MEN1,-0.03999999999999999,0.0027098000000000035,0
49210,66,CUL3,0.13000000000000003,0.13030809999999998,0
49211,66,RB1,0.6599999999999999,0.4961213,0
49212,66,LPP,-0.12000000000000002,-0.03450920000000001,0
49213,66,BUB1B,-0.16999999999999998,-0.08836170000000002,0
49214,66,SMAD4,1.520000000000001,1.1416054000000002,0
49215,66,FGFR1,0.23000000000000004,0.1543712,0
49216,66,TMSB4X,0.04,0.0310268,0
49217,66,CDK4,0.42000000000000015,0.28951699999999997,0
49218,66,MSI2,0.0,0.0,0
49219,66,MSH6,0.9400000000000004,0.7361369,0
49220,66,BRAF,1.0400000000000005,0.9032410000000001,0
49221,66,TCEA1,-0.07999999999999997,-0.008829300000000003,0
49222,66,TNFAIP3,0.09000000000000001,0.1059666,0
49223,66,RABEP1,0.0,-0.0009374999999999974,0
49224,66,GMPS,-0.04000000000000001,-0.0268189,0
49225,66,MDM2,1.1900000000000006,0.8166608000000001,0
49226,66,NSD2,0.19,0.134652,0
49227,66,CASP8,0.05999999999999999,0.2188867,0
49228,66,PER1,-0.21000000000000002,-0.05568949999999998,0
49229,66,UBR5,-0.04000000000000001,-0.0025963,0
49230,66,EIF3E,-0.06000000000000001,0.0514134,0
49231,66,RFWD3,0.030000000000000002,0.030677799999999998,0
49232,66,BRD3,0.12000000000000001,0.099038,0
49233,66,PAFAH1B2,0.02,0.0165738,0
49234,66,EXT2,0.010000000000000009,0.00863330000000001,0
49235,66,PLCG1,0.5,0.3607105,0
49236,66,SF3B1,-0.3,-0.10951810000000001,0
49237,66,ARHGEF10L,0.02,0.010726,0
49238,66,NFATC2,0.22000000000000003,0.15774419999999997,0
49239,66,SDHD,0.30000000000000004,0.1707474,0
49240,66,PABPC1,-1.03,-0.2319451,0
49241,66,POLD1,-0.2,-0.0374395,0
49242,66,CALR,0.04999999999999999,0.04544039999999999,0
49243,66,PIK3CB,0.5299999999999999,0.44878799999999985,0
49244,66,PPM1D,0.20000000000000004,0.1522939,0
49245,66,ATRX,0.9900000000000004,0.7961701000000002,0
49246,66,DGCR8,0.15000000000000002,0.0950869,0
49247,66,DDX10,0.13,0.09081790000000001,0
49248,66,DROSHA,0.4,0.29952789999999996,0
49249,66,TNFRSF14,-0.12,-0.052178999999999996,0
49250,66,BCL9L,0.13,0.09170389999999999,0
49251,66,QKI,-0.060000000000000005,-0.0390179,0
49252,66,BAZ1A,0.01,0.007124800000000001,0
49253,66,CHD4,0.18999999999999997,0.16761590000000004,0
49254,66,NSD3,0.06,0.06076870000000001,0
49255,66,NT5C2,0.16,0.0909132,0
49256,66,CCNB1IP1,0.08,0.034501,0
49257,66,PCBP1,-0.8099999999999999,-0.24043859999999997,0
49258,66,RALGDS,0.13,0.0907168,0
49259,66,ARHGEF12,-0.03,-0.0019151000000000012,0
49260,66,HSP90AB1,1.0600000000000005,0.7052441,0
49261,66,FOXO3,1.2900000000000005,0.9128676000000001,0
49262,66,HIP1,-0.02,-0.01276,0
49263,66,CDC73,-0.11999999999999998,-0.007326400000000001,0
49264,66,NIN,0.02,0.014706899999999998,0
49265,66,MDM4,0.12000000000000002,0.163703,0
49266,66,COL3A1,0.15,0.1393275,0
49267,66,CTNND1,0.13,0.1426811,0
49268,66,SPOP,-0.05000000000000001,-0.0081864,0
49269,66,TMEM127,0.06,0.05030380000000001,0
49270,66,CREB3L2,0.09999999999999999,0.06207699999999998,0
49271,66,MSH2,0.8700000000000003,0.6534204,0
49272,66,FNBP1,3.469446951953614e-18,0.009501,0
49273,66,ATF1,0.009999999999999995,0.008472199999999996,0
49274,66,EIF1AX,-0.52,-0.2399036,0
49275,66,PMS1,0.5199999999999999,0.3931845,0
49276,66,DEK,0.07,0.0784562,0
49277,66,ERBB2,0.9700000000000005,0.6203717,0
49278,66,AKT1,0.9900000000000004,0.6173299,0
49279,66,CHEK2,0.32,0.3386016,0
49280,66,SDHB,0.38999999999999996,0.25046460000000004,0
49281,66,NCOA1,0.4100000000000001,0.29723189999999994,0
49282,66,CHIC2,0.039999999999999994,0.021194,0
49283,66,RUNX1,0.6100000000000003,0.7055622000000001,0
49284,66,STAT6,0.27,0.19126710000000002,0
49285,66,FH,-0.26999999999999996,-0.1116168,0
49286,66,AKT3,0.9200000000000004,0.635592,0
49287,66,GNAS,0.19,0.12325630000000001,0
49288,66,CTNNB1,1.6500000000000008,1.1310168000000005,0
49289,66,NONO,0.16999999999999996,0.11657020000000001,0
49290,66,SMARCB1,0.9900000000000004,0.7340572,0
49291,66,PRKAR1A,0.15000000000000002,0.1231081,0
49292,66,ITGAV,0.02,0.030007700000000005,0
49293,66,SS18,0.4,0.2639732,0
49294,66,MAP2K1,1.0500000000000005,0.6525000999999998,0
49295,66,SIRPA,0.01,0.007059499999999999,0
49296,66,PPFIBP1,0.36,0.236906,0
49297,66,RPL22,-0.21999999999999997,0.06537290000000001,0
49298,66,CYLD,0.30000000000000004,0.2462044,0
49299,66,ARID1B,0.7,0.5140018,0
49300,66,SETDB1,0.32,0.2278579,0
49301,66,AFDN,-0.55,-0.2038336,0
49302,66,ZRSR2,0.28,0.20509030000000003,0
49303,66,PBRM1,0.9800000000000004,0.7200084000000001,0
49304,66,XPC,0.5900000000000001,0.3985239,0
49305,66,ASXL2,0.23,0.15292050000000001,0
49306,66,TRIM24,-0.26,-0.1040177,0
49307,66,SFPQ,-0.049999999999999996,0.029030400000000005,0
49308,66,NCOA2,0.5400000000000001,0.3894982999999999,0
49309,66,FOXO4,0.4700000000000001,0.2979122,0
49310,66,LEF1,0.07000000000000002,0.07211800000000002,0
49311,66,B2M,-0.46,-0.18690240000000002,0
49312,66,DDIT3,-0.4,-0.10302040000000001,0
49313,66,BCL6,0.57,0.40218990000000004,0
49314,66,KRAS,-1.4000000000000004,-0.33578939999999996,0
49315,66,FAT1,0.04,0.040648199999999995,0
49316,66,ABL2,0.1,0.07156659999999998,0
49317,66,NF1,0.8700000000000003,0.7298199,0
49318,66,BTG1,-0.02,-0.010915999999999999,0
49319,66,EIF4A2,0.12000000000000002,0.10020530000000001,0
49320,66,SET,0.17,0.1413712,0
49321,66,EPS15,0.03,0.0315344,0
49322,66,RNF213,0.03,0.024054,0
49323,66,CTCF,0.9000000000000004,0.6417667,0
49324,66,WDCP,0.12,0.0783998,0
49325,66,KAT7,0.11,0.08916730000000002,0
49326,66,KDM5C,0.15,0.1425756,0
49327,66,TGFBR2,0.24999999999999997,0.18239299999999997,0
49328,66,ATM,1.4300000000000008,1.1563420000000002,0
49329,66,NUMA1,-0.019999999999999997,-0.004523599999999996,0
49330,66,STAT3,1.580000000000001,1.2059605,0
49331,66,SUB1,-0.22999999999999998,-0.0887014,0
49332,66,NUP98,0.09000000000000001,0.10341820000000002,0
49333,66,ELL,-0.02,0.013344399999999996,0
49334,66,MAP3K1,0.41,0.31750239999999996,0
49335,66,MALT1,0.15000000000000002,0.15863370000000002,0
49336,66,XPO1,0.32000000000000006,0.27100139999999995,0
49337,66,SETD1B,0.17,0.1228034,0
49338,66,ETV6,-0.15000000000000002,-0.04093890000000002,0
49339,66,TBL1XR1,0.20000000000000004,0.1372811,0
49340,66,NUP214,-0.010000000000000018,0.10389359999999997,0
49341,66,TPR,0.1,0.10387229999999997,0
49342,66,ATIC,0.030000000000000013,0.0375387,0
49343,66,NACA,0.24,0.1685333,0
49344,66,MYO5A,0.009999999999999998,0.0091377,0
49345,66,SMC1A,0.5900000000000001,0.4772767,0
49346,66,LASP1,-0.22000000000000003,-0.12284719999999999,0
49347,66,ERCC5,0.46,0.3188229,0
49348,66,JUN,-0.24,0.11022919999999999,0
49349,66,THRAP3,0.1,0.08274859999999999,0
49350,66,STAG2,0.54,0.42573150000000004,0
49351,66,RAF1,1.1400000000000003,0.8003032999999999,0
49352,66,ERCC3,0.62,0.4941069,0
49353,66,SMAD2,0.5100000000000001,0.4690556999999999,0
49354,66,TAF15,0.18000000000000002,0.148954,0
49355,66,ARNT,0.29000000000000004,0.2539596,0
49356,66,CLTC,-0.56,-0.31919110000000006,0
49357,66,IKBKB,0.5200000000000001,0.4522869000000001,0
49358,66,IDH1,-0.6000000000000001,-0.164391,0
49359,66,SND1,-0.06,-0.033423,0
49360,66,KNSTRN,0.03,0.0243957,0
49361,66,RHOA,-1.4100000000000001,-0.3520728000000001,0
49362,66,PALB2,0.6200000000000001,0.5201515000000001,0
49363,66,ARID2,0.7400000000000002,0.5515673,0
49364,66,EZR,-0.07,0.017013700000000003,0
49365,66,TP53,-1.0,-0.16286529999999996,0
49366,66,ARAF,0.39999999999999997,0.225857,0
49367,66,KIF5B,0.44,0.3063172,0
49368,66,KAT6A,0.15999999999999995,0.16519430000000002,0
49369,66,KTN1,-0.10999999999999999,-0.032187499999999994,0
49370,66,GOLGA5,-0.12000000000000001,-0.08001770000000002,0
49371,66,KDM5A,0.24,0.22193040000000003,0
49372,66,RAD21,0.46000000000000013,0.35546969999999994,0
49373,66,GNAQ,0.12000000000000001,0.081653,0
49374,66,CAMTA1,-0.01,-0.0044352,0
49375,66,ERCC2,0.67,0.4670465,0
49376,66,EZH2,1.7600000000000011,1.1279936,0
49377,66,TOP1,0.14999999999999997,0.11736560000000001,0
49378,66,SRSF3,-0.26,-0.07682520000000001,0
49379,66,NPM1,-0.06999999999999998,0.1155371,0
49380,66,BAX,-0.4800000000000001,-0.1467334,0
49381,66,NOTCH2,0.28,0.22334410000000002,0
49382,66,TRAF7,0.03,0.0232251,0
49383,66,KDM6A,0.8400000000000002,0.728191,0
49384,66,SPEN,0.09999999999999999,0.07580529999999999,0
49385,66,TRIM27,-0.43000000000000005,-0.15166269999999998,0
49386,66,CRTC1,0.13,0.10631390000000002,0
49387,66,EML4,0.23,0.20528520000000006,0
49388,66,USP9X,-0.05,-0.0311517,0
49389,66,PTPRK,0.01,0.0070653,0
49390,66,CD74,-0.24000000000000002,-0.0575886,0
49391,66,CBL,0.55,0.4029008999999999,0
49392,66,ZNF384,-0.08,-0.0375518,0
49393,66,NOTCH1,0.9300000000000004,0.6911246,0
49394,66,COX6C,-0.16,-0.056628600000000015,0
49395,66,CHCHD7,0.03,0.0202029,0
49396,66,HMGA1,-0.13,-0.0566794,0
49397,66,PTEN,1.3500000000000008,1.1227545,0
49398,66,FIP1L1,-0.03,-0.019485600000000002,0
49399,66,JAK1,0.7500000000000002,0.5917629,0
49400,66,ZMYM2,-0.07,-0.0460171,0
49401,66,SUZ12,0.7100000000000002,0.5164324,0
49402,66,FUS,-0.06,0.15718869999999996,0
49403,66,BAP1,0.03,0.039383999999999995,0
49404,66,ZCCHC8,-0.06,-0.0191724,0
49405,66,CRNKL1,-0.04,-0.024499200000000002,0
49406,66,RAD17,0.10999999999999999,0.0838777,0
49407,66,ATP1A1,0.009999999999999998,0.0063975,0
49408,66,DNMT3A,0.8800000000000004,0.6615242000000001,0
49409,66,FBXW7,1.0800000000000003,0.8211225,0
49410,66,WWTR1,-0.1,-0.05160179999999999,0
49411,66,CDKN1B,0.7000000000000002,0.44716120000000004,0
49412,66,KMT2A,0.38,0.34711450000000005,0
49413,66,PTPN11,0.9700000000000004,0.7060849,0
49414,66,STAT5B,0.7000000000000002,0.5359708999999999,0
49415,66,CUX1,-0.12000000000000001,-0.0799621,0
49416,66,ABI1,-0.29000000000000004,-0.10059510000000002,0
49417,66,BRCA1,1.9000000000000012,1.4692783999999997,0
49418,66,SH2B3,0.04,0.0313502,0
49419,66,AFF4,0.04,0.04579659999999999,0
49420,66,NF2,-0.11000000000000001,0.011325800000000004,0
49421,66,LMNA,0.060000000000000005,0.059145700000000016,0
49422,66,TSC2,0.6200000000000002,0.4966955,0
49423,66,GOLPH3,-0.1,-0.0618602,0
49424,66,PCM1,-0.05,-0.03362420000000001,0
49425,66,PPP2R1A,-0.42,-0.1455382,0
49426,66,ARID1A,1.8000000000000012,1.2997890999999995,0
49427,66,ABL1,0.23999999999999996,0.19972410000000007,0
49428,66,AFF1,0.2,0.1641085,0
49429,66,DAXX,-0.23000000000000007,-0.053418199999999985,0
49430,66,CBFB,0.14,0.10892179999999999,0
49431,66,CBLB,0.13,0.0986966,0
49432,66,POLR2A,0.009999999999999953,0.170104,0
49433,66,PRKACA,0.33999999999999997,0.25393740000000004,0
49434,66,DNM2,-0.13,-0.0519821,0
49435,66,RAP1GDS1,-0.060000000000000005,-0.021152400000000002,0
49436,66,NCOR1,0.8600000000000002,0.7585868000000001,0
49437,66,NFKBIE,-0.30000000000000004,-0.10751089999999999,0
49438,66,DDX3X,0.1,0.1101228,0
49439,66,ELK4,0.01,0.0071224,0
49440,66,MLLT6,0.09999999999999998,0.0875977,0
49441,66,SRSF2,-1.27,-0.3574117,0
49442,66,CTNNA1,0.12000000000000001,0.0883036,0
49443,66,RBM10,0.23,0.1548713,0
49444,66,PTPRC,0.06999999999999998,0.0973419,0
49445,66,HSP90AA1,1.0700000000000005,0.6908433999999998,0
49446,67,NSD1,0.33,0.2825575,1
49447,67,DICER1,0.12999999999999998,0.21003380000000005,1
49448,67,BIRC6,0.17,0.15102740000000003,1
49449,67,SDHC,0.38,0.2808663,1
49450,67,TFG,0.21000000000000002,0.1290576,1
49451,67,MAP2K2,0.29999999999999993,0.21376320000000001,1
49452,67,TFRC,-0.27,-0.09470859999999999,1
49453,67,CREB1,1.0300000000000005,0.7958830000000001,1
49454,67,POLG,-0.01,-0.0031621,1
49455,67,SETD2,0.41000000000000003,0.41448870000000004,1
49456,67,NAB2,-0.5,-0.146332,1
49457,67,HIF1A,1.6500000000000008,1.2484856000000002,1
49458,67,FLCN,-0.04000000000000001,0.0085526,1
49459,67,MAP2K4,0.019999999999999997,0.08364270000000001,1
49460,67,CNOT3,0.039999999999999994,0.0418935,1
49461,67,CIITA,0.09,0.05536900000000001,1
49462,67,LSM14A,0.13,0.1059631,1
49463,67,AKAP9,-0.049999999999999996,0.004513200000000002,1
49464,67,MSN,-0.16000000000000003,-0.029787700000000007,1
49465,67,BCR,-0.030000000000000002,0.06304889999999999,1
49466,67,TRRAP,0.08000000000000003,0.2142888,1
49467,67,PPP6C,-0.2,-0.07428280000000001,1
49468,67,NCOA4,-0.07,-0.012394099999999995,1
49469,67,BCL9,0.19,0.15289439999999999,1
49470,67,PRCC,0.14,0.10533590000000001,1
49471,67,LARP4B,0.02,0.014180600000000002,1
49472,67,CHD2,0.02,0.0177694,1
49473,67,ASXL1,0.45,0.45447400000000004,1
49474,67,SMARCA4,1.870000000000001,1.4103586000000006,1
49475,67,ERC1,-0.03,-0.021982199999999997,1
49476,67,DCTN1,-0.009999999999999992,0.028170400000000023,1
49477,67,PIK3R1,1.3400000000000007,1.0751069999999998,1
49478,67,EED,0.15000000000000002,0.1113665,1
49479,67,CNBP,0.02,0.012087,1
49480,67,SGK1,0.49999999999999994,0.32052919999999996,1
49481,67,MLLT10,-0.27,-0.13935160000000005,1
49482,67,BRD4,1.0000000000000004,0.8646508,1
49483,67,RANBP2,0.30999999999999994,0.2860931,1
49484,67,FBXO11,0.06,0.0464005,1
49485,67,PML,0.42999999999999994,0.2956476,1
49486,67,AKT2,1.08,0.7395744,1
49487,67,CEP89,0.04,0.0265928,1
49488,67,LZTR1,0.08,0.0967472,1
49489,67,YWHAE,0.2,0.1368211,1
49490,67,DNAJB1,0.0,0.00833,1
49491,67,PRDM2,0.08,0.0648121,1
49492,67,TPM4,0.5,0.34341930000000004,1
49493,67,CREBBP,1.7900000000000011,1.4582939,1
49494,67,PMS2,0.8500000000000003,0.7119657,1
49495,67,DDR2,-0.02,-0.013529100000000004,1
49496,67,FANCA,0.42,0.3396428,1
49497,67,PDE4DIP,0.07,0.0511385,1
49498,67,USP8,-0.11,-0.038381700000000005,1
49499,67,MYH9,-0.43,-0.10605430000000002,1
49500,67,MYC,-2.11,-0.4465800999999999,1
49501,67,NBN,0.6300000000000001,0.5003002999999999,1
49502,67,CCND3,0.05999999999999999,0.06114649999999999,1
49503,67,TRIP11,-0.07,-0.0504522,1
49504,67,CNTRL,-0.060000000000000005,-0.047958400000000005,1
49505,67,PIK3CA,1.1600000000000008,1.0308749999999998,1
49506,67,DDX5,0.3499999999999999,0.33247140000000003,1
49507,67,PICALM,-6.938893903907228e-18,0.007308200000000001,1
49508,67,RARA,-0.08999999999999998,0.06102169999999998,1
49509,67,DDX6,0.07000000000000002,0.14262,1
49510,67,COL1A1,0.19000000000000003,0.1706105,1
49511,67,VHL,0.25000000000000006,0.1907125,1
49512,67,MAPK1,1.660000000000001,1.1743973000000003,1
49513,67,SRC,0.5000000000000002,0.4594261000000001,1
49514,67,NFE2L2,0.39,0.2826056,1
49515,67,MITF,-0.26,-0.0641084,1
49516,67,SMAD3,1.1700000000000006,1.0553021000000002,1
49517,67,RBM15,0.08,0.0666185,1
49518,67,ATR,0.7600000000000002,0.6210077,1
49519,67,EPAS1,0.29000000000000004,0.3302107,1
49520,67,TPM3,0.19,0.15173050000000002,1
49521,67,RPL10,0.13,0.1282436,1
49522,67,STAG1,0.09999999999999999,0.14849809999999997,1
49523,67,SBDS,-0.04,-0.014981600000000001,1
49524,67,KMT2D,1.0100000000000005,0.8108075,1
49525,67,MED12,0.36000000000000004,0.2982225,1
49526,67,BCLAF1,-0.060000000000000005,0.02427590000000001,1
49527,67,ASPSCR1,0.009999999999999995,0.019237700000000003,1
49528,67,CDK12,0.55,0.43301290000000003,1
49529,67,EWSR1,0.41000000000000003,0.38209669999999996,1
49530,67,NDRG1,-0.04,-0.0024065000000000015,1
49531,67,PSIP1,0.12000000000000001,0.0962754,1
49532,67,TRIM33,0.12000000000000001,0.1085759,1
49533,67,MTOR,1.2100000000000006,0.9465681000000001,1
49534,67,ARHGAP35,0.18000000000000002,0.15556609999999998,1
49535,67,POT1,0.03,0.0207852,1
49536,67,EXT1,0.11,0.08164529999999999,1
49537,67,IL6ST,0.35000000000000003,0.2950591,1
49538,67,IDH2,-0.009999999999999985,0.05758040000000001,1
49539,67,SMARCE1,0.45,0.29892379999999996,1
49540,67,CRTC3,0.08,0.0641582,1
49541,67,TSC1,0.24,0.27030509999999996,1
49542,67,BCOR,-0.08000000000000002,0.0361625,1
49543,67,SDHA,0.24000000000000002,0.1757056,1
49544,67,EP300,2.33,1.9433298999999997,1
49545,67,HNRNPA2B1,0.5800000000000001,0.4092006999999999,1
49546,67,CLIP1,-0.13999999999999999,-0.0745136,1
49547,67,PATZ1,-0.55,-0.1355152,1
49548,67,FUBP1,-0.12000000000000001,0.010598099999999997,1
49549,67,HLA-A,0.019999999999999997,0.0639528,1
49550,67,CCNC,-0.24000000000000002,-0.09361520000000001,1
49551,67,RPN1,-0.19,-0.0628387,1
49552,67,TCF7L2,0.08,0.12359619999999999,1
49553,67,CANT1,-0.01999999999999999,0.009586000000000011,1
49554,67,RPL5,-0.5499999999999999,-0.147748,1
49555,67,CCDC6,0.1,0.11379819999999999,1
49556,67,NCKIPSD,-0.05,-0.0166895,1
49557,67,SMARCD1,0.43000000000000005,0.34536950000000005,1
49558,67,BCL10,0.030000000000000006,0.057611,1
49559,67,MAX,0.00999999999999999,0.05488869999999999,1
49560,67,HERPUD1,-0.01,-0.0030349,1
49561,67,RAC1,0.13,0.1946859,1
49562,67,FLNA,0.08999999999999997,0.08634460000000002,1
49563,67,TFE3,-0.6699999999999999,-0.2469368,1
49564,67,NCOR2,0.45000000000000007,0.4227075999999999,1
49565,67,PRPF40B,0.049999999999999996,0.0294617,1
49566,67,BCL3,-0.07000000000000002,-0.0058775999999999985,1
49567,67,TFPT,-0.32,-0.10324559999999999,1
49568,67,MLH1,0.86,0.7551184,1
49569,67,ARHGAP5,0.14,0.1184398,1
49570,67,CIC,0.0,0.0,1
49571,67,LYN,0.79,0.6063054999999999,1
49572,67,TCF12,0.34,0.2654467,1
49573,67,KLF6,0.06,0.0380145,1
49574,67,KMT2C,0.9700000000000003,0.8071793,1
49575,67,PIM1,-0.11000000000000004,-0.013596100000000007,1
49576,67,CCND1,1.3600000000000008,0.8798316000000002,1
49577,67,MLLT1,-1.2700000000000005,-0.3302998000000001,1
49578,67,MEN1,-0.049999999999999996,0.013401599999999982,1
49579,67,CUL3,0.19999999999999998,0.1813142,1
49580,67,RB1,0.6400000000000001,0.5025499000000001,1
49581,67,LPP,-0.13,-0.033095799999999995,1
49582,67,BUB1B,-0.20000000000000004,-0.0742576,1
49583,67,SMAD4,1.550000000000001,1.2331269999999996,1
49584,67,FGFR1,0.13,0.16013390000000002,1
49585,67,TMSB4X,0.04,0.0304348,1
49586,67,CDK4,1.0900000000000005,0.7239815000000001,1
49587,67,MSI2,0.01,0.0076074,1
49588,67,MSH6,1.0700000000000005,0.8733307,1
49589,67,BRAF,1.1200000000000008,0.9962662,1
49590,67,TCEA1,-0.08,0.0005367000000000045,1
49591,67,TNFAIP3,0.12,0.1140863,1
49592,67,RABEP1,-0.010000000000000002,-0.004562499999999997,1
49593,67,GMPS,-0.08000000000000002,-0.043012699999999994,1
49594,67,MDM2,1.2400000000000009,0.9266048000000003,1
49595,67,NSD2,0.2,0.1446575,1
49596,67,CASP8,-0.2699999999999999,0.07546859999999998,1
49597,67,PER1,-0.16,-0.06009760000000001,1
49598,67,UBR5,0.019999999999999997,0.033422099999999996,1
49599,67,EIF3E,-0.04000000000000001,0.04892139999999999,1
49600,67,RFWD3,0.030000000000000002,0.03171940000000001,1
49601,67,BRD3,0.13,0.09380979999999998,1
49602,67,PAFAH1B2,0.03,0.0263598,1
49603,67,EXT2,0.009999999999999995,0.017001299999999983,1
49604,67,PLCG1,0.5800000000000001,0.4305651000000001,1
49605,67,SF3B1,-0.53,-0.21684160000000002,1
49606,67,ARHGEF10L,0.03,0.0159822,1
49607,67,NFATC2,0.24000000000000002,0.17612870000000003,1
49608,67,SDHD,0.30000000000000004,0.21566400000000002,1
49609,67,PABPC1,-0.6400000000000001,-0.1486018,1
49610,67,POLD1,-0.15000000000000002,-0.015785800000000003,1
49611,67,CALR,0.050000000000000024,0.0749619,1
49612,67,PIK3CB,0.8500000000000003,0.6801139000000002,1
49613,67,PPM1D,0.26,0.1951789,1
49614,67,ATRX,0.8500000000000003,0.7466780000000002,1
49615,67,DGCR8,0.16,0.1243332,1
49616,67,DDX10,0.16,0.12679210000000002,1
49617,67,DROSHA,0.52,0.41027389999999997,1
49618,67,TNFRSF14,-0.19,-0.06124199999999999,1
49619,67,BCL9L,0.13,0.0958448,1
49620,67,QKI,0.019999999999999997,0.0150935,1
49621,67,BAZ1A,0.01,0.007725999999999999,1
49622,67,CHD4,0.3500000000000001,0.31314240000000004,1
49623,67,NSD3,0.09,0.10218849999999999,1
49624,67,NT5C2,0.15000000000000002,0.0831761,1
49625,67,CCNB1IP1,0.12,0.0552054,1
49626,67,PCBP1,-0.7399999999999999,-0.18556239999999996,1
49627,67,RALGDS,-0.09000000000000002,0.0428657,1
49628,67,ARHGEF12,0.020000000000000004,0.0340879,1
49629,67,HSP90AB1,1.1200000000000003,0.7838509000000001,1
49630,67,FOXO3,1.4200000000000008,1.0232822999999998,1
49631,67,HIP1,-0.019999999999999997,-0.010239099999999998,1
49632,67,CDC73,0.09,0.11073079999999999,1
49633,67,NIN,-0.03,-0.0188162,1
49634,67,MDM4,0.06,0.1506321,1
49635,67,COL3A1,0.21,0.1703522,1
49636,67,CTNND1,0.16999999999999998,0.17020980000000002,1
49637,67,SPOP,0.05,0.0755741,1
49638,67,TMEM127,0.08,0.0466973,1
49639,67,CREB3L2,0.13,0.0763437,1
49640,67,MSH2,1.0600000000000005,0.8608249000000002,1
49641,67,FNBP1,-5.204170427930421e-18,0.028019899999999993,1
49642,67,ATF1,0.13,0.0847286,1
49643,67,EIF1AX,-0.55,-0.1985432,1
49644,67,PMS1,0.5499999999999999,0.43533219999999995,1
49645,67,DEK,0.19,0.1624502,1
49646,67,ERBB2,0.8700000000000003,0.5572531000000001,1
49647,67,AKT1,-0.19999999999999996,0.14493610000000004,1
49648,67,CHEK2,0.6900000000000004,0.6415835000000001,1
49649,67,SDHB,0.43000000000000005,0.2990738,1
49650,67,NCOA1,0.36,0.29656299999999997,1
49651,67,CHIC2,0.09,0.058861399999999994,1
49652,67,RUNX1,0.07999999999999993,0.5537345,1
49653,67,STAT6,0.37,0.3403333,1
49654,67,FH,-0.06999999999999999,-0.00950570000000001,1
49655,67,AKT3,1.1200000000000003,0.7965407,1
49656,67,GNAS,0.30999999999999994,0.21378000000000003,1
49657,67,CTNNB1,1.3900000000000006,0.9479742000000005,1
49658,67,NONO,0.33000000000000007,0.2750694,1
49659,67,SMARCB1,0.9800000000000004,0.7527662000000002,1
49660,67,PRKAR1A,0.21,0.194212,1
49661,67,ITGAV,0.05000000000000001,0.05629980000000001,1
49662,67,SS18,0.39,0.2650475,1
49663,67,MAP2K1,0.9500000000000002,0.5726720000000001,1
49664,67,SIRPA,-0.08,-0.017542499999999996,1
49665,67,PPFIBP1,0.41,0.2955523,1
49666,67,RPL22,-0.23000000000000004,0.0873214,1
49667,67,CYLD,0.33,0.26159730000000003,1
49668,67,ARID1B,0.8400000000000001,0.6369839,1
49669,67,SETDB1,0.32,0.2328434,1
49670,67,AFDN,-0.39,-0.128855,1
49671,67,ZRSR2,-0.06000000000000001,-0.025558300000000013,1
49672,67,PBRM1,0.9700000000000004,0.7156704,1
49673,67,XPC,0.55,0.35753850000000004,1
49674,67,ASXL2,0.29,0.2083463,1
49675,67,TRIM24,-0.17,-0.0203916,1
49676,67,SFPQ,-0.3199999999999999,-0.0509779,1
49677,67,NCOA2,0.5800000000000001,0.47092589999999995,1
49678,67,FOXO4,0.37,0.24246240000000002,1
49679,67,LEF1,0.15999999999999998,0.1518662,1
49680,67,B2M,-0.36000000000000004,-0.1419566,1
49681,67,DDIT3,-0.27,-0.0916839,1
49682,67,BCL6,0.27,0.26845779999999997,1
49683,67,KRAS,0.0100000000000001,0.2139125999999999,1
49684,67,FAT1,0.14,0.1017074,1
49685,67,ABL2,0.09000000000000001,0.0697701,1
49686,67,NF1,1.1600000000000006,0.9386325,1
49687,67,BTG1,-0.04,-0.0185272,1
49688,67,EIF4A2,0.09,0.054419800000000004,1
49689,67,SET,0.2,0.1618628,1
49690,67,EPS15,0.06999999999999999,0.06551889999999999,1
49691,67,RNF213,0.06,0.0509406,1
49692,67,CTCF,1.0900000000000003,0.7551691,1
49693,67,WDCP,0.26000000000000006,0.1633961,1
49694,67,KAT7,0.15000000000000002,0.1285521,1
49695,67,KDM5C,0.18000000000000002,0.17133589999999999,1
49696,67,TGFBR2,0.26,0.2296107,1
49697,67,ATM,0.8900000000000006,0.9382186000000003,1
49698,67,NUMA1,3.469446951953614e-18,0.021566699999999994,1
49699,67,STAT3,1.0700000000000007,0.9754416,1
49700,67,SUB1,-0.1,-0.0408941,1
49701,67,NUP98,0.16,0.17786420000000003,1
49702,67,ELL,0.14,0.0760823,1
49703,67,MAP3K1,0.4500000000000001,0.3418637,1
49704,67,MALT1,0.18,0.16787080000000001,1
49705,67,XPO1,0.5400000000000001,0.4324859000000001,1
49706,67,SETD1B,0.27,0.2083181,1
49707,67,ETV6,-0.13,-0.021706400000000008,1
49708,67,TBL1XR1,0.23,0.15667609999999998,1
49709,67,NUP214,-0.030000000000000027,0.15374809999999997,1
49710,67,TPR,0.14,0.10563989999999998,1
49711,67,ATIC,0.12000000000000001,0.1418371,1
49712,67,NACA,0.24,0.1565953,1
49713,67,MYO5A,0.0,0.0001779000000000008,1
49714,67,SMC1A,0.39000000000000007,0.43251419999999996,1
49715,67,LASP1,-0.28,-0.1387506,1
49716,67,ERCC5,0.43999999999999995,0.2800664,1
49717,67,JUN,-0.7599999999999996,-0.01859959999999999,1
49718,67,THRAP3,0.07,0.0519218,1
49719,67,STAG2,0.29999999999999993,0.2931249,1
49720,67,RAF1,0.9400000000000002,0.7275041999999998,1
49721,67,ERCC3,0.6,0.5021566000000001,1
49722,67,SMAD2,0.5000000000000002,0.5140960999999998,1
49723,67,TAF15,0.21000000000000002,0.1741858,1
49724,67,ARNT,0.15999999999999998,0.18363769999999996,1
49725,67,CLTC,-0.7000000000000002,-0.30603169999999996,1
49726,67,IKBKB,0.5900000000000001,0.4803302,1
49727,67,IDH1,-0.9200000000000002,-0.24669679999999994,1
49728,67,SND1,0.01,0.0203507,1
49729,67,KNSTRN,0.03,0.0231621,1
49730,67,RHOA,-2.3400000000000003,-0.5862339999999999,1
49731,67,PALB2,0.7100000000000001,0.5924717,1
49732,67,ARID2,0.8500000000000001,0.6524329999999999,1
49733,67,EZR,-0.03,0.02386020000000001,1
49734,67,TP53,0.030000000000000016,0.3519858000000001,1
49735,67,ARAF,0.4000000000000001,0.2244861,1
49736,67,KIF5B,0.5200000000000001,0.3864292,1
49737,67,KAT6A,0.25,0.24994869999999994,1
49738,67,KTN1,-0.07,-0.013339499999999997,1
49739,67,GOLGA5,-0.09000000000000001,-0.057221900000000006,1
49740,67,KDM5A,0.19,0.20415450000000002,1
49741,67,RAD21,0.6200000000000001,0.5018758,1
49742,67,GNAQ,0.29,0.2340934,1
49743,67,CAMTA1,0.07,0.0529673,1
49744,67,ERCC2,0.7300000000000001,0.5526114,1
49745,67,EZH2,1.8300000000000012,1.3634317,1
49746,67,TOP1,0.27,0.2293846,1
49747,67,SRSF3,-0.29999999999999993,-0.04852909999999999,1
49748,67,NPM1,0.049999999999999975,0.15384350000000002,1
49749,67,BAX,-0.6200000000000001,-0.1516674,1
49750,67,NOTCH2,0.31,0.26085729999999996,1
49751,67,TRAF7,0.02,0.0143978,1
49752,67,KDM6A,0.7200000000000001,0.7541377,1
49753,67,SPEN,0.16,0.1237315,1
49754,67,TRIM27,-0.45999999999999996,-0.1437993,1
49755,67,CRTC1,0.15,0.1132503,1
49756,67,EML4,0.2899999999999999,0.3040179,1
49757,67,USP9X,-0.049999999999999996,-0.038065100000000004,1
49758,67,PTPRK,-0.01,-0.005743700000000001,1
49759,67,CD74,-0.31,-0.046698500000000004,1
49760,67,CBL,0.44,0.44109560000000003,1
49761,67,ZNF384,0.05,0.040057300000000004,1
49762,67,NOTCH1,1.1900000000000006,0.8907532000000001,1
49763,67,COX6C,-0.15,-0.0458958,1
49764,67,CHCHD7,0.03,0.0199428,1
49765,67,HMGA1,-0.060000000000000005,-0.022788000000000003,1
49766,67,PTEN,1.5100000000000011,1.2970970000000002,1
49767,67,FIP1L1,-0.04,-0.016498,1
49768,67,JAK1,0.8400000000000003,0.7002484,1
49769,67,ZMYM2,-0.019999999999999997,-0.012463100000000001,1
49770,67,SUZ12,0.8200000000000003,0.6334868,1
49771,67,FUS,-0.33999999999999997,0.07502469999999999,1
49772,67,BAP1,-0.24000000000000002,-0.08891970000000002,1
49773,67,ZCCHC8,-0.1,-0.025731,1
49774,67,CRNKL1,0.0,-0.0003016000000000008,1
49775,67,RAD17,0.19,0.13636650000000003,1
49776,67,ATP1A1,0.0,0.0014057999999999996,1
49777,67,DNMT3A,1.0600000000000003,0.8514041999999999,1
49778,67,FBXW7,0.8500000000000003,0.7401655,1
49779,67,WWTR1,-0.18000000000000005,-0.06443560000000001,1
49780,67,CDKN1B,0.41000000000000003,0.3075559,1
49781,67,KMT2A,0.23000000000000007,0.2845837,1
49782,67,PTPN11,1.0200000000000007,0.8359315,1
49783,67,STAT5B,0.59,0.5135626999999999,1
49784,67,CUX1,-0.08,-0.0522233,1
49785,67,ABI1,-0.25,-0.056995699999999996,1
49786,67,BRCA1,1.9300000000000013,1.5316474000000007,1
49787,67,SH2B3,0.08,0.0449935,1
49788,67,AFF4,-0.07,-0.014830600000000006,1
49789,67,NF2,0.15000000000000002,0.14254389999999997,1
49790,67,LMNA,0.12,0.0870305,1
49791,67,TSC2,0.7400000000000002,0.5943823,1
49792,67,GOLPH3,-0.060000000000000005,-0.04154820000000001,1
49793,67,PCM1,-0.03,-0.0227667,1
49794,67,PPP2R1A,-0.45000000000000007,-0.1208508,1
49795,67,ARID1A,1.8500000000000012,1.4541541,1
49796,67,ABL1,-0.13999999999999996,0.08432240000000005,1
49797,67,AFF1,0.13,0.1374895,1
49798,67,DAXX,-0.26,-0.04194440000000001,1
49799,67,CBFB,0.12000000000000001,0.12130049999999998,1
49800,67,CBLB,0.17,0.1481395,1
49801,67,POLR2A,-0.08999999999999994,0.1962985,1
49802,67,PRKACA,0.23999999999999996,0.2661507000000001,1
49803,67,DNM2,-0.13,-0.0579197,1
49804,67,RAP1GDS1,0.020000000000000004,0.041068700000000014,1
49805,67,NCOR1,0.7800000000000002,0.8101970000000002,1
49806,67,NFKBIE,-0.38,-0.1199698,1
49807,67,DDX3X,0.22,0.20282989999999998,1
49808,67,ELK4,0.03,0.025497899999999997,1
49809,67,MLLT6,0.05,0.0461332,1
49810,67,SRSF2,-2.31,-0.5623004,1
49811,67,CTNNA1,0.13,0.102624,1
49812,67,RBM10,0.19,0.1411861,1
49813,67,PTPRC,-0.029999999999999992,0.08275640000000001,1
49814,67,HSP90AA1,1.1000000000000005,0.7466239000000001,1
49815,67,NSD1,0.22999999999999998,0.18542160000000002,0
49816,67,DICER1,0.24999999999999997,0.23834769999999997,0
49817,67,BIRC6,0.11,0.09047770000000001,0
49818,67,SDHC,0.32000000000000006,0.21164689999999997,0
49819,67,TFG,0.31,0.17612919999999999,0
49820,67,MAP2K2,0.26999999999999996,0.21540719999999997,0
49821,67,TFRC,-0.31999999999999995,-0.1458189,0
49822,67,CREB1,0.8900000000000003,0.6486747000000002,0
49823,67,POLG,0.02,0.0064862,0
49824,67,SETD2,0.7300000000000002,0.6094179999999999,0
49825,67,NAB2,-0.29000000000000004,-0.0991119,0
49826,67,HIF1A,1.590000000000001,1.113547,0
49827,67,FLCN,0.05,0.046652200000000005,0
49828,67,MAP2K4,0.03000000000000001,0.09463250000000001,0
49829,67,CNOT3,-0.009999999999999995,0.012093100000000006,0
49830,67,CIITA,0.1,0.0658326,0
49831,67,LSM14A,0.08,0.0747753,0
49832,67,AKAP9,-0.11000000000000001,-0.032937999999999995,0
49833,67,MSN,-0.38999999999999996,-0.0906903,0
49834,67,BCR,0.04999999999999999,0.04827229999999999,0
49835,67,TRRAP,0.010000000000000002,0.09982759999999999,0
49836,67,PPP6C,-0.18,-0.08690260000000001,0
49837,67,NCOA4,-0.18,-0.10057640000000001,0
49838,67,BCL9,0.14,0.116844,0
49839,67,PRCC,0.03999999999999999,0.028246600000000004,0
49840,67,LARP4B,0.01,0.0058284999999999995,0
49841,67,CHD2,0.01,0.0073736999999999995,0
49842,67,ASXL1,0.52,0.47473410000000005,0
49843,67,SMARCA4,1.3500000000000008,0.9781009000000002,0
49844,67,ERC1,-0.01,-0.0074126999999999995,0
49845,67,DCTN1,-0.27999999999999997,-0.1159857,0
49846,67,PIK3R1,1.510000000000001,1.0403003999999996,0
49847,67,EED,0.039999999999999994,0.06646259999999998,0
49848,67,CNBP,0.01,0.0055317000000000005,0
49849,67,SGK1,0.34,0.19383440000000005,0
49850,67,MLLT10,-0.12999999999999995,-0.0487674,0
49851,67,BRD4,0.9200000000000004,0.6861627000000002,0
49852,67,RANBP2,0.13999999999999996,0.217885,0
49853,67,FBXO11,0.08,0.0629012,0
49854,67,PML,0.26000000000000006,0.22395710000000002,0
49855,67,AKT2,0.9900000000000003,0.6639167000000001,0
49856,67,CEP89,0.07,0.042625300000000005,0
49857,67,LZTR1,0.08,0.0771086,0
49858,67,YWHAE,0.27999999999999997,0.1813916,0
49859,67,DNAJB1,-0.060000000000000005,-0.013168200000000001,0
49860,67,PRDM2,0.0,0.0019021999999999997,0
49861,67,TPM4,0.48000000000000004,0.31117959999999995,0
49862,67,CREBBP,1.590000000000001,1.3093239,0
49863,67,PMS2,0.4599999999999999,0.4617189,0
49864,67,DDR2,0.05,0.0380276,0
49865,67,FANCA,0.36999999999999994,0.3051092000000001,0
49866,67,PDE4DIP,0.06,0.0403752,0
49867,67,USP8,-0.08,-0.04010269999999999,0
49868,67,MYH9,-0.36,-0.08557079999999999,0
49869,67,MYC,-0.9900000000000002,-0.36759809999999987,0
49870,67,NBN,0.56,0.4210062,0
49871,67,CCND3,-0.02999999999999999,0.0388251,0
49872,67,TRIP11,-0.16,-0.09337680000000001,0
49873,67,CNTRL,-0.06,-0.0365987,0
49874,67,PIK3CA,1.510000000000001,1.057604,0
49875,67,DDX5,0.41000000000000003,0.33453399999999994,0
49876,67,PICALM,0.010000000000000002,0.012471300000000005,0
49877,67,RARA,0.38,0.2906662,0
49878,67,DDX6,-0.060000000000000005,0.049131999999999995,0
49879,67,COL1A1,0.11,0.1235265,0
49880,67,VHL,0.15000000000000002,0.1117717,0
49881,67,MAPK1,1.550000000000001,0.9962222000000002,0
49882,67,SRC,-0.7899999999999998,-0.09672609999999998,0
49883,67,NFE2L2,0.27,0.18335749999999998,0
49884,67,MITF,-0.31999999999999995,-0.05789470000000001,0
49885,67,SMAD3,1.1600000000000008,0.8713504000000001,0
49886,67,RBM15,0.06,0.04940979999999999,0
49887,67,ATR,0.7300000000000003,0.6290481000000001,0
49888,67,EPAS1,0.4299999999999999,0.37021819999999994,0
49889,67,TPM3,0.32000000000000006,0.2270734,0
49890,67,RPL10,0.11000000000000001,0.10750040000000002,0
49891,67,STAG1,0.18,0.16470380000000004,0
49892,67,SBDS,-0.060000000000000005,-0.0185836,0
49893,67,KMT2D,1.0000000000000004,0.7322493,0
49894,67,MED12,0.30000000000000004,0.23831240000000004,0
49895,67,BCLAF1,-0.04999999999999999,0.016210300000000004,0
49896,67,ASPSCR1,-0.020000000000000007,-0.006217400000000001,0
49897,67,CDK12,0.35,0.2554001,0
49898,67,EWSR1,0.42999999999999994,0.3604418999999999,0
49899,67,NDRG1,-0.04,-0.0083613,0
49900,67,PSIP1,-0.14,-0.06499170000000001,0
49901,67,TRIM33,0.049999999999999996,0.05598890000000001,0
49902,67,MTOR,1.1400000000000003,0.8235044999999998,0
49903,67,ARHGAP35,0.12,0.13178169999999997,0
49904,67,POT1,-0.019999999999999997,0.010153600000000002,0
49905,67,EXT1,0.1,0.06564299999999999,0
49906,67,IL6ST,0.28,0.21092270000000002,0
49907,67,IDH2,0.04000000000000001,0.0648875,0
49908,67,SMARCE1,0.48000000000000004,0.290446,0
49909,67,CRTC3,0.09,0.0745554,0
49910,67,TSC1,0.23000000000000004,0.24305859999999999,0
49911,67,BCOR,-0.2899999999999999,-0.014044700000000004,0
49912,67,SDHA,0.23,0.140584,0
49913,67,EP300,1.8300000000000014,1.4564347999999998,0
49914,67,HNRNPA2B1,0.24,0.20723919999999996,0
49915,67,CLIP1,-0.07999999999999999,-0.042975000000000006,0
49916,67,PATZ1,-0.63,-0.1415304,0
49917,67,FUBP1,-0.2,-0.034490900000000005,0
49918,67,HLA-A,-0.14,0.011355599999999987,0
49919,67,CCNC,-0.039999999999999994,-0.0125442,0
49920,67,RPN1,-0.22,-0.0679919,0
49921,67,TCF7L2,0.009999999999999986,0.0680133,0
49922,67,CANT1,0.11,0.0611382,0
49923,67,RPL5,-0.68,-0.2078628,0
49924,67,CCDC6,2.7755575615628914e-17,0.0536691,0
49925,67,NCKIPSD,0.03,0.017143199999999997,0
49926,67,SMARCD1,0.43,0.2993668,0
49927,67,BCL10,0.039999999999999994,0.05887,0
49928,67,MAX,-0.01000000000000001,0.010514599999999999,0
49929,67,HERPUD1,0.03,0.013224,0
49930,67,RAC1,-0.029999999999999992,0.0941939,0
49931,67,FLNA,0.03,0.057374800000000004,0
49932,67,TFE3,-0.48,-0.1869563,0
49933,67,NCOR2,0.78,0.5775874999999999,0
49934,67,PRPF40B,-3.469446951953614e-18,0.0029124999999999984,0
49935,67,BCL3,-0.050000000000000024,-0.001232100000000006,0
49936,67,TFPT,-0.23,-0.08997930000000001,0
49937,67,MLH1,0.7500000000000002,0.6632986999999999,0
49938,67,ARHGAP5,0.13,0.1112933,0
49939,67,CIC,-0.01,-0.0062998,0
49940,67,LYN,0.9300000000000003,0.6400382999999998,0
49941,67,TCF12,0.32,0.2430891,0
49942,67,KLF6,0.04,0.0238992,0
49943,67,KMT2C,1.1000000000000003,0.8560909999999999,0
49944,67,PIM1,-0.13999999999999999,-0.04595500000000001,0
49945,67,CCND1,1.1400000000000006,0.7109656000000001,0
49946,67,MLLT1,-1.2100000000000002,-0.3022208,0
49947,67,MEN1,0.030000000000000006,0.0782576,0
49948,67,CUL3,0.2,0.1710645,0
49949,67,RB1,0.69,0.5256105,0
49950,67,LPP,-0.03,-0.0158596,0
49951,67,BUB1B,-0.15000000000000002,-0.06001070000000001,0
49952,67,SMAD4,1.4300000000000008,1.0971187,0
49953,67,FGFR1,0.24000000000000002,0.1505387,0
49954,67,TMSB4X,0.04,0.0313316,0
49955,67,CDK4,0.5599999999999999,0.4023334,0
49956,67,MSI2,0.01,0.0073001,0
49957,67,MSH6,0.9400000000000004,0.7179649,0
49958,67,BRAF,1.0200000000000002,0.9171415000000002,0
49959,67,TCEA1,-0.06999999999999999,-0.004491799999999994,0
49960,67,TNFAIP3,0.1,0.11454,0
49961,67,RABEP1,0.0,-0.0011304000000000002,0
49962,67,GMPS,-0.07,-0.03911869999999999,0
49963,67,MDM2,1.3000000000000007,0.8588314999999999,0
49964,67,NSD2,0.17,0.1087282,0
49965,67,CASP8,-0.09000000000000004,0.17167280000000001,0
49966,67,PER1,-0.26999999999999996,-0.0542037,0
49967,67,UBR5,-0.049999999999999996,-0.008961,0
49968,67,EIF3E,-0.030000000000000013,0.054979200000000006,0
49969,67,RFWD3,0.030000000000000002,0.030627900000000003,0
49970,67,BRD3,0.06,0.0682508,0
49971,67,PAFAH1B2,0.02,0.015976399999999998,0
49972,67,EXT2,0.020000000000000004,0.012795799999999989,0
49973,67,PLCG1,0.45999999999999996,0.32997089999999996,0
49974,67,SF3B1,-0.28,-0.1144481,0
49975,67,ARHGEF10L,0.03,0.0173223,0
49976,67,NFATC2,0.22,0.1573088,0
49977,67,SDHD,0.28,0.16107510000000005,0
49978,67,PABPC1,-0.7300000000000001,-0.18727270000000001,0
49979,67,POLD1,-0.6500000000000001,-0.1360559,0
49980,67,CALR,0.019999999999999997,0.020753100000000003,0
49981,67,PIK3CB,0.52,0.4414439,0
49982,67,PPM1D,0.22999999999999998,0.1644715,0
49983,67,ATRX,0.8800000000000004,0.7334886000000003,0
49984,67,DGCR8,0.16,0.0989304,0
49985,67,DDX10,0.13,0.08346400000000001,0
49986,67,DROSHA,0.45000000000000007,0.33090230000000004,0
49987,67,TNFRSF14,-0.15000000000000002,-0.05224460000000001,0
49988,67,BCL9L,0.16,0.11270279999999999,0
49989,67,QKI,-0.09999999999999999,-0.0580032,0
49990,67,BAZ1A,0.01,0.0068353,0
49991,67,CHD4,0.16999999999999993,0.1591689,0
49992,67,NSD3,0.11,0.0882553,0
49993,67,NT5C2,0.16,0.09260580000000002,0
49994,67,CCNB1IP1,0.09,0.0355076,0
49995,67,PCBP1,-0.86,-0.24442870000000005,0
49996,67,RALGDS,0.1,0.08233979999999999,0
49997,67,ARHGEF12,-0.009999999999999995,0.004816000000000001,0
49998,67,HSP90AB1,1.1100000000000005,0.7162357999999998,0
49999,67,FOXO3,1.2000000000000004,0.8135800000000002,0
50000,67,HIP1,-0.01,-0.006803,0
50001,67,CDC73,-0.11,0.0003888999999999993,0
50002,67,NIN,0.03,0.023401700000000004,0
50003,67,MDM4,0.04000000000000001,0.1308149,0
50004,67,COL3A1,0.18000000000000002,0.15815020000000002,0
50005,67,CTNND1,0.07999999999999999,0.11879530000000002,0
50006,67,SPOP,-0.04000000000000001,0.003042500000000007,0
50007,67,TMEM127,0.07,0.05887480000000001,0
50008,67,CREB3L2,0.16,0.09405779999999998,0
50009,67,MSH2,0.8900000000000003,0.6923568999999999,0
50010,67,FNBP1,-0.009999999999999998,-0.0009805000000000022,0
50011,67,ATF1,0.05,0.031172400000000003,0
50012,67,EIF1AX,-0.38,-0.18583720000000004,0
50013,67,PMS1,0.33000000000000007,0.2659193,0
50014,67,DEK,0.09,0.0901073,0
50015,67,ERBB2,1.0700000000000005,0.6631226999999997,0
50016,67,AKT1,0.6700000000000003,0.45229040000000004,0
50017,67,CHEK2,0.23000000000000004,0.36226449999999993,0
50018,67,SDHB,0.41000000000000003,0.2627357,0
50019,67,NCOA1,0.44000000000000006,0.3077621,0
50020,67,CHIC2,0.06,0.0317358,0
50021,67,RUNX1,0.5600000000000003,0.6957626999999998,0
50022,67,STAT6,0.33000000000000007,0.21557600000000002,0
50023,67,FH,-0.13,-0.03360780000000001,0
50024,67,AKT3,1.0700000000000005,0.7244663,0
50025,67,GNAS,0.27,0.17496019999999998,0
50026,67,CTNNB1,1.2700000000000007,0.8388109000000002,0
50027,67,NONO,0.19,0.1284947,0
50028,67,SMARCB1,0.9200000000000004,0.6873467999999998,0
50029,67,PRKAR1A,0.08,0.09278029999999998,0
50030,67,ITGAV,0.020000000000000007,0.03768339999999999,0
50031,67,SS18,0.4,0.2546551,0
50032,67,MAP2K1,1.1100000000000005,0.6876124999999998,0
50033,67,SIRPA,0.01,0.0059367,0
50034,67,PPFIBP1,0.37999999999999995,0.25627069999999996,0
50035,67,RPL22,-0.13999999999999999,0.0787312,0
50036,67,CYLD,0.30000000000000004,0.2350469,0
50037,67,ARID1B,0.69,0.49944839999999996,0
50038,67,SETDB1,0.33,0.2311071,0
50039,67,AFDN,-0.36000000000000004,-0.12749720000000003,0
50040,67,ZRSR2,0.27,0.19391579999999997,0
50041,67,PBRM1,0.9000000000000004,0.6397348999999998,0
50042,67,XPC,0.56,0.38158410000000004,0
50043,67,ASXL2,0.23,0.15235909999999997,0
50044,67,TRIM24,-0.11,-0.02657579999999999,0
50045,67,SFPQ,-0.22999999999999998,-0.058014,0
50046,67,NCOA2,0.5000000000000001,0.34158310000000003,0
50047,67,FOXO4,0.27,0.2033348,0
50048,67,LEF1,0.19,0.14908039999999997,0
50049,67,B2M,-0.55,-0.19706080000000004,0
50050,67,DDIT3,-0.41000000000000003,-0.10415780000000001,0
50051,67,BCL6,0.6300000000000001,0.44646930000000007,0
50052,67,KRAS,-0.9,-0.19699279999999997,0
50053,67,FAT1,0.04000000000000001,0.0504819,0
50054,67,ABL2,0.029999999999999995,0.0381615,0
50055,67,NF1,1.0300000000000005,0.8168602999999999,0
50056,67,BTG1,-0.01,-0.0055102,0
50057,67,EIF4A2,0.10999999999999999,0.07781460000000001,0
50058,67,SET,0.16000000000000003,0.1337101,0
50059,67,EPS15,0.04,0.038768399999999995,0
50060,67,RNF213,0.04,0.030424100000000003,0
50061,67,CTCF,0.7400000000000002,0.5476041999999999,0
50062,67,WDCP,0.12000000000000002,0.08270910000000001,0
50063,67,KAT7,0.12999999999999998,0.09915140000000001,0
50064,67,KDM5C,0.18,0.16508660000000003,0
50065,67,TGFBR2,0.32000000000000006,0.22833390000000006,0
50066,67,ATM,1.290000000000001,1.036037,0
50067,67,NUMA1,-0.049999999999999996,-0.018094200000000005,0
50068,67,STAT3,1.2900000000000007,1.0492799000000004,0
50069,67,SUB1,-0.18,-0.06554960000000001,0
50070,67,NUP98,0.07,0.10207470000000003,0
50071,67,ELL,-0.060000000000000005,-0.0047642000000000006,0
50072,67,MAP3K1,0.39,0.30401910000000004,0
50073,67,MALT1,0.19,0.171324,0
50074,67,XPO1,0.3700000000000001,0.3071726,0
50075,67,SETD1B,0.15000000000000002,0.10757260000000002,0
50076,67,ETV6,-0.15999999999999998,-0.04626870000000001,0
50077,67,TBL1XR1,0.19,0.12194460000000001,0
50078,67,NUP214,0.04000000000000001,0.1285136,0
50079,67,TPR,0.10000000000000002,0.11000659999999998,0
50080,67,ATIC,0.08000000000000003,0.06121599999999999,0
50081,67,NACA,0.22000000000000003,0.1375578,0
50082,67,MYO5A,0.019999999999999997,0.014117599999999998,0
50083,67,SMC1A,0.52,0.4820101,0
50084,67,LASP1,-0.21000000000000002,-0.1201849,0
50085,67,ERCC5,0.4799999999999999,0.31853990000000004,0
50086,67,JUN,-0.049999999999999975,0.19806289999999996,0
50087,67,THRAP3,0.06999999999999999,0.057589999999999995,0
50088,67,STAG2,0.52,0.38340720000000006,0
50089,67,RAF1,1.0500000000000003,0.7573736000000002,0
50090,67,ERCC3,0.36000000000000004,0.32050490000000004,0
50091,67,SMAD2,0.5500000000000002,0.513967,0
50092,67,TAF15,0.14,0.1213715,0
50093,67,ARNT,0.27,0.2246108,0
50094,67,CLTC,-0.56,-0.3102739,0
50095,67,IKBKB,0.5200000000000002,0.41804849999999993,0
50096,67,IDH1,-0.44,-0.11676780000000002,0
50097,67,SND1,-0.019999999999999997,-0.008414399999999999,0
50098,67,KNSTRN,0.03,0.0239556,0
50099,67,RHOA,-1.4000000000000004,-0.3650799,0
50100,67,PALB2,0.43000000000000005,0.4069178,0
50101,67,ARID2,0.7200000000000002,0.531913,0
50102,67,EZR,-0.060000000000000005,0.0017474000000000005,0
50103,67,TP53,-0.7,0.10305819999999999,0
50104,67,ARAF,0.3600000000000001,0.20175950000000004,0
50105,67,KIF5B,0.43999999999999995,0.327323,0
50106,67,KAT6A,0.16999999999999998,0.183281,0
50107,67,KTN1,-0.08,-0.0242381,0
50108,67,GOLGA5,-0.13,-0.0799849,0
50109,67,KDM5A,0.21999999999999997,0.20017520000000003,0
50110,67,RAD21,0.41,0.3407369,0
50111,67,GNAQ,0.11000000000000004,0.0909428,0
50112,67,CAMTA1,0.03,0.0189954,0
50113,67,ERCC2,0.5700000000000001,0.4076091,0
50114,67,EZH2,1.7800000000000011,1.1726251000000005,0
50115,67,TOP1,0.09000000000000001,0.08961219999999998,0
50116,67,SRSF3,-0.47999999999999987,-0.1509304,0
50117,67,NPM1,0.17999999999999997,0.2436575,0
50118,67,BAX,-0.5700000000000001,-0.1486254,0
50119,67,NOTCH2,0.29,0.2266932,0
50120,67,TRAF7,0.03,0.0220821,0
50121,67,KDM6A,0.8600000000000003,0.7602955,0
50122,67,SPEN,0.09999999999999999,0.0730024,0
50123,67,TRIM27,-0.45000000000000007,-0.15650650000000002,0
50124,67,CRTC1,0.15,0.12293409999999999,0
50125,67,EML4,0.23,0.1888347,0
50126,67,USP9X,-0.060000000000000005,-0.0369001,0
50127,67,PTPRK,0.01,0.0068147,0
50128,67,CD74,-0.07000000000000002,0.022274700000000015,0
50129,67,CBL,0.5900000000000001,0.4282955,0
50130,67,ZNF384,-0.06,-0.0288065,0
50131,67,NOTCH1,1.0900000000000005,0.8083112000000001,0
50132,67,COX6C,-0.1,-0.051119700000000004,0
50133,67,CHCHD7,0.03,0.0194043,0
50134,67,HMGA1,-0.13,-0.055375400000000005,0
50135,67,PTEN,1.640000000000001,1.2894036999999998,0
50136,67,FIP1L1,-0.06,-0.0289902,0
50137,67,JAK1,0.7800000000000002,0.5906433999999999,0
50138,67,ZMYM2,-0.060000000000000005,-0.0413595,0
50139,67,SUZ12,0.7400000000000003,0.5466161,0
50140,67,FUS,-0.33999999999999997,0.08655899999999997,0
50141,67,BAP1,-0.01999999999999999,0.019579600000000003,0
50142,67,ZCCHC8,-0.11,-0.0254925,0
50143,67,CRNKL1,-0.019999999999999997,-0.012114800000000002,0
50144,67,RAD17,0.14,0.09912250000000002,0
50145,67,ATP1A1,-0.01,-0.0049742000000000015,0
50146,67,DNMT3A,0.8700000000000003,0.6290319,0
50147,67,FBXW7,1.0600000000000005,0.8190531000000001,0
50148,67,WWTR1,-0.09000000000000001,-0.042981599999999995,0
50149,67,CDKN1B,0.54,0.3465967999999999,0
50150,67,KMT2A,0.5000000000000001,0.40386720000000004,0
50151,67,PTPN11,0.9400000000000004,0.6951294000000001,0
50152,67,STAT5B,0.5800000000000001,0.4583029,0
50153,67,CUX1,-0.09,-0.0589099,0
50154,67,ABI1,-0.31000000000000005,-0.10218300000000001,0
50155,67,BRCA1,1.4200000000000008,1.1661313,0
50156,67,SH2B3,0.030000000000000006,0.023736399999999998,0
50157,67,AFF4,-0.010000000000000016,0.0127923,0
50158,67,NF2,0.08000000000000002,0.10565700000000001,0
50159,67,LMNA,0.030000000000000013,0.04759550000000001,0
50160,67,TSC2,0.5900000000000001,0.47129509999999997,0
50161,67,GOLPH3,-0.08,-0.051356000000000006,0
50162,67,PCM1,-0.05,-0.0339855,0
50163,67,PPP2R1A,-0.6400000000000001,-0.2138699,0
50164,67,ARID1A,1.8400000000000012,1.3186619,0
50165,67,ABL1,-0.01000000000000006,0.11056600000000004,0
50166,67,AFF1,0.31,0.23039350000000003,0
50167,67,DAXX,-0.4099999999999999,-0.1149171,0
50168,67,CBFB,0.10999999999999997,0.08877919999999999,0
50169,67,CBLB,0.14,0.10748680000000001,0
50170,67,POLR2A,0.1499999999999999,0.2610808,0
50171,67,PRKACA,0.36999999999999994,0.2798277999999999,0
50172,67,DNM2,-0.12,-0.0526074,0
50173,67,RAP1GDS1,-0.04,-0.022615800000000002,0
50174,67,NCOR1,0.8400000000000002,0.7626552999999999,0
50175,67,NFKBIE,-0.25,-0.09219600000000001,0
50176,67,DDX3X,0.15000000000000002,0.1373772,0
50177,67,ELK4,0.02,0.0155834,0
50178,67,MLLT6,0.12,0.0919063,0
50179,67,SRSF2,-1.3500000000000003,-0.3963459,0
50180,67,CTNNA1,0.12,0.0874915,0
50181,67,RBM10,0.19,0.12122759999999999,0
50182,67,PTPRC,0.09000000000000001,0.1083005,0
50183,67,HSP90AA1,1.0800000000000005,0.6973582,0
50184,68,NSD1,0.33,0.2896567,1
50185,68,DICER1,0.14999999999999997,0.2274011,1
50186,68,BIRC6,0.12,0.1143284,1
50187,68,SDHC,0.4,0.30056189999999994,1
50188,68,TFG,0.22,0.13693619999999998,1
50189,68,MAP2K2,0.27999999999999997,0.20319230000000002,1
50190,68,TFRC,-0.20000000000000004,-0.0778532,1
50191,68,CREB1,0.8900000000000005,0.7688192999999999,1
50192,68,POLG,-0.02,-0.0054210000000000005,1
50193,68,SETD2,0.5200000000000001,0.5105621,1
50194,68,NAB2,-0.5599999999999999,-0.14998579999999997,1
50195,68,HIF1A,1.5400000000000007,1.2225321999999998,1
50196,68,FLCN,-0.07,0.013981500000000004,1
50197,68,MAP2K4,0.05000000000000001,0.123594,1
50198,68,CNOT3,0.07,0.06958,1
50199,68,CIITA,0.11,0.0700395,1
50200,68,LSM14A,0.16,0.13168239999999998,1
50201,68,AKAP9,-0.05,0.008857799999999999,1
50202,68,MSN,-0.26,-0.08704350000000001,1
50203,68,BCR,-0.1,0.03412,1
50204,68,TRRAP,0.02000000000000002,0.22832930000000004,1
50205,68,PPP6C,-0.13,-0.056458900000000006,1
50206,68,NCOA4,-0.08999999999999997,-0.009271999999999985,1
50207,68,BCL9,0.2,0.163959,1
50208,68,PRCC,0.09999999999999999,0.07909079999999999,1
50209,68,LARP4B,0.04,0.0314696,1
50210,68,CHD2,0.02,0.01776,1
50211,68,ASXL1,0.2799999999999999,0.34250340000000007,1
50212,68,SMARCA4,1.920000000000001,1.4984338000000001,1
50213,68,ERC1,-0.01,-0.0078365,1
50214,68,DCTN1,-0.060000000000000026,0.002077599999999992,1
50215,68,PIK3R1,1.2000000000000006,1.0156442999999997,1
50216,68,EED,0.13999999999999999,0.11518940000000003,1
50217,68,CNBP,0.03,0.0201222,1
50218,68,SGK1,0.45999999999999996,0.3081591,1
50219,68,MLLT10,-0.22999999999999998,-0.1313109,1
50220,68,BRD4,0.8900000000000005,0.8068600999999999,1
50221,68,RANBP2,0.30999999999999994,0.295795,1
50222,68,FBXO11,0.08,0.0647417,1
50223,68,PML,0.38999999999999996,0.28176229999999997,1
50224,68,AKT2,1.1400000000000006,0.8378758,1
50225,68,CEP89,0.06,0.03833740000000001,1
50226,68,LZTR1,0.09999999999999999,0.1234284,1
50227,68,YWHAE,0.27,0.1686309,1
50228,68,DNAJB1,-0.10999999999999999,-0.0297848,1
50229,68,PRDM2,0.08,0.0670836,1
50230,68,TPM4,0.51,0.36158919999999994,1
50231,68,CREBBP,2.0200000000000014,1.6839790999999995,1
50232,68,PMS2,0.7300000000000002,0.6488677,1
50233,68,DDR2,0.010000000000000002,0.004451900000000005,1
50234,68,FANCA,0.38999999999999996,0.3317514,1
50235,68,PDE4DIP,0.08,0.0616206,1
50236,68,USP8,-0.049999999999999996,-0.0225773,1
50237,68,MYH9,-0.48000000000000004,-0.1228804,1
50238,68,MYC,-2.3699999999999997,-0.6180072000000001,1
50239,68,NBN,0.6300000000000001,0.5191689,1
50240,68,CCND3,-0.07000000000000002,0.012739999999999994,1
50241,68,TRIP11,-0.07,-0.054258200000000006,1
50242,68,CNTRL,-0.06,-0.050017299999999994,1
50243,68,PIK3CA,1.2700000000000007,1.1083775000000005,1
50244,68,DDX5,0.22999999999999995,0.27063240000000005,1
50245,68,PICALM,3.469446951953614e-18,0.004468800000000002,1
50246,68,RARA,-0.01000000000000002,0.10745400000000001,1
50247,68,DDX6,0.07000000000000002,0.13772799999999996,1
50248,68,COL1A1,0.23,0.2030223,1
50249,68,VHL,0.29000000000000004,0.21343399999999998,1
50250,68,MAPK1,1.900000000000001,1.3704062000000006,1
50251,68,SRC,0.15999999999999998,0.3180052,1
50252,68,NFE2L2,0.33999999999999997,0.2630414,1
50253,68,MITF,-0.16000000000000003,-0.022285099999999995,1
50254,68,SMAD3,1.1700000000000006,1.1801667,1
50255,68,RBM15,0.12,0.099402,1
50256,68,ATR,0.74,0.6177538,1
50257,68,EPAS1,0.34,0.3518971000000001,1
50258,68,TPM3,0.21000000000000002,0.17027640000000002,1
50259,68,RPL10,0.10999999999999999,0.1315484,1
50260,68,STAG1,0.13999999999999999,0.16414140000000002,1
50261,68,SBDS,-0.05,-0.017630100000000003,1
50262,68,KMT2D,1.0600000000000005,0.8714723000000001,1
50263,68,MED12,0.38000000000000006,0.3282475999999999,1
50264,68,BCLAF1,-0.019999999999999983,0.045844300000000004,1
50265,68,ASPSCR1,-6.938893903907228e-18,0.00984249999999999,1
50266,68,CDK12,0.56,0.4601425,1
50267,68,EWSR1,0.22999999999999995,0.28738489999999994,1
50268,68,NDRG1,-0.03,-0.0016998999999999981,1
50269,68,PSIP1,0.11,0.09748590000000003,1
50270,68,TRIM33,0.11,0.10210860000000001,1
50271,68,MTOR,1.0200000000000005,0.8607734999999996,1
50272,68,ARHGAP35,0.18000000000000002,0.1555065,1
50273,68,POT1,0.01,0.012565499999999999,1
50274,68,EXT1,0.1,0.073,1
50275,68,IL6ST,0.34,0.29409830000000003,1
50276,68,IDH2,0.04000000000000001,0.0554022,1
50277,68,SMARCE1,0.44,0.3122001,1
50278,68,CRTC3,0.08,0.06587670000000001,1
50279,68,TSC1,0.32,0.31316999999999995,1
50280,68,BCOR,-0.10000000000000003,0.0267914,1
50281,68,SDHA,0.26,0.1925573,1
50282,68,EP300,2.4000000000000004,2.0138592999999996,1
50283,68,HNRNPA2B1,0.5700000000000001,0.4115883000000001,1
50284,68,CLIP1,-0.09000000000000001,-0.0543043,1
50285,68,PATZ1,-0.61,-0.1511151,1
50286,68,FUBP1,-0.19,-0.020665899999999997,1
50287,68,HLA-A,-0.12,-0.0024027999999999897,1
50288,68,CCNC,-0.24,-0.1005979,1
50289,68,RPN1,-0.21,-0.0822405,1
50290,68,TCF7L2,0.039999999999999966,0.1209457,1
50291,68,CANT1,-0.01999999999999999,0.0140611,1
50292,68,RPL5,-0.6900000000000001,-0.1966129,1
50293,68,CCDC6,0.05,0.08992100000000003,1
50294,68,NCKIPSD,-0.05,-0.009323399999999999,1
50295,68,SMARCD1,0.49,0.3876142000000001,1
50296,68,BCL10,0.05,0.0809407,1
50297,68,MAX,3.469446951953614e-18,0.050351599999999996,1
50298,68,HERPUD1,-0.03,-0.008298,1
50299,68,RAC1,0.010000000000000018,0.11094439999999997,1
50300,68,FLNA,0.15999999999999998,0.11993139999999998,1
50301,68,TFE3,-0.7800000000000001,-0.2895128,1
50302,68,NCOR2,0.6100000000000002,0.5378530000000001,1
50303,68,PRPF40B,0.07,0.0479056,1
50304,68,BCL3,-0.14,-0.0342381,1
50305,68,TFPT,-0.41000000000000003,-0.12165139999999999,1
50306,68,MLH1,0.8000000000000003,0.7339810999999999,1
50307,68,ARHGAP5,0.11,0.108123,1
50308,68,CIC,0.0,0.0,1
50309,68,LYN,0.8300000000000001,0.6343741,1
50310,68,TCF12,0.34,0.285547,1
50311,68,KLF6,0.04,0.028195,1
50312,68,KMT2C,1.0000000000000002,0.8575711000000001,1
50313,68,PIM1,-0.05000000000000001,0.006066300000000014,1
50314,68,CCND1,1.0600000000000005,0.6857650999999999,1
50315,68,MLLT1,-1.3900000000000003,-0.3670504,1
50316,68,MEN1,-0.060000000000000005,-0.0030866000000000053,1
50317,68,CUL3,0.14,0.17647370000000004,1
50318,68,RB1,0.6500000000000001,0.5477254,1
50319,68,LPP,-0.18,-0.0341673,1
50320,68,BUB1B,-0.11,-0.034132899999999994,1
50321,68,SMAD4,1.670000000000001,1.3862547999999997,1
50322,68,FGFR1,0.34,0.2914742,1
50323,68,TMSB4X,0.03,0.0233394,1
50324,68,CDK4,1.0500000000000005,0.7359275000000002,1
50325,68,MSI2,0.01,0.007873,1
50326,68,MSH6,1.0600000000000005,0.8966072,1
50327,68,BRAF,1.2100000000000006,1.0861448999999996,1
50328,68,TCEA1,6.938893903907228e-18,0.0461173,1
50329,68,TNFAIP3,0.14,0.1251525,1
50330,68,RABEP1,0.010000000000000002,0.007439600000000001,1
50331,68,GMPS,-0.09000000000000002,-0.04329670000000001,1
50332,68,MDM2,1.300000000000001,1.0152732,1
50333,68,NSD2,0.21,0.1603186,1
50334,68,CASP8,-0.36,0.05930709999999998,1
50335,68,PER1,-0.21000000000000002,-0.07475810000000002,1
50336,68,UBR5,0.019999999999999993,0.04989759999999999,1
50337,68,EIF3E,0.030000000000000013,0.06449590000000001,1
50338,68,RFWD3,0.03,0.028888800000000003,1
50339,68,BRD3,0.15999999999999998,0.11677180000000001,1
50340,68,PAFAH1B2,0.03,0.026829,1
50341,68,EXT2,0.010000000000000009,0.009836200000000003,1
50342,68,PLCG1,0.53,0.4497747,1
50343,68,SF3B1,-0.5800000000000001,-0.2742113,1
50344,68,ARHGEF10L,0.03,0.015526499999999999,1
50345,68,NFATC2,0.25,0.1934906,1
50346,68,SDHD,0.31,0.2123794,1
50347,68,PABPC1,-1.06,-0.2797145,1
50348,68,POLD1,-0.31999999999999995,-0.07844169999999999,1
50349,68,CALR,0.02000000000000001,0.053636900000000015,1
50350,68,PIK3CB,0.7100000000000002,0.5959642,1
50351,68,PPM1D,0.32000000000000006,0.2578337,1
50352,68,ATRX,0.9500000000000004,0.8493536000000002,1
50353,68,DGCR8,0.22000000000000003,0.1797732,1
50354,68,DDX10,0.18,0.14237680000000003,1
50355,68,DROSHA,0.56,0.45770080000000013,1
50356,68,TNFRSF14,-0.17,-0.057873100000000004,1
50357,68,BCL9L,0.14,0.1054562,1
50358,68,QKI,0.05,0.0392526,1
50359,68,BAZ1A,0.0,0.0,1
50360,68,CHD4,0.36,0.31788179999999994,1
50361,68,NSD3,0.09,0.107072,1
50362,68,NT5C2,0.15000000000000002,0.0903675,1
50363,68,CCNB1IP1,0.13,0.06295210000000001,1
50364,68,PCBP1,-0.9600000000000001,-0.23981330000000003,1
50365,68,RALGDS,-0.12000000000000001,0.029695500000000003,1
50366,68,ARHGEF12,-0.020000000000000004,0.0290827,1
50367,68,HSP90AB1,1.1400000000000006,0.7929331,1
50368,68,FOXO3,1.4800000000000009,1.128256,1
50369,68,HIP1,-0.02,-0.012683400000000001,1
50370,68,CDC73,0.029999999999999995,0.08234440000000001,1
50371,68,NIN,0.009999999999999998,0.008230600000000001,1
50372,68,MDM4,0.07000000000000002,0.15913609999999997,1
50373,68,COL3A1,0.23,0.1885103,1
50374,68,CTNND1,0.13,0.153456,1
50375,68,SPOP,0.12000000000000001,0.11492649999999999,1
50376,68,TMEM127,0.09,0.054185100000000014,1
50377,68,CREB3L2,0.14,0.09225320000000001,1
50378,68,MSH2,1.0500000000000005,0.8843241,1
50379,68,FNBP1,0.03,0.0401558,1
50380,68,ATF1,0.17,0.12493580000000001,1
50381,68,EIF1AX,-0.48,-0.19013439999999998,1
50382,68,PMS1,0.5199999999999999,0.4123853,1
50383,68,DEK,0.19,0.165266,1
50384,68,ERBB2,1.0500000000000005,0.688467,1
50385,68,AKT1,0.9200000000000004,0.6241040000000002,1
50386,68,CHEK2,0.6100000000000002,0.6203717000000001,1
50387,68,SDHB,0.39000000000000007,0.2919098,1
50388,68,NCOA1,0.44,0.3738869,1
50389,68,CHIC2,0.08,0.0551048,1
50390,68,RUNX1,-0.009999999999999981,0.49965560000000003,1
50391,68,STAT6,0.4,0.36944920000000003,1
50392,68,FH,-0.07000000000000002,-0.010000900000000007,1
50393,68,AKT3,1.1600000000000006,0.8598264000000001,1
50394,68,GNAS,0.39,0.2751443,1
50395,68,CTNNB1,1.520000000000001,1.0787024000000003,1
50396,68,NONO,0.31000000000000005,0.2688554,1
50397,68,SMARCB1,1.0300000000000005,0.8216417000000003,1
50398,68,PRKAR1A,0.22,0.2041112,1
50399,68,ITGAV,-0.04999999999999998,0.027784899999999994,1
50400,68,SS18,0.4,0.2855438,1
50401,68,MAP2K1,1.0300000000000002,0.669144,1
50402,68,SIRPA,-0.05,-0.008924999999999999,1
50403,68,PPFIBP1,0.39999999999999997,0.2950971,1
50404,68,RPL22,-0.16,0.1041133,1
50405,68,CYLD,0.32,0.2584728,1
50406,68,ARID1B,0.8700000000000001,0.7003640999999999,1
50407,68,SETDB1,0.34,0.24933520000000003,1
50408,68,AFDN,-0.35,-0.09713900000000002,1
50409,68,ZRSR2,-0.16,-0.09764980000000001,1
50410,68,PBRM1,1.0000000000000004,0.7713917999999998,1
50411,68,XPC,0.52,0.33921530000000005,1
50412,68,ASXL2,0.29000000000000004,0.2145679,1
50413,68,TRIM24,-0.12000000000000001,0.0268896,1
50414,68,SFPQ,-0.43000000000000005,-0.15134239999999996,1
50415,68,NCOA2,0.6100000000000001,0.5220264999999998,1
50416,68,FOXO4,0.26999999999999996,0.18980340000000004,1
50417,68,LEF1,0.24000000000000005,0.2123416,1
50418,68,B2M,-0.26999999999999996,-0.12053940000000003,1
50419,68,DDIT3,-0.31000000000000005,-0.10591889999999998,1
50420,68,BCL6,0.32000000000000006,0.28877469999999994,1
50421,68,KRAS,-0.2500000000000001,0.05283639999999998,1
50422,68,FAT1,0.12000000000000001,0.0884502,1
50423,68,ABL2,0.07,0.060920400000000006,1
50424,68,NF1,1.2700000000000007,1.0537546,1
50425,68,BTG1,-0.06,-0.02622,1
50426,68,EIF4A2,0.07,0.0409281,1
50427,68,SET,0.2,0.1643763,1
50428,68,EPS15,0.08000000000000002,0.0731138,1
50429,68,RNF213,0.06,0.052333199999999996,1
50430,68,CTCF,1.0900000000000005,0.7749685000000001,1
50431,68,WDCP,0.21000000000000002,0.13135320000000003,1
50432,68,KAT7,0.16999999999999998,0.1449271,1
50433,68,KDM5C,0.18000000000000002,0.17637699999999998,1
50434,68,TGFBR2,0.22000000000000003,0.21408400000000002,1
50435,68,ATM,0.8300000000000005,0.8833977000000001,1
50436,68,NUMA1,0.019999999999999993,0.0278629,1
50437,68,STAT3,0.7000000000000003,0.8066434,1
50438,68,SUB1,-0.12,-0.0556231,1
50439,68,NUP98,0.2199999999999999,0.22086730000000002,1
50440,68,ELL,0.13,0.066565,1
50441,68,MAP3K1,0.39999999999999997,0.3225457,1
50442,68,MALT1,0.13000000000000003,0.14998689999999998,1
50443,68,XPO1,0.5100000000000001,0.43534530000000005,1
50444,68,SETD1B,0.31000000000000005,0.250666,1
50445,68,ETV6,-0.17,-0.03087349999999999,1
50446,68,TBL1XR1,0.25,0.18291319999999997,1
50447,68,NUP214,-0.18,0.11915629999999999,1
50448,68,TPR,0.12000000000000001,0.10211040000000003,1
50449,68,ATIC,0.11,0.13936139999999997,1
50450,68,NACA,0.21000000000000002,0.11993100000000001,1
50451,68,MYO5A,0.02,0.015850799999999998,1
50452,68,SMC1A,0.29000000000000004,0.40988549999999996,1
50453,68,LASP1,-0.26,-0.12800869999999998,1
50454,68,ERCC5,0.44999999999999996,0.28149810000000003,1
50455,68,JUN,-0.7699999999999998,-0.13046149999999998,1
50456,68,THRAP3,0.09,0.0694523,1
50457,68,STAG2,0.28,0.29873040000000006,1
50458,68,RAF1,0.8700000000000003,0.6844154000000002,1
50459,68,ERCC3,0.59,0.5223717000000001,1
50460,68,SMAD2,0.5200000000000002,0.5646878999999999,1
50461,68,TAF15,0.24000000000000005,0.2020408,1
50462,68,ARNT,0.22000000000000003,0.216129,1
50463,68,CLTC,-0.69,-0.3035753,1
50464,68,IKBKB,0.44000000000000017,0.4727535000000001,1
50465,68,IDH1,-0.6800000000000002,-0.21922500000000003,1
50466,68,SND1,6.938893903907228e-18,0.0312898,1
50467,68,KNSTRN,0.02,0.0149984,1
50468,68,RHOA,-3.0700000000000007,-0.7470083999999998,1
50469,68,PALB2,0.6400000000000001,0.5606049,1
50470,68,ARID2,0.8700000000000001,0.7092058,1
50471,68,EZR,-0.11999999999999998,-0.02155590000000001,1
50472,68,TP53,-0.2699999999999999,0.31009319999999996,1
50473,68,ARAF,0.38999999999999996,0.2232024,1
50474,68,KIF5B,0.5700000000000002,0.4405609999999999,1
50475,68,KAT6A,0.19,0.22589050000000002,1
50476,68,KTN1,-0.11,-0.015746200000000005,1
50477,68,GOLGA5,-0.08,-0.0550717,1
50478,68,KDM5A,0.22999999999999998,0.23453459999999998,1
50479,68,RAD21,0.5800000000000001,0.49165339999999996,1
50480,68,GNAQ,0.3,0.2365133,1
50481,68,CAMTA1,0.06,0.044968400000000006,1
50482,68,ERCC2,0.66,0.5378371999999999,1
50483,68,EZH2,1.5800000000000012,1.2514405999999998,1
50484,68,TOP1,0.27,0.22251900000000002,1
50485,68,SRSF3,-0.2599999999999999,-0.04120580000000003,1
50486,68,NPM1,0.16,0.1930652,1
50487,68,BAX,-0.84,-0.1822208,1
50488,68,NOTCH2,0.29000000000000004,0.2469059,1
50489,68,TRAF7,0.02,0.0143126,1
50490,68,KDM6A,0.68,0.7892725999999999,1
50491,68,SPEN,0.13999999999999999,0.11383309999999999,1
50492,68,TRIM27,-0.62,-0.18977580000000002,1
50493,68,CRTC1,0.15,0.11779039999999999,1
50494,68,EML4,0.33000000000000007,0.3271289000000001,1
50495,68,USP9X,0.02,0.015033599999999994,1
50496,68,PTPRK,0.0,0.0,1
50497,68,CD74,-0.15999999999999998,0.0023012000000000032,1
50498,68,CBL,0.55,0.5087189,1
50499,68,ZNF384,0.05,0.0392346,1
50500,68,NOTCH1,1.2400000000000007,0.9366166,1
50501,68,COX6C,-0.21999999999999997,-0.05568889999999999,1
50502,68,CHCHD7,0.01,0.0059513000000000005,1
50503,68,HMGA1,-0.07999999999999999,-0.029373799999999995,1
50504,68,PTEN,1.370000000000001,1.2730548000000004,1
50505,68,FIP1L1,-0.009999999999999995,-0.00033280000000000115,1
50506,68,JAK1,0.8600000000000003,0.7409569,1
50507,68,ZMYM2,0.010000000000000004,0.011411600000000003,1
50508,68,SUZ12,0.9600000000000004,0.7372181999999999,1
50509,68,FUS,-0.48999999999999994,-0.0138787,1
50510,68,BAP1,-0.37,-0.15057569999999998,1
50511,68,ZCCHC8,-0.08,-0.0225768,1
50512,68,CRNKL1,0.019999999999999997,0.015506599999999995,1
50513,68,RAD17,0.18,0.13232089999999996,1
50514,68,ATP1A1,0.02,0.014168400000000001,1
50515,68,DNMT3A,1.0300000000000002,0.8728735000000003,1
50516,68,FBXW7,0.9500000000000002,0.8246856,1
50517,68,WWTR1,-0.12,-0.05068999999999999,1
50518,68,CDKN1B,0.47000000000000003,0.33435129999999996,1
50519,68,KMT2A,0.21000000000000005,0.2916522,1
50520,68,PTPN11,1.2200000000000006,1.0203863,1
50521,68,STAT5B,0.7200000000000002,0.6071135,1
50522,68,CUX1,-0.049999999999999996,-0.0329231,1
50523,68,ABI1,-0.39,-0.1073742,1
50524,68,BRCA1,1.9700000000000013,1.6123266999999997,1
50525,68,SH2B3,0.11,0.06994479999999999,1
50526,68,AFF4,-0.049999999999999996,-0.010703999999999995,1
50527,68,NF2,0.18000000000000002,0.17117200000000002,1
50528,68,LMNA,0.06,0.0493451,1
50529,68,TSC2,0.8400000000000003,0.6896676,1
50530,68,GOLPH3,-0.08,-0.055376,1
50531,68,PCM1,-0.04,-0.032650700000000005,1
50532,68,PPP2R1A,-0.4099999999999999,-0.10529559999999999,1
50533,68,ARID1A,1.650000000000001,1.3391590000000002,1
50534,68,ABL1,-0.22000000000000003,0.059608900000000006,1
50535,68,AFF1,0.05000000000000001,0.0881205,1
50536,68,DAXX,-0.47,-0.12202790000000001,1
50537,68,CBFB,0.06000000000000001,0.1228408,1
50538,68,CBLB,0.17,0.14998270000000002,1
50539,68,POLR2A,-0.37,0.07402189999999997,1
50540,68,PRKACA,0.18000000000000008,0.2687238,1
50541,68,DNM2,-0.11000000000000001,-0.0395022,1
50542,68,RAP1GDS1,0.010000000000000023,0.0494956,1
50543,68,NCOR1,0.8700000000000002,0.9047094999999998,1
50544,68,NFKBIE,-0.37,-0.1091994,1
50545,68,DDX3X,0.32,0.2859949,1
50546,68,ELK4,0.02,0.0166302,1
50547,68,MLLT6,0.09,0.0718763,1
50548,68,SRSF2,-3.2600000000000007,-0.7206081999999999,1
50549,68,CTNNA1,0.16,0.12617989999999998,1
50550,68,RBM10,0.17,0.1267249,1
50551,68,PTPRC,-0.08,0.0686348,1
50552,68,HSP90AA1,1.1000000000000005,0.7511214000000002,1
50553,68,NSD1,0.25,0.20303569999999999,0
50554,68,DICER1,0.07000000000000005,0.1430957,0
50555,68,BIRC6,0.060000000000000005,0.0517474,0
50556,68,SDHC,0.24000000000000002,0.1897049,0
50557,68,TFG,0.25,0.142244,0
50558,68,MAP2K2,0.32,0.24651010000000004,0
50559,68,TFRC,-0.24,-0.11018540000000002,0
50560,68,CREB1,0.8600000000000004,0.5886124000000001,0
50561,68,POLG,0.02,0.00745,0
50562,68,SETD2,0.7300000000000002,0.5938253,0
50563,68,NAB2,-0.29000000000000004,-0.1116507,0
50564,68,HIF1A,1.530000000000001,1.0538667,0
50565,68,FLCN,0.060000000000000005,0.05456000000000001,0
50566,68,MAP2K4,-0.010000000000000009,0.07782790000000002,0
50567,68,CNOT3,-0.06,-0.010318399999999998,0
50568,68,CIITA,0.09,0.0592897,0
50569,68,LSM14A,0.05,0.060388800000000006,0
50570,68,AKAP9,-0.07,-0.024727900000000004,0
50571,68,MSN,-0.30999999999999994,-0.06251879999999999,0
50572,68,BCR,0.060000000000000005,0.04795510000000001,0
50573,68,TRRAP,0.09999999999999996,0.1281565,0
50574,68,PPP6C,-0.17,-0.08040530000000001,0
50575,68,NCOA4,-0.22000000000000003,-0.1148582,0
50576,68,BCL9,0.13,0.10360730000000001,0
50577,68,PRCC,0.06000000000000001,0.04265940000000001,0
50578,68,LARP4B,-0.01,-0.0048172,0
50579,68,CHD2,0.02,0.0157156,0
50580,68,ASXL1,0.54,0.47799400000000003,0
50581,68,SMARCA4,1.2400000000000009,0.9353306999999998,0
50582,68,ERC1,-0.03,-0.020179600000000002,0
50583,68,DCTN1,-0.21,-0.0814613,0
50584,68,PIK3R1,1.4000000000000008,0.9335999,0
50585,68,EED,0.029999999999999992,0.07119929999999998,0
50586,68,CNBP,0.03,0.018771299999999998,0
50587,68,SGK1,0.29000000000000004,0.15845640000000003,0
50588,68,MLLT10,-0.08,-0.008505000000000002,0
50589,68,BRD4,1.0600000000000005,0.7843617999999999,0
50590,68,RANBP2,0.040000000000000015,0.15506810000000004,0
50591,68,FBXO11,0.060000000000000005,0.05082880000000001,0
50592,68,PML,0.37,0.2694662,0
50593,68,AKT2,0.7700000000000001,0.5374950000000001,0
50594,68,CEP89,0.07,0.0384647,0
50595,68,LZTR1,0.06,0.06947599999999998,0
50596,68,YWHAE,0.26,0.1586716,0
50597,68,DNAJB1,-0.010000000000000002,0.011103799999999997,0
50598,68,PRDM2,0.03,0.022101299999999997,0
50599,68,TPM4,0.5,0.3203785,0
50600,68,CREBBP,1.730000000000001,1.401542,0
50601,68,PMS2,0.5300000000000001,0.49961240000000007,0
50602,68,DDR2,0.049999999999999996,0.0352178,0
50603,68,FANCA,0.38,0.2990865,0
50604,68,PDE4DIP,0.05,0.0337623,0
50605,68,USP8,-0.09999999999999999,-0.04872509999999999,0
50606,68,MYH9,-0.31,-0.04562490000000002,0
50607,68,MYC,-1.5100000000000007,-0.4631184,0
50608,68,NBN,0.56,0.41077169999999996,0
50609,68,CCND3,-0.010000000000000002,0.0594212,0
50610,68,TRIP11,-0.13,-0.0795399,0
50611,68,CNTRL,-0.06,-0.0421141,0
50612,68,PIK3CA,1.4100000000000006,0.9457596000000001,0
50613,68,DDX5,0.24000000000000007,0.2409177,0
50614,68,PICALM,0.010000000000000002,0.009435000000000002,0
50615,68,RARA,0.6400000000000001,0.44511770000000006,0
50616,68,DDX6,0.07999999999999999,0.0956503,0
50617,68,COL1A1,0.17000000000000004,0.1566835,0
50618,68,VHL,0.2,0.12951249999999997,0
50619,68,MAPK1,1.4600000000000009,0.8905714999999998,0
50620,68,SRC,-0.6599999999999999,0.02040139999999995,0
50621,68,NFE2L2,0.16999999999999998,0.11653060000000001,0
50622,68,MITF,-0.26,-0.06829949999999999,0
50623,68,SMAD3,1.310000000000001,0.9373513999999998,0
50624,68,RBM15,0.09,0.07268949999999999,0
50625,68,ATR,0.7000000000000003,0.5796305000000002,0
50626,68,EPAS1,0.43,0.34631210000000007,0
50627,68,TPM3,0.31000000000000005,0.22141000000000005,0
50628,68,RPL10,0.13,0.1201875,0
50629,68,STAG1,0.07999999999999999,0.1058957,0
50630,68,SBDS,-0.09,-0.029638199999999996,0
50631,68,KMT2D,0.9400000000000004,0.6515281000000002,0
50632,68,MED12,0.32000000000000006,0.2503506,0
50633,68,BCLAF1,0.03,0.0593686,0
50634,68,ASPSCR1,3.469446951953614e-18,0.009485300000000006,0
50635,68,CDK12,0.18,0.1368932,0
50636,68,EWSR1,0.5099999999999999,0.3899045,0
50637,68,NDRG1,-0.049999999999999996,-0.0179736,0
50638,68,PSIP1,-0.09,-0.04079190000000002,0
50639,68,TRIM33,0.019999999999999997,0.032446499999999996,0
50640,68,MTOR,1.1500000000000006,0.7956544999999999,0
50641,68,ARHGAP35,0.16,0.1569873,0
50642,68,POT1,-0.01,0.005578600000000001,0
50643,68,EXT1,0.12,0.08628599999999999,0
50644,68,IL6ST,0.30000000000000004,0.22304960000000001,0
50645,68,IDH2,0.18,0.1418844,0
50646,68,SMARCE1,0.41,0.24044929999999998,0
50647,68,CRTC3,0.09,0.06915050000000002,0
50648,68,TSC1,0.29000000000000004,0.2581573,0
50649,68,BCOR,-0.12,-0.020129000000000005,0
50650,68,SDHA,0.23,0.15477419999999997,0
50651,68,EP300,1.650000000000001,1.216891,0
50652,68,HNRNPA2B1,0.38999999999999996,0.2957423,0
50653,68,CLIP1,-0.12000000000000001,-0.0703607,0
50654,68,PATZ1,-0.49,-0.12521179999999998,0
50655,68,FUBP1,-0.09999999999999999,0.011021300000000008,0
50656,68,HLA-A,-0.05000000000000002,0.040408999999999994,0
50657,68,CCNC,-0.11,-0.0424263,0
50658,68,RPN1,-0.24000000000000002,-0.07088,0
50659,68,TCF7L2,0.029999999999999978,0.057164600000000024,0
50660,68,CANT1,0.11000000000000001,0.0747304,0
50661,68,RPL5,-0.7100000000000001,-0.19035069999999998,0
50662,68,CCDC6,-0.009999999999999995,0.0246103,0
50663,68,NCKIPSD,0.02,0.0105985,0
50664,68,SMARCD1,0.44,0.29279140000000003,0
50665,68,BCL10,-0.009999999999999974,0.018695800000000005,0
50666,68,MAX,-0.010000000000000002,0.016580699999999997,0
50667,68,HERPUD1,0.03,0.0133755,0
50668,68,RAC1,-0.09000000000000002,0.081626,0
50669,68,FLNA,0.13,0.1233921,0
50670,68,TFE3,-0.29,-0.1263593,0
50671,68,NCOR2,0.78,0.5634027,0
50672,68,PRPF40B,-0.02,-0.0110894,0
50673,68,BCL3,-0.030000000000000002,0.0059686000000000045,0
50674,68,TFPT,-0.19,-0.0784783,0
50675,68,MLH1,0.7300000000000002,0.6130517,0
50676,68,ARHGAP5,0.16000000000000003,0.1143524,0
50677,68,CIC,0.0,0.0,0
50678,68,LYN,0.9700000000000004,0.6584578999999999,0
50679,68,TCF12,0.26,0.1830079,0
50680,68,KLF6,0.05,0.028761000000000002,0
50681,68,KMT2C,1.0200000000000002,0.7795759999999998,0
50682,68,PIM1,-0.09999999999999998,-0.020962200000000007,0
50683,68,CCND1,1.0600000000000007,0.7009508,0
50684,68,MLLT1,-0.6700000000000002,-0.2093898,0
50685,68,MEN1,0.11,0.1099613,0
50686,68,CUL3,0.08,0.10042369999999999,0
50687,68,RB1,0.57,0.40285010000000004,0
50688,68,LPP,-0.020000000000000004,-0.012618200000000005,0
50689,68,BUB1B,-0.09999999999999999,-0.04088589999999999,0
50690,68,SMAD4,1.3900000000000008,1.0209721999999997,0
50691,68,FGFR1,0.26,0.18269999999999997,0
50692,68,TMSB4X,0.04,0.031507600000000004,0
50693,68,CDK4,0.5499999999999999,0.4183186,0
50694,68,MSI2,0.0,0.0,0
50695,68,MSH6,0.8300000000000003,0.5993723,0
50696,68,BRAF,0.8600000000000004,0.7501749999999999,0
50697,68,TCEA1,-0.009999999999999995,0.022876999999999998,0
50698,68,TNFAIP3,0.09000000000000001,0.0809213,0
50699,68,RABEP1,0.0,-0.0011181000000000003,0
50700,68,GMPS,-0.07,-0.034457699999999994,0
50701,68,MDM2,1.0400000000000007,0.6685258000000003,0
50702,68,NSD2,0.15,0.10026310000000001,0
50703,68,CASP8,-0.009999999999999995,0.176696,0
50704,68,PER1,-0.36,-0.036634500000000014,0
50705,68,UBR5,-0.06999999999999999,-0.016460299999999987,0
50706,68,EIF3E,-0.059999999999999984,0.039403299999999995,0
50707,68,RFWD3,0.019999999999999997,0.030694399999999997,0
50708,68,BRD3,0.14,0.1022968,0
50709,68,PAFAH1B2,0.02,0.014943,0
50710,68,EXT2,0.009999999999999995,0.020548899999999995,0
50711,68,PLCG1,0.5800000000000001,0.3886302,0
50712,68,SF3B1,-0.30000000000000004,-0.10104250000000001,0
50713,68,ARHGEF10L,0.02,0.010607400000000001,0
50714,68,NFATC2,0.18999999999999997,0.1277023,0
50715,68,SDHD,0.26,0.14572980000000002,0
50716,68,PABPC1,-0.6000000000000001,-0.1811595,0
50717,68,POLD1,-0.45,-0.07914290000000002,0
50718,68,CALR,0.040000000000000015,0.03911829999999999,0
50719,68,PIK3CB,0.6700000000000002,0.4807123,0
50720,68,PPM1D,0.15000000000000002,0.1097655,0
50721,68,ATRX,1.0000000000000004,0.7912897000000002,0
50722,68,DGCR8,0.16,0.09537749999999998,0
50723,68,DDX10,0.14,0.0952536,0
50724,68,DROSHA,0.45000000000000007,0.3261096,0
50725,68,TNFRSF14,-0.11,-0.0381821,0
50726,68,BCL9L,0.14,0.0925932,0
50727,68,QKI,-0.13,-0.0693491,0
50728,68,BAZ1A,0.01,0.0066334,0
50729,68,CHD4,0.19,0.20949150000000005,0
50730,68,NSD3,0.019999999999999997,0.048776799999999995,0
50731,68,NT5C2,0.18000000000000002,0.11522250000000002,0
50732,68,CCNB1IP1,0.08,0.033736999999999996,0
50733,68,PCBP1,-0.6600000000000001,-0.207471,0
50734,68,RALGDS,0.14,0.0902461,0
50735,68,ARHGEF12,-0.009999999999999998,-0.000748600000000002,0
50736,68,HSP90AB1,1.1400000000000006,0.723001,0
50737,68,FOXO3,1.2500000000000007,0.8317571000000001,0
50738,68,HIP1,-0.02,-0.0124498,0
50739,68,CDC73,-0.16999999999999998,-0.02511380000000001,0
50740,68,NIN,0.03,0.023361299999999995,0
50741,68,MDM4,0.15000000000000002,0.16885820000000004,0
50742,68,COL3A1,0.16999999999999998,0.150844,0
50743,68,CTNND1,0.10999999999999999,0.1167899,0
50744,68,SPOP,0.03,0.0410544,0
50745,68,TMEM127,0.13,0.0927595,0
50746,68,CREB3L2,0.16,0.10595179999999998,0
50747,68,MSH2,0.9600000000000004,0.6518846999999999,0
50748,68,FNBP1,0.01,0.011124300000000002,0
50749,68,ATF1,0.009999999999999997,0.010453700000000007,0
50750,68,EIF1AX,-0.48000000000000004,-0.20679590000000003,0
50751,68,PMS1,0.48000000000000004,0.3616272,0
50752,68,DEK,0.13,0.1143134,0
50753,68,ERBB2,1.0500000000000005,0.6457563,0
50754,68,AKT1,1.610000000000001,0.9814172999999999,0
50755,68,CHEK2,-0.01000000000000003,0.3231091,0
50756,68,SDHB,0.45,0.29688069999999994,0
50757,68,NCOA1,0.39,0.2643202,0
50758,68,CHIC2,0.05,0.025883399999999997,0
50759,68,RUNX1,0.5200000000000001,0.585346,0
50760,68,STAT6,0.29,0.20404919999999996,0
50761,68,FH,-0.1,-0.01640810000000001,0
50762,68,AKT3,1.0500000000000003,0.6535885999999999,0
50763,68,GNAS,0.31000000000000005,0.19530219999999998,0
50764,68,CTNNB1,1.0100000000000005,0.6501881,0
50765,68,NONO,0.13,0.0873222,0
50766,68,SMARCB1,0.9400000000000004,0.6633222,0
50767,68,PRKAR1A,0.04999999999999999,0.06658750000000001,0
50768,68,ITGAV,0.060000000000000005,0.057739900000000004,0
50769,68,SS18,0.41,0.2550907,0
50770,68,MAP2K1,1.0600000000000005,0.6552285,0
50771,68,SIRPA,0.01,0.006709999999999999,0
50772,68,PPFIBP1,0.39999999999999997,0.2566028,0
50773,68,RPL22,-0.10999999999999999,0.099546,0
50774,68,CYLD,0.28,0.2033333,0
50775,68,ARID1B,0.71,0.5221367,0
50776,68,SETDB1,0.32,0.22798980000000002,0
50777,68,AFDN,-0.21000000000000002,-0.0777331,0
50778,68,ZRSR2,0.32000000000000006,0.2334345,0
50779,68,PBRM1,0.9100000000000004,0.6275960000000002,0
50780,68,XPC,0.64,0.4201038,0
50781,68,ASXL2,0.22999999999999998,0.1511834,0
50782,68,TRIM24,-0.22,-0.1059774,0
50783,68,SFPQ,-0.13,0.011625300000000005,0
50784,68,NCOA2,0.56,0.38398049999999995,0
50785,68,FOXO4,0.3600000000000001,0.23844180000000004,0
50786,68,LEF1,0.1,0.0960656,0
50787,68,B2M,-0.65,-0.2055479,0
50788,68,DDIT3,-0.32,-0.09055880000000001,0
50789,68,BCL6,0.52,0.35853009999999996,0
50790,68,KRAS,-1.2100000000000002,-0.26136509999999996,0
50791,68,FAT1,0.039999999999999994,0.048024599999999994,0
50792,68,ABL2,0.049999999999999996,0.040928599999999996,0
50793,68,NF1,0.8700000000000003,0.6670569,0
50794,68,BTG1,0.0,0.0,0
50795,68,EIF4A2,0.049999999999999996,0.04704869999999999,0
50796,68,SET,0.17,0.14566620000000002,0
50797,68,EPS15,0.0,0.013254599999999995,0
50798,68,RNF213,0.04,0.0303679,0
50799,68,CTCF,0.8600000000000003,0.6119419,0
50800,68,WDCP,0.11000000000000001,0.08714670000000001,0
50801,68,KAT7,0.07999999999999999,0.0639175,0
50802,68,KDM5C,0.15,0.1398517,0
50803,68,TGFBR2,0.23999999999999996,0.1719927,0
50804,68,ATM,1.3200000000000007,1.0050755999999998,0
50805,68,NUMA1,-0.029999999999999992,-0.00028389999999999666,0
50806,68,STAT3,1.4300000000000008,1.1142346,0
50807,68,SUB1,-0.22,-0.0862659,0
50808,68,NUP98,0.04999999999999998,0.0884848,0
50809,68,ELL,0.04,0.034727400000000005,0
50810,68,MAP3K1,0.43,0.3002316,0
50811,68,MALT1,0.16999999999999998,0.13252170000000002,0
50812,68,XPO1,0.25,0.2167171,0
50813,68,SETD1B,0.11,0.08204499999999999,0
50814,68,ETV6,-0.23999999999999994,-0.08450590000000001,0
50815,68,TBL1XR1,0.17,0.10512659999999999,0
50816,68,NUP214,0.06000000000000004,0.0986296,0
50817,68,TPR,0.09,0.08437369999999997,0
50818,68,ATIC,0.09,0.06424059999999998,0
50819,68,NACA,0.22000000000000003,0.14379540000000002,0
50820,68,MYO5A,0.010000000000000002,0.011103500000000002,0
50821,68,SMC1A,0.63,0.4965077000000001,0
50822,68,LASP1,-0.18,-0.1068211,0
50823,68,ERCC5,0.51,0.32661389999999996,0
50824,68,JUN,0.8200000000000003,0.5729805,0
50825,68,THRAP3,0.059999999999999984,0.054278799999999995,0
50826,68,STAG2,0.55,0.3881803,0
50827,68,RAF1,1.1100000000000003,0.7392613000000001,0
50828,68,ERCC3,0.4200000000000001,0.36197969999999996,0
50829,68,SMAD2,0.3900000000000002,0.40019099999999996,0
50830,68,TAF15,0.12,0.11100100000000002,0
50831,68,ARNT,0.31000000000000005,0.23456769999999996,0
50832,68,CLTC,-0.5400000000000001,-0.291898,0
50833,68,IKBKB,0.5900000000000002,0.4422389,0
50834,68,IDH1,-0.38999999999999996,-0.0819285,0
50835,68,SND1,0.04,0.0311878,0
50836,68,KNSTRN,0.03,0.023910599999999997,0
50837,68,RHOA,-0.97,-0.23137719999999995,0
50838,68,PALB2,0.53,0.44904269999999996,0
50839,68,ARID2,0.7100000000000002,0.5185176,0
50840,68,EZR,-0.11000000000000001,-0.013979800000000007,0
50841,68,TP53,-0.6499999999999997,0.13731990000000008,0
50842,68,ARAF,0.4,0.2190008,0
50843,68,KIF5B,0.38,0.2747644,0
50844,68,KAT6A,0.29999999999999993,0.23048680000000002,0
50845,68,KTN1,-0.08,-0.025070899999999997,0
50846,68,GOLGA5,-0.13,-0.0788998,0
50847,68,KDM5A,0.22000000000000003,0.19161399999999998,0
50848,68,RAD21,0.47000000000000003,0.3728955,0
50849,68,GNAQ,0.10999999999999999,0.075961,0
50850,68,CAMTA1,0.01,0.005693200000000001,0
50851,68,ERCC2,0.56,0.41478649999999995,0
50852,68,EZH2,2.0200000000000014,1.3111857,0
50853,68,TOP1,0.19000000000000003,0.1394833,0
50854,68,SRSF3,-0.39,-0.11746310000000001,0
50855,68,NPM1,0.06999999999999998,0.15732859999999996,0
50856,68,BAX,-0.44000000000000006,-0.1398468,0
50857,68,NOTCH2,0.27,0.2089107,0
50858,68,TRAF7,0.03,0.021439200000000002,0
50859,68,KDM6A,0.8400000000000001,0.6954109000000002,0
50860,68,SPEN,0.09,0.0637891,0
50861,68,TRIM27,-0.37,-0.1371317,0
50862,68,CRTC1,0.16999999999999998,0.1302086,0
50863,68,EML4,0.19999999999999996,0.16028649999999994,0
50864,68,USP9X,-0.1,-0.062106900000000013,0
50865,68,PTPRK,0.01,0.006381599999999999,0
50866,68,CD74,1.0408340855860843e-17,0.059377900000000004,0
50867,68,CBL,0.6100000000000001,0.4216498,0
50868,68,ZNF384,-0.09,-0.044286099999999995,0
50869,68,NOTCH1,1.0300000000000005,0.7598335,0
50870,68,COX6C,-0.11,-0.0575219,0
50871,68,CHCHD7,0.03,0.020378399999999998,0
50872,68,HMGA1,-0.09,-0.042281200000000005,0
50873,68,PTEN,1.620000000000001,1.1707295000000002,0
50874,68,FIP1L1,-0.01999999999999999,-0.012786400000000003,0
50875,68,JAK1,0.8000000000000003,0.5966912000000001,0
50876,68,ZMYM2,-0.09000000000000001,-0.058666399999999994,0
50877,68,SUZ12,0.5700000000000001,0.40685050000000006,0
50878,68,FUS,-0.22999999999999998,0.09800529999999998,0
50879,68,BAP1,0.06,0.07784880000000001,0
50880,68,ZCCHC8,-0.14,-0.029328600000000003,0
50881,68,CRNKL1,-0.06,-0.032409,0
50882,68,RAD17,0.11000000000000001,0.0777042,0
50883,68,ATP1A1,-0.02,-0.0107522,0
50884,68,DNMT3A,1.0000000000000004,0.7743152999999999,0
50885,68,FBXW7,1.0000000000000002,0.7350658999999998,0
50886,68,WWTR1,-0.11000000000000001,-0.0487029,0
50887,68,CDKN1B,0.7000000000000002,0.43003480000000005,0
50888,68,KMT2A,0.4600000000000001,0.3610711,0
50889,68,PTPN11,0.8100000000000003,0.5829334999999999,0
50890,68,STAT5B,0.6600000000000001,0.48498739999999996,0
50891,68,CUX1,-0.12,-0.0750615,0
50892,68,ABI1,-0.42000000000000004,-0.13223769999999999,0
50893,68,BRCA1,1.550000000000001,1.1898026000000006,0
50894,68,SH2B3,0.05000000000000001,0.0400893,0
50895,68,AFF4,0.18,0.12174070000000001,0
50896,68,NF2,0.060000000000000005,0.09436560000000001,0
50897,68,LMNA,0.12000000000000001,0.08915859999999998,0
50898,68,TSC2,0.5299999999999999,0.43416579999999994,0
50899,68,GOLPH3,-0.07,-0.04316690000000001,0
50900,68,PCM1,-0.05,-0.028930700000000004,0
50901,68,PPP2R1A,-0.5700000000000001,-0.1590015,0
50902,68,ARID1A,1.8000000000000012,1.2445461000000002,0
50903,68,ABL1,0.17000000000000018,0.19769019999999998,0
50904,68,AFF1,0.28,0.20385570000000003,0
50905,68,DAXX,-0.13000000000000003,0.0030177999999999906,0
50906,68,CBFB,0.12,0.08879350000000001,0
50907,68,CBLB,0.12000000000000001,0.08686939999999999,0
50908,68,POLR2A,0.039999999999999994,0.15720259999999991,0
50909,68,PRKACA,0.4,0.3233444,0
50910,68,DNM2,-0.1,-0.0405489,0
50911,68,RAP1GDS1,-0.05,-0.0207918,0
50912,68,NCOR1,0.9500000000000002,0.7774062999999999,0
50913,68,NFKBIE,-0.19,-0.07366420000000001,0
50914,68,DDX3X,0.09,0.10010529999999998,0
50915,68,ELK4,0.02,0.013686199999999999,0
50916,68,MLLT6,0.12,0.0878697,0
50917,68,SRSF2,-0.7900000000000001,-0.2363819,0
50918,68,CTNNA1,0.08,0.057830900000000005,0
50919,68,RBM10,0.19999999999999998,0.13478990000000002,0
50920,68,PTPRC,0.12,0.11958769999999999,0
50921,68,HSP90AA1,1.3300000000000005,0.8630189000000005,0
50922,69,NSD1,0.31,0.26562909999999995,1
50923,69,DICER1,0.23,0.26462199999999997,1
50924,69,BIRC6,0.09,0.0902693,1
50925,69,SDHC,0.42000000000000004,0.3191747,1
50926,69,TFG,0.16,0.10906120000000001,1
50927,69,MAP2K2,0.24999999999999997,0.18402580000000002,1
50928,69,TFRC,-0.24000000000000002,-0.0958696,1
50929,69,CREB1,0.9400000000000005,0.7858977000000001,1
50930,69,POLG,-0.01,-0.0028377999999999997,1
50931,69,SETD2,0.6700000000000002,0.6055434000000002,1
50932,69,NAB2,-0.52,-0.1546024,1
50933,69,HIF1A,1.670000000000001,1.2817944999999997,1
50934,69,FLCN,-0.04,0.020103899999999994,1
50935,69,MAP2K4,0.10000000000000002,0.1369603,1
50936,69,CNOT3,0.05999999999999999,0.061042599999999995,1
50937,69,CIITA,0.08,0.0489061,1
50938,69,LSM14A,0.14,0.114109,1
50939,69,AKAP9,-0.05,0.005891700000000007,1
50940,69,MSN,-0.31,-0.1003767,1
50941,69,BCR,-0.040000000000000015,0.03611799999999999,1
50942,69,TRRAP,-0.009999999999999953,0.17522530000000003,1
50943,69,PPP6C,-0.13999999999999999,-0.05459359999999999,1
50944,69,NCOA4,-0.10000000000000002,-0.0276342,1
50945,69,BCL9,0.19,0.1466061,1
50946,69,PRCC,0.059999999999999984,0.0537391,1
50947,69,LARP4B,0.02,0.0144122,1
50948,69,CHD2,0.02,0.017786800000000002,1
50949,69,ASXL1,0.3700000000000001,0.3896388999999999,1
50950,69,SMARCA4,1.9600000000000013,1.5336251999999997,1
50951,69,ERC1,-0.03,-0.0221634,1
50952,69,DCTN1,-0.020000000000000007,0.026901000000000008,1
50953,69,PIK3R1,1.3400000000000007,1.0584748,1
50954,69,EED,0.08000000000000002,0.0747448,1
50955,69,CNBP,0.01,0.0056872,1
50956,69,SGK1,0.49,0.33034220000000003,1
50957,69,MLLT10,-0.17999999999999997,-0.0980672,1
50958,69,BRD4,0.9200000000000004,0.816645,1
50959,69,RANBP2,0.26,0.2586732,1
50960,69,FBXO11,0.07,0.0589649,1
50961,69,PML,0.3500000000000001,0.24513139999999997,1
50962,69,AKT2,1.09,0.7895276999999997,1
50963,69,CEP89,0.06,0.0373226,1
50964,69,LZTR1,0.1,0.11523919999999999,1
50965,69,YWHAE,0.13,0.08600949999999999,1
50966,69,DNAJB1,-0.07,-0.0205467,1
50967,69,PRDM2,0.05,0.040228,1
50968,69,TPM4,0.52,0.3662212,1
50969,69,CREBBP,1.790000000000001,1.4969763999999999,1
50970,69,PMS2,0.6800000000000002,0.6083639000000001,1
50971,69,DDR2,0.03,0.020417099999999997,1
50972,69,FANCA,0.39000000000000007,0.3364613000000001,1
50973,69,PDE4DIP,0.07,0.0530503,1
50974,69,USP8,-0.049999999999999996,-0.020715799999999996,1
50975,69,MYH9,-0.43000000000000005,-0.10885149999999999,1
50976,69,MYC,-0.77,-0.052416399999999974,1
50977,69,NBN,0.6200000000000001,0.5029484999999999,1
50978,69,CCND3,-0.1,-0.0025172000000000007,1
50979,69,TRIP11,-0.10999999999999999,-0.07918700000000001,1
50980,69,CNTRL,-0.08,-0.0604572,1
50981,69,PIK3CA,1.370000000000001,1.1293706000000006,1
50982,69,DDX5,0.27999999999999997,0.2799785000000001,1
50983,69,PICALM,3.469446951953614e-18,0.0038482000000000065,1
50984,69,RARA,0.0,0.09556650000000003,1
50985,69,DDX6,0.05,0.111516,1
50986,69,COL1A1,0.19999999999999998,0.174698,1
50987,69,VHL,0.25,0.184999,1
50988,69,MAPK1,1.7800000000000011,1.2715104,1
50989,69,SRC,0.17999999999999997,0.30411279999999996,1
50990,69,NFE2L2,0.38999999999999996,0.2841925,1
50991,69,MITF,-0.24000000000000002,-0.0525414,1
50992,69,SMAD3,1.2100000000000009,1.1268678,1
50993,69,RBM15,0.07,0.06447249999999999,1
50994,69,ATR,0.7700000000000002,0.6399227,1
50995,69,EPAS1,0.39999999999999997,0.37011150000000004,1
50996,69,TPM3,0.21,0.1668536,1
50997,69,RPL10,0.12000000000000001,0.11066900000000002,1
50998,69,STAG1,0.11,0.1354439,1
50999,69,SBDS,-0.02,-0.0081291,1
51000,69,KMT2D,0.9900000000000004,0.7970008000000002,1
51001,69,MED12,0.38000000000000006,0.31379350000000006,1
51002,69,BCLAF1,-0.09,0.013554899999999995,1
51003,69,ASPSCR1,-0.010000000000000009,0.005865799999999994,1
51004,69,CDK12,0.47,0.38113539999999996,1
51005,69,EWSR1,0.29999999999999993,0.31184220000000007,1
51006,69,NDRG1,-0.049999999999999996,-0.017614200000000003,1
51007,69,PSIP1,0.059999999999999984,0.0662344,1
51008,69,TRIM33,0.1,0.09057940000000002,1
51009,69,MTOR,1.0500000000000003,0.8596951000000005,1
51010,69,ARHGAP35,0.13,0.13019930000000002,1
51011,69,POT1,0.01,0.013251000000000002,1
51012,69,EXT1,0.11,0.07965430000000001,1
51013,69,IL6ST,0.31,0.25926800000000005,1
51014,69,IDH2,-0.029999999999999992,0.0360111,1
51015,69,SMARCE1,0.36,0.2506243,1
51016,69,CRTC3,0.09,0.0774258,1
51017,69,TSC1,0.3,0.30668219999999996,1
51018,69,BCOR,-0.15999999999999998,0.0070203999999999996,1
51019,69,SDHA,0.23,0.1832415,1
51020,69,EP300,2.3600000000000003,1.9317185000000006,1
51021,69,HNRNPA2B1,0.45,0.3195685,1
51022,69,CLIP1,-0.12999999999999998,-0.07756569999999999,1
51023,69,PATZ1,-0.53,-0.1393735,1
51024,69,FUBP1,-0.16,-0.028511,1
51025,69,HLA-A,-0.04000000000000001,0.027145499999999996,1
51026,69,CCNC,-0.18,-0.0788714,1
51027,69,RPN1,-0.19,-0.0740268,1
51028,69,TCF7L2,0.03000000000000001,0.09448729999999997,1
51029,69,CANT1,0.009999999999999995,0.021081400000000007,1
51030,69,RPL5,-0.5800000000000001,-0.18595600000000004,1
51031,69,CCDC6,0.08,0.093117,1
51032,69,NCKIPSD,-0.04,-0.0110105,1
51033,69,SMARCD1,0.38,0.3340883,1
51034,69,BCL10,0.010000000000000016,0.057846800000000004,1
51035,69,MAX,0.06,0.08617770000000001,1
51036,69,HERPUD1,-0.01,-0.0030142999999999997,1
51037,69,RAC1,-0.050000000000000044,0.08553139999999998,1
51038,69,FLNA,0.11000000000000001,0.08976400000000001,1
51039,69,TFE3,-0.81,-0.2718348,1
51040,69,NCOR2,0.6900000000000003,0.5785659,1
51041,69,PRPF40B,0.04,0.024564399999999997,1
51042,69,BCL3,-0.1,-0.021347799999999997,1
51043,69,TFPT,-0.37,-0.11332039999999999,1
51044,69,MLH1,0.7600000000000002,0.7053765000000001,1
51045,69,ARHGAP5,0.11,0.1088126,1
51046,69,CIC,0.0,0.0,1
51047,69,LYN,0.7800000000000001,0.5879312999999999,1
51048,69,TCF12,0.35000000000000003,0.27538759999999995,1
51049,69,KLF6,0.05,0.0337453,1
51050,69,KMT2C,0.9800000000000002,0.8249978000000001,1
51051,69,PIM1,-0.12,-0.024520000000000004,1
51052,69,CCND1,1.2400000000000007,0.7883905000000001,1
51053,69,MLLT1,-1.3600000000000003,-0.3583317,1
51054,69,MEN1,-0.19,-0.0808194,1
51055,69,CUL3,0.09,0.13344950000000003,1
51056,69,RB1,0.7500000000000002,0.5837003999999999,1
51057,69,LPP,-0.11,-0.027742199999999998,1
51058,69,BUB1B,-0.19000000000000003,-0.0812609,1
51059,69,SMAD4,1.580000000000001,1.2909809999999997,1
51060,69,FGFR1,0.24,0.2221258,1
51061,69,TMSB4X,0.03,0.0230172,1
51062,69,CDK4,0.9400000000000004,0.6622151,1
51063,69,MSI2,0.01,0.0079372,1
51064,69,MSH6,1.0100000000000005,0.8463041,1
51065,69,BRAF,1.2300000000000006,1.0477754000000001,1
51066,69,TCEA1,-0.09999999999999999,-0.006964300000000003,1
51067,69,TNFAIP3,0.15,0.13329419999999997,1
51068,69,RABEP1,0.0,0.0001696000000000024,1
51069,69,GMPS,-0.07,-0.040434099999999994,1
51070,69,MDM2,1.290000000000001,0.9766041999999998,1
51071,69,NSD2,0.22,0.16306479999999998,1
51072,69,CASP8,-0.21000000000000002,0.08354749999999998,1
51073,69,PER1,-0.25999999999999995,-0.07836519999999997,1
51074,69,UBR5,0.010000000000000004,0.02664140000000001,1
51075,69,EIF3E,0.010000000000000009,0.05175250000000001,1
51076,69,RFWD3,0.04,0.038915200000000004,1
51077,69,BRD3,0.1,0.0801384,1
51078,69,PAFAH1B2,0.03,0.0272511,1
51079,69,EXT2,0.009999999999999995,0.013552300000000003,1
51080,69,PLCG1,0.54,0.43713369999999996,1
51081,69,SF3B1,-0.6199999999999999,-0.2875784,1
51082,69,ARHGEF10L,0.04,0.021406,1
51083,69,NFATC2,0.22,0.15931049999999997,1
51084,69,SDHD,0.30000000000000004,0.2102943,1
51085,69,PABPC1,-0.7800000000000001,-0.19541750000000002,1
51086,69,POLD1,-0.37999999999999995,-0.0960743,1
51087,69,CALR,0.019999999999999997,0.049360600000000004,1
51088,69,PIK3CB,0.7000000000000002,0.5895022,1
51089,69,PPM1D,0.26,0.20204650000000002,1
51090,69,ATRX,0.9800000000000004,0.8500379,1
51091,69,DGCR8,0.15,0.1198074,1
51092,69,DDX10,0.14,0.1103615,1
51093,69,DROSHA,0.55,0.43770419999999993,1
51094,69,TNFRSF14,-0.15,-0.0534495,1
51095,69,BCL9L,0.13,0.09452640000000001,1
51096,69,QKI,-0.01,-0.0059337,1
51097,69,BAZ1A,0.0,0.0,1
51098,69,CHD4,0.30999999999999994,0.28046740000000003,1
51099,69,NSD3,0.13,0.12166239999999998,1
51100,69,NT5C2,0.15000000000000002,0.08882370000000002,1
51101,69,CCNB1IP1,0.12000000000000001,0.0550626,1
51102,69,PCBP1,-0.87,-0.23766009999999996,1
51103,69,RALGDS,-0.07,0.032322199999999995,1
51104,69,ARHGEF12,-0.010000000000000009,0.0308046,1
51105,69,HSP90AB1,1.0600000000000003,0.7346332999999999,1
51106,69,FOXO3,1.4400000000000006,1.0697885999999999,1
51107,69,HIP1,-0.01,-0.005276,1
51108,69,CDC73,3.469446951953614e-18,0.0547855,1
51109,69,NIN,0.0,-0.00032959999999999934,1
51110,69,MDM4,0.07,0.14630440000000003,1
51111,69,COL3A1,0.22,0.18194819999999998,1
51112,69,CTNND1,0.13,0.15336450000000001,1
51113,69,SPOP,0.08000000000000002,0.0899581,1
51114,69,TMEM127,0.06000000000000001,0.039650500000000005,1
51115,69,CREB3L2,0.09999999999999999,0.06642780000000001,1
51116,69,MSH2,1.0200000000000005,0.8767762000000003,1
51117,69,FNBP1,-0.009999999999999997,0.0138,1
51118,69,ATF1,0.13,0.09212940000000001,1
51119,69,EIF1AX,-0.5199999999999999,-0.2271624,1
51120,69,PMS1,0.43999999999999995,0.3453339,1
51121,69,DEK,0.16000000000000003,0.145844,1
51122,69,ERBB2,0.9000000000000004,0.6095183000000002,1
51123,69,AKT1,0.5900000000000002,0.45022749999999995,1
51124,69,CHEK2,0.4900000000000001,0.5611531000000001,1
51125,69,SDHB,0.42000000000000004,0.31433659999999997,1
51126,69,NCOA1,0.46,0.3530421999999999,1
51127,69,CHIC2,0.08,0.0534856,1
51128,69,RUNX1,0.14,0.5914882,1
51129,69,STAT6,0.38,0.3413366,1
51130,69,FH,-0.04000000000000001,0.018321299999999992,1
51131,69,AKT3,1.1500000000000004,0.8605562000000001,1
51132,69,GNAS,0.33999999999999997,0.24251129999999996,1
51133,69,CTNNB1,1.4300000000000008,1.045843,1
51134,69,NONO,0.31000000000000005,0.2668008,1
51135,69,SMARCB1,0.9700000000000004,0.7636339000000001,1
51136,69,PRKAR1A,0.19999999999999998,0.18893649999999998,1
51137,69,ITGAV,3.469446951953614e-18,0.044350900000000006,1
51138,69,SS18,0.41,0.29043339999999995,1
51139,69,MAP2K1,0.9500000000000002,0.5889534,1
51140,69,SIRPA,-0.08,-0.0231188,1
51141,69,PPFIBP1,0.39999999999999997,0.29385930000000005,1
51142,69,RPL22,-0.16,0.08475060000000001,1
51143,69,CYLD,0.30000000000000004,0.24178510000000003,1
51144,69,ARID1B,0.8400000000000001,0.6523238,1
51145,69,SETDB1,0.31,0.2300251,1
51146,69,AFDN,-0.44000000000000006,-0.14189840000000004,1
51147,69,ZRSR2,-0.04,-0.027141999999999993,1
51148,69,PBRM1,0.9600000000000004,0.7351785999999998,1
51149,69,XPC,0.46,0.2863112,1
51150,69,ASXL2,0.26,0.1951522,1
51151,69,TRIM24,-0.19999999999999998,-0.035227400000000006,1
51152,69,SFPQ,-0.4600000000000001,-0.12944020000000003,1
51153,69,NCOA2,0.6200000000000001,0.49997969999999997,1
51154,69,FOXO4,0.35,0.23759370000000002,1
51155,69,LEF1,0.25,0.20409090000000005,1
51156,69,B2M,-0.3,-0.13560540000000001,1
51157,69,DDIT3,-0.29000000000000004,-0.11074429999999999,1
51158,69,BCL6,0.30999999999999994,0.28012470000000006,1
51159,69,KRAS,-0.3599999999999999,-0.0005133000000000073,1
51160,69,FAT1,0.11000000000000001,0.08168380000000001,1
51161,69,ABL2,0.060000000000000005,0.0589642,1
51162,69,NF1,1.3000000000000007,1.0500635999999999,1
51163,69,BTG1,-0.05,-0.023166000000000003,1
51164,69,EIF4A2,0.07,0.03977820000000001,1
51165,69,SET,0.16,0.1333802,1
51166,69,EPS15,0.08000000000000002,0.07090479999999999,1
51167,69,RNF213,0.05,0.0435015,1
51168,69,CTCF,0.9400000000000004,0.6601531000000002,1
51169,69,WDCP,0.21,0.12697999999999998,1
51170,69,KAT7,0.14,0.12078510000000003,1
51171,69,KDM5C,0.18,0.1664076,1
51172,69,TGFBR2,0.14,0.16042349999999997,1
51173,69,ATM,1.0200000000000007,1.0047983999999996,1
51174,69,NUMA1,-0.020000000000000004,0.001304599999999996,1
51175,69,STAT3,0.7600000000000002,0.8147347000000001,1
51176,69,SUB1,-0.13,-0.0567526,1
51177,69,NUP98,0.13999999999999999,0.16526040000000003,1
51178,69,ELL,0.020000000000000004,0.011887299999999995,1
51179,69,MAP3K1,0.4,0.3246792,1
51180,69,MALT1,0.15,0.1607679,1
51181,69,XPO1,0.5200000000000002,0.4290442,1
51182,69,SETD1B,0.22,0.175625,1
51183,69,ETV6,-0.12000000000000001,-0.022760700000000016,1
51184,69,TBL1XR1,0.24000000000000002,0.1740815,1
51185,69,NUP214,0.009999999999999983,0.1789038,1
51186,69,TPR,0.14,0.12101089999999998,1
51187,69,ATIC,0.13,0.1333498,1
51188,69,NACA,0.2,0.11351330000000001,1
51189,69,MYO5A,0.0,0.0001224000000000008,1
51190,69,SMC1A,0.32999999999999996,0.42019800000000007,1
51191,69,LASP1,-0.26,-0.131818,1
51192,69,ERCC5,0.35000000000000003,0.2100069,1
51193,69,JUN,-0.6699999999999999,-0.05938169999999997,1
51194,69,THRAP3,0.04,0.03319029999999999,1
51195,69,STAG2,0.33999999999999997,0.3297863,1
51196,69,RAF1,0.8200000000000004,0.6354620999999999,1
51197,69,ERCC3,0.5,0.43165449999999994,1
51198,69,SMAD2,0.5200000000000002,0.5530703,1
51199,69,TAF15,0.21000000000000002,0.17276480000000002,1
51200,69,ARNT,0.26,0.2251637,1
51201,69,CLTC,-0.7400000000000001,-0.33162780000000003,1
51202,69,IKBKB,0.46000000000000013,0.4403797,1
51203,69,IDH1,-0.48000000000000004,-0.1512296,1
51204,69,SND1,-0.03,-0.0019390000000000015,1
51205,69,KNSTRN,0.02,0.014540800000000001,1
51206,69,RHOA,-2.9000000000000004,-0.7329977,1
51207,69,PALB2,0.6500000000000001,0.562177,1
51208,69,ARID2,0.8200000000000001,0.6413420999999999,1
51209,69,EZR,-0.16,-0.0469919,1
51210,69,TP53,-0.44999999999999996,0.08491169999999995,1
51211,69,ARAF,0.37000000000000005,0.21800660000000008,1
51212,69,KIF5B,0.5200000000000001,0.3979391000000001,1
51213,69,KAT6A,0.17,0.20133539999999997,1
51214,69,KTN1,-0.08,-0.0099394,1
51215,69,GOLGA5,-0.1,-0.0653871,1
51216,69,KDM5A,0.28,0.25932160000000004,1
51217,69,RAD21,0.5700000000000001,0.47554779999999996,1
51218,69,GNAQ,0.3,0.24900250000000002,1
51219,69,CAMTA1,0.07,0.050046099999999996,1
51220,69,ERCC2,0.58,0.4627271999999999,1
51221,69,EZH2,1.460000000000001,1.1563169000000004,1
51222,69,TOP1,0.26,0.20988030000000002,1
51223,69,SRSF3,-0.35000000000000003,-0.07596370000000001,1
51224,69,NPM1,0.18999999999999995,0.21423480000000006,1
51225,69,BAX,-0.67,-0.1604862,1
51226,69,NOTCH2,0.3,0.25224450000000004,1
51227,69,TRAF7,0.02,0.0140154,1
51228,69,KDM6A,0.9300000000000004,0.9037595,1
51229,69,SPEN,0.13,0.10214609999999999,1
51230,69,TRIM27,-0.56,-0.1752945,1
51231,69,CRTC1,0.16,0.1284182,1
51232,69,EML4,0.25,0.2583056999999999,1
51233,69,USP9X,-0.03,-0.024018900000000003,1
51234,69,PTPRK,0.0,0.0,1
51235,69,CD74,-0.24,-0.0469448,1
51236,69,CBL,0.49,0.4521057000000001,1
51237,69,ZNF384,0.02,0.0158628,1
51238,69,NOTCH1,1.1000000000000005,0.7915560000000001,1
51239,69,COX6C,-0.16,-0.054418799999999996,1
51240,69,CHCHD7,0.02,0.0121908,1
51241,69,HMGA1,-0.09999999999999999,-0.040827199999999994,1
51242,69,PTEN,1.1900000000000006,1.1528002000000004,1
51243,69,FIP1L1,-0.03,-0.009944399999999992,1
51244,69,JAK1,0.8400000000000003,0.6881701,1
51245,69,ZMYM2,-0.009999999999999997,-0.0055085999999999954,1
51246,69,SUZ12,0.8200000000000003,0.6440816,1
51247,69,FUS,-0.47,0.010061900000000013,1
51248,69,BAP1,-0.48,-0.1941412,1
51249,69,ZCCHC8,-0.1,-0.026245000000000004,1
51250,69,CRNKL1,0.019999999999999997,0.014823099999999999,1
51251,69,RAD17,0.16,0.11599240000000001,1
51252,69,ATP1A1,0.01,0.0058913,1
51253,69,DNMT3A,0.9900000000000007,0.8255006999999999,1
51254,69,FBXW7,0.9500000000000004,0.8118217999999999,1
51255,69,WWTR1,-0.15,-0.0561804,1
51256,69,CDKN1B,0.41000000000000003,0.3127959,1
51257,69,KMT2A,0.38000000000000006,0.3836371000000001,1
51258,69,PTPN11,1.0600000000000005,0.8553802000000001,1
51259,69,STAT5B,0.7400000000000001,0.6003305000000001,1
51260,69,CUX1,-0.1,-0.0668622,1
51261,69,ABI1,-0.30000000000000004,-0.0866719,1
51262,69,BRCA1,1.8000000000000012,1.4805576999999996,1
51263,69,SH2B3,0.07,0.0416271,1
51264,69,AFF4,-0.049999999999999996,-0.019008100000000017,1
51265,69,NF2,0.1,0.13031269999999998,1
51266,69,LMNA,0.09,0.05951500000000001,1
51267,69,TSC2,0.8100000000000003,0.6516233,1
51268,69,GOLPH3,-0.060000000000000005,-0.042152800000000004,1
51269,69,PCM1,-0.05,-0.0394242,1
51270,69,PPP2R1A,-0.5,-0.1382147,1
51271,69,ARID1A,1.940000000000001,1.5525438000000005,1
51272,69,ABL1,-0.23000000000000004,0.051226299999999975,1
51273,69,AFF1,0.11000000000000001,0.1098118,1
51274,69,DAXX,-0.62,-0.1675712,1
51275,69,CBFB,0.09000000000000001,0.1108386,1
51276,69,CBLB,0.17,0.1478015,1
51277,69,POLR2A,-0.22,0.10449789999999995,1
51278,69,PRKACA,0.12000000000000005,0.21428270000000002,1
51279,69,DNM2,-0.12000000000000001,-0.0520139,1
51280,69,RAP1GDS1,0.010000000000000009,0.03391419999999999,1
51281,69,NCOR1,0.9800000000000002,0.9434102,1
51282,69,NFKBIE,-0.35,-0.10942840000000001,1
51283,69,DDX3X,0.29000000000000004,0.244907,1
51284,69,ELK4,0.02,0.016567400000000003,1
51285,69,MLLT6,0.09,0.07002320000000001,1
51286,69,SRSF2,-2.82,-0.7082432000000002,1
51287,69,CTNNA1,0.15000000000000002,0.11798090000000001,1
51288,69,RBM10,0.16,0.11317110000000001,1
51289,69,PTPRC,6.938893903907228e-18,0.0902319,1
51290,69,HSP90AA1,0.8600000000000003,0.6150151999999999,1
51291,69,NSD1,0.26,0.2149888,0
51292,69,DICER1,0.25,0.24511850000000002,0
51293,69,BIRC6,0.09000000000000001,0.0747284,0
51294,69,SDHC,0.25000000000000006,0.18983070000000002,0
51295,69,TFG,0.32,0.1723419,0
51296,69,MAP2K2,0.21000000000000002,0.1923091,0
51297,69,TFRC,-0.19,-0.09567049999999999,0
51298,69,CREB1,0.7800000000000005,0.5756389000000001,0
51299,69,POLG,0.02,0.0081106,0
51300,69,SETD2,0.7300000000000002,0.6100111999999999,0
51301,69,NAB2,-0.34,-0.12354570000000001,0
51302,69,HIF1A,1.5700000000000007,1.1400238999999999,0
51303,69,FLCN,0.04,0.0375282,0
51304,69,MAP2K4,-0.06999999999999998,0.0512764,0
51305,69,CNOT3,3.469446951953614e-18,0.006959000000000003,0
51306,69,CIITA,0.09,0.0578953,0
51307,69,LSM14A,0.1,0.0859651,0
51308,69,AKAP9,-0.039999999999999994,-0.009745199999999999,0
51309,69,MSN,-0.42999999999999994,-0.12695330000000002,0
51310,69,BCR,0.01,0.0330303,0
51311,69,TRRAP,0.04000000000000001,0.15141249999999998,0
51312,69,PPP6C,-0.17,-0.08274600000000001,0
51313,69,NCOA4,-0.18,-0.09771930000000001,0
51314,69,BCL9,0.15000000000000002,0.116361,0
51315,69,PRCC,0.060000000000000005,0.042626700000000003,0
51316,69,LARP4B,0.0,0.0,0
51317,69,CHD2,0.01,0.007791500000000001,0
51318,69,ASXL1,0.45,0.4477863,0
51319,69,SMARCA4,1.2500000000000007,0.9917786,0
51320,69,ERC1,-0.01,-0.0079687,0
51321,69,DCTN1,-0.2,-0.09110649999999999,0
51322,69,PIK3R1,1.3300000000000007,0.9531519,0
51323,69,EED,0.08,0.08826250000000001,0
51324,69,CNBP,0.0,0.0,0
51325,69,SGK1,0.32,0.1829061,0
51326,69,MLLT10,-0.13,-0.05336079999999999,0
51327,69,BRD4,1.0300000000000005,0.8039416000000001,0
51328,69,RANBP2,0.19,0.2307948,0
51329,69,FBXO11,0.060000000000000005,0.0483116,0
51330,69,PML,0.37,0.255125,0
51331,69,AKT2,0.8600000000000002,0.6009202,0
51332,69,CEP89,0.07,0.044085799999999994,0
51333,69,LZTR1,0.04000000000000001,0.0679226,0
51334,69,YWHAE,0.33,0.21007970000000004,0
51335,69,DNAJB1,-0.039999999999999994,-0.0062136,0
51336,69,PRDM2,0.03,0.0217725,0
51337,69,TPM4,0.46,0.29515240000000004,0
51338,69,CREBBP,1.9000000000000012,1.5662640000000008,0
51339,69,PMS2,0.6600000000000001,0.603726,0
51340,69,DDR2,0.049999999999999996,0.030741699999999993,0
51341,69,FANCA,0.3399999999999999,0.2890819,0
51342,69,PDE4DIP,0.05,0.0350238,0
51343,69,USP8,-0.08000000000000002,-0.031005,0
51344,69,MYH9,-0.27999999999999997,-0.045122200000000015,0
51345,69,MYC,-0.55,-0.17470100000000002,0
51346,69,NBN,0.5,0.37516330000000003,0
51347,69,CCND3,-0.16,-0.018784300000000007,0
51348,69,TRIP11,-0.12,-0.0804425,0
51349,69,CNTRL,-0.06,-0.0424826,0
51350,69,PIK3CA,1.4400000000000008,1.0429935,0
51351,69,DDX5,0.26000000000000006,0.2534302,0
51352,69,PICALM,0.010000000000000002,0.010231200000000003,0
51353,69,RARA,0.36,0.26273199999999997,0
51354,69,DDX6,-0.09000000000000001,0.03941959999999997,0
51355,69,COL1A1,0.05999999999999999,0.0873714,0
51356,69,VHL,0.26,0.19500360000000003,0
51357,69,MAPK1,1.6100000000000008,1.0269772999999998,0
51358,69,SRC,-0.43000000000000005,0.04727969999999995,0
51359,69,NFE2L2,0.23,0.16406679999999998,0
51360,69,MITF,-0.3,-0.06073760000000001,0
51361,69,SMAD3,1.280000000000001,0.9949452000000003,0
51362,69,RBM15,0.11,0.09100719999999998,0
51363,69,ATR,0.6700000000000003,0.557011,0
51364,69,EPAS1,0.43,0.3712546000000001,0
51365,69,TPM3,0.15000000000000002,0.1187074,0
51366,69,RPL10,0.12000000000000001,0.1172224,0
51367,69,STAG1,0.15,0.1396757,0
51368,69,SBDS,-0.06,-0.0223383,0
51369,69,KMT2D,0.9900000000000004,0.7492158000000001,0
51370,69,MED12,0.31,0.253032,0
51371,69,BCLAF1,-0.04999999999999999,0.013759200000000006,0
51372,69,ASPSCR1,1.734723475976807e-18,0.010041200000000004,0
51373,69,CDK12,0.28,0.2032801,0
51374,69,EWSR1,0.42,0.35589329999999997,0
51375,69,NDRG1,-0.030000000000000002,-0.009797800000000002,0
51376,69,PSIP1,-0.17,-0.0776378,0
51377,69,TRIM33,0.04999999999999999,0.045034000000000005,0
51378,69,MTOR,1.2100000000000006,0.8855907000000005,0
51379,69,ARHGAP35,0.11,0.12309800000000001,0
51380,69,POT1,-0.039999999999999994,0.0034566000000000006,0
51381,69,EXT1,0.11,0.071753,0
51382,69,IL6ST,0.29,0.2217701,0
51383,69,IDH2,0.07,0.09024559999999998,0
51384,69,SMARCE1,0.42000000000000004,0.2604438,0
51385,69,CRTC3,0.09,0.0649537,0
51386,69,TSC1,0.32,0.29064470000000003,0
51387,69,BCOR,-0.11999999999999997,-8.230000000000737e-05,0
51388,69,SDHA,0.23,0.1486795,0
51389,69,EP300,1.6100000000000012,1.3084121999999998,0
51390,69,HNRNPA2B1,0.21999999999999997,0.21527019999999997,0
51391,69,CLIP1,-0.11,-0.059153700000000004,0
51392,69,PATZ1,-0.45999999999999996,-0.1324707,0
51393,69,FUBP1,-0.14,0.006098199999999993,0
51394,69,HLA-A,-0.11000000000000001,0.03966410000000001,0
51395,69,CCNC,-0.06999999999999999,-0.031489399999999994,0
51396,69,RPN1,-0.28,-0.07228040000000001,0
51397,69,TCF7L2,0.08000000000000004,0.1033289,0
51398,69,CANT1,0.06,0.0411293,0
51399,69,RPL5,-0.63,-0.1696328,0
51400,69,CCDC6,0.04000000000000001,0.05475500000000001,0
51401,69,NCKIPSD,0.04,0.022733299999999998,0
51402,69,SMARCD1,0.47,0.3409356,0
51403,69,BCL10,-0.010000000000000009,0.025089600000000004,0
51404,69,MAX,0.04,0.0383156,0
51405,69,HERPUD1,0.01,0.0037378,0
51406,69,RAC1,-0.2,-0.004166000000000024,0
51407,69,FLNA,0.019999999999999997,0.0570956,0
51408,69,TFE3,-0.45,-0.18438330000000003,0
51409,69,NCOR2,0.7800000000000002,0.6008575,0
51410,69,PRPF40B,-0.009999999999999998,-0.0022992000000000012,0
51411,69,BCL3,-0.06,-0.02099920000000001,0
51412,69,TFPT,-0.29000000000000004,-0.09818280000000001,0
51413,69,MLH1,0.8700000000000001,0.7173725999999999,0
51414,69,ARHGAP5,0.13,0.1054236,0
51415,69,CIC,-0.01,-0.0065991999999999995,0
51416,69,LYN,0.8300000000000003,0.580596,0
51417,69,TCF12,0.29,0.22283549999999996,0
51418,69,KLF6,0.05,0.0296642,0
51419,69,KMT2C,0.8600000000000003,0.7237195,0
51420,69,PIM1,-0.19999999999999998,-0.0631545,0
51421,69,CCND1,1.3700000000000008,0.8372495000000002,0
51422,69,MLLT1,-0.96,-0.29266559999999997,0
51423,69,MEN1,0.12000000000000002,0.11355660000000002,0
51424,69,CUL3,0.12000000000000001,0.135747,0
51425,69,RB1,0.6200000000000001,0.4704718000000001,0
51426,69,LPP,-0.05000000000000002,-0.011966300000000003,0
51427,69,BUB1B,-0.1,-0.0382842,0
51428,69,SMAD4,1.2700000000000007,0.9620546000000002,0
51429,69,FGFR1,0.24999999999999997,0.1761181,0
51430,69,TMSB4X,0.04,0.0310668,0
51431,69,CDK4,0.6700000000000002,0.44991199999999987,0
51432,69,MSI2,0.01,0.0071744,0
51433,69,MSH6,0.8100000000000003,0.6440621000000001,0
51434,69,BRAF,0.8600000000000004,0.7532843999999999,0
51435,69,TCEA1,-0.08,-0.003197900000000008,0
51436,69,TNFAIP3,0.14,0.12543390000000001,0
51437,69,RABEP1,0.010000000000000002,0.006032300000000001,0
51438,69,GMPS,-0.08000000000000002,-0.04908300000000001,0
51439,69,MDM2,1.1600000000000006,0.7917759999999998,0
51440,69,NSD2,0.18,0.132576,0
51441,69,CASP8,0.09000000000000001,0.20497539999999997,0
51442,69,PER1,-0.20999999999999996,-0.04851239999999999,0
51443,69,UBR5,-0.05999999999999999,-0.025552699999999994,0
51444,69,EIF3E,-0.07999999999999999,0.05047640000000002,0
51445,69,RFWD3,0.04,0.0382997,0
51446,69,BRD3,0.13,0.11273420000000002,0
51447,69,PAFAH1B2,0.02,0.015708800000000002,0
51448,69,EXT2,0.0,0.007056500000000007,0
51449,69,PLCG1,0.56,0.39688970000000007,0
51450,69,SF3B1,-0.27,-0.0865655,0
51451,69,ARHGEF10L,0.02,0.0106728,0
51452,69,NFATC2,0.18999999999999997,0.13325030000000002,0
51453,69,SDHD,0.24000000000000007,0.1297929,0
51454,69,PABPC1,-0.8300000000000001,-0.21178439999999996,0
51455,69,POLD1,-0.16,-0.026832099999999984,0
51456,69,CALR,0.03000000000000001,0.0366282,0
51457,69,PIK3CB,0.5700000000000001,0.4649900999999999,0
51458,69,PPM1D,0.18000000000000002,0.1421363,0
51459,69,ATRX,0.9300000000000006,0.7424517000000002,0
51460,69,DGCR8,0.16,0.1048849,0
51461,69,DDX10,0.15000000000000002,0.1036803,0
51462,69,DROSHA,0.38000000000000006,0.2765083,0
51463,69,TNFRSF14,-0.15,-0.0453962,0
51464,69,BCL9L,0.13000000000000003,0.09390689999999999,0
51465,69,QKI,-0.08,-0.050904399999999995,0
51466,69,BAZ1A,0.02,0.0152132,0
51467,69,CHD4,0.28,0.24464080000000002,0
51468,69,NSD3,0.06000000000000001,0.056897500000000004,0
51469,69,NT5C2,0.17,0.0974524,0
51470,69,CCNB1IP1,0.13,0.0595325,0
51471,69,PCBP1,-0.77,-0.24321100000000004,0
51472,69,RALGDS,0.07999999999999999,0.0661369,0
51473,69,ARHGEF12,-0.019999999999999997,0.0023504000000000025,0
51474,69,HSP90AB1,1.0200000000000005,0.7090400000000001,0
51475,69,FOXO3,1.2600000000000007,0.8577603000000001,0
51476,69,HIP1,-0.01,-0.0067017000000000005,0
51477,69,CDC73,-0.18,-0.0244766,0
51478,69,NIN,0.019999999999999997,0.0158348,0
51479,69,MDM4,0.06999999999999998,0.1425606,0
51480,69,COL3A1,0.14,0.1250001,0
51481,69,CTNND1,0.13,0.1394253,0
51482,69,SPOP,-0.01,0.018081699999999996,0
51483,69,TMEM127,0.030000000000000013,0.0386218,0
51484,69,CREB3L2,0.12000000000000001,0.0755683,0
51485,69,MSH2,0.8700000000000003,0.6874555,0
51486,69,FNBP1,0.04,0.034111,0
51487,69,ATF1,3.469446951953614e-18,0.0013764000000000033,0
51488,69,EIF1AX,-0.5700000000000001,-0.24525780000000003,0
51489,69,PMS1,0.61,0.46288880000000004,0
51490,69,DEK,0.07,0.07993170000000001,0
51491,69,ERBB2,0.9900000000000004,0.6194021000000001,0
51492,69,AKT1,0.7600000000000005,0.4786049,0
51493,69,CHEK2,0.33000000000000007,0.36363139999999994,0
51494,69,SDHB,0.4,0.2578839,0
51495,69,NCOA1,0.4299999999999999,0.30479829999999997,0
51496,69,CHIC2,0.07,0.044429,0
51497,69,RUNX1,0.4800000000000002,0.6422952999999999,0
51498,69,STAT6,0.28,0.2032266,0
51499,69,FH,-0.11,-0.027641800000000022,0
51500,69,AKT3,1.0200000000000005,0.6764531999999999,0
51501,69,GNAS,0.22,0.13870810000000006,0
51502,69,CTNNB1,1.5000000000000009,1.0067021,0
51503,69,NONO,0.07999999999999999,0.07054590000000001,0
51504,69,SMARCB1,0.9100000000000004,0.6741784999999999,0
51505,69,PRKAR1A,0.11,0.1060287,0
51506,69,ITGAV,0.04,0.032321699999999995,0
51507,69,SS18,0.43,0.2906762,0
51508,69,MAP2K1,1.0700000000000005,0.7048108,0
51509,69,SIRPA,0.01,0.0061204,0
51510,69,PPFIBP1,0.37,0.24844910000000003,0
51511,69,RPL22,-0.22999999999999998,0.0844625,0
51512,69,CYLD,0.31000000000000005,0.2376722,0
51513,69,ARID1B,0.6799999999999999,0.4995682,0
51514,69,SETDB1,0.31,0.2272646,0
51515,69,AFDN,-0.43999999999999995,-0.16195669999999995,0
51516,69,ZRSR2,0.32000000000000006,0.2432812,0
51517,69,PBRM1,0.9700000000000004,0.7072420999999999,0
51518,69,XPC,0.5900000000000001,0.40561369999999997,0
51519,69,ASXL2,0.26,0.1772974,0
51520,69,TRIM24,-0.25,-0.11197710000000001,0
51521,69,SFPQ,-0.06,0.024783000000000003,0
51522,69,NCOA2,0.5700000000000001,0.40117859999999994,0
51523,69,FOXO4,0.3700000000000001,0.23456119999999994,0
51524,69,LEF1,0.13,0.10899079999999997,0
51525,69,B2M,-0.6100000000000001,-0.21308290000000002,0
51526,69,DDIT3,-0.4,-0.1026365,0
51527,69,BCL6,0.49,0.3389189,0
51528,69,KRAS,-1.8800000000000008,-0.4815106999999999,0
51529,69,FAT1,0.039999999999999994,0.0452535,0
51530,69,ABL2,0.09000000000000001,0.0645126,0
51531,69,NF1,0.7000000000000004,0.6154618000000001,0
51532,69,BTG1,-0.03,-0.015077099999999998,0
51533,69,EIF4A2,0.09,0.07301730000000001,0
51534,69,SET,0.15000000000000002,0.1333365,0
51535,69,EPS15,0.04,0.0386726,0
51536,69,RNF213,0.05,0.040006099999999996,0
51537,69,CTCF,0.9400000000000004,0.6766853999999999,0
51538,69,WDCP,0.14999999999999997,0.09757290000000002,0
51539,69,KAT7,0.10999999999999997,0.0872579,0
51540,69,KDM5C,0.13999999999999999,0.13873359999999998,0
51541,69,TGFBR2,0.20000000000000007,0.15703640000000002,0
51542,69,ATM,1.4000000000000008,1.1097942999999997,0
51543,69,NUMA1,8.673617379884035e-18,0.014253000000000004,0
51544,69,STAT3,1.3600000000000008,1.0965968999999998,0
51545,69,SUB1,-0.25,-0.0950278,0
51546,69,NUP98,0.09,0.1061635,0
51547,69,ELL,-0.029999999999999992,0.006675699999999996,0
51548,69,MAP3K1,0.45,0.33665320000000004,0
51549,69,MALT1,0.2,0.16401780000000002,0
51550,69,XPO1,0.32000000000000006,0.2629856,0
51551,69,SETD1B,0.13,0.09696419999999999,0
51552,69,ETV6,-0.21000000000000002,-0.09095210000000001,0
51553,69,TBL1XR1,0.19,0.1262188,0
51554,69,NUP214,0.050000000000000024,0.11648739999999999,0
51555,69,TPR,0.09,0.0920512,0
51556,69,ATIC,0.009999999999999997,0.02466519999999999,0
51557,69,NACA,0.24,0.1670702,0
51558,69,MYO5A,0.0,0.0008903999999999995,0
51559,69,SMC1A,0.5900000000000001,0.49462179999999994,0
51560,69,LASP1,-0.24,-0.1283763,0
51561,69,ERCC5,0.47,0.31550200000000006,0
51562,69,JUN,-0.040000000000000015,0.190718,0
51563,69,THRAP3,0.09,0.0742294,0
51564,69,STAG2,0.47,0.37647179999999997,0
51565,69,RAF1,1.1300000000000006,0.8023509999999999,0
51566,69,ERCC3,0.65,0.5189023,0
51567,69,SMAD2,0.5800000000000002,0.5189101,0
51568,69,TAF15,0.16,0.1343337,0
51569,69,ARNT,0.33000000000000007,0.2649405,0
51570,69,CLTC,-0.49999999999999994,-0.2660698000000001,0
51571,69,IKBKB,0.5700000000000003,0.4806023,0
51572,69,IDH1,-0.78,-0.2253031,0
51573,69,SND1,-0.01,-0.004800799999999999,0
51574,69,KNSTRN,0.03,0.024645,0
51575,69,RHOA,-1.2700000000000002,-0.3307251,0
51576,69,PALB2,0.6700000000000002,0.5496674,0
51577,69,ARID2,0.7700000000000002,0.5710565,0
51578,69,EZR,-0.21000000000000002,-0.0398646,0
51579,69,TP53,-0.8699999999999997,0.009743200000000061,0
51580,69,ARAF,0.44000000000000006,0.24187029999999995,0
51581,69,KIF5B,0.4699999999999999,0.3371296,0
51582,69,KAT6A,0.18999999999999997,0.1766699,0
51583,69,KTN1,-0.09999999999999999,-0.030570199999999995,0
51584,69,GOLGA5,-0.14,-0.09507990000000001,0
51585,69,KDM5A,0.25,0.2249358,0
51586,69,RAD21,0.5299999999999999,0.41301920000000003,0
51587,69,GNAQ,0.17000000000000004,0.11462370000000001,0
51588,69,CAMTA1,0.02,0.0125214,0
51589,69,ERCC2,0.66,0.47390560000000004,0
51590,69,EZH2,1.9500000000000013,1.3162715000000003,0
51591,69,TOP1,0.18,0.1399749,0
51592,69,SRSF3,-0.38,-0.1306027,0
51593,69,NPM1,-0.24000000000000007,0.06333359999999999,0
51594,69,BAX,-0.41,-0.1353118,0
51595,69,NOTCH2,0.27999999999999997,0.2297403,0
51596,69,TRAF7,0.03,0.0229515,0
51597,69,KDM6A,0.8200000000000001,0.7087761,0
51598,69,SPEN,0.11,0.08421990000000001,0
51599,69,TRIM27,-0.41000000000000003,-0.1509608,0
51600,69,CRTC1,0.15000000000000002,0.1120157,0
51601,69,EML4,0.27,0.21905449999999999,0
51602,69,USP9X,-0.06999999999999999,-0.044436699999999996,0
51603,69,PTPRK,0.01,0.006972000000000001,0
51604,69,CD74,-0.18,-0.008153799999999992,0
51605,69,CBL,0.5299999999999999,0.3914795,0
51606,69,ZNF384,-0.060000000000000005,-0.029324199999999995,0
51607,69,NOTCH1,0.8400000000000004,0.6951387,0
51608,69,COX6C,-0.12,-0.054076500000000007,0
51609,69,CHCHD7,0.03,0.0206094,0
51610,69,HMGA1,-0.15,-0.06627250000000001,0
51611,69,PTEN,1.4900000000000009,1.1963033,0
51612,69,FIP1L1,0.010000000000000002,0.005334200000000004,0
51613,69,JAK1,0.7900000000000003,0.6103168000000001,0
51614,69,ZMYM2,-0.08,-0.0574699,0
51615,69,SUZ12,0.6800000000000003,0.4924776,0
51616,69,FUS,-0.10000000000000007,0.153389,0
51617,69,BAP1,0.11,0.1033641,0
51618,69,ZCCHC8,-0.06,-0.0192702,0
51619,69,CRNKL1,-0.039999999999999994,-0.0206548,0
51620,69,RAD17,0.11,0.0788732,0
51621,69,ATP1A1,-0.02,-0.0078154,0
51622,69,DNMT3A,0.8800000000000003,0.6948023999999999,0
51623,69,FBXW7,0.9100000000000004,0.7190086,0
51624,69,WWTR1,-0.06,-0.029388499999999998,0
51625,69,CDKN1B,0.6100000000000001,0.3706651999999999,0
51626,69,KMT2A,0.4700000000000002,0.3890341000000001,0
51627,69,PTPN11,0.9100000000000004,0.7141213999999998,0
51628,69,STAT5B,0.7300000000000003,0.5546979999999999,0
51629,69,CUX1,-0.09999999999999999,-0.0660444,0
51630,69,ABI1,-0.33,-0.11158009999999999,0
51631,69,BRCA1,1.7600000000000011,1.4017581000000001,0
51632,69,SH2B3,0.06999999999999999,0.0483582,0
51633,69,AFF4,0.14,0.10281029999999998,0
51634,69,NF2,3.469446951953614e-18,0.06449670000000002,0
51635,69,LMNA,0.039999999999999994,0.044430000000000004,0
51636,69,TSC2,0.4800000000000001,0.40731280000000003,0
51637,69,GOLPH3,-0.11,-0.0671735,0
51638,69,PCM1,-0.06,-0.038853,0
51639,69,PPP2R1A,-0.27,-0.093357,0
51640,69,ARID1A,1.7700000000000011,1.2935209000000003,0
51641,69,ABL1,0.15000000000000008,0.1515285,0
51642,69,AFF1,0.2,0.1633503,0
51643,69,DAXX,-0.32999999999999996,-0.0866864,0
51644,69,CBFB,0.09999999999999998,0.0906211,0
51645,69,CBLB,0.13,0.0997413,0
51646,69,POLR2A,-0.05,0.1411735,0
51647,69,PRKACA,0.33000000000000007,0.26830980000000004,0
51648,69,DNM2,-0.14,-0.0519304,0
51649,69,RAP1GDS1,-0.09,-0.0348156,0
51650,69,NCOR1,0.9700000000000002,0.8296973999999998,0
51651,69,NFKBIE,-0.21000000000000002,-0.0792481,0
51652,69,DDX3X,0.14,0.13191130000000004,0
51653,69,ELK4,0.01,0.007102000000000001,0
51654,69,MLLT6,0.1,0.0786801,0
51655,69,SRSF2,-1.16,-0.338028,0
51656,69,CTNNA1,0.1,0.0735312,0
51657,69,RBM10,0.22,0.15398290000000003,0
51658,69,PTPRC,0.18000000000000005,0.15107800000000002,0
51659,69,HSP90AA1,1.0500000000000007,0.6858706,0
51660,70,NSD1,0.34,0.2944291,1
51661,70,DICER1,0.16000000000000003,0.22910000000000003,1
51662,70,BIRC6,0.08999999999999998,0.0943154,1
51663,70,SDHC,0.43999999999999995,0.3325583,1
51664,70,TFG,0.18000000000000002,0.12180930000000001,1
51665,70,MAP2K2,0.33,0.22812549999999998,1
51666,70,TFRC,-0.23,-0.08809829999999999,1
51667,70,CREB1,0.9800000000000005,0.8060311,1
51668,70,POLG,-0.01,-0.0030881,1
51669,70,SETD2,0.6400000000000003,0.5852200000000001,1
51670,70,NAB2,-0.5,-0.1439158,1
51671,70,HIF1A,1.630000000000001,1.2486613999999998,1
51672,70,FLCN,-0.010000000000000002,0.0283205,1
51673,70,MAP2K4,0.05000000000000001,0.1151191,1
51674,70,CNOT3,0.06999999999999999,0.0643029,1
51675,70,CIITA,0.09000000000000001,0.056166400000000005,1
51676,70,LSM14A,0.15000000000000002,0.1258098,1
51677,70,AKAP9,-0.07,0.011930199999999995,1
51678,70,MSN,-0.18000000000000005,-0.03645759999999999,1
51679,70,BCR,-0.010000000000000012,0.0665364,1
51680,70,TRRAP,0.09,0.21422460000000004,1
51681,70,PPP6C,-0.13,-0.0455575,1
51682,70,NCOA4,-0.1,-0.034664200000000006,1
51683,70,BCL9,0.19,0.1484526,1
51684,70,PRCC,0.13,0.1023116,1
51685,70,LARP4B,0.02,0.01379,1
51686,70,CHD2,0.02,0.018000000000000002,1
51687,70,ASXL1,0.28,0.3321368999999999,1
51688,70,SMARCA4,2.010000000000001,1.5688153,1
51689,70,ERC1,-0.04,-0.0291247,1
51690,70,DCTN1,0.0,0.03415700000000001,1
51691,70,PIK3R1,1.2300000000000006,0.9998915000000002,1
51692,70,EED,0.14,0.1074464,1
51693,70,CNBP,0.02,0.0125652,1
51694,70,SGK1,0.49,0.32690050000000004,1
51695,70,MLLT10,-0.09,-0.0253902,1
51696,70,BRD4,1.0700000000000005,0.9175424000000004,1
51697,70,RANBP2,0.31999999999999995,0.2997593,1
51698,70,FBXO11,0.08,0.06331800000000001,1
51699,70,PML,0.49,0.33099839999999997,1
51700,70,AKT2,1.1800000000000006,0.8615016999999998,1
51701,70,CEP89,0.04,0.0256264,1
51702,70,LZTR1,0.13,0.1386512,1
51703,70,YWHAE,0.27999999999999997,0.18555239999999998,1
51704,70,DNAJB1,-0.10999999999999999,-0.0295628,1
51705,70,PRDM2,0.07,0.0566549,1
51706,70,TPM4,0.52,0.3627764,1
51707,70,CREBBP,1.9100000000000013,1.5796114,1
51708,70,PMS2,0.8200000000000001,0.7137312,1
51709,70,DDR2,0.039999999999999994,0.0269352,1
51710,70,FANCA,0.4,0.34283250000000004,1
51711,70,PDE4DIP,0.08,0.061446,1
51712,70,USP8,-0.04,-0.015894899999999997,1
51713,70,MYH9,-0.46,-0.12300509999999998,1
51714,70,MYC,-1.6100000000000005,-0.3401662999999999,1
51715,70,NBN,0.6200000000000001,0.4962204,1
51716,70,CCND3,-0.09000000000000001,0.008303199999999993,1
51717,70,TRIP11,-0.07,-0.051913299999999996,1
51718,70,CNTRL,-0.06,-0.0503665,1
51719,70,PIK3CA,1.280000000000001,1.0841216999999996,1
51720,70,DDX5,0.23999999999999994,0.27484770000000003,1
51721,70,PICALM,0.010000000000000002,0.012339900000000004,1
51722,70,RARA,0.07999999999999999,0.1543981,1
51723,70,DDX6,0.07,0.1347924,1
51724,70,COL1A1,0.25,0.22548419999999997,1
51725,70,VHL,0.3,0.22495800000000002,1
51726,70,MAPK1,1.720000000000001,1.2125126,1
51727,70,SRC,0.29999999999999993,0.40341669999999996,1
51728,70,NFE2L2,0.38,0.2737937,1
51729,70,MITF,-0.21000000000000002,-0.046223700000000006,1
51730,70,SMAD3,1.260000000000001,1.1878122999999998,1
51731,70,RBM15,0.11000000000000001,0.0966714,1
51732,70,ATR,0.7600000000000002,0.6258921999999999,1
51733,70,EPAS1,0.36,0.3719814,1
51734,70,TPM3,0.24,0.16974679999999998,1
51735,70,RPL10,0.16,0.1447607,1
51736,70,STAG1,0.09,0.14059149999999998,1
51737,70,SBDS,-0.04,-0.0152418,1
51738,70,KMT2D,1.0100000000000005,0.8051721000000003,1
51739,70,MED12,0.41000000000000003,0.3470196,1
51740,70,BCLAF1,-0.07,0.028091200000000004,1
51741,70,ASPSCR1,0.009999999999999995,0.0112469,1
51742,70,CDK12,0.53,0.425692,1
51743,70,EWSR1,0.22999999999999995,0.26834080000000005,1
51744,70,NDRG1,-0.060000000000000005,-0.013187600000000006,1
51745,70,PSIP1,0.09000000000000001,0.0842718,1
51746,70,TRIM33,0.12000000000000001,0.1084613,1
51747,70,MTOR,1.0400000000000003,0.8550398999999999,1
51748,70,ARHGAP35,0.19,0.1636689,1
51749,70,POT1,-0.019999999999999997,0.0096883,1
51750,70,EXT1,0.11,0.0772871,1
51751,70,IL6ST,0.34,0.2855288,1
51752,70,IDH2,0.10999999999999997,0.12444859999999999,1
51753,70,SMARCE1,0.38,0.26253229999999994,1
51754,70,CRTC3,0.09,0.076258,1
51755,70,TSC1,0.3,0.3014367,1
51756,70,BCOR,-0.08999999999999998,0.0235958,1
51757,70,SDHA,0.29,0.2168084,1
51758,70,EP300,2.3400000000000003,1.9436204000000004,1
51759,70,HNRNPA2B1,0.53,0.36836080000000004,1
51760,70,CLIP1,-0.14,-0.0775657,1
51761,70,PATZ1,-0.56,-0.1384675,1
51762,70,FUBP1,-0.08,0.0282352,1
51763,70,HLA-A,-0.11,0.006981999999999978,1
51764,70,CCNC,-0.28,-0.11032990000000001,1
51765,70,RPN1,-0.21000000000000002,-0.055975300000000006,1
51766,70,TCF7L2,-0.030000000000000016,0.08199739999999998,1
51767,70,CANT1,0.010000000000000009,0.016501999999999996,1
51768,70,RPL5,-0.71,-0.17017400000000002,1
51769,70,CCDC6,0.08000000000000002,0.0979348,1
51770,70,NCKIPSD,-0.03,-0.0083622,1
51771,70,SMARCD1,0.41000000000000003,0.33969750000000004,1
51772,70,BCL10,-0.030000000000000006,0.051482299999999995,1
51773,70,MAX,0.03,0.0730547,1
51774,70,HERPUD1,-0.03,-0.007854,1
51775,70,RAC1,-0.13000000000000006,0.0656619,1
51776,70,FLNA,0.21999999999999995,0.15766799999999997,1
51777,70,TFE3,-0.62,-0.2406345,1
51778,70,NCOR2,0.7000000000000002,0.5962705,1
51779,70,PRPF40B,0.05,0.0326714,1
51780,70,BCL3,-0.09000000000000001,-0.011551999999999993,1
51781,70,TFPT,-0.29000000000000004,-0.10050819999999999,1
51782,70,MLH1,0.7800000000000002,0.715904,1
51783,70,ARHGAP5,0.13,0.11820660000000001,1
51784,70,CIC,0.0,0.0,1
51785,70,LYN,0.79,0.6146345,1
51786,70,TCF12,0.33,0.26779680000000006,1
51787,70,KLF6,0.05,0.0359642,1
51788,70,KMT2C,0.9400000000000004,0.7884602000000003,1
51789,70,PIM1,-0.08000000000000002,-0.0003348999999999991,1
51790,70,CCND1,1.2300000000000006,0.7732706000000001,1
51791,70,MLLT1,-1.12,-0.32175509999999996,1
51792,70,MEN1,-0.019999999999999997,0.019690999999999993,1
51793,70,CUL3,0.11999999999999997,0.20155459999999997,1
51794,70,RB1,0.6300000000000001,0.5118387,1
51795,70,LPP,-0.15,-0.037102100000000006,1
51796,70,BUB1B,-0.12,-0.0326986,1
51797,70,SMAD4,1.570000000000001,1.2972574999999997,1
51798,70,FGFR1,0.35000000000000003,0.3016991,1
51799,70,TMSB4X,0.03,0.0223149,1
51800,70,CDK4,1.0200000000000005,0.6998112,1
51801,70,MSI2,0.01,0.0076596,1
51802,70,MSH6,1.0600000000000005,0.8927467,1
51803,70,BRAF,1.1700000000000006,1.0376550999999996,1
51804,70,TCEA1,-0.029999999999999995,0.02945210000000001,1
51805,70,TNFAIP3,0.15000000000000002,0.13103,1
51806,70,RABEP1,0.0,0.0006512000000000046,1
51807,70,GMPS,-0.09000000000000002,-0.042899999999999994,1
51808,70,MDM2,1.0500000000000007,0.8344127000000001,1
51809,70,NSD2,0.23,0.17433579999999999,1
51810,70,CASP8,-0.39,0.07139619999999999,1
51811,70,PER1,-0.2,-0.0610776,1
51812,70,UBR5,0.02,0.04175260000000001,1
51813,70,EIF3E,0.009999999999999995,0.0656426,1
51814,70,RFWD3,0.030000000000000002,0.0326954,1
51815,70,BRD3,0.11,0.07763769999999999,1
51816,70,PAFAH1B2,0.03,0.0273552,1
51817,70,EXT2,0.009999999999999995,0.01536309999999999,1
51818,70,PLCG1,0.5599999999999999,0.4468349,1
51819,70,SF3B1,-0.58,-0.24809750000000003,1
51820,70,ARHGEF10L,0.04,0.024273600000000003,1
51821,70,NFATC2,0.27,0.20621299999999998,1
51822,70,SDHD,0.31000000000000005,0.21584530000000002,1
51823,70,PABPC1,-0.7800000000000001,-0.21015270000000003,1
51824,70,POLD1,-0.22000000000000003,-0.043746499999999994,1
51825,70,CALR,0.05000000000000003,0.07928990000000002,1
51826,70,PIK3CB,0.7900000000000003,0.633278,1
51827,70,PPM1D,0.32000000000000006,0.24724569999999998,1
51828,70,ATRX,1.0100000000000005,0.8821341999999999,1
51829,70,DGCR8,0.19000000000000003,0.1435514,1
51830,70,DDX10,0.16999999999999998,0.1354266,1
51831,70,DROSHA,0.5600000000000002,0.4399341,1
51832,70,TNFRSF14,-0.16,-0.0539088,1
51833,70,BCL9L,0.13,0.09744040000000001,1
51834,70,QKI,0.03,0.023086,1
51835,70,BAZ1A,0.01,0.007935900000000001,1
51836,70,CHD4,0.39,0.3533301,1
51837,70,NSD3,0.06999999999999999,0.09760160000000001,1
51838,70,NT5C2,0.15000000000000002,0.08565020000000001,1
51839,70,CCNB1IP1,0.11,0.0512193,1
51840,70,PCBP1,-0.7999999999999999,-0.2014321,1
51841,70,RALGDS,-0.1,0.03135740000000001,1
51842,70,ARHGEF12,-0.010000000000000009,0.022046899999999994,1
51843,70,HSP90AB1,1.0100000000000002,0.7169249000000001,1
51844,70,FOXO3,1.4400000000000008,1.065212,1
51845,70,HIP1,-0.019999999999999997,-0.010221399999999999,1
51846,70,CDC73,0.06999999999999999,0.10215579999999999,1
51847,70,NIN,-0.010000000000000002,-0.0038813999999999967,1
51848,70,MDM4,0.1,0.16311989999999998,1
51849,70,COL3A1,0.24,0.19825950000000003,1
51850,70,CTNND1,0.15000000000000002,0.16262600000000002,1
51851,70,SPOP,0.06000000000000001,0.0843711,1
51852,70,TMEM127,0.020000000000000004,0.020769,1
51853,70,CREB3L2,0.16,0.10692890000000002,1
51854,70,MSH2,1.0200000000000005,0.8649754999999999,1
51855,70,FNBP1,0.020000000000000004,0.0376098,1
51856,70,ATF1,0.13,0.0937598,1
51857,70,EIF1AX,-0.48000000000000004,-0.18681689999999998,1
51858,70,PMS1,0.5499999999999999,0.4330126,1
51859,70,DEK,0.2,0.17067410000000002,1
51860,70,ERBB2,1.1100000000000005,0.6991882000000001,1
51861,70,AKT1,0.8200000000000001,0.5827595999999999,1
51862,70,CHEK2,0.6500000000000002,0.6370988000000001,1
51863,70,SDHB,0.41000000000000003,0.3055434,1
51864,70,NCOA1,0.43,0.34686680000000003,1
51865,70,CHIC2,0.09,0.059362,1
51866,70,RUNX1,0.029999999999999805,0.5322243999999999,1
51867,70,STAT6,0.4,0.35772220000000005,1
51868,70,FH,-0.029999999999999985,0.022864299999999997,1
51869,70,AKT3,1.0700000000000003,0.7848340000000001,1
51870,70,GNAS,0.41000000000000003,0.2783795,1
51871,70,CTNNB1,1.5500000000000007,1.0567490000000004,1
51872,70,NONO,0.37000000000000005,0.30290839999999997,1
51873,70,SMARCB1,1.0800000000000005,0.8292134,1
51874,70,PRKAR1A,0.2,0.18871050000000003,1
51875,70,ITGAV,-0.009999999999999992,0.040293600000000006,1
51876,70,SS18,0.42000000000000004,0.291648,1
51877,70,MAP2K1,1.0300000000000002,0.6417077,1
51878,70,SIRPA,-0.02,0.0025524999999999957,1
51879,70,PPFIBP1,0.41,0.294616,1
51880,70,RPL22,-0.17,0.10565350000000001,1
51881,70,CYLD,0.34,0.2734421,1
51882,70,ARID1B,0.8500000000000001,0.6519946999999999,1
51883,70,SETDB1,0.33,0.2387774,1
51884,70,AFDN,-0.27,-0.07263730000000002,1
51885,70,ZRSR2,-0.22,-0.1469376,1
51886,70,PBRM1,1.0100000000000005,0.7560364999999999,1
51887,70,XPC,0.49000000000000005,0.3042511,1
51888,70,ASXL2,0.29000000000000004,0.20986620000000003,1
51889,70,TRIM24,-0.2,0.012359199999999982,1
51890,70,SFPQ,-0.45999999999999996,-0.15504570000000004,1
51891,70,NCOA2,0.6200000000000001,0.5140068999999999,1
51892,70,FOXO4,0.33999999999999997,0.22423169999999998,1
51893,70,LEF1,0.27,0.22967130000000002,1
51894,70,B2M,-0.34,-0.14409860000000002,1
51895,70,DDIT3,-0.30000000000000004,-0.0981855,1
51896,70,BCL6,0.3700000000000001,0.30581460000000005,1
51897,70,KRAS,-0.37,0.05242119999999999,1
51898,70,FAT1,0.12000000000000001,0.092183,1
51899,70,ABL2,0.03,0.046429000000000005,1
51900,70,NF1,1.3400000000000007,1.0861951,1
51901,70,BTG1,-0.04,-0.0187032,1
51902,70,EIF4A2,0.04,0.023978100000000006,1
51903,70,SET,0.2,0.160849,1
51904,70,EPS15,0.08000000000000002,0.07022690000000001,1
51905,70,RNF213,0.05,0.0439254,1
51906,70,CTCF,1.0100000000000002,0.7098399000000001,1
51907,70,WDCP,0.23,0.14117020000000002,1
51908,70,KAT7,0.19,0.1611246,1
51909,70,KDM5C,0.21000000000000002,0.20024570000000003,1
51910,70,TGFBR2,0.17,0.2006551,1
51911,70,ATM,0.9000000000000006,0.9128040999999999,1
51912,70,NUMA1,0.030000000000000002,0.032378699999999996,1
51913,70,STAT3,0.6400000000000002,0.7440720000000001,1
51914,70,SUB1,-0.11,-0.0476746,1
51915,70,NUP98,0.21,0.21492,1
51916,70,ELL,0.04,0.019381300000000008,1
51917,70,MAP3K1,0.4,0.32631760000000004,1
51918,70,MALT1,0.01999999999999999,0.10573450000000001,1
51919,70,XPO1,0.5500000000000002,0.44804020000000006,1
51920,70,SETD1B,0.28,0.21700550000000002,1
51921,70,ETV6,-0.07000000000000002,0.0172195,1
51922,70,TBL1XR1,0.25,0.17853339999999998,1
51923,70,NUP214,-0.13,0.122643,1
51924,70,TPR,0.15,0.1311232,1
51925,70,ATIC,0.15000000000000002,0.1459587,1
51926,70,NACA,0.22,0.1334904,1
51927,70,MYO5A,0.02,0.0144863,1
51928,70,SMC1A,0.33999999999999997,0.41901370000000016,1
51929,70,LASP1,-0.25,-0.1255366,1
51930,70,ERCC5,0.42,0.2596937,1
51931,70,JUN,-0.9499999999999998,-0.10879669999999997,1
51932,70,THRAP3,0.08,0.06211740000000001,1
51933,70,STAG2,0.23999999999999996,0.2807064,1
51934,70,RAF1,0.8600000000000004,0.6590003999999999,1
51935,70,ERCC3,0.55,0.47870029999999997,1
51936,70,SMAD2,0.5200000000000002,0.5454030999999998,1
51937,70,TAF15,0.22000000000000003,0.1807914,1
51938,70,ARNT,0.25000000000000006,0.2324636,1
51939,70,CLTC,-0.6900000000000001,-0.292704,1
51940,70,IKBKB,0.47,0.4518054999999999,1
51941,70,IDH1,-0.33,-0.09213890000000001,1
51942,70,SND1,0.019999999999999997,0.028007800000000003,1
51943,70,KNSTRN,0.02,0.014506,1
51944,70,RHOA,-2.77,-0.6751724,1
51945,70,PALB2,0.7300000000000002,0.6176812,1
51946,70,ARID2,0.8500000000000001,0.6579351999999999,1
51947,70,EZR,-0.12,-0.023908699999999995,1
51948,70,TP53,-0.16999999999999985,0.4597853999999999,1
51949,70,ARAF,0.48000000000000004,0.2809763,1
51950,70,KIF5B,0.5400000000000001,0.4083157,1
51951,70,KAT6A,0.24,0.2498454,1
51952,70,KTN1,-0.060000000000000005,0.0012464999999999967,1
51953,70,GOLGA5,-0.08000000000000002,-0.051295,1
51954,70,KDM5A,0.26,0.2539065,1
51955,70,RAD21,0.6200000000000001,0.508352,1
51956,70,GNAQ,0.31999999999999995,0.24238629999999997,1
51957,70,CAMTA1,0.07,0.05153150000000001,1
51958,70,ERCC2,0.6900000000000001,0.543662,1
51959,70,EZH2,1.270000000000001,1.0768997999999999,1
51960,70,TOP1,0.38000000000000006,0.30935860000000004,1
51961,70,SRSF3,-0.42999999999999994,-0.1002678,1
51962,70,NPM1,0.23999999999999996,0.24022750000000004,1
51963,70,BAX,-0.77,-0.1582644,1
51964,70,NOTCH2,0.29000000000000004,0.24809599999999998,1
51965,70,TRAF7,0.02,0.0138012,1
51966,70,KDM6A,0.7900000000000003,0.8416601,1
51967,70,SPEN,0.13999999999999999,0.1092761,1
51968,70,TRIM27,-0.65,-0.1799195,1
51969,70,CRTC1,0.15000000000000002,0.1223795,1
51970,70,EML4,0.24000000000000002,0.25800520000000005,1
51971,70,USP9X,-0.04,-0.0314664,1
51972,70,PTPRK,-0.01,-0.005881600000000001,1
51973,70,CD74,-0.17000000000000004,0.004013799999999984,1
51974,70,CBL,0.53,0.4785286,1
51975,70,ZNF384,0.05,0.0388422,1
51976,70,NOTCH1,1.1400000000000006,0.8307787000000002,1
51977,70,COX6C,-0.18,-0.05197580000000001,1
51978,70,CHCHD7,0.03,0.019718700000000002,1
51979,70,HMGA1,-0.05,-0.015894199999999997,1
51980,70,PTEN,1.1400000000000008,1.1279712999999998,1
51981,70,FIP1L1,-0.05,-0.013389000000000002,1
51982,70,JAK1,0.8700000000000003,0.7256055,1
51983,70,ZMYM2,0.02,0.018902099999999998,1
51984,70,SUZ12,0.8600000000000003,0.6646936999999998,1
51985,70,FUS,-0.5999999999999999,-0.03229720000000002,1
51986,70,BAP1,-0.34,-0.13437860000000001,1
51987,70,ZCCHC8,-0.11,-0.028100600000000003,1
51988,70,CRNKL1,0.019999999999999997,0.015299,1
51989,70,RAD17,0.19999999999999998,0.1431041,1
51990,70,ATP1A1,0.0,0.0023981000000000002,1
51991,70,DNMT3A,1.0300000000000002,0.8169816000000001,1
51992,70,FBXW7,0.8600000000000001,0.7666288,1
51993,70,WWTR1,-0.060000000000000005,-0.01656319999999999,1
51994,70,CDKN1B,0.5,0.3593792,1
51995,70,KMT2A,0.41,0.4233627,1
51996,70,PTPN11,1.1700000000000004,0.9249724,1
51997,70,STAT5B,0.6700000000000003,0.5653120999999999,1
51998,70,CUX1,-0.09000000000000001,-0.0547532,1
51999,70,ABI1,-0.30999999999999994,-0.0877523,1
52000,70,BRCA1,1.9000000000000012,1.5250202999999998,1
52001,70,SH2B3,0.11,0.0676485,1
52002,70,AFF4,0.07,0.06788670000000002,1
52003,70,NF2,0.16999999999999998,0.17046150000000002,1
52004,70,LMNA,0.07000000000000002,0.0532783,1
52005,70,TSC2,0.7900000000000003,0.6378070000000001,1
52006,70,GOLPH3,-0.060000000000000005,-0.04085930000000001,1
52007,70,PCM1,-0.030000000000000002,-0.023552400000000005,1
52008,70,PPP2R1A,-0.3599999999999999,-0.07215579999999999,1
52009,70,ARID1A,1.8200000000000012,1.4594311999999998,1
52010,70,ABL1,-0.6699999999999999,-0.07548019999999997,1
52011,70,AFF1,0.1,0.1303182,1
52012,70,DAXX,-0.68,-0.1652744,1
52013,70,CBFB,0.07000000000000002,0.11267540000000001,1
52014,70,CBLB,0.17,0.1457231,1
52015,70,POLR2A,-0.19999999999999996,0.13782760000000008,1
52016,70,PRKACA,0.2300000000000001,0.2717564,1
52017,70,DNM2,-0.12000000000000002,-0.0426924,1
52018,70,RAP1GDS1,0.030000000000000027,0.0491061,1
52019,70,NCOR1,0.9500000000000002,0.9137079000000001,1
52020,70,NFKBIE,-0.47,-0.11877610000000002,1
52021,70,DDX3X,0.29,0.26103170000000003,1
52022,70,ELK4,0.03,0.024945,1
52023,70,MLLT6,0.09,0.07238030000000001,1
52024,70,SRSF2,-3.1,-0.6840692000000002,1
52025,70,CTNNA1,0.16,0.12604880000000002,1
52026,70,RBM10,0.15,0.10593919999999998,1
52027,70,PTPRC,-0.019999999999999997,0.0879647,1
52028,70,HSP90AA1,0.9300000000000004,0.6215479999999999,1
52029,70,NSD1,0.22999999999999998,0.19248119999999996,0
52030,70,DICER1,0.17999999999999997,0.19629919999999995,0
52031,70,BIRC6,0.04,0.0391244,0
52032,70,SDHC,0.25,0.17213750000000003,0
52033,70,TFG,0.36999999999999994,0.20966790000000002,0
52034,70,MAP2K2,0.28,0.2214828,0
52035,70,TFRC,-0.25999999999999995,-0.1206729,0
52036,70,CREB1,0.7800000000000005,0.5690875999999999,0
52037,70,POLG,0.01,0.0033910000000000004,0
52038,70,SETD2,0.7200000000000002,0.594384,0
52039,70,NAB2,-0.27,-0.1045452,0
52040,70,HIF1A,1.5400000000000007,1.0795182,0
52041,70,FLCN,0.07,0.057236499999999996,0
52042,70,MAP2K4,-0.05,0.0611042,0
52043,70,CNOT3,-0.010000000000000002,0.006254500000000007,0
52044,70,CIITA,0.1,0.06913739999999999,0
52045,70,LSM14A,0.09,0.0743541,0
52046,70,AKAP9,-0.08,-0.025216900000000004,0
52047,70,MSN,-0.15,-0.012483700000000002,0
52048,70,BCR,0.08,0.059623499999999996,0
52049,70,TRRAP,0.060000000000000026,0.1434244,0
52050,70,PPP6C,-0.19,-0.0888121,0
52051,70,NCOA4,-0.17,-0.0925981,0
52052,70,BCL9,0.17,0.129815,0
52053,70,PRCC,0.05,0.036708100000000014,0
52054,70,LARP4B,0.0,0.0,0
52055,70,CHD2,0.01,0.0077116,0
52056,70,ASXL1,0.47,0.44820730000000003,0
52057,70,SMARCA4,1.1300000000000006,0.8765077,0
52058,70,ERC1,-0.02,-0.014616,0
52059,70,DCTN1,-0.3,-0.15262440000000002,0
52060,70,PIK3R1,1.3100000000000007,0.9229607000000001,0
52061,70,EED,-0.07,0.012007799999999985,0
52062,70,CNBP,0.01,0.0053416,0
52063,70,SGK1,0.32,0.1891868,0
52064,70,MLLT10,-0.11,-0.03736709999999999,0
52065,70,BRD4,1.0300000000000002,0.7788926,0
52066,70,RANBP2,0.16000000000000003,0.18429290000000006,0
52067,70,FBXO11,0.05,0.0389715,0
52068,70,PML,0.45999999999999996,0.32315810000000006,0
52069,70,AKT2,0.9100000000000001,0.6102147,0
52070,70,CEP89,0.06,0.034743,0
52071,70,LZTR1,0.05,0.0721167,0
52072,70,YWHAE,0.2899999999999999,0.18784839999999997,0
52073,70,DNAJB1,-0.05,-0.013331900000000004,0
52074,70,PRDM2,0.03,0.021564,0
52075,70,TPM4,0.4600000000000001,0.29060290000000005,0
52076,70,CREBBP,1.8600000000000012,1.4760310999999995,0
52077,70,PMS2,0.54,0.49961949999999994,0
52078,70,DDR2,0.05,0.036361,0
52079,70,FANCA,0.36,0.2721086,0
52080,70,PDE4DIP,0.05,0.0344107,0
52081,70,USP8,-0.06000000000000001,-0.029859600000000004,0
52082,70,MYH9,-0.21,-0.02584769999999999,0
52083,70,MYC,-1.0300000000000002,-0.3541813,0
52084,70,NBN,0.53,0.39429829999999993,0
52085,70,CCND3,-0.009999999999999993,0.0292796,0
52086,70,TRIP11,-0.13,-0.0833001,0
52087,70,CNTRL,-0.060000000000000005,-0.040103400000000004,0
52088,70,PIK3CA,1.5000000000000009,1.04089,0
52089,70,DDX5,0.38,0.32236099999999995,0
52090,70,PICALM,3.469446951953614e-18,0.0024322000000000024,0
52091,70,RARA,0.6800000000000002,0.43913490000000005,0
52092,70,DDX6,-0.02,0.0551123,0
52093,70,COL1A1,0.17000000000000004,0.15996690000000002,0
52094,70,VHL,0.17999999999999997,0.12465870000000001,0
52095,70,MAPK1,1.530000000000001,0.9561883000000001,0
52096,70,SRC,-0.71,-0.0637628,0
52097,70,NFE2L2,0.25,0.17426680000000003,0
52098,70,MITF,-0.22999999999999998,-0.0492497,0
52099,70,SMAD3,1.260000000000001,0.9465812000000001,0
52100,70,RBM15,0.060000000000000005,0.05200199999999999,0
52101,70,ATR,0.6400000000000002,0.5185149,0
52102,70,EPAS1,0.45,0.3760927999999999,0
52103,70,TPM3,0.31000000000000005,0.20894500000000002,0
52104,70,RPL10,0.13,0.12534860000000003,0
52105,70,STAG1,0.12,0.1225412,0
52106,70,SBDS,-0.1,-0.03283,0
52107,70,KMT2D,0.9700000000000004,0.7124947,0
52108,70,MED12,0.31,0.24434550000000005,0
52109,70,BCLAF1,-0.009999999999999995,0.035774299999999995,0
52110,70,ASPSCR1,-3.469446951953614e-18,0.006236300000000009,0
52111,70,CDK12,0.33,0.23634239999999998,0
52112,70,EWSR1,0.45999999999999996,0.357297,0
52113,70,NDRG1,-0.060000000000000005,-0.0275276,0
52114,70,PSIP1,-0.19000000000000003,-0.09591239999999997,0
52115,70,TRIM33,0.019999999999999997,0.0188281,0
52116,70,MTOR,1.1000000000000008,0.8011663,0
52117,70,ARHGAP35,0.11000000000000001,0.13333450000000002,0
52118,70,POT1,-0.020000000000000004,0.0023882000000000018,0
52119,70,EXT1,0.11,0.07289480000000001,0
52120,70,IL6ST,0.29,0.21902139999999998,0
52121,70,IDH2,0.16999999999999998,0.13160670000000002,0
52122,70,SMARCE1,0.49,0.3063754,0
52123,70,CRTC3,0.09,0.06749559999999999,0
52124,70,TSC1,0.38999999999999996,0.3144632,0
52125,70,BCOR,-0.13999999999999999,-0.01150470000000001,0
52126,70,SDHA,0.23000000000000004,0.1367107,0
52127,70,EP300,1.5600000000000012,1.2374204,0
52128,70,HNRNPA2B1,0.27999999999999997,0.2394012,0
52129,70,CLIP1,-0.11,-0.0624384,0
52130,70,PATZ1,-0.37,-0.10870840000000001,0
52131,70,FUBP1,-0.17,-0.01127500000000001,0
52132,70,HLA-A,-0.07,0.026990699999999992,0
52133,70,CCNC,-0.09,-0.0415606,0
52134,70,RPN1,-0.25,-0.0739533,0
52135,70,TCF7L2,0.06999999999999995,0.10504569999999996,0
52136,70,CANT1,0.09000000000000002,0.06029700000000001,0
52137,70,RPL5,-0.62,-0.16648759999999999,0
52138,70,CCDC6,0.020000000000000004,0.05091290000000001,0
52139,70,NCKIPSD,0.04,0.022610400000000003,0
52140,70,SMARCD1,0.42,0.28791079999999997,0
52141,70,BCL10,-0.030000000000000013,0.010993300000000001,0
52142,70,MAX,-0.009999999999999992,0.009362600000000004,0
52143,70,HERPUD1,0.01,0.0036736000000000004,0
52144,70,RAC1,0.01999999999999999,0.10688099999999998,0
52145,70,FLNA,-0.010000000000000012,0.0488064,0
52146,70,TFE3,-0.36,-0.15757919999999997,0
52147,70,NCOR2,0.7200000000000001,0.5286535,0
52148,70,PRPF40B,-0.02,-0.012154199999999999,0
52149,70,BCL3,-0.06,-0.012505100000000007,0
52150,70,TFPT,-0.26,-0.094543,0
52151,70,MLH1,0.78,0.6324274,0
52152,70,ARHGAP5,0.12,0.09871490000000002,0
52153,70,CIC,0.0,0.0,0
52154,70,LYN,0.8900000000000003,0.6067036,0
52155,70,TCF12,0.27,0.2029206,0
52156,70,KLF6,0.05,0.026922400000000003,0
52157,70,KMT2C,0.8600000000000001,0.6941688999999998,0
52158,70,PIM1,-0.12,-0.035093,0
52159,70,CCND1,1.2800000000000007,0.7864918000000002,0
52160,70,MLLT1,-0.9100000000000001,-0.2860101,0
52161,70,MEN1,-0.05000000000000001,0.005472300000000005,0
52162,70,CUL3,0.11000000000000001,0.12075730000000001,0
52163,70,RB1,0.6300000000000001,0.4512456000000001,0
52164,70,LPP,-0.06,-0.014696800000000006,0
52165,70,BUB1B,-0.16,-0.0766727,0
52166,70,SMAD4,1.3200000000000007,0.9861078,0
52167,70,FGFR1,0.24999999999999997,0.16416560000000002,0
52168,70,TMSB4X,0.04,0.0309796,0
52169,70,CDK4,0.6600000000000003,0.4050459999999999,0
52170,70,MSI2,0.0,0.0,0
52171,70,MSH6,0.8300000000000003,0.6173346000000001,0
52172,70,BRAF,0.9100000000000003,0.7653353999999999,0
52173,70,TCEA1,-0.009999999999999995,0.025459399999999993,0
52174,70,TNFAIP3,0.09999999999999999,0.1037284,0
52175,70,RABEP1,0.009999999999999998,0.004777699999999998,0
52176,70,GMPS,-0.07,-0.040575200000000006,0
52177,70,MDM2,1.1700000000000006,0.7746862999999998,0
52178,70,NSD2,0.14,0.0934178,0
52179,70,CASP8,0.12,0.22578720000000002,0
52180,70,PER1,-0.24,-0.048293699999999995,0
52181,70,UBR5,-0.07999999999999997,-0.030623300000000006,0
52182,70,EIF3E,-0.08000000000000003,0.040243499999999995,0
52183,70,RFWD3,0.030000000000000002,0.0295703,0
52184,70,BRD3,0.13999999999999999,0.1090294,0
52185,70,PAFAH1B2,0.02,0.0153904,0
52186,70,EXT2,0.0,0.008543700000000001,0
52187,70,PLCG1,0.57,0.3875063999999999,0
52188,70,SF3B1,-0.3499999999999999,-0.1405134,0
52189,70,ARHGEF10L,0.02,0.0099842,0
52190,70,NFATC2,0.19,0.1297072,0
52191,70,SDHD,0.28,0.16056330000000002,0
52192,70,PABPC1,-0.75,-0.19722609999999996,0
52193,70,POLD1,-0.26000000000000006,-0.050037899999999996,0
52194,70,CALR,0.04000000000000001,0.03606670000000001,0
52195,70,PIK3CB,0.56,0.4539691,0
52196,70,PPM1D,0.18000000000000002,0.1354562,0
52197,70,ATRX,1.0200000000000007,0.7842381999999999,0
52198,70,DGCR8,0.16,0.09937249999999999,0
52199,70,DDX10,0.12,0.0755885,0
52200,70,DROSHA,0.3400000000000001,0.2412339,0
52201,70,TNFRSF14,-0.11,-0.036985199999999996,0
52202,70,BCL9L,0.15000000000000002,0.10581580000000002,0
52203,70,QKI,-0.07,-0.0413384,0
52204,70,BAZ1A,0.01,0.0069655,0
52205,70,CHD4,0.21000000000000002,0.18506419999999998,0
52206,70,NSD3,0.039999999999999994,0.0565658,0
52207,70,NT5C2,0.17,0.1014037,0
52208,70,CCNB1IP1,0.11,0.0528243,0
52209,70,PCBP1,-0.74,-0.22917170000000006,0
52210,70,RALGDS,0.13,0.09528249999999999,0
52211,70,ARHGEF12,-0.03,-0.0021519999999999977,0
52212,70,HSP90AB1,1.2100000000000004,0.8034282,0
52213,70,FOXO3,1.3400000000000007,0.9218149,0
52214,70,HIP1,-0.02,-0.012966700000000001,0
52215,70,CDC73,-0.14000000000000004,-0.011033800000000005,0
52216,70,NIN,0.009999999999999998,0.0104072,0
52217,70,MDM4,0.11000000000000001,0.1496315,0
52218,70,COL3A1,0.18000000000000002,0.1556769,0
52219,70,CTNND1,0.09000000000000002,0.1250743,0
52220,70,SPOP,-2.42861286636753e-17,0.030330799999999995,0
52221,70,TMEM127,0.09000000000000001,0.07112189999999999,0
52222,70,CREB3L2,0.11,0.0712899,0
52223,70,MSH2,0.8700000000000003,0.6011347000000001,0
52224,70,FNBP1,0.03,0.023032200000000003,0
52225,70,ATF1,0.05,0.03172230000000001,0
52226,70,EIF1AX,-0.5700000000000001,-0.24933100000000005,0
52227,70,PMS1,0.53,0.39476999999999995,0
52228,70,DEK,0.09000000000000001,0.09394430000000001,0
52229,70,ERBB2,0.9400000000000004,0.5934672999999998,0
52230,70,AKT1,1.4300000000000008,0.8813823999999996,0
52231,70,CHEK2,0.14,0.2470223,0
52232,70,SDHB,0.43,0.281984,0
52233,70,NCOA1,0.38999999999999996,0.2695744,0
52234,70,CHIC2,0.039999999999999994,0.019714,0
52235,70,RUNX1,0.4600000000000002,0.6075705,0
52236,70,STAT6,0.27,0.1920762,0
52237,70,FH,-0.15000000000000002,-0.0429858,0
52238,70,AKT3,1.0300000000000002,0.6929442,0
52239,70,GNAS,0.22999999999999998,0.14460730000000005,0
52240,70,CTNNB1,1.3700000000000008,0.9061739000000004,0
52241,70,NONO,0.12000000000000001,0.08073570000000001,0
52242,70,SMARCB1,0.9300000000000004,0.6822525,0
52243,70,PRKAR1A,0.13,0.10295970000000002,0
52244,70,ITGAV,1.0408340855860843e-17,0.0327616,0
52245,70,SS18,0.41,0.26796500000000006,0
52246,70,MAP2K1,1.0100000000000005,0.6284958,0
52247,70,SIRPA,0.009999999999999997,0.007823499999999997,0
52248,70,PPFIBP1,0.36,0.23132810000000004,0
52249,70,RPL22,-0.19000000000000006,0.09095990000000001,0
52250,70,CYLD,0.28,0.21261589999999997,0
52251,70,ARID1B,0.73,0.5300329,0
52252,70,SETDB1,0.32,0.226405,0
52253,70,AFDN,-0.35,-0.11858500000000001,0
52254,70,ZRSR2,0.31000000000000005,0.21806699999999998,0
52255,70,PBRM1,0.9100000000000004,0.6563532000000002,0
52256,70,XPC,0.6000000000000001,0.3969829,0
52257,70,ASXL2,0.24,0.1595842,0
52258,70,TRIM24,-0.2,-0.08596930000000001,0
52259,70,SFPQ,-0.05,0.03211520000000001,0
52260,70,NCOA2,0.56,0.3942610999999999,0
52261,70,FOXO4,0.4800000000000001,0.3015866,0
52262,70,LEF1,0.05,0.07008389999999999,0
52263,70,B2M,-0.4900000000000001,-0.19020060000000005,0
52264,70,DDIT3,-0.4,-0.1006768,0
52265,70,BCL6,0.55,0.38230650000000005,0
52266,70,KRAS,-2.0000000000000004,-0.48572170000000003,0
52267,70,FAT1,0.029999999999999992,0.0328493,0
52268,70,ABL2,0.08000000000000002,0.05601,0
52269,70,NF1,0.7400000000000002,0.5945054000000001,0
52270,70,BTG1,-0.03,-0.0152883,0
52271,70,EIF4A2,0.060000000000000005,0.056604,0
52272,70,SET,0.16,0.14000210000000002,0
52273,70,EPS15,0.010000000000000002,0.019531500000000004,0
52274,70,RNF213,0.04,0.0303477,0
52275,70,CTCF,0.9500000000000004,0.6820368,0
52276,70,WDCP,0.060000000000000026,0.04906250000000001,0
52277,70,KAT7,0.11999999999999998,0.0927294,0
52278,70,KDM5C,0.15,0.1370318,0
52279,70,TGFBR2,0.22999999999999998,0.17626670000000005,0
52280,70,ATM,1.3600000000000008,1.0354073999999998,0
52281,70,NUMA1,-0.039999999999999994,-0.010421600000000003,0
52282,70,STAT3,1.4000000000000008,1.0780482,0
52283,70,SUB1,-0.29000000000000004,-0.09933520000000001,0
52284,70,NUP98,0.05999999999999996,0.08239180000000002,0
52285,70,ELL,0.00999999999999999,0.0267805,0
52286,70,MAP3K1,0.41000000000000003,0.306681,0
52287,70,MALT1,0.17,0.14839639999999998,0
52288,70,XPO1,0.29000000000000004,0.23981150000000004,0
52289,70,SETD1B,0.18,0.1271515,0
52290,70,ETV6,-0.21,-0.07751469999999999,0
52291,70,TBL1XR1,0.19000000000000003,0.12117150000000002,0
52292,70,NUP214,0.020000000000000028,0.09280760000000002,0
52293,70,TPR,0.11,0.10131489999999999,0
52294,70,ATIC,0.01000000000000001,0.03774970000000001,0
52295,70,NACA,0.24,0.1669234,0
52296,70,MYO5A,0.0,0.003909600000000003,0
52297,70,SMC1A,0.61,0.4758283,0
52298,70,LASP1,-0.2,-0.11459450000000002,0
52299,70,ERCC5,0.44,0.29540360000000004,0
52300,70,JUN,0.31,0.34983339999999996,0
52301,70,THRAP3,0.09,0.0734528,0
52302,70,STAG2,0.55,0.4102527,0
52303,70,RAF1,1.0800000000000005,0.7370148,0
52304,70,ERCC3,0.48000000000000004,0.38543630000000006,0
52305,70,SMAD2,0.6100000000000003,0.5267453,0
52306,70,TAF15,0.17000000000000004,0.1429894,0
52307,70,ARNT,0.32999999999999996,0.25837990000000005,0
52308,70,CLTC,-0.52,-0.28046299999999996,0
52309,70,IKBKB,0.6200000000000001,0.4883502000000001,0
52310,70,IDH1,-0.6100000000000002,-0.1636006,0
52311,70,SND1,1.734723475976807e-18,0.004115599999999999,0
52312,70,KNSTRN,0.03,0.0242298,0
52313,70,RHOA,-1.2200000000000002,-0.30838150000000003,0
52314,70,PALB2,0.58,0.46987609999999996,0
52315,70,ARID2,0.75,0.5523834000000001,0
52316,70,EZR,-0.14,-0.016852000000000006,0
52317,70,TP53,-1.38,-0.37351219999999996,0
52318,70,ARAF,0.39,0.2099585,0
52319,70,KIF5B,0.36,0.25315040000000005,0
52320,70,KAT6A,0.2,0.1889269,0
52321,70,KTN1,-0.1,-0.0308369,0
52322,70,GOLGA5,-0.12,-0.0809587,0
52323,70,KDM5A,0.24000000000000002,0.2135362,0
52324,70,RAD21,0.4800000000000001,0.35540689999999997,0
52325,70,GNAQ,0.15000000000000002,0.1037148,0
52326,70,CAMTA1,-0.02,-0.006173400000000001,0
52327,70,ERCC2,0.6,0.41270110000000004,0
52328,70,EZH2,1.750000000000001,1.0935374999999998,0
52329,70,TOP1,0.19,0.14095870000000002,0
52330,70,SRSF3,-0.2,-0.0476356,0
52331,70,NPM1,-0.009999999999999978,0.15182659999999998,0
52332,70,BAX,-0.45999999999999996,-0.15354900000000002,0
52333,70,NOTCH2,0.27,0.21136990000000003,0
52334,70,TRAF7,0.03,0.021486599999999998,0
52335,70,KDM6A,0.8900000000000003,0.745531,0
52336,70,SPEN,0.09999999999999999,0.07345300000000002,0
52337,70,TRIM27,-0.45,-0.1624016,0
52338,70,CRTC1,0.14,0.1086084,0
52339,70,EML4,0.23000000000000007,0.19009230000000002,0
52340,70,USP9X,-0.09999999999999998,-0.0634677,0
52341,70,PTPRK,0.01,0.0068334,0
52342,70,CD74,-0.09000000000000001,0.011641099999999991,0
52343,70,CBL,0.54,0.3827488,0
52344,70,ZNF384,-0.09,-0.047108,0
52345,70,NOTCH1,0.9100000000000005,0.6859038,0
52346,70,COX6C,-0.13,-0.056679600000000004,0
52347,70,CHCHD7,0.02,0.013053200000000001,0
52348,70,HMGA1,-0.11,-0.0514229,0
52349,70,PTEN,1.6400000000000012,1.2414878000000005,0
52350,70,FIP1L1,-0.020000000000000004,-0.016908599999999996,0
52351,70,JAK1,0.7500000000000002,0.5815395,0
52352,70,ZMYM2,-0.09000000000000001,-0.061808,0
52353,70,SUZ12,0.7200000000000002,0.4920972,0
52354,70,FUS,-0.059999999999999984,0.14740549999999997,0
52355,70,BAP1,0.09999999999999998,0.0869905,0
52356,70,ZCCHC8,-0.06,-0.018711600000000002,0
52357,70,CRNKL1,-0.06,-0.0335034,0
52358,70,RAD17,0.15999999999999998,0.1150027,0
52359,70,ATP1A1,-0.01,-0.004990700000000001,0
52360,70,DNMT3A,0.8200000000000004,0.6278718000000001,0
52361,70,FBXW7,0.8700000000000003,0.6613366,0
52362,70,WWTR1,-0.09999999999999999,-0.0493028,0
52363,70,CDKN1B,0.6000000000000001,0.3678025999999999,0
52364,70,KMT2A,0.47,0.37950029999999996,0
52365,70,PTPN11,0.8600000000000004,0.6272125999999999,0
52366,70,STAT5B,0.6900000000000003,0.5137025000000001,0
52367,70,CUX1,-0.060000000000000005,-0.041746700000000005,0
52368,70,ABI1,-0.36999999999999994,-0.1308771,0
52369,70,BRCA1,1.7100000000000013,1.2956882000000005,0
52370,70,SH2B3,0.04,0.030328300000000006,0
52371,70,AFF4,0.16000000000000003,0.11512309999999999,0
52372,70,NF2,-0.029999999999999995,0.040307600000000006,0
52373,70,LMNA,0.05000000000000002,0.054472000000000007,0
52374,70,TSC2,0.33999999999999997,0.34011440000000004,0
52375,70,GOLPH3,-0.11,-0.0642733,0
52376,70,PCM1,-0.06,-0.0385593,0
52377,70,PPP2R1A,-0.32000000000000006,-0.10895209999999998,0
52378,70,ARID1A,1.7800000000000011,1.2746055,0
52379,70,ABL1,0.36,0.24846,0
52380,70,AFF1,0.15999999999999998,0.1436941,0
52381,70,DAXX,-0.12000000000000001,-0.012981099999999995,0
52382,70,CBFB,0.10999999999999997,0.08812439999999999,0
52383,70,CBLB,0.14,0.1051521,0
52384,70,POLR2A,-0.05000000000000002,0.14779409999999993,0
52385,70,PRKACA,0.34,0.27374069999999995,0
52386,70,DNM2,-0.13,-0.049439500000000004,0
52387,70,RAP1GDS1,-0.09,-0.0377307,0
52388,70,NCOR1,0.9800000000000003,0.8001093000000001,0
52389,70,NFKBIE,-0.26,-0.09858030000000001,0
52390,70,DDX3X,0.05999999999999999,0.0923741,0
52391,70,ELK4,0.02,0.0140976,0
52392,70,MLLT6,0.13,0.0988116,0
52393,70,SRSF2,-1.09,-0.3102228,0
52394,70,CTNNA1,0.09000000000000001,0.06546890000000001,0
52395,70,RBM10,0.21000000000000002,0.1483783,0
52396,70,PTPRC,0.07,0.09304400000000002,0
52397,70,HSP90AA1,1.3500000000000008,0.8899639,0
52398,71,NSD1,0.26,0.22551169999999995,1
52399,71,DICER1,0.17,0.22808219999999996,1
52400,71,BIRC6,0.11,0.10262500000000001,1
52401,71,SDHC,0.39,0.29297480000000004,1
52402,71,TFG,0.23000000000000004,0.1480687,1
52403,71,MAP2K2,0.26999999999999996,0.19622549999999997,1
52404,71,TFRC,-0.28,-0.12233060000000001,1
52405,71,CREB1,0.8500000000000003,0.7690454000000002,1
52406,71,POLG,-0.01,-0.0032062,1
52407,71,SETD2,0.6100000000000003,0.5570090999999999,1
52408,71,NAB2,-0.49,-0.15318110000000001,1
52409,71,HIF1A,1.650000000000001,1.2695479,1
52410,71,FLCN,-0.030000000000000006,0.011198000000000003,1
52411,71,MAP2K4,0.08000000000000002,0.1353605,1
52412,71,CNOT3,0.030000000000000006,0.03476119999999999,1
52413,71,CIITA,0.07,0.0415364,1
52414,71,LSM14A,0.14,0.11721350000000001,1
52415,71,AKAP9,-0.04,0.013738200000000006,1
52416,71,MSN,-0.15000000000000002,-0.041777700000000015,1
52417,71,BCR,-0.05000000000000002,0.02915889999999999,1
52418,71,TRRAP,0.020000000000000025,0.18917899999999999,1
52419,71,PPP6C,-0.16999999999999998,-0.0761081,1
52420,71,NCOA4,-0.14999999999999997,-0.070053,1
52421,71,BCL9,0.18000000000000002,0.1493165,1
52422,71,PRCC,0.08,0.059663000000000015,1
52423,71,LARP4B,0.02,0.0144888,1
52424,71,CHD2,0.02,0.017777400000000002,1
52425,71,ASXL1,0.3900000000000001,0.3903569,1
52426,71,SMARCA4,1.8900000000000012,1.4859870999999993,1
52427,71,ERC1,-0.03,-0.021413599999999998,1
52428,71,DCTN1,-0.04,0.0007006999999999951,1
52429,71,PIK3R1,1.2200000000000006,1.0013569,1
52430,71,EED,0.23,0.1599677,1
52431,71,CNBP,0.02,0.0129026,1
52432,71,SGK1,0.47,0.3288435,1
52433,71,MLLT10,-0.06999999999999999,-0.031983,1
52434,71,BRD4,0.8700000000000004,0.7768588000000003,1
52435,71,RANBP2,0.23,0.2283917,1
52436,71,FBXO11,0.05,0.041596299999999996,1
52437,71,PML,0.33999999999999997,0.2496939,1
52438,71,AKT2,1.0600000000000003,0.7707503999999998,1
52439,71,CEP89,0.060000000000000005,0.039341400000000006,1
52440,71,LZTR1,0.12,0.122049,1
52441,71,YWHAE,0.18,0.124002,1
52442,71,DNAJB1,-0.09,-0.027806100000000004,1
52443,71,PRDM2,0.05,0.0410229,1
52444,71,TPM4,0.51,0.3658754000000001,1
52445,71,CREBBP,1.9200000000000013,1.5675603999999996,1
52446,71,PMS2,0.8,0.6820276999999999,1
52447,71,DDR2,-0.009999999999999998,-0.005187299999999999,1
52448,71,FANCA,0.36,0.29942150000000006,1
52449,71,PDE4DIP,0.08,0.060959,1
52450,71,USP8,-0.05,-0.026172299999999996,1
52451,71,MYH9,-0.3500000000000001,-0.1005732,1
52452,71,MYC,-1.2900000000000005,-0.2806204,1
52453,71,NBN,0.56,0.43866520000000003,1
52454,71,CCND3,-0.11,-0.023648199999999994,1
52455,71,TRIP11,-0.09,-0.0712371,1
52456,71,CNTRL,-0.07999999999999999,-0.06149489999999999,1
52457,71,PIK3CA,1.0800000000000005,0.9844589000000006,1
52458,71,DDX5,0.37999999999999995,0.3440111,1
52459,71,PICALM,-0.009999999999999995,-0.004429300000000001,1
52460,71,RARA,0.11999999999999998,0.13900889999999994,1
52461,71,DDX6,-0.020000000000000018,0.0815144,1
52462,71,COL1A1,0.2,0.173721,1
52463,71,VHL,0.27,0.20766840000000003,1
52464,71,MAPK1,1.750000000000001,1.2689017,1
52465,71,SRC,0.4499999999999999,0.4065264999999999,1
52466,71,NFE2L2,0.27999999999999997,0.2237927,1
52467,71,MITF,-0.19000000000000006,-0.038485899999999997,1
52468,71,SMAD3,1.280000000000001,1.1485139000000004,1
52469,71,RBM15,0.07,0.0600295,1
52470,71,ATR,0.6700000000000002,0.5441936,1
52471,71,EPAS1,0.35,0.3492759999999999,1
52472,71,TPM3,0.21,0.16231010000000007,1
52473,71,RPL10,0.11,0.1146067,1
52474,71,STAG1,0.11,0.13515590000000002,1
52475,71,SBDS,-0.03,-0.0114788,1
52476,71,KMT2D,1.0100000000000002,0.8118797999999999,1
52477,71,MED12,0.32000000000000006,0.27774550000000003,1
52478,71,BCLAF1,-0.020000000000000004,0.031918499999999995,1
52479,71,ASPSCR1,-0.02000000000000001,-0.010715500000000006,1
52480,71,CDK12,0.52,0.41872450000000005,1
52481,71,EWSR1,0.24999999999999992,0.29656099999999996,1
52482,71,NDRG1,-0.030000000000000002,-0.008779600000000004,1
52483,71,PSIP1,0.06,0.06722979999999999,1
52484,71,TRIM33,0.039999999999999994,0.03863010000000001,1
52485,71,MTOR,1.0900000000000003,0.8832287000000001,1
52486,71,ARHGAP35,0.15000000000000002,0.14922220000000003,1
52487,71,POT1,0.0,0.002189700000000001,1
52488,71,EXT1,0.1,0.070896,1
52489,71,IL6ST,0.31,0.2596722,1
52490,71,IDH2,-0.15,-0.014045500000000002,1
52491,71,SMARCE1,0.4,0.28954989999999997,1
52492,71,CRTC3,0.09,0.07548809999999999,1
52493,71,TSC1,0.33,0.3161286,1
52494,71,BCOR,-0.09,0.011197599999999999,1
52495,71,SDHA,0.23,0.17498880000000003,1
52496,71,EP300,2.250000000000001,1.8639505000000003,1
52497,71,HNRNPA2B1,0.51,0.3803268,1
52498,71,CLIP1,-0.12999999999999998,-0.0800422,1
52499,71,PATZ1,-0.42999999999999994,-0.132081,1
52500,71,FUBP1,-0.12000000000000001,-0.003524199999999998,1
52501,71,HLA-A,-0.14,-0.0161801,1
52502,71,CCNC,-0.3,-0.1242936,1
52503,71,RPN1,-0.18,-0.07014610000000002,1
52504,71,TCF7L2,0.030000000000000023,0.09523920000000002,1
52505,71,CANT1,-0.010000000000000009,0.011834899999999995,1
52506,71,RPL5,-0.63,-0.1978396,1
52507,71,CCDC6,0.05,0.067566,1
52508,71,NCKIPSD,-0.05,-0.0198886,1
52509,71,SMARCD1,0.46,0.3952389,1
52510,71,BCL10,0.04,0.06904140000000002,1
52511,71,MAX,0.05000000000000001,0.076972,1
52512,71,HERPUD1,-0.03,-0.007919099999999998,1
52513,71,RAC1,0.11,0.1582867,1
52514,71,FLNA,0.13,0.10387869999999996,1
52515,71,TFE3,-0.7200000000000001,-0.29331870000000004,1
52516,71,NCOR2,0.5900000000000002,0.5070373,1
52517,71,PRPF40B,0.04,0.0257526,1
52518,71,BCL3,-0.18,-0.036182000000000006,1
52519,71,TFPT,-0.35000000000000003,-0.11280760000000001,1
52520,71,MLH1,0.8600000000000001,0.7525993,1
52521,71,ARHGAP5,0.11,0.11060770000000002,1
52522,71,CIC,0.01,0.007486199999999999,1
52523,71,LYN,0.7500000000000001,0.5779221999999999,1
52524,71,TCF12,0.3,0.24249700000000002,1
52525,71,KLF6,0.05,0.032729799999999996,1
52526,71,KMT2C,1.0300000000000002,0.8478661,1
52527,71,PIM1,-0.09,-0.006782800000000012,1
52528,71,CCND1,1.3200000000000007,0.8285793,1
52529,71,MLLT1,-1.2000000000000004,-0.3558657,1
52530,71,MEN1,-0.15000000000000002,-0.0489347,1
52531,71,CUL3,0.10999999999999997,0.15134720000000002,1
52532,71,RB1,0.6799999999999999,0.5505996999999999,1
52533,71,LPP,-0.16,-0.041070300000000004,1
52534,71,BUB1B,-0.19000000000000003,-0.08441920000000001,1
52535,71,SMAD4,1.660000000000001,1.3168587000000003,1
52536,71,FGFR1,0.21999999999999995,0.2004756,1
52537,71,TMSB4X,0.03,0.0222036,1
52538,71,CDK4,0.9600000000000004,0.6719543,1
52539,71,MSI2,0.01,0.0078472,1
52540,71,MSH6,1.0300000000000005,0.8578431999999999,1
52541,71,BRAF,1.2100000000000009,1.0441330000000002,1
52542,71,TCEA1,-0.12,-0.0127462,1
52543,71,TNFAIP3,0.11000000000000001,0.12307420000000002,1
52544,71,RABEP1,-0.020000000000000004,-0.0139174,1
52545,71,GMPS,-0.09,-0.04781519999999999,1
52546,71,MDM2,1.0600000000000007,0.8352640999999998,1
52547,71,NSD2,0.22,0.16644259999999997,1
52548,71,CASP8,-0.19999999999999996,0.06830019999999998,1
52549,71,PER1,-0.19,-0.07426730000000001,1
52550,71,UBR5,1.734723475976807e-18,0.016303499999999995,1
52551,71,EIF3E,0.030000000000000013,0.061065100000000025,1
52552,71,RFWD3,0.020000000000000004,0.026984100000000004,1
52553,71,BRD3,0.11000000000000001,0.0890614,1
52554,71,PAFAH1B2,0.03,0.027545399999999998,1
52555,71,EXT2,0.010000000000000009,0.0094908,1
52556,71,PLCG1,0.48,0.4099362999999999,1
52557,71,SF3B1,-0.48,-0.2295391,1
52558,71,ARHGEF10L,0.03,0.0152628,1
52559,71,NFATC2,0.23,0.17749720000000002,1
52560,71,SDHD,0.29000000000000004,0.21669229999999998,1
52561,71,PABPC1,-0.8200000000000002,-0.2220603,1
52562,71,POLD1,-0.19000000000000006,-0.0381514,1
52563,71,CALR,0.06999999999999999,0.07883170000000002,1
52564,71,PIK3CB,0.7600000000000002,0.6067214,1
52565,71,PPM1D,0.26,0.20377840000000003,1
52566,71,ATRX,0.8900000000000006,0.7648542999999999,1
52567,71,DGCR8,0.18,0.1426806,1
52568,71,DDX10,0.16,0.1273309,1
52569,71,DROSHA,0.46,0.36825699999999995,1
52570,71,TNFRSF14,-0.14,-0.056551199999999996,1
52571,71,BCL9L,0.13,0.10219489999999998,1
52572,71,QKI,0.0,0.0009183000000000004,1
52573,71,BAZ1A,0.01,0.0081159,1
52574,71,CHD4,0.37,0.3240921,1
52575,71,NSD3,0.12,0.1219869,1
52576,71,NT5C2,0.14,0.0835983,1
52577,71,CCNB1IP1,0.12,0.0581264,1
52578,71,PCBP1,-0.79,-0.23145220000000005,1
52579,71,RALGDS,-0.1,0.033635399999999996,1
52580,71,ARHGEF12,0.0,0.036388699999999996,1
52581,71,HSP90AB1,0.9700000000000002,0.6984737000000001,1
52582,71,FOXO3,1.4800000000000009,1.1226720000000001,1
52583,71,HIP1,-0.02,-0.013224,1
52584,71,CDC73,0.13,0.1238418,1
52585,71,NIN,-0.019999999999999993,-0.0146471,1
52586,71,MDM4,0.04000000000000002,0.1401783,1
52587,71,COL3A1,0.23,0.1901505,1
52588,71,CTNND1,0.10000000000000003,0.1376386,1
52589,71,SPOP,0.12000000000000002,0.1212933,1
52590,71,TMEM127,0.1,0.0570682,1
52591,71,CREB3L2,0.09,0.0618312,1
52592,71,MSH2,0.9900000000000004,0.8446182000000001,1
52593,71,FNBP1,0.019999999999999997,0.027896000000000004,1
52594,71,ATF1,0.11000000000000001,0.07565149999999998,1
52595,71,EIF1AX,-0.48,-0.2087782,1
52596,71,PMS1,0.62,0.48650610000000005,1
52597,71,DEK,0.16000000000000003,0.13823590000000002,1
52598,71,ERBB2,0.8400000000000003,0.5774146,1
52599,71,AKT1,0.8300000000000003,0.5625635999999997,1
52600,71,CHEK2,0.6400000000000002,0.5742810000000002,1
52601,71,SDHB,0.36000000000000004,0.2649706,1
52602,71,NCOA1,0.36,0.30298970000000003,1
52603,71,CHIC2,0.08,0.058535199999999996,1
52604,71,RUNX1,0.18000000000000002,0.5801574999999999,1
52605,71,STAT6,0.38999999999999996,0.3511784,1
52606,71,FH,-0.09000000000000001,-0.020988500000000007,1
52607,71,AKT3,1.1500000000000004,0.8655807,1
52608,71,GNAS,0.36,0.2599577,1
52609,71,CTNNB1,1.4600000000000009,1.0563887000000003,1
52610,71,NONO,0.29000000000000004,0.26855239999999997,1
52611,71,SMARCB1,0.9600000000000004,0.7420875000000001,1
52612,71,PRKAR1A,0.18999999999999997,0.17810949999999998,1
52613,71,ITGAV,-0.02,0.029458199999999997,1
52614,71,SS18,0.39,0.2820028,1
52615,71,MAP2K1,0.9800000000000004,0.6208666,1
52616,71,SIRPA,-0.09,-0.0254215,1
52617,71,PPFIBP1,0.41,0.30952389999999996,1
52618,71,RPL22,-0.11999999999999997,0.0899012,1
52619,71,CYLD,0.30000000000000004,0.2484516,1
52620,71,ARID1B,0.78,0.6150507000000001,1
52621,71,SETDB1,0.31,0.23343430000000004,1
52622,71,AFDN,-0.41000000000000003,-0.13640829999999998,1
52623,71,ZRSR2,-0.06999999999999999,-0.03225220000000001,1
52624,71,PBRM1,0.9400000000000004,0.7210871,1
52625,71,XPC,0.51,0.3330426,1
52626,71,ASXL2,0.28,0.2051568,1
52627,71,TRIM24,-0.24,-0.058185600000000004,1
52628,71,SFPQ,-0.24000000000000002,-0.031191399999999987,1
52629,71,NCOA2,0.56,0.46416789999999997,1
52630,71,FOXO4,0.4700000000000001,0.29820510000000006,1
52631,71,LEF1,0.13999999999999999,0.16226480000000001,1
52632,71,B2M,-0.31,-0.14907079999999998,1
52633,71,DDIT3,-0.30000000000000004,-0.10925499999999999,1
52634,71,BCL6,0.32000000000000006,0.28990430000000006,1
52635,71,KRAS,-0.17000000000000007,0.106343,1
52636,71,FAT1,0.1,0.0758093,1
52637,71,ABL2,0.07,0.05860099999999999,1
52638,71,NF1,1.1300000000000006,0.9252704,1
52639,71,BTG1,-0.06,-0.026755199999999996,1
52640,71,EIF4A2,0.03,0.0183233,1
52641,71,SET,0.16999999999999998,0.14141750000000003,1
52642,71,EPS15,0.06,0.054625900000000005,1
52643,71,RNF213,0.05,0.0433754,1
52644,71,CTCF,1.1000000000000005,0.8001349999999999,1
52645,71,WDCP,0.23000000000000004,0.15068039999999996,1
52646,71,KAT7,0.15,0.1285426,1
52647,71,KDM5C,0.16999999999999998,0.161263,1
52648,71,TGFBR2,0.09999999999999999,0.14552170000000006,1
52649,71,ATM,1.1200000000000006,1.056244,1
52650,71,NUMA1,6.938893903907228e-18,0.014546599999999996,1
52651,71,STAT3,0.8400000000000003,0.8117490000000002,1
52652,71,SUB1,-0.11,-0.05418250000000001,1
52653,71,NUP98,0.12999999999999998,0.14425120000000002,1
52654,71,ELL,0.11,0.0537092,1
52655,71,MAP3K1,0.42,0.3424154,1
52656,71,MALT1,0.12000000000000001,0.1437151,1
52657,71,XPO1,0.49000000000000005,0.3984715,1
52658,71,SETD1B,0.24,0.1918995,1
52659,71,ETV6,-0.21,-0.07339300000000001,1
52660,71,TBL1XR1,0.21000000000000002,0.1553353,1
52661,71,NUP214,-0.11,0.11163389999999998,1
52662,71,TPR,0.09999999999999999,0.086177,1
52663,71,ATIC,0.14,0.15434459999999997,1
52664,71,NACA,0.22,0.13721519999999998,1
52665,71,MYO5A,0.01,0.0081997,1
52666,71,SMC1A,0.38000000000000006,0.41999109999999984,1
52667,71,LASP1,-0.23,-0.12329029999999999,1
52668,71,ERCC5,0.42,0.2662698,1
52669,71,JUN,-0.99,-0.16643300000000003,1
52670,71,THRAP3,0.039999999999999994,0.033673400000000006,1
52671,71,STAG2,0.21000000000000005,0.26714499999999997,1
52672,71,RAF1,0.8900000000000003,0.6815215,1
52673,71,ERCC3,0.6,0.5037158,1
52674,71,SMAD2,0.55,0.5337071999999999,1
52675,71,TAF15,0.2,0.16484949999999998,1
52676,71,ARNT,0.25,0.22232079999999999,1
52677,71,CLTC,-0.7799999999999999,-0.374581,1
52678,71,IKBKB,0.45999999999999996,0.43178000000000005,1
52679,71,IDH1,-0.9200000000000002,-0.28475219999999996,1
52680,71,SND1,1.734723475976807e-18,0.0119024,1
52681,71,KNSTRN,0.02,0.014781200000000001,1
52682,71,RHOA,-2.970000000000001,-0.7515725,1
52683,71,PALB2,0.6700000000000002,0.5688503,1
52684,71,ARID2,0.8200000000000001,0.6504758999999999,1
52685,71,EZR,-0.2,-0.0803063,1
52686,71,TP53,-0.23,0.23052270000000014,1
52687,71,ARAF,0.46,0.27361810000000003,1
52688,71,KIF5B,0.5200000000000001,0.39359220000000006,1
52689,71,KAT6A,0.21999999999999997,0.22139969999999998,1
52690,71,KTN1,-0.09000000000000001,-0.01146740000000001,1
52691,71,GOLGA5,-0.08,-0.0538168,1
52692,71,KDM5A,0.26,0.2386665,1
52693,71,RAD21,0.5800000000000001,0.48202849999999997,1
52694,71,GNAQ,0.26999999999999996,0.23350569999999998,1
52695,71,CAMTA1,0.06,0.044091,1
52696,71,ERCC2,0.68,0.5187682000000001,1
52697,71,EZH2,1.5700000000000012,1.2066670999999998,1
52698,71,TOP1,0.23000000000000007,0.21040750000000003,1
52699,71,SRSF3,-0.17,-0.025584600000000027,1
52700,71,NPM1,0.06000000000000005,0.10628890000000002,1
52701,71,BAX,-0.7000000000000001,-0.17914990000000003,1
52702,71,NOTCH2,0.28,0.23859750000000002,1
52703,71,TRAF7,0.02,0.0143716,1
52704,71,KDM6A,0.8600000000000003,0.8739701000000001,1
52705,71,SPEN,0.12000000000000001,0.09365620000000001,1
52706,71,TRIM27,-0.5700000000000001,-0.175599,1
52707,71,CRTC1,0.13999999999999999,0.11195379999999999,1
52708,71,EML4,0.26,0.2622903,1
52709,71,USP9X,-0.08,-0.0624737,1
52710,71,PTPRK,-0.01,-0.0062246,1
52711,71,CD74,-0.21,-0.03733459999999999,1
52712,71,CBL,0.5900000000000001,0.5001215000000001,1
52713,71,ZNF384,0.03,0.0234881,1
52714,71,NOTCH1,1.1100000000000005,0.8532267000000004,1
52715,71,COX6C,-0.17,-0.0460992,1
52716,71,CHCHD7,0.03,0.021092999999999997,1
52717,71,HMGA1,-0.08,-0.035976600000000004,1
52718,71,PTEN,1.3600000000000008,1.2140801999999995,1
52719,71,FIP1L1,-0.05,-0.018524000000000006,1
52720,71,JAK1,0.8400000000000003,0.7008328000000001,1
52721,71,ZMYM2,-0.01999999999999999,-0.014092699999999996,1
52722,71,SUZ12,0.7100000000000003,0.5825301000000002,1
52723,71,FUS,-0.29999999999999993,0.05215079999999999,1
52724,71,BAP1,-0.45,-0.18791799999999997,1
52725,71,ZCCHC8,-0.08,-0.024722400000000002,1
52726,71,CRNKL1,-0.009999999999999998,-0.006078999999999999,1
52727,71,RAD17,0.17,0.12436090000000001,1
52728,71,ATP1A1,0.03,0.0178025,1
52729,71,DNMT3A,1.0000000000000004,0.8381348000000002,1
52730,71,FBXW7,0.9600000000000004,0.8043530999999999,1
52731,71,WWTR1,-0.12000000000000001,-0.055972900000000006,1
52732,71,CDKN1B,0.3400000000000001,0.280438,1
52733,71,KMT2A,0.33000000000000007,0.34341390000000005,1
52734,71,PTPN11,1.0100000000000005,0.8067964999999998,1
52735,71,STAT5B,0.7500000000000002,0.6049505000000002,1
52736,71,CUX1,-0.11,-0.0740528,1
52737,71,ABI1,-0.23,-0.06764289999999999,1
52738,71,BRCA1,1.7900000000000011,1.4370717999999998,1
52739,71,SH2B3,0.08,0.0531106,1
52740,71,AFF4,6.938893903907228e-18,0.02951790000000001,1
52741,71,NF2,0.14,0.1408179,1
52742,71,LMNA,0.039999999999999994,0.03566230000000001,1
52743,71,TSC2,0.8300000000000003,0.6623844,1
52744,71,GOLPH3,-0.039999999999999994,-0.028694199999999996,1
52745,71,PCM1,-0.05,-0.040192500000000006,1
52746,71,PPP2R1A,-0.29000000000000004,-0.08527410000000002,1
52747,71,ARID1A,1.7800000000000011,1.4317019999999998,1
52748,71,ABL1,0.07000000000000015,0.1572718,1
52749,71,AFF1,0.09999999999999999,0.1102894,1
52750,71,DAXX,-0.29000000000000004,-0.08148970000000001,1
52751,71,CBFB,0.06999999999999999,0.10164510000000002,1
52752,71,CBLB,0.16000000000000003,0.1392661,1
52753,71,POLR2A,-0.11999999999999997,0.16340829999999998,1
52754,71,PRKACA,0.12000000000000004,0.22503280000000003,1
52755,71,DNM2,-0.13,-0.0631568,1
52756,71,RAP1GDS1,1.3877787807814457e-17,0.040366200000000005,1
52757,71,NCOR1,1.0200000000000002,0.9332027000000004,1
52758,71,NFKBIE,-0.43000000000000005,-0.14071470000000003,1
52759,71,DDX3X,0.26,0.22658489999999998,1
52760,71,ELK4,0.02,0.0167128,1
52761,71,MLLT6,0.009999999999999995,0.025821900000000005,1
52762,71,SRSF2,-2.5899999999999994,-0.6693451000000001,1
52763,71,CTNNA1,0.15,0.1164569,1
52764,71,RBM10,0.17,0.12906340000000002,1
52765,71,PTPRC,0.04000000000000001,0.11510840000000003,1
52766,71,HSP90AA1,0.7700000000000004,0.5625882,1
52767,71,NSD1,0.24,0.1970459,0
52768,71,DICER1,0.23,0.2312999,0
52769,71,BIRC6,0.09,0.0683328,0
52770,71,SDHC,0.3400000000000001,0.2152253,0
52771,71,TFG,0.41,0.24214260000000004,0
52772,71,MAP2K2,0.25,0.1824464,0
52773,71,TFRC,-0.23,-0.1170543,0
52774,71,CREB1,0.8600000000000005,0.6617015,0
52775,71,POLG,0.01,0.0038651000000000002,0
52776,71,SETD2,0.6700000000000003,0.5608122,0
52777,71,NAB2,-0.32,-0.10160060000000001,0
52778,71,HIF1A,1.640000000000001,1.1603302,0
52779,71,FLCN,0.039999999999999994,0.034885700000000006,0
52780,71,MAP2K4,-0.08,0.0411152,0
52781,71,CNOT3,0.0,0.013465800000000007,0
52782,71,CIITA,0.1,0.064028,0
52783,71,LSM14A,0.11,0.0860382,0
52784,71,AKAP9,-0.07999999999999999,-0.020904700000000002,0
52785,71,MSN,-0.26,-0.0558391,0
52786,71,BCR,0.05,0.0578866,0
52787,71,TRRAP,0.01999999999999999,0.15047660000000004,0
52788,71,PPP6C,-0.16000000000000003,-0.0829403,0
52789,71,NCOA4,-0.16,-0.0852444,0
52790,71,BCL9,0.16,0.1254094,0
52791,71,PRCC,0.04000000000000001,0.03300570000000001,0
52792,71,LARP4B,0.0,0.0,0
52793,71,CHD2,0.01,0.0076327,0
52794,71,ASXL1,0.56,0.48455430000000005,0
52795,71,SMARCA4,1.3000000000000007,0.9754029,0
52796,71,ERC1,-0.03,-0.021887399999999998,0
52797,71,DCTN1,-0.3400000000000001,-0.17486039999999997,0
52798,71,PIK3R1,1.2900000000000007,0.9279389999999998,0
52799,71,EED,-0.029999999999999995,0.020434000000000008,0
52800,71,CNBP,0.0,0.0,0
52801,71,SGK1,0.3,0.1850829,0
52802,71,MLLT10,-0.11000000000000003,-0.04395090000000001,0
52803,71,BRD4,0.9400000000000004,0.7113902000000001,0
52804,71,RANBP2,0.15,0.17733800000000002,0
52805,71,FBXO11,0.05,0.0386667,0
52806,71,PML,0.38,0.25914280000000006,0
52807,71,AKT2,0.9800000000000004,0.6630193999999999,0
52808,71,CEP89,0.05,0.029910000000000003,0
52809,71,LZTR1,0.06,0.0767445,0
52810,71,YWHAE,0.25,0.15448479999999998,0
52811,71,DNAJB1,-0.04000000000000001,0.0065629999999999925,0
52812,71,PRDM2,0.05,0.0383716,0
52813,71,TPM4,0.4700000000000001,0.2999606,0
52814,71,CREBBP,1.8900000000000012,1.4878822000000012,0
52815,71,PMS2,0.73,0.6141369999999999,0
52816,71,DDR2,0.03,0.0157112,0
52817,71,FANCA,0.33,0.26357820000000004,0
52818,71,PDE4DIP,0.04,0.025407199999999998,0
52819,71,USP8,-0.09,-0.0442109,0
52820,71,MYH9,-0.12,0.003689299999999982,0
52821,71,MYC,-1.1800000000000004,-0.45943900000000004,0
52822,71,NBN,0.5,0.3685671,0
52823,71,CCND3,-0.07000000000000002,0.0007188000000000021,0
52824,71,TRIP11,-0.12000000000000002,-0.08568680000000001,0
52825,71,CNTRL,-0.039999999999999994,-0.0296837,0
52826,71,PIK3CA,1.570000000000001,1.1433961000000004,0
52827,71,DDX5,0.36000000000000004,0.2716292,0
52828,71,PICALM,3.469446951953614e-18,0.004217300000000007,0
52829,71,RARA,0.5400000000000001,0.3612866999999999,0
52830,71,DDX6,-0.030000000000000002,0.061362000000000014,0
52831,71,COL1A1,0.05,0.0736135,0
52832,71,VHL,0.17999999999999997,0.1317538,0
52833,71,MAPK1,1.6000000000000008,1.0679506,0
52834,71,SRC,-0.11000000000000001,0.14242660000000001,0
52835,71,NFE2L2,0.19999999999999998,0.16192720000000005,0
52836,71,MITF,-0.35,-0.08210490000000001,0
52837,71,SMAD3,1.2000000000000008,0.91888,0
52838,71,RBM15,0.06000000000000001,0.051370200000000005,0
52839,71,ATR,0.6300000000000002,0.5203817,0
52840,71,EPAS1,0.39999999999999997,0.33725829999999996,0
52841,71,TPM3,0.19000000000000003,0.1372848,0
52842,71,RPL10,0.06999999999999999,0.0867439,0
52843,71,STAG1,0.14,0.13424129999999998,0
52844,71,SBDS,-0.05,-0.0187347,0
52845,71,KMT2D,0.9100000000000004,0.666763,0
52846,71,MED12,0.25,0.20305849999999998,0
52847,71,BCLAF1,-0.01999999999999999,0.039061700000000005,0
52848,71,ASPSCR1,-0.019999999999999993,-0.0004728999999999966,0
52849,71,CDK12,0.3,0.2254722,0
52850,71,EWSR1,0.43999999999999995,0.338624,0
52851,71,NDRG1,-0.049999999999999996,-0.018838200000000003,0
52852,71,PSIP1,-0.17,-0.0861306,0
52853,71,TRIM33,0.039999999999999994,0.039152,0
52854,71,MTOR,1.3000000000000005,0.9305776000000004,0
52855,71,ARHGAP35,0.13,0.1379301,0
52856,71,POT1,-0.049999999999999996,-0.004153199999999999,0
52857,71,EXT1,0.1,0.064296,0
52858,71,IL6ST,0.27,0.20656300000000002,0
52859,71,IDH2,0.17,0.14136949999999998,0
52860,71,SMARCE1,0.44,0.2752439,0
52861,71,CRTC3,0.09,0.0700196,0
52862,71,TSC1,0.36,0.2981852,0
52863,71,BCOR,-0.13000000000000003,-0.024054799999999998,0
52864,71,SDHA,0.25000000000000006,0.15042319999999998,0
52865,71,EP300,1.6600000000000013,1.3112361999999997,0
52866,71,HNRNPA2B1,0.21,0.18863790000000003,0
52867,71,CLIP1,-0.12000000000000001,-0.06710290000000001,0
52868,71,PATZ1,-0.33999999999999997,-0.105107,0
52869,71,FUBP1,-0.10000000000000002,0.001241199999999997,0
52870,71,HLA-A,-0.26,-0.014661500000000022,0
52871,71,CCNC,-0.01,0.002708699999999997,0
52872,71,RPN1,-0.31000000000000005,-0.0681429,0
52873,71,TCF7L2,0.07000000000000002,0.10029160000000002,0
52874,71,CANT1,0.08000000000000002,0.046956700000000004,0
52875,71,RPL5,-0.75,-0.21484789999999998,0
52876,71,CCDC6,-0.059999999999999984,0.02430419999999999,0
52877,71,NCKIPSD,0.019999999999999997,0.012345799999999999,0
52878,71,SMARCD1,0.48,0.33583480000000004,0
52879,71,BCL10,-0.010000000000000002,0.0226872,0
52880,71,MAX,-0.03,-0.0070415999999999986,0
52881,71,HERPUD1,0.02,0.0079996,0
52882,71,RAC1,0.059999999999999984,0.11303809999999997,0
52883,71,FLNA,0.039999999999999994,0.06844680000000002,0
52884,71,TFE3,-0.45000000000000007,-0.18375070000000002,0
52885,71,NCOR2,0.6600000000000001,0.48241429999999996,0
52886,71,PRPF40B,-0.05,-0.0264977,0
52887,71,BCL3,-0.059999999999999984,-0.018099,0
52888,71,TFPT,-0.29000000000000004,-0.0923918,0
52889,71,MLH1,0.8900000000000001,0.7043481000000001,0
52890,71,ARHGAP5,0.08,0.0896679,0
52891,71,CIC,0.01,0.0070073,0
52892,71,LYN,0.8700000000000001,0.6163173,0
52893,71,TCF12,0.27999999999999997,0.21158749999999998,0
52894,71,KLF6,0.03,0.0165558,0
52895,71,KMT2C,1.0500000000000003,0.8147714000000001,0
52896,71,PIM1,-0.21000000000000005,-0.08007510000000001,0
52897,71,CCND1,1.4600000000000009,0.8814488000000001,0
52898,71,MLLT1,-0.8700000000000001,-0.2803447,0
52899,71,MEN1,-0.039999999999999994,0.006961699999999998,0
52900,71,CUL3,0.11000000000000001,0.11277359999999999,0
52901,71,RB1,0.6600000000000001,0.5030988000000001,0
52902,71,LPP,-0.09999999999999999,-0.0266285,0
52903,71,BUB1B,-0.22000000000000003,-0.12226070000000001,0
52904,71,SMAD4,1.4600000000000009,1.0515822000000001,0
52905,71,FGFR1,0.19000000000000003,0.12420059999999997,0
52906,71,TMSB4X,0.04,0.0310092,0
52907,71,CDK4,0.3900000000000001,0.2698527,0
52908,71,MSI2,0.0,0.0,0
52909,71,MSH6,0.8600000000000003,0.6539345,0
52910,71,BRAF,1.0300000000000005,0.8979409999999998,0
52911,71,TCEA1,-0.07999999999999997,-0.010473200000000002,0
52912,71,TNFAIP3,0.14,0.1173302,0
52913,71,RABEP1,0.009999999999999998,0.0047890999999999975,0
52914,71,GMPS,-0.06,-0.039081000000000005,0
52915,71,MDM2,1.1200000000000006,0.7964301,0
52916,71,NSD2,0.18000000000000002,0.128802,0
52917,71,CASP8,0.030000000000000027,0.19814749999999998,0
52918,71,PER1,-0.22999999999999998,-0.060824399999999994,0
52919,71,UBR5,-0.07999999999999999,-0.03482199999999999,0
52920,71,EIF3E,-0.05,0.047723699999999994,0
52921,71,RFWD3,0.030000000000000002,0.030293200000000006,0
52922,71,BRD3,0.14,0.120265,0
52923,71,PAFAH1B2,0.02,0.016241600000000002,0
52924,71,EXT2,0.010000000000000009,0.005472000000000012,0
52925,71,PLCG1,0.5599999999999999,0.4016379,0
52926,71,SF3B1,-0.24999999999999997,-0.11439550000000001,0
52927,71,ARHGEF10L,0.02,0.010264800000000001,0
52928,71,NFATC2,0.18,0.1277579,0
52929,71,SDHD,0.23000000000000007,0.1244796,0
52930,71,PABPC1,-1.02,-0.25442339999999997,0
52931,71,POLD1,-0.17000000000000004,-0.033311299999999995,0
52932,71,CALR,0.049999999999999975,0.04166509999999999,0
52933,71,PIK3CB,0.46999999999999986,0.39473949999999997,0
52934,71,PPM1D,0.16,0.1275626,0
52935,71,ATRX,0.9200000000000005,0.7200016000000001,0
52936,71,DGCR8,0.16,0.1023608,0
52937,71,DDX10,0.12,0.0794438,0
52938,71,DROSHA,0.42000000000000004,0.3109735,0
52939,71,TNFRSF14,-0.15000000000000002,-0.05440700000000001,0
52940,71,BCL9L,0.13000000000000003,0.09745080000000002,0
52941,71,QKI,-0.05,-0.032771999999999996,0
52942,71,BAZ1A,0.01,0.0070547000000000006,0
52943,71,CHD4,0.08000000000000002,0.09277799999999999,0
52944,71,NSD3,0.03000000000000001,0.0374408,0
52945,71,NT5C2,0.16,0.0895307,0
52946,71,CCNB1IP1,0.11000000000000001,0.0510124,0
52947,71,PCBP1,-0.73,-0.2307071,0
52948,71,RALGDS,0.15,0.1156517,0
52949,71,ARHGEF12,-0.04,-0.004830999999999995,0
52950,71,HSP90AB1,0.9800000000000004,0.6597681,0
52951,71,FOXO3,1.3100000000000005,0.9143605000000001,0
52952,71,HIP1,-0.02,-0.012392799999999999,0
52953,71,CDC73,-0.12000000000000001,-0.011487699999999993,0
52954,71,NIN,0.010000000000000002,0.010315999999999999,0
52955,71,MDM4,0.17,0.1710735,0
52956,71,COL3A1,0.12,0.11031070000000001,0
52957,71,CTNND1,0.12000000000000002,0.13397230000000002,0
52958,71,SPOP,-0.030000000000000006,0.005544400000000002,0
52959,71,TMEM127,0.05,0.0434971,0
52960,71,CREB3L2,0.09999999999999999,0.0636725,0
52961,71,MSH2,0.8700000000000003,0.6323462,0
52962,71,FNBP1,-0.009999999999999997,-0.0021944999999999985,0
52963,71,ATF1,0.01999999999999999,0.01712,0
52964,71,EIF1AX,-0.47000000000000003,-0.2280379,0
52965,71,PMS1,0.49000000000000005,0.363241,0
52966,71,DEK,0.16,0.1306787,0
52967,71,ERBB2,1.0000000000000002,0.6775745999999999,0
52968,71,AKT1,1.1200000000000006,0.7279365000000002,0
52969,71,CHEK2,0.29,0.3375591,0
52970,71,SDHB,0.37999999999999995,0.2374957,0
52971,71,NCOA1,0.43,0.299924,0
52972,71,CHIC2,0.030000000000000002,0.0131583,0
52973,71,RUNX1,0.6500000000000006,0.6939402999999998,0
52974,71,STAT6,0.25,0.1748166,0
52975,71,FH,-0.27999999999999997,-0.09760929999999998,0
52976,71,AKT3,1.0000000000000004,0.6770476,0
52977,71,GNAS,0.2,0.14126110000000003,0
52978,71,CTNNB1,1.2900000000000007,0.8950388,0
52979,71,NONO,0.13,0.09252400000000001,0
52980,71,SMARCB1,0.9200000000000004,0.6804696000000001,0
52981,71,PRKAR1A,0.11,0.09712910000000001,0
52982,71,ITGAV,-0.010000000000000005,0.010443899999999999,0
52983,71,SS18,0.38,0.2511162,0
52984,71,MAP2K1,1.1100000000000005,0.6948421000000001,0
52985,71,SIRPA,-0.03,-0.012145999999999997,0
52986,71,PPFIBP1,0.39,0.26021269999999996,0
52987,71,RPL22,-0.17,0.05561890000000003,0
52988,71,CYLD,0.28,0.22163380000000002,0
52989,71,ARID1B,0.6699999999999999,0.4971069,0
52990,71,SETDB1,0.30999999999999994,0.2252812,0
52991,71,AFDN,-0.35000000000000003,-0.1306711,0
52992,71,ZRSR2,0.27,0.19337520000000002,0
52993,71,PBRM1,0.9000000000000004,0.6564062999999999,0
52994,71,XPC,0.6200000000000001,0.4225030000000001,0
52995,71,ASXL2,0.22000000000000003,0.1450823,0
52996,71,TRIM24,-0.22999999999999998,-0.09815850000000001,0
52997,71,SFPQ,-0.06,0.027844199999999993,0
52998,71,NCOA2,0.5200000000000001,0.3711755,0
52999,71,FOXO4,0.41000000000000003,0.25271509999999997,0
53000,71,LEF1,0.04000000000000001,0.0622933,0
53001,71,B2M,-0.5100000000000001,-0.20560750000000003,0
53002,71,DDIT3,-0.36,-0.0992574,0
53003,71,BCL6,0.6200000000000001,0.4425308,0
53004,71,KRAS,-1.4000000000000006,-0.3862711999999999,0
53005,71,FAT1,0.029999999999999992,0.028562300000000002,0
53006,71,ABL2,0.10000000000000002,0.069223,0
53007,71,NF1,0.6500000000000002,0.5324685999999998,0
53008,71,BTG1,-0.03,-0.015540299999999998,0
53009,71,EIF4A2,0.09999999999999998,0.07411430000000001,0
53010,71,SET,0.17,0.14388800000000002,0
53011,71,EPS15,0.019999999999999997,0.024128200000000013,0
53012,71,RNF213,0.03,0.0237579,0
53013,71,CTCF,1.0300000000000007,0.7513167,0
53014,71,WDCP,0.13,0.078725,0
53015,71,KAT7,0.08999999999999998,0.0749922,0
53016,71,KDM5C,0.13,0.11674089999999998,0
53017,71,TGFBR2,0.25,0.17834209999999998,0
53018,71,ATM,1.4700000000000009,1.1390384,0
53019,71,NUMA1,-0.029999999999999992,-0.007451699999999995,0
53020,71,STAT3,1.710000000000001,1.2882662,0
53021,71,SUB1,-0.19,-0.07851290000000001,0
53022,71,NUP98,0.030000000000000016,0.059684799999999975,0
53023,71,ELL,-0.05000000000000001,-0.006838100000000006,0
53024,71,MAP3K1,0.33999999999999997,0.284253,0
53025,71,MALT1,0.16000000000000003,0.14558000000000001,0
53026,71,XPO1,0.28,0.2313967,0
53027,71,SETD1B,0.18,0.1288764,0
53028,71,ETV6,-0.08,-0.00421390000000001,0
53029,71,TBL1XR1,0.23,0.1589143,0
53030,71,NUP214,-0.06,0.05811299999999999,0
53031,71,TPR,0.1,0.10201580000000002,0
53032,71,ATIC,-0.06999999999999997,0.00016560000000001053,0
53033,71,NACA,0.23,0.15837050000000003,0
53034,71,MYO5A,0.0,0.0029660000000000034,0
53035,71,SMC1A,0.5400000000000001,0.43867960000000006,0
53036,71,LASP1,-0.2,-0.11750169999999999,0
53037,71,ERCC5,0.46,0.2974338,0
53038,71,JUN,-0.22000000000000003,0.08916239999999999,0
53039,71,THRAP3,0.11000000000000001,0.09173990000000001,0
53040,71,STAG2,0.48,0.39396629999999994,0
53041,71,RAF1,1.1100000000000003,0.7779028999999998,0
53042,71,ERCC3,0.56,0.44353580000000004,0
53043,71,SMAD2,0.5300000000000001,0.4745790999999999,0
53044,71,TAF15,0.18000000000000002,0.1367337,0
53045,71,ARNT,0.25,0.21780529999999998,0
53046,71,CLTC,-0.5900000000000001,-0.32089699999999993,0
53047,71,IKBKB,0.5400000000000003,0.4543971,0
53048,71,IDH1,-0.6700000000000002,-0.19840149999999998,0
53049,71,SND1,-0.01,-0.004462400000000001,0
53050,71,KNSTRN,0.03,0.0248415,0
53051,71,RHOA,-1.48,-0.38653800000000005,0
53052,71,PALB2,0.6,0.49170119999999995,0
53053,71,ARID2,0.75,0.5670942999999999,0
53054,71,EZR,-0.16,-0.035548199999999995,0
53055,71,TP53,-1.1900000000000002,-0.27005689999999993,0
53056,71,ARAF,0.44000000000000006,0.2557769,0
53057,71,KIF5B,0.39999999999999997,0.29227520000000007,0
53058,71,KAT6A,0.21,0.1888367,0
53059,71,KTN1,-0.12,-0.036116999999999996,0
53060,71,GOLGA5,-0.09999999999999999,-0.0701213,0
53061,71,KDM5A,0.22,0.20089160000000003,0
53062,71,RAD21,0.47000000000000003,0.3543157,0
53063,71,GNAQ,0.09,0.0764412,0
53064,71,CAMTA1,-0.02,-0.01002,0
53065,71,ERCC2,0.6100000000000001,0.42148140000000006,0
53066,71,EZH2,1.730000000000001,1.1070813999999998,0
53067,71,TOP1,0.23000000000000004,0.1773974,0
53068,71,SRSF3,-0.12999999999999998,-0.022411899999999988,0
53069,71,NPM1,-0.11999999999999998,0.08156370000000002,0
53070,71,BAX,-0.44999999999999996,-0.1480845,0
53071,71,NOTCH2,0.25,0.19600119999999996,0
53072,71,TRAF7,0.03,0.0236427,0
53073,71,KDM6A,0.8400000000000004,0.7052371999999999,0
53074,71,SPEN,0.11,0.0849443,0
53075,71,TRIM27,-0.47,-0.15535090000000001,0
53076,71,CRTC1,0.13,0.1025818,0
53077,71,EML4,0.24000000000000007,0.20382290000000003,0
53078,71,USP9X,-0.08999999999999998,-0.056366400000000004,0
53079,71,PTPRK,0.01,0.0068523,0
53080,71,CD74,-0.24000000000000002,-0.04837620000000001,0
53081,71,CBL,0.5800000000000001,0.4352892,0
53082,71,ZNF384,-0.07,-0.0370781,0
53083,71,NOTCH1,1.0700000000000005,0.7778595999999999,0
53084,71,COX6C,-0.13999999999999999,-0.0526754,0
53085,71,CHCHD7,0.04,0.0292684,0
53086,71,HMGA1,-0.08,-0.039425100000000005,0
53087,71,PTEN,1.2500000000000009,1.0545922,0
53088,71,FIP1L1,-0.03,-0.023750700000000003,0
53089,71,JAK1,0.7900000000000003,0.6246834,0
53090,71,ZMYM2,-0.09999999999999999,-0.06669049999999999,0
53091,71,SUZ12,0.75,0.5314995,0
53092,71,FUS,-0.009999999999999995,0.14885619999999997,0
53093,71,BAP1,-0.039999999999999994,-0.0016447000000000024,0
53094,71,ZCCHC8,-0.05,-0.016711,0
53095,71,CRNKL1,-0.04,-0.0254048,0
53096,71,RAD17,0.13999999999999999,0.0977176,0
53097,71,ATP1A1,0.0,0.0027903000000000042,0
53098,71,DNMT3A,0.8600000000000005,0.6468351999999998,0
53099,71,FBXW7,1.0500000000000003,0.7827039999999998,0
53100,71,WWTR1,-0.03,-0.014158800000000001,0
53101,71,CDKN1B,0.5400000000000001,0.33480950000000004,0
53102,71,KMT2A,0.5,0.41722880000000007,0
53103,71,PTPN11,0.9400000000000004,0.7037665000000001,0
53104,71,STAT5B,0.7200000000000002,0.5313125000000001,0
53105,71,CUX1,-0.09999999999999999,-0.0669058,0
53106,71,ABI1,-0.42000000000000004,-0.1563625,0
53107,71,BRCA1,1.740000000000001,1.3278792999999998,0
53108,71,SH2B3,0.05,0.034648,0
53109,71,AFF4,0.10999999999999999,0.0863906,0
53110,71,NF2,-0.02000000000000001,0.04919779999999999,0
53111,71,LMNA,-0.06999999999999999,-0.006025000000000001,0
53112,71,TSC2,0.5900000000000001,0.48352180000000006,0
53113,71,GOLPH3,-0.11,-0.0667857,0
53114,71,PCM1,-0.06,-0.0400911,0
53115,71,PPP2R1A,-0.5099999999999999,-0.17817490000000005,0
53116,71,ARID1A,1.7400000000000009,1.2569741000000005,0
53117,71,ABL1,0.23,0.20298399999999997,0
53118,71,AFF1,0.2,0.16851550000000004,0
53119,71,DAXX,-0.25000000000000006,-0.0427283,0
53120,71,CBFB,0.10999999999999997,0.09610819999999999,0
53121,71,CBLB,0.14,0.1082191,0
53122,71,POLR2A,0.04000000000000001,0.1810887,0
53123,71,PRKACA,0.22,0.1936184,0
53124,71,DNM2,-0.09000000000000001,-0.0423374,0
53125,71,RAP1GDS1,-0.08,-0.03387770000000001,0
53126,71,NCOR1,0.8700000000000003,0.7312974,0
53127,71,NFKBIE,-0.27,-0.1019419,0
53128,71,DDX3X,0.09,0.08912290000000002,0
53129,71,ELK4,0.02,0.0155846,0
53130,71,MLLT6,0.12000000000000001,0.0974042,0
53131,71,SRSF2,-1.37,-0.3984545,0
53132,71,CTNNA1,0.1,0.07402299999999999,0
53133,71,RBM10,0.2,0.14507420000000004,0
53134,71,PTPRC,0.17000000000000004,0.15062969999999998,0
53135,71,HSP90AA1,0.9600000000000006,0.6268304999999998,0
53136,72,NSD1,0.31,0.2644684,1
53137,72,DICER1,0.04999999999999999,0.1715058,1
53138,72,BIRC6,0.11999999999999998,0.11273169999999999,1
53139,72,SDHC,0.41999999999999993,0.3130442000000001,1
53140,72,TFG,0.2,0.13008,1
53141,72,MAP2K2,0.29,0.20235650000000002,1
53142,72,TFRC,-0.27,-0.1183958,1
53143,72,CREB1,0.9900000000000008,0.7784970999999998,1
53144,72,POLG,-0.01,-0.0031119999999999997,1
53145,72,SETD2,0.5600000000000003,0.5099615999999999,1
53146,72,NAB2,-0.4,-0.1297354,1
53147,72,HIF1A,1.690000000000001,1.2385398,1
53148,72,FLCN,-0.019999999999999997,0.027869699999999997,1
53149,72,MAP2K4,0.09,0.1258529,1
53150,72,CNOT3,0.039999999999999994,0.0423041,1
53151,72,CIITA,0.09999999999999999,0.06443389999999999,1
53152,72,LSM14A,0.12,0.0989653,1
53153,72,AKAP9,-0.04,0.009234800000000001,1
53154,72,MSN,-0.33999999999999997,-0.08308689999999999,1
53155,72,BCR,0.030000000000000013,0.0690229,1
53156,72,TRRAP,0.10999999999999999,0.19601980000000002,1
53157,72,PPP6C,-0.16,-0.0600026,1
53158,72,NCOA4,-0.09000000000000002,-0.02922790000000002,1
53159,72,BCL9,0.19,0.15033449999999998,1
53160,72,PRCC,0.13,0.09741060000000001,1
53161,72,LARP4B,0.02,0.0131028,1
53162,72,CHD2,0.02,0.0177168,1
53163,72,ASXL1,0.44,0.4208038999999999,1
53164,72,SMARCA4,1.910000000000001,1.4488217999999997,1
53165,72,ERC1,-0.04,-0.028227799999999997,1
53166,72,DCTN1,-0.07999999999999999,0.00862109999999999,1
53167,72,PIK3R1,1.3800000000000008,1.0640539000000002,1
53168,72,EED,0.060000000000000005,0.0629806,1
53169,72,CNBP,0.02,0.012145,1
53170,72,SGK1,0.5,0.32857610000000004,1
53171,72,MLLT10,-0.06000000000000001,-0.0034278999999999907,1
53172,72,BRD4,1.0200000000000005,0.8434738,1
53173,72,RANBP2,0.27,0.2565862000000001,1
53174,72,FBXO11,0.08,0.0619586,1
53175,72,PML,0.37,0.26405220000000007,1
53176,72,AKT2,1.11,0.7704288000000002,1
53177,72,CEP89,0.05,0.032935,1
53178,72,LZTR1,0.11,0.1190627,1
53179,72,YWHAE,0.11,0.0786055,1
53180,72,DNAJB1,-6.938893903907228e-18,0.012775499999999995,1
53181,72,PRDM2,0.07,0.0545474,1
53182,72,TPM4,0.52,0.35738260000000005,1
53183,72,CREBBP,1.8500000000000012,1.4749015999999995,1
53184,72,PMS2,0.8300000000000003,0.6882819,1
53185,72,DDR2,3.469446951953614e-18,0.00026620000000000116,1
53186,72,FANCA,0.37,0.30635000000000007,1
53187,72,PDE4DIP,0.060000000000000005,0.043556700000000004,1
53188,72,USP8,-0.06,-0.029208200000000004,1
53189,72,MYH9,-0.5499999999999999,-0.1483644,1
53190,72,MYC,-1.5800000000000003,-0.26841989999999993,1
53191,72,NBN,0.6400000000000001,0.4944892,1
53192,72,CCND3,-0.039999999999999994,0.0213985,1
53193,72,TRIP11,-0.12000000000000001,-0.0759484,1
53194,72,CNTRL,-0.08,-0.0578554,1
53195,72,PIK3CA,1.410000000000001,1.136566,1
53196,72,DDX5,0.26999999999999996,0.3007361,1
53197,72,PICALM,0.019999999999999997,0.022071200000000003,1
53198,72,RARA,0.14,0.19443139999999998,1
53199,72,DDX6,0.10000000000000002,0.1279465,1
53200,72,COL1A1,0.25,0.2091874,1
53201,72,VHL,0.18000000000000002,0.1306844,1
53202,72,MAPK1,1.710000000000001,1.2037879999999996,1
53203,72,SRC,0.7200000000000004,0.5958599000000001,1
53204,72,NFE2L2,0.38999999999999996,0.27699680000000004,1
53205,72,MITF,-0.14,-0.015419700000000005,1
53206,72,SMAD3,1.3100000000000007,1.1394861999999997,1
53207,72,RBM15,0.09,0.0753171,1
53208,72,ATR,0.7400000000000002,0.5886991,1
53209,72,EPAS1,0.33999999999999997,0.32668410000000003,1
53210,72,TPM3,0.17999999999999997,0.13456900000000005,1
53211,72,RPL10,0.17,0.14868130000000002,1
53212,72,STAG1,0.1,0.1430004,1
53213,72,SBDS,-0.04,-0.0149078,1
53214,72,KMT2D,0.9800000000000004,0.7551401000000001,1
53215,72,MED12,0.36,0.3022778,1
53216,72,BCLAF1,-0.15,-0.015244300000000006,1
53217,72,ASPSCR1,0.009999999999999995,0.010119400000000004,1
53218,72,CDK12,0.53,0.4087331,1
53219,72,EWSR1,0.32,0.3149636,1
53220,72,NDRG1,-0.060000000000000005,-0.014500200000000001,1
53221,72,PSIP1,-0.020000000000000004,0.005053000000000002,1
53222,72,TRIM33,0.06999999999999998,0.0760192,1
53223,72,MTOR,1.1700000000000006,0.9149663999999998,1
53224,72,ARHGAP35,0.19,0.15863210000000003,1
53225,72,POT1,0.010000000000000002,0.0158302,1
53226,72,EXT1,0.12,0.08562,1
53227,72,IL6ST,0.32,0.259725,1
53228,72,IDH2,0.14,0.13533350000000002,1
53229,72,SMARCE1,0.31,0.20782110000000004,1
53230,72,CRTC3,0.09,0.0743283,1
53231,72,TSC1,0.2,0.2558319,1
53232,72,BCOR,-0.08000000000000002,0.016879,1
53233,72,SDHA,0.27,0.1964335,1
53234,72,EP300,2.3800000000000003,1.8806230999999998,1
53235,72,HNRNPA2B1,0.5100000000000001,0.3570274,1
53236,72,CLIP1,-0.1,-0.0500405,1
53237,72,PATZ1,-0.55,-0.1347158,1
53238,72,FUBP1,-0.06,0.02599370000000001,1
53239,72,HLA-A,-0.060000000000000005,0.03024199999999999,1
53240,72,CCNC,-0.33999999999999997,-0.1215501,1
53241,72,RPN1,-0.25,-0.0723128,1
53242,72,TCF7L2,0.05000000000000001,0.11934139999999997,1
53243,72,CANT1,0.04000000000000001,0.04004260000000001,1
53244,72,RPL5,-0.7,-0.17312080000000002,1
53245,72,CCDC6,0.09000000000000001,0.10259830000000002,1
53246,72,NCKIPSD,-0.07,-0.0178754,1
53247,72,SMARCD1,0.39999999999999997,0.3107196,1
53248,72,BCL10,0.05,0.06920780000000001,1
53249,72,MAX,-0.010000000000000005,0.0443711,1
53250,72,HERPUD1,-0.01,-0.0029143999999999997,1
53251,72,RAC1,-0.15000000000000002,0.07996229999999999,1
53252,72,FLNA,0.12999999999999998,0.11058319999999999,1
53253,72,TFE3,-0.56,-0.22320220000000002,1
53254,72,NCOR2,0.6300000000000001,0.5295134000000001,1
53255,72,PRPF40B,0.03,0.0181838,1
53256,72,BCL3,-0.07,0.004617699999999994,1
53257,72,TFPT,-0.26,-0.09260940000000001,1
53258,72,MLH1,0.8099999999999999,0.6938382999999998,1
53259,72,ARHGAP5,0.19,0.1492796,1
53260,72,CIC,0.0,0.0,1
53261,72,LYN,0.8500000000000002,0.6173766,1
53262,72,TCF12,0.32,0.2432865,1
53263,72,KLF6,0.049999999999999996,0.03431429999999999,1
53264,72,KMT2C,0.9400000000000004,0.7559667999999999,1
53265,72,PIM1,-0.05999999999999998,0.014327199999999998,1
53266,72,CCND1,0.9500000000000007,0.6547908,1
53267,72,MLLT1,-1.0000000000000002,-0.27214170000000004,1
53268,72,MEN1,-0.15000000000000002,-0.0396209,1
53269,72,CUL3,0.13,0.15025920000000004,1
53270,72,RB1,0.64,0.4808167,1
53271,72,LPP,-0.13,-0.0458422,1
53272,72,BUB1B,-0.16000000000000003,-0.06915610000000001,1
53273,72,SMAD4,1.610000000000001,1.271496,1
53274,72,FGFR1,0.24,0.2150425,1
53275,72,TMSB4X,0.04,0.0321448,1
53276,72,CDK4,0.9400000000000003,0.6301136999999999,1
53277,72,MSI2,0.01,0.0074282,1
53278,72,MSH6,1.0400000000000005,0.8332811999999999,1
53279,72,BRAF,1.1200000000000006,0.9583153999999999,1
53280,72,TCEA1,-0.11,-0.004471499999999996,1
53281,72,TNFAIP3,0.16,0.13399070000000002,1
53282,72,RABEP1,0.0,0.00042960000000000567,1
53283,72,GMPS,-0.08000000000000002,-0.04100709999999999,1
53284,72,MDM2,1.2200000000000009,0.9047492999999999,1
53285,72,NSD2,0.20000000000000004,0.1397847,1
53286,72,CASP8,-0.30000000000000004,0.09914439999999998,1
53287,72,PER1,-0.25,-0.0782445,1
53288,72,UBR5,-0.009999999999999992,0.023278300000000002,1
53289,72,EIF3E,-0.010000000000000016,0.05702659999999999,1
53290,72,RFWD3,0.039999999999999994,0.042768,1
53291,72,BRD3,0.1,0.0677941,1
53292,72,PAFAH1B2,0.03,0.0266601,1
53293,72,EXT2,0.0,0.01621320000000001,1
53294,72,PLCG1,0.6300000000000001,0.45697670000000007,1
53295,72,SF3B1,-0.61,-0.2429883,1
53296,72,ARHGEF10L,0.03,0.0152964,1
53297,72,NFATC2,0.19999999999999998,0.13657200000000003,1
53298,72,SDHD,0.30000000000000004,0.20573180000000002,1
53299,72,PABPC1,-0.7,-0.1707515,1
53300,72,POLD1,-0.17000000000000004,-0.011383500000000005,1
53301,72,CALR,0.019999999999999993,0.0478212,1
53302,72,PIK3CB,0.8000000000000003,0.6202793999999999,1
53303,72,PPM1D,0.26,0.1940992,1
53304,72,ATRX,0.9800000000000005,0.8200703000000001,1
53305,72,DGCR8,0.19,0.1431728,1
53306,72,DDX10,0.15000000000000002,0.1157762,1
53307,72,DROSHA,0.52,0.3936178,1
53308,72,TNFRSF14,-0.11,-0.04017180000000001,1
53309,72,BCL9L,0.13,0.0961522,1
53310,72,QKI,-0.01,-0.005853700000000001,1
53311,72,BAZ1A,0.01,0.0073972000000000005,1
53312,72,CHD4,0.39,0.3125795,1
53313,72,NSD3,0.07,0.0916779,1
53314,72,NT5C2,0.15000000000000002,0.09561900000000001,1
53315,72,CCNB1IP1,0.1,0.049797,1
53316,72,PCBP1,-0.5499999999999999,-0.13011070000000002,1
53317,72,RALGDS,-0.060000000000000005,0.030354899999999997,1
53318,72,ARHGEF12,0.020000000000000004,0.026782200000000006,1
53319,72,HSP90AB1,0.7800000000000002,0.6312757999999997,1
53320,72,FOXO3,1.4800000000000006,1.0393089,1
53321,72,HIP1,-0.03,-0.0166482,1
53322,72,CDC73,0.11,0.11455230000000001,1
53323,72,NIN,-0.030000000000000006,-0.017521000000000002,1
53324,72,MDM4,0.06999999999999998,0.1340966,1
53325,72,COL3A1,0.22,0.1771107,1
53326,72,CTNND1,0.13999999999999999,0.14042149999999998,1
53327,72,SPOP,0.019999999999999997,0.0506047,1
53328,72,TMEM127,0.08000000000000002,0.045293700000000006,1
53329,72,CREB3L2,0.1,0.0693549,1
53330,72,MSH2,1.1400000000000006,0.8945297999999999,1
53331,72,FNBP1,3.469446951953614e-18,0.023935400000000003,1
53332,72,ATF1,0.11000000000000001,0.0752237,1
53333,72,EIF1AX,-0.49999999999999994,-0.19714580000000004,1
53334,72,PMS1,0.57,0.43274360000000006,1
53335,72,DEK,0.1,0.1149666,1
53336,72,ERBB2,1.1200000000000006,0.7313165,1
53337,72,AKT1,0.2899999999999999,0.3708478999999999,1
53338,72,CHEK2,0.6000000000000002,0.5925289,1
53339,72,SDHB,0.4,0.2982506,1
53340,72,NCOA1,0.44999999999999996,0.33401310000000006,1
53341,72,CHIC2,0.09999999999999999,0.0682501,1
53342,72,RUNX1,0.2599999999999999,0.5913599000000002,1
53343,72,STAT6,0.31999999999999995,0.28975259999999997,1
53344,72,FH,-0.05999999999999998,0.0003472000000000336,1
53345,72,AKT3,1.1300000000000003,0.8125110000000001,1
53346,72,GNAS,0.3700000000000001,0.2468879,1
53347,72,CTNNB1,1.1500000000000004,0.8400475000000002,1
53348,72,NONO,0.35,0.2769603,1
53349,72,SMARCB1,1.0400000000000005,0.7613437000000001,1
53350,72,PRKAR1A,0.19,0.1771829,1
53351,72,ITGAV,0.030000000000000013,0.0441821,1
53352,72,SS18,0.41000000000000003,0.27476239999999996,1
53353,72,MAP2K1,1.0400000000000003,0.6250871999999998,1
53354,72,SIRPA,-0.05,-0.013849799999999999,1
53355,72,PPFIBP1,0.39999999999999997,0.27889530000000007,1
53356,72,RPL22,-0.10999999999999999,0.0982857,1
53357,72,CYLD,0.32,0.25546440000000004,1
53358,72,ARID1B,0.8400000000000001,0.6251694,1
53359,72,SETDB1,0.32,0.225504,1
53360,72,AFDN,-0.29,-0.0948949,1
53361,72,ZRSR2,0.09999999999999998,0.0747954,1
53362,72,PBRM1,0.9700000000000004,0.6921976999999999,1
53363,72,XPC,0.44999999999999996,0.26289599999999996,1
53364,72,ASXL2,0.24000000000000002,0.1696026,1
53365,72,TRIM24,-0.34,-0.055903299999999996,1
53366,72,SFPQ,-0.26999999999999996,-0.0477088,1
53367,72,NCOA2,0.57,0.4579489,1
53368,72,FOXO4,0.33999999999999997,0.21240190000000003,1
53369,72,LEF1,0.18999999999999997,0.1712666,1
53370,72,B2M,-0.35,-0.1391597,1
53371,72,DDIT3,-0.27999999999999997,-0.1050167,1
53372,72,BCL6,0.4,0.32342299999999996,1
53373,72,KRAS,-0.2500000000000001,0.10590909999999999,1
53374,72,FAT1,0.1,0.0686073,1
53375,72,ABL2,-0.020000000000000004,0.022153600000000002,1
53376,72,NF1,1.2900000000000007,1.0098716,1
53377,72,BTG1,-0.02,-0.0105402,1
53378,72,EIF4A2,0.060000000000000005,0.0377657,1
53379,72,SET,0.18,0.1426309,1
53380,72,EPS15,0.06999999999999999,0.0628327,1
53381,72,RNF213,0.05,0.0440001,1
53382,72,CTCF,0.8900000000000003,0.6126247000000001,1
53383,72,WDCP,0.16999999999999998,0.0994052,1
53384,72,KAT7,0.14000000000000004,0.11898260000000001,1
53385,72,KDM5C,0.20000000000000004,0.18727169999999999,1
53386,72,TGFBR2,0.04,0.11235790000000001,1
53387,72,ATM,0.7100000000000005,0.8049712000000002,1
53388,72,NUMA1,-0.039999999999999994,-0.004698999999999995,1
53389,72,STAT3,0.9900000000000004,0.9622936999999999,1
53390,72,SUB1,-0.08,-0.0355559,1
53391,72,NUP98,0.07,0.1351948,1
53392,72,ELL,0.060000000000000005,0.0312325,1
53393,72,MAP3K1,0.55,0.4004338,1
53394,72,MALT1,0.17,0.160223,1
53395,72,XPO1,0.48000000000000015,0.38460809999999995,1
53396,72,SETD1B,0.24999999999999997,0.1880368,1
53397,72,ETV6,-0.07,-0.006441299999999993,1
53398,72,TBL1XR1,0.22000000000000003,0.1509653,1
53399,72,NUP214,-0.020000000000000028,0.15521839999999998,1
53400,72,TPR,0.12000000000000001,0.0967854,1
53401,72,ATIC,0.13000000000000003,0.1292189,1
53402,72,NACA,0.22,0.138002,1
53403,72,MYO5A,0.01,0.0073051,1
53404,72,SMC1A,0.42,0.449759,1
53405,72,LASP1,-0.22,-0.1161179,1
53406,72,ERCC5,0.39,0.2392535,1
53407,72,JUN,0.06999999999999994,0.3123331999999999,1
53408,72,THRAP3,0.04,0.0312094,1
53409,72,STAG2,0.4,0.3515946,1
53410,72,RAF1,0.9700000000000004,0.7097159000000003,1
53411,72,ERCC3,0.57,0.4644142,1
53412,72,SMAD2,0.5800000000000003,0.558592,1
53413,72,TAF15,0.23000000000000004,0.1853726,1
53414,72,ARNT,0.19999999999999996,0.19679850000000002,1
53415,72,CLTC,-0.94,-0.3746389000000001,1
53416,72,IKBKB,0.5400000000000003,0.4530872000000001,1
53417,72,IDH1,-0.17999999999999997,-0.03095799999999999,1
53418,72,SND1,-0.010000000000000004,0.013605699999999998,1
53419,72,KNSTRN,0.02,0.0145098,1
53420,72,RHOA,-1.9900000000000007,-0.5286036000000001,1
53421,72,PALB2,0.7000000000000001,0.5796382,1
53422,72,ARID2,0.8300000000000001,0.6210279000000001,1
53423,72,EZR,-0.23000000000000004,-0.0570795,1
53424,72,TP53,-0.34,0.14802619999999989,1
53425,72,ARAF,0.41,0.23051370000000004,1
53426,72,KIF5B,0.5000000000000001,0.36743349999999997,1
53427,72,KAT6A,0.27,0.25128529999999993,1
53428,72,KTN1,-0.009999999999999997,0.014016499999999996,1
53429,72,GOLGA5,-0.11000000000000001,-0.059414400000000006,1
53430,72,KDM5A,0.26,0.2436552,1
53431,72,RAD21,0.5900000000000001,0.46041600000000005,1
53432,72,GNAQ,0.31000000000000005,0.2350866,1
53433,72,CAMTA1,0.07,0.0525077,1
53434,72,ERCC2,0.7000000000000001,0.5321913,1
53435,72,EZH2,1.6900000000000013,1.2386071000000005,1
53436,72,TOP1,0.28,0.22339699999999998,1
53437,72,SRSF3,-0.43,-0.0743258,1
53438,72,NPM1,0.27,0.2566616,1
53439,72,BAX,-0.54,-0.1366165,1
53440,72,NOTCH2,0.3,0.24548000000000003,1
53441,72,TRAF7,0.02,0.013755,1
53442,72,KDM6A,0.7600000000000002,0.7870616000000001,1
53443,72,SPEN,0.13,0.0949545,1
53444,72,TRIM27,-0.7000000000000001,-0.1755962,1
53445,72,CRTC1,0.16,0.12332880000000002,1
53446,72,EML4,0.16000000000000003,0.21278639999999996,1
53447,72,USP9X,-0.12,-0.0830968,1
53448,72,PTPRK,-0.01,-0.0052918,1
53449,72,CD74,-0.24999999999999997,0.009347800000000003,1
53450,72,CBL,0.43,0.3958212999999999,1
53451,72,ZNF384,0.0,0.0015303,1
53452,72,NOTCH1,1.0000000000000004,0.7216783000000001,1
53453,72,COX6C,-0.12,-0.043531,1
53454,72,CHCHD7,0.02,0.0123242,1
53455,72,HMGA1,-0.06,-0.021006999999999994,1
53456,72,PTEN,1.4700000000000009,1.2756719000000005,1
53457,72,FIP1L1,-0.04,-0.008439300000000004,1
53458,72,JAK1,0.8400000000000003,0.670818,1
53459,72,ZMYM2,0.0,0.0032174000000000005,1
53460,72,SUZ12,0.8400000000000003,0.6016179000000001,1
53461,72,FUS,-0.32,0.09690499999999998,1
53462,72,BAP1,-0.28,-0.11261039999999999,1
53463,72,ZCCHC8,-0.13,-0.029888300000000003,1
53464,72,CRNKL1,-0.009999999999999998,-0.006125799999999997,1
53465,72,RAD17,0.16,0.1073724,1
53466,72,ATP1A1,0.02,0.011305599999999999,1
53467,72,DNMT3A,1.1500000000000004,0.8559197000000002,1
53468,72,FBXW7,0.8900000000000001,0.7435592000000002,1
53469,72,WWTR1,-0.29000000000000004,-0.10282250000000001,1
53470,72,CDKN1B,0.42000000000000004,0.30516469999999996,1
53471,72,KMT2A,0.35,0.3571638,1
53472,72,PTPN11,1.1800000000000006,0.8734191999999998,1
53473,72,STAT5B,0.62,0.5134083,1
53474,72,CUX1,-0.1,-0.05801630000000001,1
53475,72,ABI1,-0.37,-0.10275559999999997,1
53476,72,BRCA1,2.000000000000001,1.5423966000000007,1
53477,72,SH2B3,0.02,0.015225699999999998,1
53478,72,AFF4,0.020000000000000018,0.03608510000000001,1
53479,72,NF2,0.13000000000000003,0.1371128,1
53480,72,LMNA,0.029999999999999992,0.03306509999999999,1
53481,72,TSC2,0.8300000000000003,0.6417231999999999,1
53482,72,GOLPH3,-0.030000000000000002,-0.020880999999999997,1
53483,72,PCM1,-0.02,-0.015682600000000005,1
53484,72,PPP2R1A,-0.35,-0.05876430000000001,1
53485,72,ARID1A,1.680000000000001,1.2886106,1
53486,72,ABL1,-0.51,-0.010972499999999975,1
53487,72,AFF1,0.14,0.14387610000000003,1
53488,72,DAXX,-0.45000000000000007,-0.08718110000000001,1
53489,72,CBFB,0.15,0.1233712,1
53490,72,CBLB,0.17,0.14486179999999999,1
53491,72,POLR2A,-0.14,0.1441634,1
53492,72,PRKACA,0.21000000000000002,0.22846660000000008,1
53493,72,DNM2,-0.12,-0.057240599999999996,1
53494,72,RAP1GDS1,0.04000000000000001,0.04805200000000003,1
53495,72,NCOR1,0.8600000000000003,0.8279752,1
53496,72,NFKBIE,-0.28,-0.0948939,1
53497,72,DDX3X,0.21,0.2002398,1
53498,72,ELK4,0.03,0.0257709,1
53499,72,MLLT6,0.11000000000000001,0.0768574,1
53500,72,SRSF2,-2.3400000000000007,-0.5673026000000001,1
53501,72,CTNNA1,0.12000000000000001,0.08895499999999999,1
53502,72,RBM10,0.2,0.14139770000000002,1
53503,72,PTPRC,-0.07000000000000002,0.06733230000000001,1
53504,72,HSP90AA1,0.54,0.4317299000000002,1
53505,72,NSD1,0.29000000000000004,0.24303029999999998,0
53506,72,DICER1,0.19999999999999996,0.2161056,0
53507,72,BIRC6,0.06999999999999999,0.057943600000000005,0
53508,72,SDHC,0.30000000000000004,0.2187418,0
53509,72,TFG,0.32,0.1835101,0
53510,72,MAP2K2,0.32,0.23938340000000002,0
53511,72,TFRC,-0.22,-0.10652199999999999,0
53512,72,CREB1,0.8900000000000003,0.6604624000000001,0
53513,72,POLG,0.01,0.0036079000000000003,0
53514,72,SETD2,0.7400000000000002,0.6243743999999999,0
53515,72,NAB2,-0.31,-0.1145161,0
53516,72,HIF1A,1.5900000000000007,1.1443122,0
53517,72,FLCN,0.05,0.0449994,0
53518,72,MAP2K4,-0.04000000000000002,0.0582423,0
53519,72,CNOT3,-0.02,0.0019707999999999982,0
53520,72,CIITA,0.09000000000000001,0.0550135,0
53521,72,LSM14A,0.09,0.08086280000000001,0
53522,72,AKAP9,-0.09,-0.03243159999999999,0
53523,72,MSN,-0.26999999999999996,-0.06011469999999999,0
53524,72,BCR,0.05000000000000001,0.0467461,0
53525,72,TRRAP,0.04000000000000003,0.14235600000000004,0
53526,72,PPP6C,-0.13,-0.0678791,0
53527,72,NCOA4,-0.18,-0.1025777,0
53528,72,BCL9,0.15000000000000002,0.11788489999999999,0
53529,72,PRCC,0.060000000000000005,0.048986800000000004,0
53530,72,LARP4B,0.0,0.0,0
53531,72,CHD2,0.01,0.007812,0
53532,72,ASXL1,0.36,0.3971171,0
53533,72,SMARCA4,1.1200000000000006,0.8902127000000002,0
53534,72,ERC1,-0.03,-0.0220853,0
53535,72,DCTN1,-0.22000000000000003,-0.10871230000000001,0
53536,72,PIK3R1,1.3700000000000008,0.9748738000000001,0
53537,72,EED,-0.15,-0.008836199999999999,0
53538,72,CNBP,0.01,0.005337,0
53539,72,SGK1,0.26,0.14708600000000002,0
53540,72,MLLT10,-0.08,-0.019247900000000005,0
53541,72,BRD4,1.0400000000000005,0.7919851999999997,0
53542,72,RANBP2,0.17,0.22404319999999997,0
53543,72,FBXO11,0.07,0.0555203,0
53544,72,PML,0.43,0.29832309999999995,0
53545,72,AKT2,0.8900000000000001,0.6122796,0
53546,72,CEP89,0.06,0.0357945,0
53547,72,LZTR1,0.05,0.0680199,0
53548,72,YWHAE,0.27,0.1654224,0
53549,72,DNAJB1,-0.039999999999999994,-0.005670300000000003,0
53550,72,PRDM2,0.05,0.0370345,0
53551,72,TPM4,0.49000000000000005,0.31544820000000007,0
53552,72,CREBBP,1.7900000000000014,1.4714349999999996,0
53553,72,PMS2,0.55,0.5132395,0
53554,72,DDR2,0.06,0.0390959,0
53555,72,FANCA,0.38,0.30116770000000004,0
53556,72,PDE4DIP,0.05,0.0326574,0
53557,72,USP8,-0.11,-0.0520359,0
53558,72,MYH9,-0.18000000000000002,-0.010024700000000004,0
53559,72,MYC,-1.4300000000000004,-0.5136152999999998,0
53560,72,NBN,0.55,0.4174194000000001,0
53561,72,CCND3,-0.15,-0.008979200000000005,0
53562,72,TRIP11,-0.09,-0.06367139999999999,0
53563,72,CNTRL,-0.07,-0.050228300000000004,0
53564,72,PIK3CA,1.5700000000000012,1.1585116000000002,0
53565,72,DDX5,0.30000000000000004,0.25815099999999996,0
53566,72,PICALM,3.469446951953614e-18,0.002903300000000001,0
53567,72,RARA,0.5000000000000001,0.3600232,0
53568,72,DDX6,0.009999999999999997,0.0789571,0
53569,72,COL1A1,0.13,0.1247833,0
53570,72,VHL,0.21,0.14631570000000002,0
53571,72,MAPK1,1.560000000000001,0.9911833000000001,0
53572,72,SRC,-0.62,-0.01990609999999999,0
53573,72,NFE2L2,0.25,0.1827991,0
53574,72,MITF,-0.24000000000000002,-0.04703500000000001,0
53575,72,SMAD3,1.260000000000001,0.9647927,0
53576,72,RBM15,0.07,0.0611904,0
53577,72,ATR,0.6900000000000003,0.5832883,0
53578,72,EPAS1,0.45,0.38354059999999995,0
53579,72,TPM3,0.23000000000000007,0.177288,0
53580,72,RPL10,0.14,0.1262104,0
53581,72,STAG1,0.12,0.13612780000000002,0
53582,72,SBDS,-0.07,-0.026209200000000002,0
53583,72,KMT2D,0.9300000000000004,0.6763944,0
53584,72,MED12,0.3,0.2351195,0
53585,72,BCLAF1,0.009999999999999981,0.04883589999999999,0
53586,72,ASPSCR1,3.469446951953614e-18,0.01052380000000001,0
53587,72,CDK12,0.26,0.18936379999999997,0
53588,72,EWSR1,0.47,0.36617440000000007,0
53589,72,NDRG1,-0.030000000000000002,-0.008831400000000001,0
53590,72,PSIP1,-0.12000000000000001,-0.0542793,0
53591,72,TRIM33,0.03,0.03408829999999999,0
53592,72,MTOR,1.2400000000000007,0.8992283000000004,0
53593,72,ARHGAP35,0.09999999999999999,0.1316986,0
53594,72,POT1,-0.05,-0.004135,0
53595,72,EXT1,0.11,0.0782716,0
53596,72,IL6ST,0.3,0.23240219999999998,0
53597,72,IDH2,0.16,0.12854509999999997,0
53598,72,SMARCE1,0.41000000000000003,0.24111370000000001,0
53599,72,CRTC3,0.09,0.0679265,0
53600,72,TSC1,0.36,0.30464199999999997,0
53601,72,BCOR,-0.10999999999999999,-0.006040100000000003,0
53602,72,SDHA,0.26,0.165002,0
53603,72,EP300,1.6400000000000015,1.3204789000000001,0
53604,72,HNRNPA2B1,0.26,0.2163592,0
53605,72,CLIP1,-0.11,-0.0686682,0
53606,72,PATZ1,-0.44000000000000006,-0.1234633,0
53607,72,FUBP1,-0.16999999999999998,-0.0164399,0
53608,72,HLA-A,-0.2,0.005500999999999992,0
53609,72,CCNC,-0.030000000000000002,-0.0093655,0
53610,72,RPN1,-0.26,-0.06715750000000001,0
53611,72,TCF7L2,0.07,0.10527379999999999,0
53612,72,CANT1,0.09000000000000002,0.060171699999999995,0
53613,72,RPL5,-0.64,-0.17063970000000003,0
53614,72,CCDC6,-0.029999999999999985,0.0249934,0
53615,72,NCKIPSD,0.02,0.010468400000000001,0
53616,72,SMARCD1,0.43,0.28710019999999997,0
53617,72,BCL10,0.04000000000000001,0.04722180000000001,0
53618,72,MAX,0.0,0.020814500000000007,0
53619,72,HERPUD1,0.01,0.0040192,0
53620,72,RAC1,0.19999999999999998,0.18955899999999998,0
53621,72,FLNA,0.18999999999999997,0.14869479999999996,0
53622,72,TFE3,-0.38,-0.1680183,0
53623,72,NCOR2,0.7500000000000001,0.5554004000000001,0
53624,72,PRPF40B,-0.04,-0.0218935,0
53625,72,BCL3,-0.07,-0.012268499999999988,0
53626,72,TFPT,-0.27,-0.0926641,0
53627,72,MLH1,0.8300000000000001,0.6892437999999999,0
53628,72,ARHGAP5,0.09999999999999999,0.0911301,0
53629,72,CIC,0.0,0.0,0
53630,72,LYN,0.9000000000000001,0.6416200000000001,0
53631,72,TCF12,0.27999999999999997,0.21051240000000004,0
53632,72,KLF6,0.04,0.021985300000000003,0
53633,72,KMT2C,0.9800000000000002,0.792778,0
53634,72,PIM1,-0.15,-0.056151100000000016,0
53635,72,CCND1,1.3200000000000007,0.8148390000000002,0
53636,72,MLLT1,-0.8300000000000001,-0.2561407,0
53637,72,MEN1,0.04999999999999999,0.0589827,0
53638,72,CUL3,0.15000000000000002,0.14524920000000002,0
53639,72,RB1,0.6600000000000001,0.4917901,0
53640,72,LPP,-0.060000000000000005,-0.011183399999999993,0
53641,72,BUB1B,-0.13999999999999999,-0.07202339999999999,0
53642,72,SMAD4,1.3400000000000007,0.9984565999999999,0
53643,72,FGFR1,0.23,0.16138029999999998,0
53644,72,TMSB4X,0.04,0.030762,0
53645,72,CDK4,0.7100000000000002,0.48790189999999983,0
53646,72,MSI2,0.0,0.0,0
53647,72,MSH6,0.7700000000000002,0.6342851,0
53648,72,BRAF,0.9300000000000004,0.8153342,0
53649,72,TCEA1,-0.009999999999999995,0.029876400000000004,0
53650,72,TNFAIP3,0.12000000000000001,0.1017768,0
53651,72,RABEP1,0.010000000000000002,0.005733900000000007,0
53652,72,GMPS,-0.06,-0.03505869999999999,0
53653,72,MDM2,1.2000000000000006,0.9056420000000002,0
53654,72,NSD2,0.2,0.14596599999999998,0
53655,72,CASP8,-0.09000000000000002,0.1367084,0
53656,72,PER1,-0.25999999999999995,-0.04588599999999999,0
53657,72,UBR5,-0.039999999999999994,-0.0015087999999999994,0
53658,72,EIF3E,-0.060000000000000005,0.048995599999999986,0
53659,72,RFWD3,0.030000000000000002,0.03198820000000001,0
53660,72,BRD3,0.12,0.10084960000000001,0
53661,72,PAFAH1B2,0.02,0.0155864,0
53662,72,EXT2,0.0,0.01077779999999999,0
53663,72,PLCG1,0.5599999999999999,0.41666,0
53664,72,SF3B1,-0.3,-0.1224353,0
53665,72,ARHGEF10L,0.02,0.010391,0
53666,72,NFATC2,0.21,0.1494142,0
53667,72,SDHD,0.27,0.1534627,0
53668,72,PABPC1,-0.75,-0.1945216,0
53669,72,POLD1,-0.3,-0.0611409,0
53670,72,CALR,0.049999999999999996,0.044712,0
53671,72,PIK3CB,0.5700000000000001,0.46157069999999994,0
53672,72,PPM1D,0.19000000000000003,0.1459915,0
53673,72,ATRX,0.9000000000000005,0.7280975000000001,0
53674,72,DGCR8,0.15,0.0963476,0
53675,72,DDX10,0.13,0.08610860000000002,0
53676,72,DROSHA,0.4700000000000001,0.3487967,0
53677,72,TNFRSF14,-0.11,-0.038099299999999996,0
53678,72,BCL9L,0.15000000000000002,0.10651950000000002,0
53679,72,QKI,-0.05,-0.0303319,0
53680,72,BAZ1A,0.01,0.0067467000000000004,0
53681,72,CHD4,0.19999999999999998,0.18102260000000003,0
53682,72,NSD3,0.029999999999999995,0.04855330000000001,0
53683,72,NT5C2,0.17,0.1033422,0
53684,72,CCNB1IP1,0.1,0.048513200000000006,0
53685,72,PCBP1,-0.76,-0.2320144,0
53686,72,RALGDS,0.15000000000000002,0.1100863,0
53687,72,ARHGEF12,-0.019999999999999997,0.0004433000000000041,0
53688,72,HSP90AB1,1.1000000000000005,0.7303388999999998,0
53689,72,FOXO3,1.3000000000000005,0.8918811000000001,0
53690,72,HIP1,-0.03,-0.0186715,0
53691,72,CDC73,-0.11999999999999997,-0.0027013000000000037,0
53692,72,NIN,0.019999999999999997,0.015321200000000002,0
53693,72,MDM4,0.11,0.15546840000000003,0
53694,72,COL3A1,0.12999999999999998,0.11730290000000002,0
53695,72,CTNND1,0.12000000000000001,0.14163250000000002,0
53696,72,SPOP,0.019999999999999997,0.0430304,0
53697,72,TMEM127,0.06000000000000001,0.057358400000000004,0
53698,72,CREB3L2,0.09,0.058793500000000005,0
53699,72,MSH2,0.9200000000000004,0.6695697999999998,0
53700,72,FNBP1,-0.019999999999999997,-0.0044804999999999975,0
53701,72,ATF1,0.02999999999999999,0.0178289,0
53702,72,EIF1AX,-0.5,-0.22545020000000002,0
53703,72,PMS1,0.47000000000000003,0.3586653000000001,0
53704,72,DEK,0.14,0.1204968,0
53705,72,ERBB2,1.0400000000000005,0.6668373999999999,0
53706,72,AKT1,1.4500000000000008,0.9193496,0
53707,72,CHEK2,0.26,0.3812843,0
53708,72,SDHB,0.44,0.2835932,0
53709,72,NCOA1,0.39999999999999997,0.2844818,0
53710,72,CHIC2,0.030000000000000002,0.0132236,0
53711,72,RUNX1,0.5500000000000003,0.6490252000000001,0
53712,72,STAT6,0.27,0.2065174,0
53713,72,FH,-0.14,-0.0424155,0
53714,72,AKT3,1.0000000000000004,0.6885830999999998,0
53715,72,GNAS,0.26,0.1680118,0
53716,72,CTNNB1,1.2800000000000005,0.8869986999999996,0
53717,72,NONO,0.15000000000000002,0.1026533,0
53718,72,SMARCB1,0.9600000000000004,0.6961778,0
53719,72,PRKAR1A,0.1,0.1062261,0
53720,72,ITGAV,0.03,0.03676600000000001,0
53721,72,SS18,0.4,0.2531319,0
53722,72,MAP2K1,1.0100000000000005,0.6308442000000001,0
53723,72,SIRPA,-1.734723475976807e-18,0.002369599999999997,0
53724,72,PPFIBP1,0.39999999999999997,0.2634656000000001,0
53725,72,RPL22,-0.14,0.09437849999999999,0
53726,72,CYLD,0.29000000000000004,0.2243361,0
53727,72,ARID1B,0.69,0.5074404,0
53728,72,SETDB1,0.33,0.23154550000000002,0
53729,72,AFDN,-0.3,-0.09433239999999998,0
53730,72,ZRSR2,0.32000000000000006,0.23470220000000003,0
53731,72,PBRM1,0.9100000000000004,0.6485723,0
53732,72,XPC,0.6000000000000001,0.3929388,0
53733,72,ASXL2,0.24,0.16152309999999998,0
53734,72,TRIM24,-0.21000000000000002,-0.0836292,0
53735,72,SFPQ,-0.09,0.005436300000000033,0
53736,72,NCOA2,0.55,0.394065,0
53737,72,FOXO4,0.43000000000000005,0.27210439999999997,0
53738,72,LEF1,0.08,0.08243739999999998,0
53739,72,B2M,-0.6900000000000001,-0.23914590000000002,0
53740,72,DDIT3,-0.36,-0.09330340000000001,0
53741,72,BCL6,0.59,0.4132936,0
53742,72,KRAS,-1.9100000000000001,-0.47619549999999994,0
53743,72,FAT1,0.04,0.04870100000000001,0
53744,72,ABL2,0.12,0.08648840000000001,0
53745,72,NF1,0.9000000000000004,0.7254763999999999,0
53746,72,BTG1,-0.02,-0.0103264,0
53747,72,EIF4A2,0.09999999999999998,0.0737874,0
53748,72,SET,0.17,0.1440302,0
53749,72,EPS15,0.019999999999999997,0.0247037,0
53750,72,RNF213,0.04,0.032265199999999994,0
53751,72,CTCF,0.9300000000000004,0.6625442,0
53752,72,WDCP,0.13,0.0872304,0
53753,72,KAT7,0.09999999999999999,0.08061360000000001,0
53754,72,KDM5C,0.15999999999999998,0.143359,0
53755,72,TGFBR2,0.19,0.1366013,0
53756,72,ATM,1.350000000000001,1.0728224000000002,0
53757,72,NUMA1,-0.010000000000000007,0.005607700000000003,0
53758,72,STAT3,1.5000000000000009,1.1748188,0
53759,72,SUB1,-0.27,-0.09588840000000001,0
53760,72,NUP98,0.10000000000000002,0.11880049999999996,0
53761,72,ELL,-0.05999999999999999,-0.006237400000000008,0
53762,72,MAP3K1,0.3199999999999999,0.26670520000000003,0
53763,72,MALT1,0.13,0.12372090000000001,0
53764,72,XPO1,0.30000000000000004,0.245693,0
53765,72,SETD1B,0.15,0.10931059999999998,0
53766,72,ETV6,-0.13999999999999999,-0.03453260000000001,0
53767,72,TBL1XR1,0.22000000000000003,0.150262,0
53768,72,NUP214,0.05000000000000002,0.11979149999999998,0
53769,72,TPR,0.09000000000000001,0.10177389999999996,0
53770,72,ATIC,0.08000000000000002,0.0722348,0
53771,72,NACA,0.23,0.1594025,0
53772,72,MYO5A,0.009999999999999998,0.0093122,0
53773,72,SMC1A,0.6400000000000001,0.5259642999999999,0
53774,72,LASP1,-0.25,-0.1340278,0
53775,72,ERCC5,0.47000000000000003,0.3055204,0
53776,72,JUN,0.22000000000000003,0.3076159000000001,0
53777,72,THRAP3,0.09,0.0754862,0
53778,72,STAG2,0.5800000000000001,0.45215399999999994,0
53779,72,RAF1,1.0700000000000003,0.7541435999999999,0
53780,72,ERCC3,0.49000000000000005,0.4058081,0
53781,72,SMAD2,0.5000000000000001,0.49088660000000006,0
53782,72,TAF15,0.16,0.13031939999999997,0
53783,72,ARNT,0.30999999999999994,0.2505116,0
53784,72,CLTC,-0.53,-0.27207770000000003,0
53785,72,IKBKB,0.5600000000000003,0.47387650000000003,0
53786,72,IDH1,-0.5700000000000001,-0.16319630000000002,0
53787,72,SND1,0.020000000000000004,0.019034600000000006,0
53788,72,KNSTRN,0.03,0.0251922,0
53789,72,RHOA,-1.3999999999999997,-0.35195769999999993,0
53790,72,PALB2,0.6,0.5060787,0
53791,72,ARID2,0.7600000000000002,0.5566491,0
53792,72,EZR,-0.08000000000000003,0.0013280000000000106,0
53793,72,TP53,-1.1799999999999997,-0.15322649999999996,0
53794,72,ARAF,0.42000000000000004,0.23279469999999997,0
53795,72,KIF5B,0.45000000000000007,0.3213844,0
53796,72,KAT6A,0.27,0.2325141,0
53797,72,KTN1,-0.1,-0.028042400000000002,0
53798,72,GOLGA5,-0.09999999999999999,-0.0662436,0
53799,72,KDM5A,0.23,0.20551439999999999,0
53800,72,RAD21,0.5000000000000001,0.4016016,0
53801,72,GNAQ,0.14,0.10398939999999998,0
53802,72,CAMTA1,0.0,0.0,0
53803,72,ERCC2,0.64,0.47133059999999993,0
53804,72,EZH2,1.8600000000000012,1.1905642999999997,0
53805,72,TOP1,0.16999999999999998,0.13069460000000002,0
53806,72,SRSF3,-0.3200000000000001,-0.08859639999999996,0
53807,72,NPM1,0.08000000000000003,0.17334609999999992,0
53808,72,BAX,-0.51,-0.15998980000000002,0
53809,72,NOTCH2,0.29000000000000004,0.2307907,0
53810,72,TRAF7,0.03,0.0230613,0
53811,72,KDM6A,0.8600000000000002,0.7346203,0
53812,72,SPEN,0.12,0.08897379999999999,0
53813,72,TRIM27,-0.52,-0.16445929999999997,0
53814,72,CRTC1,0.15000000000000002,0.11561669999999999,0
53815,72,EML4,0.23999999999999996,0.2056716,0
53816,72,USP9X,-0.04,-0.024025699999999997,0
53817,72,PTPRK,0.02,0.0149128,0
53818,72,CD74,-0.1,0.005714699999999996,0
53819,72,CBL,0.5900000000000001,0.43889020000000006,0
53820,72,ZNF384,-0.06,-0.0326352,0
53821,72,NOTCH1,1.0000000000000004,0.7388488,0
53822,72,COX6C,-0.15000000000000002,-0.0634263,0
53823,72,CHCHD7,0.02,0.0127098,0
53824,72,HMGA1,-0.09,-0.0434878,0
53825,72,PTEN,1.320000000000001,1.1113344,0
53826,72,FIP1L1,-0.019999999999999997,-0.0174256,0
53827,72,JAK1,0.7600000000000002,0.6058623,0
53828,72,ZMYM2,-0.05999999999999999,-0.04140870000000001,0
53829,72,SUZ12,0.7800000000000002,0.5368197000000001,0
53830,72,FUS,-0.16,0.11015349999999999,0
53831,72,BAP1,0.13,0.11858830000000001,0
53832,72,ZCCHC8,-0.07,-0.021063000000000002,0
53833,72,CRNKL1,-0.04,-0.023181700000000003,0
53834,72,RAD17,0.16000000000000003,0.10923569999999999,0
53835,72,ATP1A1,0.009999999999999998,0.007291799999999999,0
53836,72,DNMT3A,0.9200000000000004,0.7075509000000001,0
53837,72,FBXW7,0.9700000000000004,0.7514748999999998,0
53838,72,WWTR1,-0.07,-0.0357754,0
53839,72,CDKN1B,0.6700000000000002,0.4262462,0
53840,72,KMT2A,0.5500000000000002,0.45508300000000007,0
53841,72,PTPN11,0.9100000000000005,0.6947854000000001,0
53842,72,STAT5B,0.6800000000000003,0.5214716,0
53843,72,CUX1,-0.07,-0.04823310000000001,0
53844,72,ABI1,-0.33,-0.12317589999999999,0
53845,72,BRCA1,1.7800000000000014,1.3763540999999997,0
53846,72,SH2B3,0.05,0.0358042,0
53847,72,AFF4,0.14,0.09825430000000002,0
53848,72,NF2,-0.02000000000000001,0.053800600000000004,0
53849,72,LMNA,0.06000000000000002,0.05359849999999999,0
53850,72,TSC2,0.48000000000000004,0.41755899999999996,0
53851,72,GOLPH3,-0.11,-0.0628826,0
53852,72,PCM1,-0.05,-0.033845,0
53853,72,PPP2R1A,-0.36999999999999994,-0.10636030000000002,0
53854,72,ARID1A,1.7800000000000011,1.2558775,0
53855,72,ABL1,0.32000000000000006,0.2505942,0
53856,72,AFF1,0.24000000000000002,0.1962775,0
53857,72,DAXX,-0.38999999999999996,-0.08894159999999998,0
53858,72,CBFB,0.1,0.08706140000000001,0
53859,72,CBLB,0.14,0.10805710000000002,0
53860,72,POLR2A,-0.03,0.15244159999999998,0
53861,72,PRKACA,0.36000000000000004,0.2811928000000001,0
53862,72,DNM2,-0.11,-0.04641429999999999,0
53863,72,RAP1GDS1,-0.07,-0.034215800000000005,0
53864,72,NCOR1,0.8900000000000002,0.7672263,0
53865,72,NFKBIE,-0.26,-0.09034440000000002,0
53866,72,DDX3X,0.11000000000000001,0.1135549,0
53867,72,ELK4,0.02,0.0145178,0
53868,72,MLLT6,0.12,0.0981244,0
53869,72,SRSF2,-1.21,-0.33699779999999996,0
53870,72,CTNNA1,0.11,0.0821208,0
53871,72,RBM10,0.19,0.1340357,0
53872,72,PTPRC,0.15,0.14474710000000002,0
53873,72,HSP90AA1,1.3400000000000005,0.8656816,0
53874,73,NSD1,0.33,0.28697269999999997,1
53875,73,DICER1,0.29000000000000004,0.3117775000000001,1
53876,73,BIRC6,0.15,0.1365746,1
53877,73,SDHC,0.37000000000000005,0.2992661,1
53878,73,TFG,0.15,0.0899806,1
53879,73,MAP2K2,0.4,0.2681249,1
53880,73,TFRC,-0.26,-0.0950388,1
53881,73,CREB1,0.7900000000000003,0.7199880999999999,1
53882,73,POLG,0.0,0.0,1
53883,73,SETD2,0.7000000000000002,0.6385298000000003,1
53884,73,NAB2,-0.54,-0.1534703,1
53885,73,HIF1A,1.600000000000001,1.256722,1
53886,73,FLCN,-0.01999999999999999,0.033105900000000014,1
53887,73,MAP2K4,0.020000000000000004,0.09579010000000002,1
53888,73,CNOT3,0.05,0.05159420000000001,1
53889,73,CIITA,0.1,0.0633933,1
53890,73,LSM14A,0.15,0.1211348,1
53891,73,AKAP9,-0.06,0.0048193000000000055,1
53892,73,MSN,-0.21000000000000005,-0.06246579999999999,1
53893,73,BCR,0.010000000000000007,0.0668274,1
53894,73,TRRAP,3.122502256758253e-17,0.19252410000000003,1
53895,73,PPP6C,-0.14,-0.0575098,1
53896,73,NCOA4,-0.10999999999999997,-0.028274200000000003,1
53897,73,BCL9,0.21000000000000002,0.1717513,1
53898,73,PRCC,0.11999999999999998,0.09553919999999998,1
53899,73,LARP4B,0.03,0.0218301,1
53900,73,CHD2,0.02,0.018025,1
53901,73,ASXL1,0.24,0.3252236,1
53902,73,SMARCA4,1.9100000000000013,1.5081345,1
53903,73,ERC1,-0.02,-0.0157154,1
53904,73,DCTN1,0.02000000000000001,0.05441689999999999,1
53905,73,PIK3R1,1.1400000000000006,0.9598632999999999,1
53906,73,EED,0.10999999999999999,0.09017369999999998,1
53907,73,CNBP,0.01,0.0054519,1
53908,73,SGK1,0.5,0.3371637,1
53909,73,MLLT10,-0.2,-0.10999919999999999,1
53910,73,BRD4,1.0000000000000004,0.8940458000000002,1
53911,73,RANBP2,0.3400000000000001,0.32536380000000004,1
53912,73,FBXO11,0.07,0.0584031,1
53913,73,PML,0.45999999999999996,0.3007297,1
53914,73,AKT2,1.1600000000000006,0.8359336999999999,1
53915,73,CEP89,0.04,0.025404399999999997,1
53916,73,LZTR1,0.07999999999999999,0.1122166,1
53917,73,YWHAE,0.24,0.1440606,1
53918,73,DNAJB1,-0.14,-0.042136999999999994,1
53919,73,PRDM2,0.07,0.05813299999999999,1
53920,73,TPM4,0.4800000000000001,0.3397713,1
53921,73,CREBBP,1.8700000000000012,1.5871046000000009,1
53922,73,PMS2,0.8400000000000003,0.7295635999999999,1
53923,73,DDR2,-0.009999999999999998,-0.006309000000000002,1
53924,73,FANCA,0.43,0.36840449999999997,1
53925,73,PDE4DIP,0.08,0.0623783,1
53926,73,USP8,-0.06999999999999999,-0.0238007,1
53927,73,MYH9,-0.33000000000000007,-0.08319730000000002,1
53928,73,MYC,-0.9299999999999999,-0.13886800000000002,1
53929,73,NBN,0.6300000000000001,0.5218642,1
53930,73,CCND3,-0.020000000000000004,0.0391991,1
53931,73,TRIP11,-0.07,-0.0498696,1
53932,73,CNTRL,-0.07,-0.054609000000000005,1
53933,73,PIK3CA,1.1400000000000008,1.0201530999999997,1
53934,73,DDX5,0.32,0.32514820000000005,1
53935,73,PICALM,0.010000000000000002,0.012729100000000004,1
53936,73,RARA,-0.04000000000000002,0.08758450000000001,1
53937,73,DDX6,2.0816681711721685e-17,0.1003391,1
53938,73,COL1A1,0.19,0.1639404,1
53939,73,VHL,0.26,0.18980819999999998,1
53940,73,MAPK1,1.720000000000001,1.2376611000000004,1
53941,73,SRC,0.24999999999999997,0.34647,1
53942,73,NFE2L2,0.32,0.2425314,1
53943,73,MITF,-0.23,-0.046639299999999995,1
53944,73,SMAD3,1.2100000000000009,1.170816,1
53945,73,RBM15,0.08,0.0711889,1
53946,73,ATR,0.7800000000000002,0.6636916,1
53947,73,EPAS1,0.44,0.4248923,1
53948,73,TPM3,0.12999999999999998,0.11610870000000006,1
53949,73,RPL10,0.09999999999999999,0.1116654,1
53950,73,STAG1,0.13,0.1515313,1
53951,73,SBDS,-0.03,-0.0105415,1
53952,73,KMT2D,1.0300000000000002,0.8381038,1
53953,73,MED12,0.38000000000000006,0.317112,1
53954,73,BCLAF1,-0.05999999999999999,0.028680100000000014,1
53955,73,ASPSCR1,0.0,0.012022499999999998,1
53956,73,CDK12,0.53,0.43770950000000003,1
53957,73,EWSR1,0.3799999999999999,0.38054669999999996,1
53958,73,NDRG1,-0.04000000000000001,-0.009024399999999998,1
53959,73,PSIP1,0.09,0.0764006,1
53960,73,TRIM33,0.14,0.12568769999999999,1
53961,73,MTOR,0.9700000000000003,0.8149630999999999,1
53962,73,ARHGAP35,0.13,0.12818729999999998,1
53963,73,POT1,0.03,0.0221456,1
53964,73,EXT1,0.12,0.0935652,1
53965,73,IL6ST,0.34,0.2851656,1
53966,73,IDH2,-0.11000000000000001,-0.009484100000000002,1
53967,73,SMARCE1,0.38,0.24823609999999996,1
53968,73,CRTC3,0.09,0.0781545,1
53969,73,TSC1,0.39,0.3658181,1
53970,73,BCOR,-0.08999999999999998,0.02162180000000001,1
53971,73,SDHA,0.26,0.2016841,1
53972,73,EP300,2.2100000000000004,1.9026596000000002,1
53973,73,HNRNPA2B1,0.5,0.35329659999999996,1
53974,73,CLIP1,-0.13,-0.07342970000000001,1
53975,73,PATZ1,-0.55,-0.13813959999999997,1
53976,73,FUBP1,-0.16999999999999998,-0.0335691,1
53977,73,HLA-A,-0.020000000000000004,0.045989999999999996,1
53978,73,CCNC,-0.22,-0.09613050000000001,1
53979,73,RPN1,-0.2,-0.06764200000000001,1
53980,73,TCF7L2,0.009999999999999992,0.09462579999999998,1
53981,73,CANT1,-0.03,0.012732400000000005,1
53982,73,RPL5,-0.7000000000000002,-0.2100668,1
53983,73,CCDC6,0.09000000000000002,0.1012871,1
53984,73,NCKIPSD,-0.03,-0.0082168,1
53985,73,SMARCD1,0.37,0.3236611,1
53986,73,BCL10,0.04000000000000001,0.07691390000000001,1
53987,73,MAX,0.11,0.1260548,1
53988,73,HERPUD1,-0.01,-0.0031647,1
53989,73,RAC1,0.14,0.15747329999999998,1
53990,73,FLNA,0.18,0.12542689999999998,1
53991,73,TFE3,-0.8,-0.27999959999999996,1
53992,73,NCOR2,0.6700000000000003,0.5576308999999999,1
53993,73,PRPF40B,0.030000000000000002,0.025102,1
53994,73,BCL3,-0.05000000000000001,0.00973639999999999,1
53995,73,TFPT,-0.36,-0.10658109999999998,1
53996,73,MLH1,0.8700000000000003,0.7820490000000001,1
53997,73,ARHGAP5,0.11,0.09952899999999999,1
53998,73,CIC,0.0,0.0,1
53999,73,LYN,0.7300000000000001,0.5604486000000001,1
54000,73,TCF12,0.35000000000000003,0.28440509999999997,1
54001,73,KLF6,0.06999999999999999,0.0484033,1
54002,73,KMT2C,0.9600000000000004,0.8421276,1
54003,73,PIM1,-0.08000000000000002,-0.0053238999999999995,1
54004,73,CCND1,1.3100000000000007,0.8148297999999999,1
54005,73,MLLT1,-1.3900000000000003,-0.3686401,1
54006,73,MEN1,0.010000000000000009,0.029689000000000004,1
54007,73,CUL3,0.10000000000000002,0.162631,1
54008,73,RB1,0.6400000000000001,0.5310844,1
54009,73,LPP,-0.11000000000000001,-0.0251217,1
54010,73,BUB1B,-0.23,-0.0854307,1
54011,73,SMAD4,1.540000000000001,1.2864216,1
54012,73,FGFR1,0.35000000000000003,0.3130929,1
54013,73,TMSB4X,0.03,0.0233478,1
54014,73,CDK4,1.0300000000000005,0.7069969000000002,1
54015,73,MSI2,0.01,0.0081482,1
54016,73,MSH6,1.0300000000000005,0.895709,1
54017,73,BRAF,1.3800000000000008,1.1784835999999996,1
54018,73,TCEA1,-0.09999999999999999,-0.0017896999999999913,1
54019,73,TNFAIP3,0.16000000000000003,0.1311497,1
54020,73,RABEP1,0.010000000000000002,0.009464300000000002,1
54021,73,GMPS,-0.08,-0.038595399999999995,1
54022,73,MDM2,1.0200000000000007,0.8038552999999997,1
54023,73,NSD2,0.22999999999999998,0.17349539999999997,1
54024,73,CASP8,-0.09,0.1260506,1
54025,73,PER1,-0.27,-0.08885040000000001,1
54026,73,UBR5,0.049999999999999996,0.056591499999999996,1
54027,73,EIF3E,0.019999999999999997,0.0661832,1
54028,73,RFWD3,0.04,0.0378294,1
54029,73,BRD3,0.12000000000000001,0.0860567,1
54030,73,PAFAH1B2,0.02,0.0177312,1
54031,73,EXT2,0.009999999999999995,0.021739599999999998,1
54032,73,PLCG1,0.45,0.3983795,1
54033,73,SF3B1,-0.62,-0.3016974,1
54034,73,ARHGEF10L,0.03,0.0146205,1
54035,73,NFATC2,0.25,0.1884578,1
54036,73,SDHD,0.34,0.2400175,1
54037,73,PABPC1,-0.8900000000000001,-0.2403804,1
54038,73,POLD1,-0.21000000000000002,-0.05784729999999999,1
54039,73,CALR,0.030000000000000006,0.06246739999999997,1
54040,73,PIK3CB,0.6800000000000002,0.5897071000000002,1
54041,73,PPM1D,0.30000000000000004,0.23352820000000002,1
54042,73,ATRX,1.0000000000000004,0.8834315000000003,1
54043,73,DGCR8,0.19000000000000003,0.1552395,1
54044,73,DDX10,0.18,0.1351931,1
54045,73,DROSHA,0.5700000000000001,0.47060920000000006,1
54046,73,TNFRSF14,-0.16,-0.051572700000000006,1
54047,73,BCL9L,0.14,0.1058661,1
54048,73,QKI,0.03,0.0234171,1
54049,73,BAZ1A,0.01,0.007603400000000001,1
54050,73,CHD4,0.33000000000000007,0.3117709,1
54051,73,NSD3,0.15000000000000002,0.13661040000000002,1
54052,73,NT5C2,0.18000000000000002,0.10846170000000002,1
54053,73,CCNB1IP1,0.14,0.06546640000000001,1
54054,73,PCBP1,-1.05,-0.26390579999999997,1
54055,73,RALGDS,-0.020000000000000004,0.068113,1
54056,73,ARHGEF12,-0.020000000000000004,0.0268776,1
54057,73,HSP90AB1,1.1800000000000006,0.7873866,1
54058,73,FOXO3,1.4800000000000009,1.1197634,1
54059,73,HIP1,-0.02,-0.0129354,1
54060,73,CDC73,0.07,0.09843660000000001,1
54061,73,NIN,-0.010000000000000002,-0.0019053000000000021,1
54062,73,MDM4,0.1,0.1855313,1
54063,73,COL3A1,0.22,0.177257,1
54064,73,CTNND1,0.06,0.1285476,1
54065,73,SPOP,0.11,0.10990559999999999,1
54066,73,TMEM127,0.07,0.050586300000000015,1
54067,73,CREB3L2,0.13,0.08439280000000002,1
54068,73,MSH2,0.9800000000000004,0.8615151000000001,1
54069,73,FNBP1,0.010000000000000002,0.029720000000000003,1
54070,73,ATF1,0.16,0.11311950000000001,1
54071,73,EIF1AX,-0.5100000000000001,-0.21768300000000002,1
54072,73,PMS1,0.5599999999999999,0.4422309000000001,1
54073,73,DEK,0.18000000000000002,0.1510435,1
54074,73,ERBB2,0.9000000000000004,0.5649378999999999,1
54075,73,AKT1,0.28,0.30422239999999995,1
54076,73,CHEK2,0.7000000000000002,0.7101130000000002,1
54077,73,SDHB,0.43000000000000005,0.3156064,1
54078,73,NCOA1,0.38999999999999996,0.3156821,1
54079,73,CHIC2,0.08,0.05086570000000001,1
54080,73,RUNX1,0.21999999999999997,0.6313390000000001,1
54081,73,STAT6,0.43000000000000005,0.3800555,1
54082,73,FH,-0.020000000000000004,0.018756999999999996,1
54083,73,AKT3,1.0500000000000005,0.7813386,1
54084,73,GNAS,0.36,0.26530339999999997,1
54085,73,CTNNB1,1.3900000000000008,0.9907500000000002,1
54086,73,NONO,0.33000000000000007,0.2790878,1
54087,73,SMARCB1,1.0100000000000005,0.8051057999999999,1
54088,73,PRKAR1A,0.23,0.2114477,1
54089,73,ITGAV,3.469446951953614e-18,0.0424424,1
54090,73,SS18,0.43,0.31856,1
54091,73,MAP2K1,1.0400000000000003,0.6318423,1
54092,73,SIRPA,-0.060000000000000005,-0.010408100000000002,1
54093,73,PPFIBP1,0.42,0.3137303,1
54094,73,RPL22,-0.16000000000000003,0.0890048,1
54095,73,CYLD,0.31000000000000005,0.24471430000000002,1
54096,73,ARID1B,0.8400000000000001,0.6586461,1
54097,73,SETDB1,0.32,0.2369054,1
54098,73,AFDN,-0.43999999999999995,-0.1251382,1
54099,73,ZRSR2,-0.16,-0.11439100000000002,1
54100,73,PBRM1,1.0000000000000004,0.757683,1
54101,73,XPC,0.48000000000000004,0.30004010000000003,1
54102,73,ASXL2,0.3,0.2221644,1
54103,73,TRIM24,-0.15,-0.004490799999999994,1
54104,73,SFPQ,-0.5,-0.1608326,1
54105,73,NCOA2,0.6700000000000002,0.543555,1
54106,73,FOXO4,0.43999999999999995,0.29013310000000003,1
54107,73,LEF1,0.25,0.2237582,1
54108,73,B2M,-0.36,-0.15050539999999996,1
54109,73,DDIT3,-0.27,-0.0901257,1
54110,73,BCL6,0.37,0.31572,1
54111,73,KRAS,-0.4899999999999998,-0.04601640000000002,1
54112,73,FAT1,0.13,0.0960103,1
54113,73,ABL2,0.09999999999999999,0.07757689999999999,1
54114,73,NF1,1.3600000000000005,1.1270901,1
54115,73,BTG1,-0.06,-0.0251184,1
54116,73,EIF4A2,0.08000000000000002,0.046241199999999996,1
54117,73,SET,0.19,0.1556023,1
54118,73,EPS15,0.1,0.08665250000000001,1
54119,73,RNF213,0.04,0.0346377,1
54120,73,CTCF,1.0400000000000003,0.7262172000000002,1
54121,73,WDCP,0.2700000000000001,0.1814049,1
54122,73,KAT7,0.16999999999999998,0.1448092,1
54123,73,KDM5C,0.22000000000000003,0.20107550000000002,1
54124,73,TGFBR2,0.23999999999999994,0.20560499999999995,1
54125,73,ATM,1.260000000000001,1.1887586,1
54126,73,NUMA1,0.03,0.0355061,1
54127,73,STAT3,0.9900000000000005,0.9135889000000001,1
54128,73,SUB1,-0.14,-0.05825,1
54129,73,NUP98,0.18000000000000002,0.20923969999999997,1
54130,73,ELL,0.11000000000000001,0.05552050000000001,1
54131,73,MAP3K1,0.29000000000000004,0.2626971,1
54132,73,MALT1,0.16,0.16171450000000004,1
54133,73,XPO1,0.5300000000000002,0.4490348999999999,1
54134,73,SETD1B,0.26,0.20736310000000002,1
54135,73,ETV6,-0.13,-0.030115900000000004,1
54136,73,TBL1XR1,0.22999999999999998,0.16410490000000003,1
54137,73,NUP214,-0.10999999999999999,0.13795680000000002,1
54138,73,TPR,0.13,0.1143434,1
54139,73,ATIC,0.11000000000000001,0.1459628,1
54140,73,NACA,0.22999999999999998,0.14494269999999998,1
54141,73,MYO5A,0.01,0.007597499999999998,1
54142,73,SMC1A,0.28,0.4017894,1
54143,73,LASP1,-0.24,-0.1228302,1
54144,73,ERCC5,0.43999999999999995,0.27563449999999995,1
54145,73,JUN,-1.4000000000000001,-0.27575569999999994,1
54146,73,THRAP3,0.09000000000000001,0.0703248,1
54147,73,STAG2,0.20000000000000004,0.258407,1
54148,73,RAF1,0.9000000000000004,0.6971166000000002,1
54149,73,ERCC3,0.61,0.5130395000000001,1
54150,73,SMAD2,0.3200000000000002,0.4596486000000001,1
54151,73,TAF15,0.20000000000000004,0.1721,1
54152,73,ARNT,0.26,0.2340457,1
54153,73,CLTC,-0.5700000000000001,-0.24002330000000002,1
54154,73,IKBKB,0.5100000000000002,0.4911812,1
54155,73,IDH1,-0.7000000000000002,-0.20576600000000003,1
54156,73,SND1,-0.009999999999999993,0.0199276,1
54157,73,KNSTRN,0.02,0.0150474,1
54158,73,RHOA,-3.0300000000000007,-0.6739485000000002,1
54159,73,PALB2,0.7200000000000001,0.6260654999999999,1
54160,73,ARID2,0.8700000000000001,0.6883286,1
54161,73,EZR,-0.08999999999999998,-0.021465799999999993,1
54162,73,TP53,-0.37,0.2587455999999999,1
54163,73,ARAF,0.42,0.24465150000000002,1
54164,73,KIF5B,0.5700000000000002,0.4339068,1
54165,73,KAT6A,0.22,0.24183639999999998,1
54166,73,KTN1,-0.11,-0.015491300000000003,1
54167,73,GOLGA5,-0.09,-0.0627303,1
54168,73,KDM5A,0.33999999999999997,0.31434090000000003,1
54169,73,RAD21,0.6000000000000001,0.5094238,1
54170,73,GNAQ,0.35,0.2589453,1
54171,73,CAMTA1,0.05,0.0360838,1
54172,73,ERCC2,0.68,0.535438,1
54173,73,EZH2,1.280000000000001,1.0815480999999998,1
54174,73,TOP1,0.32,0.24843830000000003,1
54175,73,SRSF3,-0.3599999999999999,-0.08255130000000001,1
54176,73,NPM1,0.3200000000000002,0.31079400000000007,1
54177,73,BAX,-0.73,-0.1595798,1
54178,73,NOTCH2,0.3,0.257972,1
54179,73,TRAF7,0.02,0.0143978,1
54180,73,KDM6A,0.8300000000000003,0.9003739000000003,1
54181,73,SPEN,0.15000000000000002,0.1220262,1
54182,73,TRIM27,-0.45,-0.1416975,1
54183,73,CRTC1,0.15,0.1205478,1
54184,73,EML4,0.26999999999999985,0.31074129999999994,1
54185,73,USP9X,0.0,-0.000921700000000001,1
54186,73,PTPRK,0.0,0.0,1
54187,73,CD74,-0.23,-0.033838300000000016,1
54188,73,CBL,0.4400000000000001,0.45436199999999993,1
54189,73,ZNF384,0.05,0.0406556,1
54190,73,NOTCH1,1.1500000000000006,0.8467535000000003,1
54191,73,COX6C,-0.15000000000000002,-0.044964699999999996,1
54192,73,CHCHD7,0.02,0.012612600000000002,1
54193,73,HMGA1,-0.07999999999999999,-0.0304528,1
54194,73,PTEN,1.1300000000000006,1.1009097999999997,1
54195,73,FIP1L1,-0.039999999999999994,-0.017803499999999996,1
54196,73,JAK1,0.8700000000000001,0.7335706999999999,1
54197,73,ZMYM2,0.010000000000000004,0.011061899999999996,1
54198,73,SUZ12,0.8000000000000003,0.6473258000000001,1
54199,73,FUS,-0.5399999999999999,-0.011873300000000007,1
54200,73,BAP1,-0.31,-0.127008,1
54201,73,ZCCHC8,-0.06,-0.020063400000000002,1
54202,73,CRNKL1,0.019999999999999997,0.014975599999999999,1
54203,73,RAD17,0.18,0.1355687,1
54204,73,ATP1A1,0.02,0.011735200000000001,1
54205,73,DNMT3A,1.0600000000000003,0.8923867,1
54206,73,FBXW7,1.0200000000000002,0.8657631000000001,1
54207,73,WWTR1,-0.12000000000000001,-0.0436391,1
54208,73,CDKN1B,0.51,0.36556780000000005,1
54209,73,KMT2A,0.30999999999999994,0.35184789999999994,1
54210,73,PTPN11,1.0700000000000005,0.9155779000000002,1
54211,73,STAT5B,0.7500000000000002,0.6292607999999998,1
54212,73,CUX1,-0.08,-0.05060289999999999,1
54213,73,ABI1,-0.29,-0.0785089,1
54214,73,BRCA1,1.6200000000000012,1.3822070000000002,1
54215,73,SH2B3,0.09999999999999999,0.061202,1
54216,73,AFF4,-0.04,-0.019845799999999993,1
54217,73,NF2,0.05999999999999998,0.11129139999999998,1
54218,73,LMNA,0.13,0.08624899999999999,1
54219,73,TSC2,0.8500000000000003,0.7020332,1
54220,73,GOLPH3,-0.07,-0.0488481,1
54221,73,PCM1,-0.04,-0.0315159,1
54222,73,PPP2R1A,-0.22999999999999998,-0.04553599999999999,1
54223,73,ARID1A,1.9600000000000013,1.5870745,1
54224,73,ABL1,-0.33,0.04049629999999993,1
54225,73,AFF1,-0.03,0.02984870000000001,1
54226,73,DAXX,-0.48,-0.1222149,1
54227,73,CBFB,0.09,0.1259772,1
54228,73,CBLB,0.2,0.1797513,1
54229,73,POLR2A,-0.3,0.10245209999999999,1
54230,73,PRKACA,0.22000000000000014,0.30643739999999997,1
54231,73,DNM2,-0.1,-0.0349212,1
54232,73,RAP1GDS1,-0.009999999999999981,0.0327138,1
54233,73,NCOR1,0.8000000000000003,0.8346410000000001,1
54234,73,NFKBIE,-0.36,-0.1073588,1
54235,73,DDX3X,0.35,0.2940216,1
54236,73,ELK4,0.03,0.0252333,1
54237,73,MLLT6,0.06,0.05203000000000001,1
54238,73,SRSF2,-3.0600000000000005,-0.6956817000000002,1
54239,73,CTNNA1,0.17,0.12827059999999998,1
54240,73,RBM10,0.12999999999999998,0.09569509999999999,1
54241,73,PTPRC,0.09000000000000001,0.1449102,1
54242,73,HSP90AA1,0.8600000000000004,0.6011338000000002,1
54243,73,NSD1,0.26,0.2107932,0
54244,73,DICER1,0.23000000000000004,0.2286164,0
54245,73,BIRC6,0.07999999999999999,0.06145789999999998,0
54246,73,SDHC,0.24,0.1595966,0
54247,73,TFG,0.36000000000000004,0.2061617,0
54248,73,MAP2K2,0.27,0.21305590000000005,0
54249,73,TFRC,-0.25,-0.12271750000000001,0
54250,73,CREB1,0.8000000000000005,0.5976577,0
54251,73,POLG,0.02,0.0078446,0
54252,73,SETD2,0.7000000000000002,0.5889602999999999,0
54253,73,NAB2,-0.34,-0.11522089999999999,0
54254,73,HIF1A,1.580000000000001,1.1280264,0
54255,73,FLCN,0.06,0.0488068,0
54256,73,MAP2K4,-0.14,0.026352199999999996,0
54257,73,CNOT3,-0.010000000000000002,0.009435300000000004,0
54258,73,CIITA,0.06999999999999999,0.0403892,0
54259,73,LSM14A,0.1,0.08591779999999999,0
54260,73,AKAP9,-0.06999999999999999,-0.0142434,0
54261,73,MSN,-0.4,-0.0878676,0
54262,73,BCR,0.08,0.07530619999999999,0
54263,73,TRRAP,0.02000000000000004,0.1350665,0
54264,73,PPP6C,-0.16999999999999998,-0.083984,0
54265,73,NCOA4,-0.19999999999999998,-0.1116732,0
54266,73,BCL9,0.17,0.1351262,0
54267,73,PRCC,0.030000000000000002,0.0304349,0
54268,73,LARP4B,0.0,0.0,0
54269,73,CHD2,0.01,0.0076287,0
54270,73,ASXL1,0.5299999999999999,0.46939999999999993,0
54271,73,SMARCA4,1.1900000000000006,0.9383570000000001,0
54272,73,ERC1,-0.03,-0.0220423,0
54273,73,DCTN1,-0.31999999999999995,-0.14385969999999998,0
54274,73,PIK3R1,1.2500000000000007,0.9181936999999998,0
54275,73,EED,0.10000000000000002,0.08659270000000001,0
54276,73,CNBP,0.02,0.0117678,0
54277,73,SGK1,0.30000000000000004,0.17211900000000002,0
54278,73,MLLT10,-0.09,-0.0323923,0
54279,73,BRD4,1.0000000000000004,0.7647598,0
54280,73,RANBP2,0.13,0.17587400000000003,0
54281,73,FBXO11,0.060000000000000005,0.048933000000000004,0
54282,73,PML,0.4,0.27309040000000007,0
54283,73,AKT2,0.9500000000000002,0.6502395999999998,0
54284,73,CEP89,0.07,0.044513300000000006,0
54285,73,LZTR1,0.06,0.07771529999999999,0
54286,73,YWHAE,0.27,0.1687551,0
54287,73,DNAJB1,-0.04000000000000001,-0.005260800000000003,0
54288,73,PRDM2,0.05,0.0381285,0
54289,73,TPM4,0.4600000000000001,0.30148430000000004,0
54290,73,CREBBP,1.9200000000000013,1.5417891000000001,0
54291,73,PMS2,0.6200000000000001,0.5478541,0
54292,73,DDR2,0.06,0.038690100000000005,0
54293,73,FANCA,0.32999999999999996,0.26216910000000004,0
54294,73,PDE4DIP,0.05,0.0334117,0
54295,73,USP8,-0.07,-0.0328784,0
54296,73,MYH9,-0.17,-0.0016094000000000074,0
54297,73,MYC,-1.3000000000000005,-0.4623067,0
54298,73,NBN,0.55,0.42383990000000005,0
54299,73,CCND3,-0.010000000000000004,0.03250020000000001,0
54300,73,TRIP11,-0.1,-0.06999040000000001,0
54301,73,CNTRL,-0.06,-0.043182399999999996,0
54302,73,PIK3CA,1.4700000000000006,1.0763021999999995,0
54303,73,DDX5,0.44000000000000006,0.3482063,0
54304,73,PICALM,3.469446951953614e-18,0.004113500000000006,0
54305,73,RARA,0.45000000000000007,0.3111690000000001,0
54306,73,DDX6,-0.049999999999999975,0.0695912,0
54307,73,COL1A1,0.10999999999999999,0.11655309999999999,0
54308,73,VHL,0.18999999999999997,0.13863379999999997,0
54309,73,MAPK1,1.590000000000001,1.0227258,0
54310,73,SRC,-0.30999999999999994,0.08578159999999999,0
54311,73,NFE2L2,0.21,0.16492130000000002,0
54312,73,MITF,-0.4,-0.1058788,0
54313,73,SMAD3,1.300000000000001,0.9850623000000001,0
54314,73,RBM15,0.07,0.0635348,0
54315,73,ATR,0.6400000000000001,0.5415883,0
54316,73,EPAS1,0.41,0.3426157,0
54317,73,TPM3,0.19,0.1413831,0
54318,73,RPL10,0.13,0.11041950000000002,0
54319,73,STAG1,0.09999999999999998,0.1202725,0
54320,73,SBDS,-0.04,-0.0154608,0
54321,73,KMT2D,0.9600000000000004,0.7087354,0
54322,73,MED12,0.28,0.22775709999999996,0
54323,73,BCLAF1,0.020000000000000004,0.0567069,0
54324,73,ASPSCR1,-5.204170427930421e-18,0.010381399999999999,0
54325,73,CDK12,0.33,0.24556840000000002,0
54326,73,EWSR1,0.45999999999999996,0.3609166,0
54327,73,NDRG1,-0.020000000000000004,-0.004090200000000002,0
54328,73,PSIP1,-0.15,-0.07042860000000002,0
54329,73,TRIM33,0.020000000000000004,0.023604000000000003,0
54330,73,MTOR,1.2300000000000006,0.8927569000000002,0
54331,73,ARHGAP35,0.09,0.11187649999999999,0
54332,73,POT1,-0.04,-0.001150700000000002,0
54333,73,EXT1,0.11,0.0734998,0
54334,73,IL6ST,0.29000000000000004,0.226616,0
54335,73,IDH2,-0.010000000000000002,0.05239039999999998,0
54336,73,SMARCE1,0.46,0.2920669,0
54337,73,CRTC3,0.09,0.06548129999999999,0
54338,73,TSC1,0.3,0.2729649,0
54339,73,BCOR,-0.15,-0.024915700000000006,0
54340,73,SDHA,0.22,0.140943,0
54341,73,EP300,1.690000000000001,1.2844593000000004,0
54342,73,HNRNPA2B1,0.23,0.2044026,0
54343,73,CLIP1,-0.12000000000000001,-0.06482940000000001,0
54344,73,PATZ1,-0.49,-0.1295616,0
54345,73,FUBP1,-0.18,-0.0257028,0
54346,73,HLA-A,-0.24000000000000005,-0.006673199999999997,0
54347,73,CCNC,-0.14,-0.0600607,0
54348,73,RPN1,-0.32999999999999996,-0.0807197,0
54349,73,TCF7L2,0.11,0.12450039999999998,0
54350,73,CANT1,0.11000000000000001,0.06848880000000002,0
54351,73,RPL5,-0.63,-0.16379050000000003,0
54352,73,CCDC6,0.0,0.0422811,0
54353,73,NCKIPSD,0.04,0.0241472,0
54354,73,SMARCD1,0.48,0.3414909,0
54355,73,BCL10,6.938893903907228e-18,0.025078200000000005,0
54356,73,MAX,0.010000000000000005,0.0189056,0
54357,73,HERPUD1,0.02,0.00801,0
54358,73,RAC1,-0.010000000000000012,0.0874104,0
54359,73,FLNA,0.13,0.12496230000000001,0
54360,73,TFE3,-0.44000000000000006,-0.1823584,0
54361,73,NCOR2,0.7200000000000002,0.5292547999999999,0
54362,73,PRPF40B,-0.02,-0.009249700000000001,0
54363,73,BCL3,-0.04,-0.009919800000000005,0
54364,73,TFPT,-0.27,-0.087891,0
54365,73,MLH1,0.8500000000000001,0.6956852,0
54366,73,ARHGAP5,0.07,0.0842062,0
54367,73,CIC,0.0,0.0,0
54368,73,LYN,0.9400000000000003,0.6646584000000001,0
54369,73,TCF12,0.27,0.20745129999999998,0
54370,73,KLF6,0.04,0.0218643,0
54371,73,KMT2C,1.0100000000000002,0.7795910000000001,0
54372,73,PIM1,-0.21000000000000002,-0.07527149999999999,0
54373,73,CCND1,1.4600000000000009,0.9013914000000003,0
54374,73,MLLT1,-0.8200000000000001,-0.2639581,0
54375,73,MEN1,0.019999999999999997,0.0423234,0
54376,73,CUL3,0.09000000000000004,0.1237315,0
54377,73,RB1,0.63,0.4633983,0
54378,73,LPP,-0.08,-0.020477400000000003,0
54379,73,BUB1B,-0.17,-0.09378030000000001,0
54380,73,SMAD4,1.4900000000000009,1.0848496000000003,0
54381,73,FGFR1,0.29999999999999993,0.21572650000000002,0
54382,73,TMSB4X,0.04,0.0323712,0
54383,73,CDK4,0.57,0.3908374000000001,0
54384,73,MSI2,0.01,0.0070685,0
54385,73,MSH6,0.8300000000000003,0.6277452999999998,0
54386,73,BRAF,0.8300000000000004,0.8016496,0
54387,73,TCEA1,-0.03999999999999999,0.013186100000000003,0
54388,73,TNFAIP3,0.12,0.102821,0
54389,73,RABEP1,0.0,-0.001768200000000001,0
54390,73,GMPS,-0.07,-0.040255799999999994,0
54391,73,MDM2,1.1700000000000006,0.8167103999999998,0
54392,73,NSD2,0.18000000000000002,0.126538,0
54393,73,CASP8,0.08,0.22767789999999996,0
54394,73,PER1,-0.21999999999999997,-0.04709519999999999,0
54395,73,UBR5,-0.010000000000000002,0.01453779999999999,0
54396,73,EIF3E,-0.01999999999999997,0.07442190000000001,0
54397,73,RFWD3,0.030000000000000002,0.030786,0
54398,73,BRD3,0.14,0.1144235,0
54399,73,PAFAH1B2,0.02,0.0158492,0
54400,73,EXT2,0.009999999999999995,0.010996800000000001,0
54401,73,PLCG1,0.5,0.3661272,0
54402,73,SF3B1,-0.25,-0.09197090000000001,0
54403,73,ARHGEF10L,0.02,0.0104992,0
54404,73,NFATC2,0.18,0.1256013,0
54405,73,SDHD,0.24,0.13794650000000003,0
54406,73,PABPC1,-0.94,-0.22615829999999995,0
54407,73,POLD1,-0.32,-0.0676385,0
54408,73,CALR,0.06999999999999999,0.055231600000000006,0
54409,73,PIK3CB,0.51,0.4236794000000001,0
54410,73,PPM1D,0.19000000000000003,0.14392880000000002,0
54411,73,ATRX,0.9700000000000005,0.7962824999999997,0
54412,73,DGCR8,0.15000000000000002,0.09398700000000001,0
54413,73,DDX10,0.15000000000000002,0.10387950000000001,0
54414,73,DROSHA,0.41000000000000003,0.30549689999999996,0
54415,73,TNFRSF14,-0.15,-0.05051099999999999,0
54416,73,BCL9L,0.14,0.1038534,0
54417,73,QKI,-0.06,-0.038128499999999996,0
54418,73,BAZ1A,0.01,0.007011,0
54419,73,CHD4,0.19,0.1706376,0
54420,73,NSD3,0.039999999999999994,0.05242179999999999,0
54421,73,NT5C2,0.16,0.09922200000000002,0
54422,73,CCNB1IP1,0.1,0.0473586,0
54423,73,PCBP1,-0.8500000000000001,-0.2535012,0
54424,73,RALGDS,0.18,0.119637,0
54425,73,ARHGEF12,-0.019999999999999997,-0.00030940000000000134,0
54426,73,HSP90AB1,1.1000000000000005,0.7443891999999998,0
54427,73,FOXO3,1.2200000000000006,0.8398528000000002,0
54428,73,HIP1,-0.01,-0.006506499999999999,0
54429,73,CDC73,-0.11999999999999998,-0.008317700000000003,0
54430,73,NIN,0.010000000000000002,0.007974900000000004,0
54431,73,MDM4,0.14,0.1744371,0
54432,73,COL3A1,0.16,0.1424686,0
54433,73,CTNND1,0.07999999999999999,0.10866989999999999,0
54434,73,SPOP,0.05999999999999999,0.0578533,0
54435,73,TMEM127,0.12000000000000001,0.09020120000000001,0
54436,73,CREB3L2,0.10999999999999999,0.066881,0
54437,73,MSH2,0.9100000000000004,0.667022,0
54438,73,FNBP1,-0.009999999999999998,-0.002117299999999999,0
54439,73,ATF1,0.030000000000000006,0.019866200000000007,0
54440,73,EIF1AX,-0.4600000000000001,-0.2075028,0
54441,73,PMS1,0.49000000000000005,0.3679571,0
54442,73,DEK,0.13,0.11724060000000001,0
54443,73,ERBB2,1.0400000000000005,0.6707690000000001,0
54444,73,AKT1,1.1500000000000006,0.7120654000000001,0
54445,73,CHEK2,0.3,0.36427760000000003,0
54446,73,SDHB,0.37999999999999995,0.23563170000000003,0
54447,73,NCOA1,0.42,0.3016855,0
54448,73,CHIC2,0.049999999999999996,0.027534399999999994,0
54449,73,RUNX1,0.6200000000000003,0.6657733999999998,0
54450,73,STAT6,0.31999999999999995,0.2308462,0
54451,73,FH,-0.26999999999999996,-0.10619740000000001,0
54452,73,AKT3,1.0200000000000002,0.6916146000000001,0
54453,73,GNAS,0.23,0.1535411,0
54454,73,CTNNB1,1.2400000000000004,0.8384852000000002,0
54455,73,NONO,0.11000000000000001,0.0806859,0
54456,73,SMARCB1,0.8800000000000003,0.6434369,0
54457,73,PRKAR1A,0.11,0.1000066,0
54458,73,ITGAV,0.03,0.03824550000000001,0
54459,73,SS18,0.41,0.2686387,0
54460,73,MAP2K1,1.1500000000000006,0.7339171,0
54461,73,SIRPA,-0.01,-0.0046456000000000015,0
54462,73,PPFIBP1,0.38,0.2508284,0
54463,73,RPL22,-0.17,0.06543770000000002,0
54464,73,CYLD,0.29000000000000004,0.2240089,0
54465,73,ARID1B,0.6499999999999999,0.48220019999999997,0
54466,73,SETDB1,0.3,0.21985470000000001,0
54467,73,AFDN,-0.25999999999999995,-0.0871101,0
54468,73,ZRSR2,0.32000000000000006,0.24001770000000003,0
54469,73,PBRM1,0.9000000000000004,0.6458612999999999,0
54470,73,XPC,0.6000000000000001,0.39383239999999997,0
54471,73,ASXL2,0.25,0.1670189,0
54472,73,TRIM24,-0.18,-0.074128,0
54473,73,SFPQ,-0.09,0.014256200000000007,0
54474,73,NCOA2,0.5900000000000001,0.43107579999999995,0
54475,73,FOXO4,0.4600000000000001,0.2890945,0
54476,73,LEF1,0.13,0.12205870000000002,0
54477,73,B2M,-0.6,-0.22622189999999995,0
54478,73,DDIT3,-0.34,-0.092109,0
54479,73,BCL6,0.53,0.36838509999999997,0
54480,73,KRAS,-1.4300000000000006,-0.36036869999999993,0
54481,73,FAT1,0.05999999999999999,0.05655600000000001,0
54482,73,ABL2,0.10000000000000002,0.07018229999999999,0
54483,73,NF1,0.7200000000000002,0.6079017999999998,0
54484,73,BTG1,-0.02,-0.011004400000000001,0
54485,73,EIF4A2,0.1,0.08891179999999999,0
54486,73,SET,0.16000000000000003,0.14165600000000003,0
54487,73,EPS15,0.01,0.0164537,0
54488,73,RNF213,0.03,0.0242655,0
54489,73,CTCF,0.9900000000000004,0.7116156000000001,0
54490,73,WDCP,0.14,0.08960559999999998,0
54491,73,KAT7,0.09999999999999999,0.0792019,0
54492,73,KDM5C,0.15,0.1376268,0
54493,73,TGFBR2,0.25999999999999995,0.18009909999999996,0
54494,73,ATM,1.520000000000001,1.1623616999999995,0
54495,73,NUMA1,0.009999999999999998,0.020030100000000002,0
54496,73,STAT3,1.6600000000000008,1.2764288000000001,0
54497,73,SUB1,-0.26,-0.0975728,0
54498,73,NUP98,0.059999999999999956,0.08410879999999998,0
54499,73,ELL,-0.020000000000000004,0.005975499999999998,0
54500,73,MAP3K1,0.3399999999999999,0.2858232,0
54501,73,MALT1,0.13,0.12868620000000003,0
54502,73,XPO1,0.31000000000000005,0.2539566,0
54503,73,SETD1B,0.16,0.11655590000000002,0
54504,73,ETV6,-0.15000000000000002,-0.0467561,0
54505,73,TBL1XR1,0.20000000000000004,0.1351529,0
54506,73,NUP214,-0.009999999999999998,0.08810359999999998,0
54507,73,TPR,0.11,0.10616070000000001,0
54508,73,ATIC,-0.030000000000000013,0.013234,0
54509,73,NACA,0.23,0.1560161,0
54510,73,MYO5A,0.0,0.0012341999999999995,0
54511,73,SMC1A,0.5900000000000001,0.46788669999999993,0
54512,73,LASP1,-0.2,-0.1178981,0
54513,73,ERCC5,0.5,0.3208941,0
54514,73,JUN,-0.16000000000000006,0.1308616,0
54515,73,THRAP3,0.11,0.0919753,0
54516,73,STAG2,0.44999999999999996,0.3672631,0
54517,73,RAF1,1.1100000000000003,0.7708852999999999,0
54518,73,ERCC3,0.54,0.4311266,0
54519,73,SMAD2,0.44000000000000006,0.4190342000000001,0
54520,73,TAF15,0.20000000000000004,0.16293190000000002,0
54521,73,ARNT,0.29000000000000004,0.24815459999999998,0
54522,73,CLTC,-0.5000000000000001,-0.2690436,0
54523,73,IKBKB,0.5400000000000003,0.44476150000000003,0
54524,73,IDH1,-0.76,-0.2079818,0
54525,73,SND1,3.469446951953614e-18,0.004781700000000003,0
54526,73,KNSTRN,0.03,0.024768599999999998,0
54527,73,RHOA,-1.5999999999999996,-0.40217340000000007,0
54528,73,PALB2,0.5499999999999999,0.48141290000000003,0
54529,73,ARID2,0.78,0.5887492,0
54530,73,EZR,-0.08999999999999998,0.0015649999999999952,0
54531,73,TP53,-1.08,-0.17661769999999996,0
54532,73,ARAF,0.42000000000000004,0.23466250000000002,0
54533,73,KIF5B,0.4799999999999999,0.3419255,0
54534,73,KAT6A,0.17999999999999997,0.17150080000000004,0
54535,73,KTN1,-0.12,-0.0335817,0
54536,73,GOLGA5,-0.13,-0.0883474,0
54537,73,KDM5A,0.22,0.2001013,0
54538,73,RAD21,0.49999999999999994,0.3925284,0
54539,73,GNAQ,0.09999999999999999,0.07193229999999999,0
54540,73,CAMTA1,-0.01,-0.0040955,0
54541,73,ERCC2,0.63,0.44482360000000004,0
54542,73,EZH2,1.8800000000000012,1.2371467999999999,0
54543,73,TOP1,0.22000000000000003,0.1649348,0
54544,73,SRSF3,-0.23,-0.07314879999999999,0
54545,73,NPM1,0.030000000000000002,0.17514929999999995,0
54546,73,BAX,-0.5,-0.16233070000000002,0
54547,73,NOTCH2,0.26,0.2045537,0
54548,73,TRAF7,0.03,0.023415599999999998,0
54549,73,KDM6A,0.8000000000000004,0.6806407,0
54550,73,SPEN,0.12,0.08918090000000001,0
54551,73,TRIM27,-0.44,-0.1604979,0
54552,73,CRTC1,0.14,0.1063486,0
54553,73,EML4,0.2900000000000001,0.23314200000000004,0
54554,73,USP9X,-0.060000000000000005,-0.03941520000000001,0
54555,73,PTPRK,0.01,0.006684,0
54556,73,CD74,-0.21000000000000002,-0.0313863,0
54557,73,CBL,0.6400000000000001,0.4743204000000001,0
54558,73,ZNF384,-0.08,-0.044122499999999995,0
54559,73,NOTCH1,0.9500000000000006,0.7056475000000002,0
54560,73,COX6C,-0.14,-0.0542219,0
54561,73,CHCHD7,0.03,0.0203472,0
54562,73,HMGA1,-0.08,-0.0400843,0
54563,73,PTEN,1.270000000000001,1.0931145000000002,0
54564,73,FIP1L1,-0.04,-0.025229200000000004,0
54565,73,JAK1,0.8300000000000003,0.6531358,0
54566,73,ZMYM2,-0.07,-0.0479021,0
54567,73,SUZ12,0.7700000000000002,0.55411,0
54568,73,FUS,-0.03000000000000004,0.1645607,0
54569,73,BAP1,-0.020000000000000004,0.012652099999999987,0
54570,73,ZCCHC8,-0.08,-0.0222096,0
54571,73,CRNKL1,-0.03,-0.018072600000000005,0
54572,73,RAD17,0.15,0.10954369999999998,0
54573,73,ATP1A1,-0.010000000000000002,-0.003629699999999998,0
54574,73,DNMT3A,0.9300000000000004,0.7164192,0
54575,73,FBXW7,1.0400000000000003,0.7957871999999999,0
54576,73,WWTR1,0.009999999999999997,0.009168899999999997,0
54577,73,CDKN1B,0.6000000000000001,0.3715545999999999,0
54578,73,KMT2A,0.42999999999999994,0.3763367,0
54579,73,PTPN11,0.9100000000000004,0.6995669999999999,0
54580,73,STAT5B,0.6500000000000001,0.4990806000000001,0
54581,73,CUX1,-0.07,-0.0494764,0
54582,73,ABI1,-0.41000000000000003,-0.1480557,0
54583,73,BRCA1,1.6600000000000013,1.2956816,0
54584,73,SH2B3,0.06,0.046828600000000005,0
54585,73,AFF4,0.13,0.1033743,0
54586,73,NF2,-0.010000000000000007,0.058661799999999986,0
54587,73,LMNA,8.673617379884035e-18,0.029812000000000005,0
54588,73,TSC2,0.5300000000000001,0.4350507,0
54589,73,GOLPH3,-0.09000000000000001,-0.058096400000000006,0
54590,73,PCM1,-0.04000000000000001,-0.026453000000000008,0
54591,73,PPP2R1A,-0.51,-0.17458569999999998,0
54592,73,ARID1A,1.790000000000001,1.3015424999999998,0
54593,73,ABL1,0.21000000000000005,0.183194,0
54594,73,AFF1,0.24000000000000005,0.1919077,0
54595,73,DAXX,-0.19000000000000006,-0.025786100000000013,0
54596,73,CBFB,0.10999999999999999,0.0978914,0
54597,73,CBLB,0.13,0.1013984,0
54598,73,POLR2A,0.09999999999999998,0.21415660000000006,0
54599,73,PRKACA,0.25999999999999984,0.23151670000000002,0
54600,73,DNM2,-0.14,-0.06608249999999999,0
54601,73,RAP1GDS1,-0.04999999999999999,-0.0081602,0
54602,73,NCOR1,0.8600000000000002,0.7827044,0
54603,73,NFKBIE,-0.27,-0.09670490000000001,0
54604,73,DDX3X,0.13,0.1184126,0
54605,73,ELK4,0.02,0.0147394,0
54606,73,MLLT6,0.12000000000000001,0.0998233,0
54607,73,SRSF2,-1.27,-0.3645637,0
54608,73,CTNNA1,0.1,0.07559569999999999,0
54609,73,RBM10,0.24000000000000002,0.16710279999999997,0
54610,73,PTPRC,0.09,0.1026825,0
54611,73,HSP90AA1,1.2600000000000005,0.8525647000000001,0
54612,74,NSD1,0.35000000000000003,0.3047017,1
54613,74,DICER1,0.24000000000000005,0.28027369999999996,1
54614,74,BIRC6,0.13999999999999999,0.1286644,1
54615,74,SDHC,0.38999999999999996,0.2925991,1
54616,74,TFG,0.19000000000000003,0.1180409,1
54617,74,MAP2K2,0.35000000000000003,0.24286880000000002,1
54618,74,TFRC,-0.25,-0.09504560000000002,1
54619,74,CREB1,0.8800000000000004,0.7515381000000001,1
54620,74,POLG,0.0,0.0,1
54621,74,SETD2,0.6200000000000003,0.5826763,1
54622,74,NAB2,-0.48,-0.14717680000000002,1
54623,74,HIF1A,1.4000000000000008,1.1042326,1
54624,74,FLCN,-0.029999999999999992,0.022817700000000003,1
54625,74,MAP2K4,0.04,0.11536070000000001,1
54626,74,CNOT3,0.06,0.0586831,1
54627,74,CIITA,0.1,0.06455179999999999,1
54628,74,LSM14A,0.16,0.13116709999999998,1
54629,74,AKAP9,-0.09000000000000001,-0.005715199999999997,1
54630,74,MSN,-0.29000000000000004,-0.0988892,1
54631,74,BCR,-0.03999999999999999,0.0568713,1
54632,74,TRRAP,0.04000000000000001,0.22524989999999998,1
54633,74,PPP6C,-0.14,-0.060260400000000006,1
54634,74,NCOA4,-0.09,-0.023212599999999996,1
54635,74,BCL9,0.19,0.15340489999999998,1
54636,74,PRCC,0.09999999999999999,0.08361379999999999,1
54637,74,LARP4B,0.03,0.022065599999999998,1
54638,74,CHD2,0.02,0.0181762,1
54639,74,ASXL1,0.4,0.41118480000000013,1
54640,74,SMARCA4,2.0400000000000014,1.6229656000000001,1
54641,74,ERC1,-0.02,-0.0159506,1
54642,74,DCTN1,0.009999999999999995,0.04666900000000001,1
54643,74,PIK3R1,1.1200000000000006,0.9470554999999999,1
54644,74,EED,0.18,0.12487380000000002,1
54645,74,CNBP,0.02,0.0129444,1
54646,74,SGK1,0.45999999999999996,0.31927459999999996,1
54647,74,MLLT10,-0.22999999999999998,-0.1328045,1
54648,74,BRD4,1.0200000000000002,0.9047174,1
54649,74,RANBP2,0.30999999999999994,0.294869,1
54650,74,FBXO11,0.06,0.050608799999999995,1
54651,74,PML,0.42000000000000004,0.27868099999999996,1
54652,74,AKT2,1.2000000000000006,0.8683418999999999,1
54653,74,CEP89,0.05,0.032550300000000004,1
54654,74,LZTR1,0.1,0.11966589999999999,1
54655,74,YWHAE,0.24,0.14735569999999998,1
54656,74,DNAJB1,-0.12000000000000001,-0.033999100000000004,1
54657,74,PRDM2,0.06,0.050097199999999995,1
54658,74,TPM4,0.4700000000000001,0.3370968999999999,1
54659,74,CREBBP,1.8800000000000012,1.5722703999999994,1
54660,74,PMS2,0.8200000000000003,0.7121522999999998,1
54661,74,DDR2,0.03,0.022294700000000004,1
54662,74,FANCA,0.43000000000000005,0.361169,1
54663,74,PDE4DIP,0.09,0.070854,1
54664,74,USP8,-0.039999999999999994,-0.014730800000000002,1
54665,74,MYH9,-0.38000000000000006,-0.10032150000000002,1
54666,74,MYC,-1.4000000000000004,-0.3095375,1
54667,74,NBN,0.6000000000000001,0.49617259999999996,1
54668,74,CCND3,0.020000000000000004,0.05604529999999999,1
54669,74,TRIP11,-0.07,-0.0547261,1
54670,74,CNTRL,-0.060000000000000005,-0.0497547,1
54671,74,PIK3CA,1.110000000000001,1.0297056999999996,1
54672,74,DDX5,0.2700000000000001,0.2924807,1
54673,74,PICALM,3.469446951953614e-18,0.004703100000000002,1
54674,74,RARA,0.07999999999999999,0.1348221,1
54675,74,DDX6,2.0816681711721685e-17,0.1089523,1
54676,74,COL1A1,0.23,0.20769840000000003,1
54677,74,VHL,0.28,0.20616550000000003,1
54678,74,MAPK1,1.670000000000001,1.2118423,1
54679,74,SRC,-0.019999999999999976,0.262952,1
54680,74,NFE2L2,0.27,0.22845150000000003,1
54681,74,MITF,-0.29000000000000004,-0.09901660000000001,1
54682,74,SMAD3,1.2400000000000009,1.1376792000000002,1
54683,74,RBM15,0.12000000000000001,0.1020415,1
54684,74,ATR,0.76,0.6298831,1
54685,74,EPAS1,0.33,0.3417423,1
54686,74,TPM3,0.13000000000000003,0.1295655,1
54687,74,RPL10,0.11,0.11945070000000002,1
54688,74,STAG1,0.12000000000000001,0.15249849999999998,1
54689,74,SBDS,-0.02,-0.0076617000000000005,1
54690,74,KMT2D,1.0800000000000005,0.8779972,1
54691,74,MED12,0.38000000000000006,0.3258487,1
54692,74,BCLAF1,-0.07,0.0115542,1
54693,74,ASPSCR1,0.009999999999999988,0.0185568,1
54694,74,CDK12,0.54,0.44283490000000003,1
54695,74,EWSR1,0.32999999999999996,0.3402757999999999,1
54696,74,NDRG1,-0.09000000000000001,-0.0344908,1
54697,74,PSIP1,0.11,0.0978227,1
54698,74,TRIM33,0.13,0.1122217,1
54699,74,MTOR,1.0000000000000004,0.8390991999999999,1
54700,74,ARHGAP35,0.13,0.1331034,1
54701,74,POT1,0.02,0.021685799999999998,1
54702,74,EXT1,0.11,0.0852555,1
54703,74,IL6ST,0.34,0.2907038,1
54704,74,IDH2,-0.21999999999999997,-0.05348129999999997,1
54705,74,SMARCE1,0.42000000000000004,0.30420109999999995,1
54706,74,CRTC3,0.09999999999999999,0.0840686,1
54707,74,TSC1,0.35000000000000003,0.3402913,1
54708,74,BCOR,-0.09,0.0264419,1
54709,74,SDHA,0.26,0.20041789999999998,1
54710,74,EP300,2.190000000000001,1.8618497999999997,1
54711,74,HNRNPA2B1,0.56,0.39823489999999995,1
54712,74,CLIP1,-0.15,-0.0797446,1
54713,74,PATZ1,-0.56,-0.1444248,1
54714,74,FUBP1,-0.11000000000000001,-0.000144500000000004,1
54715,74,HLA-A,-0.10000000000000002,0.008594399999999995,1
54716,74,CCNC,-0.35000000000000003,-0.13690480000000002,1
54717,74,RPN1,-0.19,-0.07225070000000001,1
54718,74,TCF7L2,0.039999999999999994,0.1047277,1
54719,74,CANT1,0.04000000000000001,0.02861650000000001,1
54720,74,RPL5,-0.61,-0.18767910000000002,1
54721,74,CCDC6,0.08000000000000002,0.10489000000000001,1
54722,74,NCKIPSD,-0.009999999999999998,0.0012113999999999996,1
54723,74,SMARCD1,0.5,0.41044250000000004,1
54724,74,BCL10,-0.06,0.04545729999999999,1
54725,74,MAX,0.06,0.0907482,1
54726,74,HERPUD1,-0.01,-0.0029576999999999997,1
54727,74,RAC1,0.19000000000000003,0.20290819999999998,1
54728,74,FLNA,0.20999999999999996,0.1433515,1
54729,74,TFE3,-0.76,-0.2725836,1
54730,74,NCOR2,0.6300000000000001,0.5330349,1
54731,74,PRPF40B,0.049999999999999996,0.034917,1
54732,74,BCL3,-0.11,-0.026704199999999997,1
54733,74,TFPT,-0.39999999999999997,-0.1196752,1
54734,74,MLH1,0.8300000000000003,0.7484964000000001,1
54735,74,ARHGAP5,0.11,0.108352,1
54736,74,CIC,0.0,0.0,1
54737,74,LYN,0.7500000000000001,0.5837484999999999,1
54738,74,TCF12,0.34,0.2757488,1
54739,74,KLF6,0.060000000000000005,0.0411607,1
54740,74,KMT2C,0.9700000000000002,0.8262755000000002,1
54741,74,PIM1,-0.07999999999999997,-0.001589199999999999,1
54742,74,CCND1,1.3400000000000007,0.8712093999999999,1
54743,74,MLLT1,-1.4200000000000004,-0.36543699999999996,1
54744,74,MEN1,-0.08,-0.007564499999999981,1
54745,74,CUL3,0.09000000000000001,0.1423332,1
54746,74,RB1,0.6000000000000001,0.5331022000000001,1
54747,74,LPP,-0.21000000000000002,-0.0405436,1
54748,74,BUB1B,-0.32999999999999996,-0.12079180000000002,1
54749,74,SMAD4,1.620000000000001,1.3125817000000002,1
54750,74,FGFR1,0.26,0.2452025,1
54751,74,TMSB4X,0.03,0.021014699999999997,1
54752,74,CDK4,0.9800000000000004,0.6837781,1
54753,74,MSI2,0.01,0.007883,1
54754,74,MSH6,1.0400000000000005,0.8977251000000002,1
54755,74,BRAF,1.1900000000000006,1.0500576,1
54756,74,TCEA1,-0.07,0.0086513,1
54757,74,TNFAIP3,0.10999999999999999,0.107294,1
54758,74,RABEP1,0.0,0.0009500000000000029,1
54759,74,GMPS,-0.07000000000000002,-0.032914799999999994,1
54760,74,MDM2,1.1300000000000008,0.8948498000000003,1
54761,74,NSD2,0.27,0.21150139999999995,1
54762,74,CASP8,-0.04,0.16740960000000002,1
54763,74,PER1,-0.21000000000000002,-0.07212430000000002,1
54764,74,UBR5,0.060000000000000005,0.06442220000000001,1
54765,74,EIF3E,-0.02000000000000001,0.030848099999999993,1
54766,74,RFWD3,0.030000000000000002,0.032053000000000005,1
54767,74,BRD3,0.12000000000000002,0.09167979999999999,1
54768,74,PAFAH1B2,0.03,0.027852,1
54769,74,EXT2,0.020000000000000004,0.020587800000000003,1
54770,74,PLCG1,0.5199999999999999,0.44905190000000006,1
54771,74,SF3B1,-0.56,-0.24488720000000003,1
54772,74,ARHGEF10L,0.03,0.0149556,1
54773,74,NFATC2,0.23,0.1727377,1
54774,74,SDHD,0.25000000000000006,0.17705579999999999,1
54775,74,PABPC1,-0.9000000000000001,-0.24392860000000008,1
54776,74,POLD1,-0.2,-0.039923799999999995,1
54777,74,CALR,0.020000000000000004,0.055473400000000006,1
54778,74,PIK3CB,0.6300000000000001,0.5510729000000001,1
54779,74,PPM1D,0.27,0.21534130000000004,1
54780,74,ATRX,0.8900000000000005,0.8041098999999999,1
54781,74,DGCR8,0.2,0.1554795,1
54782,74,DDX10,0.19,0.15207530000000002,1
54783,74,DROSHA,0.5500000000000002,0.44397129999999996,1
54784,74,TNFRSF14,-0.13999999999999999,-0.0472455,1
54785,74,BCL9L,0.14,0.1057022,1
54786,74,QKI,0.05,0.039234099999999994,1
54787,74,BAZ1A,0.01,0.0079105,1
54788,74,CHD4,0.36,0.31207109999999993,1
54789,74,NSD3,0.11,0.1212295,1
54790,74,NT5C2,0.16000000000000003,0.09510660000000001,1
54791,74,CCNB1IP1,0.12000000000000001,0.05383940000000001,1
54792,74,PCBP1,-0.99,-0.2712633000000001,1
54793,74,RALGDS,-0.05,0.05218120000000001,1
54794,74,ARHGEF12,-0.03,0.027959699999999997,1
54795,74,HSP90AB1,1.0900000000000005,0.7665598,1
54796,74,FOXO3,1.4700000000000009,1.1215923,1
54797,74,HIP1,-0.01,-0.0067428,1
54798,74,CDC73,-0.010000000000000012,0.052922000000000004,1
54799,74,NIN,0.0,0.001167399999999999,1
54800,74,MDM4,0.15000000000000002,0.2049672,1
54801,74,COL3A1,0.24000000000000002,0.19839790000000002,1
54802,74,CTNND1,0.07000000000000002,0.1253493,1
54803,74,SPOP,0.12000000000000001,0.12160729999999999,1
54804,74,TMEM127,0.13,0.07197970000000001,1
54805,74,CREB3L2,0.09999999999999999,0.063539,1
54806,74,MSH2,1.0100000000000005,0.8809909999999999,1
54807,74,FNBP1,0.04000000000000001,0.0414698,1
54808,74,ATF1,0.16,0.1116708,1
54809,74,EIF1AX,-0.53,-0.20683849999999998,1
54810,74,PMS1,0.58,0.4619881,1
54811,74,DEK,0.22999999999999998,0.1861285,1
54812,74,ERBB2,0.8900000000000003,0.5994978999999999,1
54813,74,AKT1,0.5600000000000002,0.44891539999999996,1
54814,74,CHEK2,0.7000000000000002,0.6960457000000001,1
54815,74,SDHB,0.42000000000000004,0.2981092,1
54816,74,NCOA1,0.46,0.36867130000000004,1
54817,74,CHIC2,0.08,0.0540208,1
54818,74,RUNX1,0.0999999999999999,0.5647125,1
54819,74,STAT6,0.39,0.34990720000000003,1
54820,74,FH,-0.10000000000000002,-0.031436500000000006,1
54821,74,AKT3,1.0900000000000005,0.8314881000000001,1
54822,74,GNAS,0.29999999999999993,0.2231577,1
54823,74,CTNNB1,1.530000000000001,1.0748263,1
54824,74,NONO,0.32000000000000006,0.2838904,1
54825,74,SMARCB1,1.0500000000000005,0.8269362999999998,1
54826,74,PRKAR1A,0.22,0.2029682,1
54827,74,ITGAV,-0.01,0.0476982,1
54828,74,SS18,0.41000000000000003,0.300668,1
54829,74,MAP2K1,0.9400000000000002,0.5726965999999999,1
54830,74,SIRPA,-0.11,-0.028071400000000003,1
54831,74,PPFIBP1,0.43,0.32740420000000003,1
54832,74,RPL22,-0.13999999999999999,0.089783,1
54833,74,CYLD,0.33,0.2598227,1
54834,74,ARID1B,0.8399999999999999,0.6646846,1
54835,74,SETDB1,0.35000000000000003,0.2608164,1
54836,74,AFDN,-0.37,-0.0881907,1
54837,74,ZRSR2,-0.039999999999999994,-0.029571799999999995,1
54838,74,PBRM1,1.0600000000000005,0.8371103000000004,1
54839,74,XPC,0.51,0.3285217,1
54840,74,ASXL2,0.29000000000000004,0.21421540000000003,1
54841,74,TRIM24,-0.17,-0.018597399999999997,1
54842,74,SFPQ,-0.4800000000000001,-0.1439816,1
54843,74,NCOA2,0.6400000000000001,0.5147071000000001,1
54844,74,FOXO4,0.44,0.2936879,1
54845,74,LEF1,-0.030000000000000006,0.07497040000000002,1
54846,74,B2M,-0.33,-0.13938840000000005,1
54847,74,DDIT3,-0.30000000000000004,-0.1027708,1
54848,74,BCL6,0.3800000000000001,0.3223326,1
54849,74,KRAS,-0.3599999999999999,0.014032299999999982,1
54850,74,FAT1,0.12000000000000001,0.09188579999999999,1
54851,74,ABL2,0.1,0.0798161,1
54852,74,NF1,1.3400000000000005,1.0967910000000003,1
54853,74,BTG1,-0.05,-0.022269,1
54854,74,EIF4A2,0.04,0.021755099999999992,1
54855,74,SET,0.18,0.1482183,1
54856,74,EPS15,0.09,0.0794529,1
54857,74,RNF213,0.05,0.0437146,1
54858,74,CTCF,1.0900000000000003,0.7875414000000001,1
54859,74,WDCP,0.29000000000000004,0.1976213,1
54860,74,KAT7,0.15999999999999998,0.1392311,1
54861,74,KDM5C,0.19000000000000003,0.1762027,1
54862,74,TGFBR2,0.13,0.1776345,1
54863,74,ATM,1.1600000000000008,1.1093079,1
54864,74,NUMA1,0.030000000000000002,0.0319509,1
54865,74,STAT3,0.7600000000000003,0.8026994999999999,1
54866,74,SUB1,-0.12,-0.0498846,1
54867,74,NUP98,0.2299999999999999,0.2193459,1
54868,74,ELL,0.09000000000000002,0.048279800000000005,1
54869,74,MAP3K1,0.32999999999999996,0.2901556,1
54870,74,MALT1,0.010000000000000016,0.1022994,1
54871,74,XPO1,0.5700000000000002,0.4767184,1
54872,74,SETD1B,0.28,0.2211846,1
54873,74,ETV6,-0.12000000000000004,-0.019689800000000007,1
54874,74,TBL1XR1,0.24,0.1743102,1
54875,74,NUP214,-0.09000000000000001,0.1531014,1
54876,74,TPR,0.11000000000000001,0.10369640000000002,1
54877,74,ATIC,0.18999999999999997,0.18746880000000005,1
54878,74,NACA,0.2,0.111939,1
54879,74,MYO5A,0.01,0.0080035,1
54880,74,SMC1A,0.32000000000000006,0.4067325,1
54881,74,LASP1,-0.22,-0.114756,1
54882,74,ERCC5,0.39000000000000007,0.24512050000000005,1
54883,74,JUN,-1.6400000000000001,-0.3556252000000001,1
54884,74,THRAP3,0.09000000000000001,0.0719569,1
54885,74,STAG2,0.21000000000000002,0.2691202,1
54886,74,RAF1,0.8200000000000004,0.645068,1
54887,74,ERCC3,0.65,0.5585815,1
54888,74,SMAD2,0.3600000000000002,0.4705140999999998,1
54889,74,TAF15,0.20000000000000004,0.17432250000000002,1
54890,74,ARNT,0.25,0.2344929,1
54891,74,CLTC,-0.71,-0.3009654000000001,1
54892,74,IKBKB,0.42000000000000004,0.44562910000000006,1
54893,74,IDH1,-0.8500000000000003,-0.2739186,1
54894,74,SND1,0.01,0.028635899999999995,1
54895,74,KNSTRN,0.03,0.023742,1
54896,74,RHOA,-2.9300000000000006,-0.6847763,1
54897,74,PALB2,0.6800000000000002,0.6029098,1
54898,74,ARID2,0.8600000000000001,0.6890912000000001,1
54899,74,EZR,-0.14,-0.0359036,1
54900,74,TP53,-0.3699999999999999,0.22440820000000014,1
54901,74,ARAF,0.43,0.250204,1
54902,74,KIF5B,0.5500000000000002,0.4227135,1
54903,74,KAT6A,0.2,0.2255924,1
54904,74,KTN1,-0.1,-0.012622200000000007,1
54905,74,GOLGA5,-0.07,-0.0514327,1
54906,74,KDM5A,0.27,0.2573665,1
54907,74,RAD21,0.6000000000000001,0.503379,1
54908,74,GNAQ,0.32,0.2460363,1
54909,74,CAMTA1,0.06,0.043591200000000004,1
54910,74,ERCC2,0.7300000000000001,0.5776562000000001,1
54911,74,EZH2,1.5700000000000012,1.2323910000000002,1
54912,74,TOP1,0.23000000000000004,0.2154184,1
54913,74,SRSF3,-0.35999999999999993,-0.08810109999999996,1
54914,74,NPM1,0.33000000000000007,0.2847373,1
54915,74,BAX,-0.7,-0.1648141,1
54916,74,NOTCH2,0.29000000000000004,0.24791620000000003,1
54917,74,TRAF7,0.02,0.015020400000000001,1
54918,74,KDM6A,0.8300000000000003,0.8645689000000003,1
54919,74,SPEN,0.13,0.1045298,1
54920,74,TRIM27,-0.46,-0.1510583,1
54921,74,CRTC1,0.15999999999999998,0.12613619999999998,1
54922,74,EML4,0.32000000000000006,0.31411439999999996,1
54923,74,USP9X,0.01,0.006007700000000003,1
54924,74,PTPRK,0.0,0.0,1
54925,74,CD74,-0.17,0.0066910000000000025,1
54926,74,CBL,0.5300000000000001,0.49773949999999995,1
54927,74,ZNF384,0.05,0.040553200000000005,1
54928,74,NOTCH1,1.0300000000000002,0.8126812000000001,1
54929,74,COX6C,-0.23,-0.0516189,1
54930,74,CHCHD7,0.03,0.0207612,1
54931,74,HMGA1,-0.06,-0.025826699999999994,1
54932,74,PTEN,1.2200000000000006,1.1874333000000004,1
54933,74,FIP1L1,-0.03,-0.009519199999999992,1
54934,74,JAK1,0.8400000000000003,0.7085186999999998,1
54935,74,ZMYM2,0.03,0.0255496,1
54936,74,SUZ12,0.8100000000000003,0.6575628,1
54937,74,FUS,-0.5,0.0030588999999999963,1
54938,74,BAP1,-0.30000000000000004,-0.1288747,1
54939,74,ZCCHC8,-0.08,-0.0235488,1
54940,74,CRNKL1,0.03,0.0235455,1
54941,74,RAD17,0.21,0.1567004,1
54942,74,ATP1A1,0.02,0.0117407,1
54943,74,DNMT3A,1.0500000000000003,0.8699651,1
54944,74,FBXW7,0.9800000000000002,0.8473357000000001,1
54945,74,WWTR1,-0.08,-0.024030900000000008,1
54946,74,CDKN1B,0.42000000000000004,0.3367613,1
54947,74,KMT2A,0.37999999999999995,0.3879603,1
54948,74,PTPN11,1.1000000000000005,0.9440072,1
54949,74,STAT5B,0.7300000000000003,0.6026469999999999,1
54950,74,CUX1,-0.08,-0.055615399999999995,1
54951,74,ABI1,-0.28,-0.0729163,1
54952,74,BRCA1,1.6200000000000012,1.3952805000000001,1
54953,74,SH2B3,0.08,0.0464785,1
54954,74,AFF4,-0.08999999999999997,-0.04639339999999999,1
54955,74,NF2,0.08999999999999997,0.12796970000000002,1
54956,74,LMNA,0.13,0.08857799999999999,1
54957,74,TSC2,0.8400000000000003,0.6792610000000001,1
54958,74,GOLPH3,-0.08,-0.054923200000000005,1
54959,74,PCM1,-0.03,-0.023427300000000005,1
54960,74,PPP2R1A,-0.3,-0.0704401,1
54961,74,ARID1A,1.8600000000000012,1.5112898999999997,1
54962,74,ABL1,-0.10999999999999996,0.10974910000000006,1
54963,74,AFF1,-0.019999999999999997,0.04134940000000001,1
54964,74,DAXX,-0.3500000000000001,-0.07749319999999998,1
54965,74,CBFB,0.10000000000000002,0.12295740000000001,1
54966,74,CBLB,0.18,0.1610107,1
54967,74,POLR2A,-0.37,0.0677616,1
54968,74,PRKACA,0.20000000000000012,0.2644234,1
54969,74,DNM2,-0.14,-0.0642307,1
54970,74,RAP1GDS1,0.030000000000000027,0.056251000000000016,1
54971,74,NCOR1,0.8700000000000002,0.8752061999999997,1
54972,74,NFKBIE,-0.6100000000000001,-0.1595223,1
54973,74,DDX3X,0.30000000000000004,0.2594929,1
54974,74,ELK4,0.03,0.0266172,1
54975,74,MLLT6,0.06,0.0506279,1
54976,74,SRSF2,-2.86,-0.6691929000000001,1
54977,74,CTNNA1,0.17,0.1309128,1
54978,74,RBM10,0.19000000000000003,0.1406336,1
54979,74,PTPRC,0.019999999999999983,0.10750109999999999,1
54980,74,HSP90AA1,0.9300000000000004,0.6692217,1
54981,74,NSD1,0.25,0.204856,0
54982,74,DICER1,0.24999999999999997,0.24722130000000003,0
54983,74,BIRC6,0.09000000000000001,0.0763622,0
54984,74,SDHC,0.29000000000000004,0.1970542,0
54985,74,TFG,0.35000000000000003,0.1986075,0
54986,74,MAP2K2,0.26999999999999996,0.20954520000000004,0
54987,74,TFRC,-0.31,-0.1459317,0
54988,74,CREB1,0.9300000000000004,0.6882541999999999,0
54989,74,POLG,0.01,0.0035503,0
54990,74,SETD2,0.6600000000000001,0.5590440999999999,0
54991,74,NAB2,-0.30000000000000004,-0.1064044,0
54992,74,HIF1A,1.5500000000000007,1.1051483,0
54993,74,FLCN,0.02,0.0233503,0
54994,74,MAP2K4,-0.010000000000000002,0.0740489,0
54995,74,CNOT3,-3.469446951953614e-18,0.0102916,0
54996,74,CIITA,0.1,0.06563669999999999,0
54997,74,LSM14A,0.1,0.084062,0
54998,74,AKAP9,-0.060000000000000005,-0.012170700000000003,0
54999,74,MSN,-0.31999999999999995,-0.06254779999999996,0
55000,74,BCR,0.03,0.0389683,0
55001,74,TRRAP,0.010000000000000002,0.12459049999999999,0
55002,74,PPP6C,-0.16,-0.0822507,0
55003,74,NCOA4,-0.14,-0.0717849,0
55004,74,BCL9,0.13999999999999999,0.1097073,0
55005,74,PRCC,0.030000000000000002,0.02472439999999999,0
55006,74,LARP4B,0.0,0.0,0
55007,74,CHD2,0.02,0.016371800000000002,0
55008,74,ASXL1,0.52,0.4667719,0
55009,74,SMARCA4,1.4300000000000008,1.0169285000000001,0
55010,74,ERC1,-0.02,-0.0150006,0
55011,74,DCTN1,-0.27,-0.120957,0
55012,74,PIK3R1,1.3400000000000007,0.9650031,0
55013,74,EED,-0.08000000000000002,0.007707999999999996,0
55014,74,CNBP,0.01,0.005245800000000001,0
55015,74,SGK1,0.31,0.1802445,0
55016,74,MLLT10,-0.12999999999999998,-0.0538843,0
55017,74,BRD4,0.9500000000000005,0.7357015999999998,0
55018,74,RANBP2,0.18000000000000005,0.20109040000000003,0
55019,74,FBXO11,0.05,0.0398156,0
55020,74,PML,0.38,0.2633435,0
55021,74,AKT2,0.8900000000000001,0.6076823,0
55022,74,CEP89,0.07,0.0418325,0
55023,74,LZTR1,0.04000000000000001,0.060683799999999996,0
55024,74,YWHAE,0.24,0.15031440000000001,0
55025,74,DNAJB1,-0.06999999999999999,-0.011603000000000002,0
55026,74,PRDM2,0.02,0.014462699999999998,0
55027,74,TPM4,0.48000000000000004,0.30892729999999996,0
55028,74,CREBBP,1.8200000000000012,1.4611685999999997,0
55029,74,PMS2,0.6200000000000001,0.5587128,0
55030,74,DDR2,0.04,0.025533900000000005,0
55031,74,FANCA,0.34,0.27670330000000004,0
55032,74,PDE4DIP,0.05,0.03329,0
55033,74,USP8,-0.08,-0.037725800000000004,0
55034,74,MYH9,-0.23,-0.0419007,0
55035,74,MYC,-0.9900000000000002,-0.34006069999999994,0
55036,74,NBN,0.54,0.40802440000000006,0
55037,74,CCND3,-0.05000000000000002,0.021689800000000002,0
55038,74,TRIP11,-0.14,-0.0902749,0
55039,74,CNTRL,-0.06999999999999999,-0.0452139,0
55040,74,PIK3CA,1.4600000000000009,1.0513289,0
55041,74,DDX5,0.26000000000000006,0.225389,0
55042,74,PICALM,0.010000000000000002,0.012131800000000005,0
55043,74,RARA,0.45000000000000007,0.3184075,0
55044,74,DDX6,-0.08,0.0528654,0
55045,74,COL1A1,0.049999999999999996,0.09285810000000001,0
55046,74,VHL,0.19000000000000003,0.13146440000000004,0
55047,74,MAPK1,1.570000000000001,1.0023938000000003,0
55048,74,SRC,-0.23000000000000004,0.1652076000000001,0
55049,74,NFE2L2,0.26,0.1663242,0
55050,74,MITF,-0.21000000000000002,-0.031629500000000005,0
55051,74,SMAD3,1.1700000000000008,0.8895347000000001,0
55052,74,RBM15,0.05,0.049555199999999994,0
55053,74,ATR,0.7400000000000003,0.6071764000000001,0
55054,74,EPAS1,0.36999999999999994,0.32566520000000004,0
55055,74,TPM3,0.16,0.12020360000000001,0
55056,74,RPL10,0.09000000000000001,0.09466370000000002,0
55057,74,STAG1,0.15,0.14854460000000003,0
55058,74,SBDS,-0.06,-0.0219906,0
55059,74,KMT2D,0.9100000000000004,0.6573871000000001,0
55060,74,MED12,0.29000000000000004,0.2255991,0
55061,74,BCLAF1,-0.02000000000000001,0.0337145,0
55062,74,ASPSCR1,-0.02000000000000001,-0.00541790000000001,0
55063,74,CDK12,0.35,0.2534891,0
55064,74,EWSR1,0.41000000000000003,0.3331407,0
55065,74,NDRG1,-0.05,-0.0176768,0
55066,74,PSIP1,-0.16000000000000003,-0.07558100000000001,0
55067,74,TRIM33,0.030000000000000006,0.0409565,0
55068,74,MTOR,1.1300000000000003,0.8133759000000002,0
55069,74,ARHGAP35,0.15000000000000002,0.1511425,0
55070,74,POT1,-0.030000000000000002,0.006142200000000002,0
55071,74,EXT1,0.1,0.065319,0
55072,74,IL6ST,0.3,0.2336433,0
55073,74,IDH2,0.17,0.12388010000000005,0
55074,74,SMARCE1,0.41,0.2504541,0
55075,74,CRTC3,0.09,0.0669362,0
55076,74,TSC1,0.27,0.2564245,0
55077,74,BCOR,-0.18999999999999997,-0.016635999999999998,0
55078,74,SDHA,0.24,0.1415015,0
55079,74,EP300,1.7100000000000013,1.3424744000000004,0
55080,74,HNRNPA2B1,0.2,0.164586,0
55081,74,CLIP1,-0.13,-0.0688238,0
55082,74,PATZ1,-0.4,-0.11371,0
55083,74,FUBP1,-0.14,-0.014156599999999991,0
55084,74,HLA-A,-0.13,0.0017729000000000009,0
55085,74,CCNC,-0.03999999999999999,-0.012917599999999998,0
55086,74,RPN1,-0.32000000000000006,-0.0630192,0
55087,74,TCF7L2,0.10000000000000002,0.10720999999999999,0
55088,74,CANT1,0.08000000000000002,0.049320199999999995,0
55089,74,RPL5,-0.71,-0.1968682,0
55090,74,CCDC6,-0.009999999999999981,0.0459955,0
55091,74,NCKIPSD,0.019999999999999997,0.012056399999999998,0
55092,74,SMARCD1,0.41,0.28294690000000006,0
55093,74,BCL10,0.010000000000000016,0.03729710000000001,0
55094,74,MAX,3.469446951953614e-18,0.01792289999999999,0
55095,74,HERPUD1,0.02,0.0083414,0
55096,74,RAC1,-0.04000000000000001,0.07402199999999998,0
55097,74,FLNA,-0.029999999999999995,0.03230459999999999,0
55098,74,TFE3,-0.4,-0.17619039999999997,0
55099,74,NCOR2,0.7300000000000002,0.5259889,0
55100,74,PRPF40B,-0.010000000000000002,-0.0047364,0
55101,74,BCL3,0.009999999999999992,0.020116100000000005,0
55102,74,TFPT,-0.25,-0.0815209,0
55103,74,MLH1,0.8700000000000001,0.7226705,0
55104,74,ARHGAP5,0.14,0.12072809999999999,0
55105,74,CIC,0.0,0.0,0
55106,74,LYN,0.8900000000000001,0.6225428,0
55107,74,TCF12,0.29,0.2166045,0
55108,74,KLF6,0.03,0.0162453,0
55109,74,KMT2C,1.0500000000000005,0.8179026,0
55110,74,PIM1,-0.15000000000000002,-0.047707899999999984,0
55111,74,CCND1,1.2800000000000007,0.7878568999999999,0
55112,74,MLLT1,-1.0700000000000003,-0.31541800000000003,0
55113,74,MEN1,-0.06,-0.010677699999999998,0
55114,74,CUL3,0.12000000000000002,0.11458570000000001,0
55115,74,RB1,0.55,0.43642439999999993,0
55116,74,LPP,-0.06,-0.0192498,0
55117,74,BUB1B,-0.16999999999999998,-0.0838029,0
55118,74,SMAD4,1.4900000000000009,1.1143733000000002,0
55119,74,FGFR1,0.18,0.11710770000000001,0
55120,74,TMSB4X,0.04,0.0309712,0
55121,74,CDK4,0.47,0.3027128,0
55122,74,MSI2,0.01,0.0073466,0
55123,74,MSH6,0.9700000000000005,0.7323353,0
55124,74,BRAF,1.0300000000000005,0.8802660999999999,0
55125,74,TCEA1,-0.05,0.0021563,0
55126,74,TNFAIP3,0.13000000000000003,0.11769100000000002,0
55127,74,RABEP1,0.0,-0.0014568000000000011,0
55128,74,GMPS,-0.06,-0.03578329999999999,0
55129,74,MDM2,1.1900000000000006,0.8243861,0
55130,74,NSD2,0.17,0.1159816,0
55131,74,CASP8,-0.13,0.1313889,0
55132,74,PER1,-0.26999999999999996,-0.04917490000000001,0
55133,74,UBR5,-0.06999999999999999,-0.0274108,0
55134,74,EIF3E,-0.05000000000000002,0.0464019,0
55135,74,RFWD3,0.030000000000000002,0.0307202,0
55136,74,BRD3,0.14,0.10772810000000002,0
55137,74,PAFAH1B2,0.03,0.024521699999999997,0
55138,74,EXT2,0.0,0.0020459999999999923,0
55139,74,PLCG1,0.6,0.41577939999999997,0
55140,74,SF3B1,-0.29000000000000004,-0.12761070000000002,0
55141,74,ARHGEF10L,0.01,0.0048288,0
55142,74,NFATC2,0.18000000000000002,0.12087679999999999,0
55143,74,SDHD,0.29000000000000004,0.16766849999999997,0
55144,74,PABPC1,-0.7200000000000001,-0.18339080000000002,0
55145,74,POLD1,-0.31,-0.06525550000000001,0
55146,74,CALR,3.469446951953614e-18,0.01406659999999999,0
55147,74,PIK3CB,0.6100000000000001,0.4890501,0
55148,74,PPM1D,0.17,0.1267686,0
55149,74,ATRX,0.9600000000000004,0.7710888999999999,0
55150,74,DGCR8,0.15,0.09490390000000001,0
55151,74,DDX10,0.08,0.0561154,0
55152,74,DROSHA,0.41000000000000003,0.300648,0
55153,74,TNFRSF14,-0.1,-0.037616500000000004,0
55154,74,BCL9L,0.13,0.0877984,0
55155,74,QKI,-0.06,-0.0371788,0
55156,74,BAZ1A,0.01,0.0068355,0
55157,74,CHD4,0.06,0.09861890000000001,0
55158,74,NSD3,0.049999999999999996,0.06536729999999999,0
55159,74,NT5C2,0.16,0.0925284,0
55160,74,CCNB1IP1,0.09,0.0392043,0
55161,74,PCBP1,-0.76,-0.2174603,0
55162,74,RALGDS,0.15,0.10776179999999999,0
55163,74,ARHGEF12,-0.020000000000000004,0.0050176000000000005,0
55164,74,HSP90AB1,1.0500000000000003,0.6848949,0
55165,74,FOXO3,1.3400000000000005,0.9386611999999999,0
55166,74,HIP1,-0.02,-0.012524200000000001,0
55167,74,CDC73,-0.09,0.002296699999999997,0
55168,74,NIN,0.03,0.021973799999999998,0
55169,74,MDM4,0.19,0.18511460000000002,0
55170,74,COL3A1,0.13999999999999999,0.13108549999999997,0
55171,74,CTNND1,0.07999999999999999,0.11694280000000001,0
55172,74,SPOP,-0.04000000000000001,-0.0025576000000000062,0
55173,74,TMEM127,0.03,0.03886229999999999,0
55174,74,CREB3L2,0.059999999999999984,0.04104000000000001,0
55175,74,MSH2,0.9700000000000004,0.7342027000000001,0
55176,74,FNBP1,-0.02,-0.0038969999999999977,0
55177,74,ATF1,0.04000000000000001,0.0289221,0
55178,74,EIF1AX,-0.49000000000000005,-0.2348,0
55179,74,PMS1,0.47000000000000003,0.3582987000000001,0
55180,74,DEK,0.13,0.1192061,0
55181,74,ERBB2,1.0400000000000005,0.6981809999999998,0
55182,74,AKT1,0.8000000000000003,0.5306185999999999,0
55183,74,CHEK2,0.19000000000000003,0.3175391,0
55184,74,SDHB,0.38999999999999996,0.24985329999999997,0
55185,74,NCOA1,0.46,0.3222622,0
55186,74,CHIC2,0.05,0.027962900000000002,0
55187,74,RUNX1,0.4600000000000004,0.6156908,0
55188,74,STAT6,0.23,0.1665431,0
55189,74,FH,-0.26,-0.08598570000000003,0
55190,74,AKT3,1.0200000000000005,0.6893929999999998,0
55191,74,GNAS,0.25999999999999995,0.16577830000000002,0
55192,74,CTNNB1,1.4100000000000008,0.9684931999999999,0
55193,74,NONO,0.11,0.0764813,0
55194,74,SMARCB1,0.8900000000000003,0.6559715,0
55195,74,PRKAR1A,0.11,0.09983310000000001,0
55196,74,ITGAV,0.029999999999999995,0.032392699999999996,0
55197,74,SS18,0.39,0.25174169999999996,0
55198,74,MAP2K1,1.1000000000000005,0.6692682000000001,0
55199,74,SIRPA,-0.01,-0.0047615999999999995,0
55200,74,PPFIBP1,0.37,0.2368412,0
55201,74,RPL22,-0.23999999999999996,0.06165300000000001,0
55202,74,CYLD,0.29000000000000004,0.22312279999999998,0
55203,74,ARID1B,0.71,0.5251456000000001,0
55204,74,SETDB1,0.35000000000000003,0.2501928,0
55205,74,AFDN,-0.37,-0.1350066,0
55206,74,ZRSR2,0.28,0.1982082,0
55207,74,PBRM1,0.9500000000000004,0.6940329,0
55208,74,XPC,0.5900000000000001,0.3912036,0
55209,74,ASXL2,0.21000000000000002,0.1435363,0
55210,74,TRIM24,-0.21,-0.0760558,0
55211,74,SFPQ,-0.15000000000000002,-0.02438499999999999,0
55212,74,NCOA2,0.52,0.3638427000000001,0
55213,74,FOXO4,0.44999999999999996,0.29231110000000005,0
55214,74,LEF1,0.019999999999999993,0.04851939999999999,0
55215,74,B2M,-0.4700000000000001,-0.18889240000000002,0
55216,74,DDIT3,-0.41000000000000003,-0.09790650000000001,0
55217,74,BCL6,0.56,0.38765900000000003,0
55218,74,KRAS,-1.1500000000000001,-0.3150463000000001,0
55219,74,FAT1,0.05,0.043779399999999996,0
55220,74,ABL2,0.1,0.0696914,0
55221,74,NF1,0.9000000000000004,0.7341216000000002,0
55222,74,BTG1,-0.03,-0.0152385,0
55223,74,EIF4A2,0.14,0.10078079999999999,0
55224,74,SET,0.17,0.1464443,0
55225,74,EPS15,0.020000000000000004,0.028632500000000005,0
55226,74,RNF213,0.03,0.0240894,0
55227,74,CTCF,0.9000000000000004,0.6575223999999998,0
55228,74,WDCP,0.1,0.0723008,0
55229,74,KAT7,0.11,0.0844983,0
55230,74,KDM5C,0.15999999999999998,0.14125859999999998,0
55231,74,TGFBR2,0.24999999999999997,0.17944490000000002,0
55232,74,ATM,1.3100000000000007,1.0316035000000003,0
55233,74,NUMA1,-0.020000000000000004,-0.0030500999999999957,0
55234,74,STAT3,1.520000000000001,1.1626873000000004,0
55235,74,SUB1,-0.16999999999999998,-0.059676299999999995,0
55236,74,NUP98,0.05,0.09180800000000004,0
55237,74,ELL,-0.009999999999999995,0.007036200000000003,0
55238,74,MAP3K1,0.35,0.28671280000000005,0
55239,74,MALT1,0.14,0.1397981,0
55240,74,XPO1,0.31000000000000005,0.258894,0
55241,74,SETD1B,0.17,0.12190619999999999,0
55242,74,ETV6,-0.18,-0.0600042,0
55243,74,TBL1XR1,0.21000000000000002,0.1402987,0
55244,74,NUP214,-0.020000000000000025,0.1123779,0
55245,74,TPR,0.09000000000000001,0.0920591,0
55246,74,ATIC,-0.060000000000000005,0.004765000000000011,0
55247,74,NACA,0.23,0.1465742,0
55248,74,MYO5A,0.009999999999999998,0.009319500000000001,0
55249,74,SMC1A,0.5200000000000001,0.4413903,0
55250,74,LASP1,-0.22,-0.12453070000000001,0
55251,74,ERCC5,0.47000000000000003,0.3011913,0
55252,74,JUN,-0.15000000000000005,0.10697080000000006,0
55253,74,THRAP3,0.1,0.08038989999999999,0
55254,74,STAG2,0.52,0.40362879999999995,0
55255,74,RAF1,1.0700000000000003,0.7486099,0
55256,74,ERCC3,0.51,0.4096868,0
55257,74,SMAD2,0.5000000000000001,0.4783638,0
55258,74,TAF15,0.17000000000000004,0.14298780000000003,0
55259,74,ARNT,0.29000000000000004,0.24274920000000003,0
55260,74,CLTC,-0.5900000000000001,-0.32753950000000004,0
55261,74,IKBKB,0.5300000000000002,0.4348624000000001,0
55262,74,IDH1,-0.5700000000000001,-0.16434890000000002,0
55263,74,SND1,-0.02,-0.0123016,0
55264,74,KNSTRN,0.03,0.0238335,0
55265,74,RHOA,-1.4200000000000002,-0.3938241999999999,0
55266,74,PALB2,0.58,0.4917666000000001,0
55267,74,ARID2,0.7400000000000002,0.5499959000000002,0
55268,74,EZR,-0.11,-0.0144526,0
55269,74,TP53,-0.9699999999999995,-0.126129,0
55270,74,ARAF,0.43000000000000005,0.24091760000000004,0
55271,74,KIF5B,0.39999999999999997,0.2786405999999999,0
55272,74,KAT6A,0.20999999999999996,0.192756,0
55273,74,KTN1,-0.1,-0.0315034,0
55274,74,GOLGA5,-0.13,-0.08190720000000001,0
55275,74,KDM5A,0.22999999999999998,0.2068107,0
55276,74,RAD21,0.42000000000000004,0.3255844,0
55277,74,GNAQ,0.13,0.095098,0
55278,74,CAMTA1,0.0,0.0,0
55279,74,ERCC2,0.62,0.44299639999999996,0
55280,74,EZH2,1.7700000000000011,1.1356214,0
55281,74,TOP1,0.16000000000000003,0.1271166,0
55282,74,SRSF3,-0.24000000000000007,-0.0670298,0
55283,74,NPM1,0.15999999999999998,0.22600680000000004,0
55284,74,BAX,-0.5299999999999999,-0.15400419999999998,0
55285,74,NOTCH2,0.26,0.19839179999999998,0
55286,74,TRAF7,0.03,0.0223923,0
55287,74,KDM6A,0.9200000000000003,0.7831975,0
55288,74,SPEN,0.06999999999999999,0.054838200000000004,0
55289,74,TRIM27,-0.51,-0.1678191,0
55290,74,CRTC1,0.16,0.1199739,0
55291,74,EML4,0.31000000000000005,0.24190440000000007,0
55292,74,USP9X,-0.039999999999999994,-0.026547299999999996,0
55293,74,PTPRK,0.01,0.007066900000000001,0
55294,74,CD74,-0.2,-0.044886800000000004,0
55295,74,CBL,0.5399999999999999,0.38795890000000005,0
55296,74,ZNF384,-0.1,-0.047808,0
55297,74,NOTCH1,1.0700000000000005,0.7558059,0
55298,74,COX6C,-0.13,-0.05880910000000001,0
55299,74,CHCHD7,0.03,0.0194562,0
55300,74,HMGA1,-0.12,-0.052627499999999994,0
55301,74,PTEN,1.480000000000001,1.2082221,0
55302,74,FIP1L1,-0.04,-0.021557600000000003,0
55303,74,JAK1,0.7700000000000002,0.6140967,0
55304,74,ZMYM2,-0.11,-0.0728814,0
55305,74,SUZ12,0.7500000000000002,0.5349588,0
55306,74,FUS,-0.09,0.15269259999999996,0
55307,74,BAP1,0.020000000000000007,0.0396604,0
55308,74,ZCCHC8,-0.06,-0.018580199999999998,0
55309,74,CRNKL1,-0.02,-0.010106400000000003,0
55310,74,RAD17,0.13,0.0993691,0
55311,74,ATP1A1,-0.009999999999999998,-0.0042752999999999975,0
55312,74,DNMT3A,0.9500000000000004,0.6855733000000002,0
55313,74,FBXW7,1.1000000000000005,0.8346450000000001,0
55314,74,WWTR1,-0.10999999999999999,-0.057099399999999995,0
55315,74,CDKN1B,0.6600000000000001,0.41251100000000007,0
55316,74,KMT2A,0.3900000000000001,0.33451660000000005,0
55317,74,PTPN11,0.8700000000000003,0.6435299,0
55318,74,STAT5B,0.6800000000000002,0.49854800000000005,0
55319,74,CUX1,-0.11,-0.0705567,0
55320,74,ABI1,-0.30000000000000004,-0.11205550000000002,0
55321,74,BRCA1,1.7100000000000013,1.3491657999999997,0
55322,74,SH2B3,0.020000000000000004,0.022168400000000005,0
55323,74,AFF4,0.020000000000000004,0.035274700000000006,0
55324,74,NF2,0.03999999999999999,0.08577939999999999,0
55325,74,LMNA,-0.06,0.0009168999999999913,0
55326,74,TSC2,0.6700000000000002,0.5130916000000001,0
55327,74,GOLPH3,-0.09,-0.0549962,0
55328,74,PCM1,-0.060000000000000005,-0.03898750000000001,0
55329,74,PPP2R1A,-0.43000000000000005,-0.14693350000000005,0
55330,74,ARID1A,1.830000000000001,1.3456508000000003,0
55331,74,ABL1,0.33000000000000007,0.2693158,0
55332,74,AFF1,0.16,0.13533080000000003,0
55333,74,DAXX,-0.27999999999999997,-0.06585850000000001,0
55334,74,CBFB,0.13999999999999999,0.1098815,0
55335,74,CBLB,0.14,0.10705319999999999,0
55336,74,POLR2A,0.15000000000000002,0.24236969999999997,0
55337,74,PRKACA,0.28,0.220632,0
55338,74,DNM2,-0.13,-0.053367,0
55339,74,RAP1GDS1,-0.060000000000000005,-0.029330100000000005,0
55340,74,NCOR1,0.8700000000000002,0.7440896,0
55341,74,NFKBIE,-0.26,-0.0937778,0
55342,74,DDX3X,0.11,0.1094658,0
55343,74,ELK4,0.02,0.014845200000000001,0
55344,74,MLLT6,0.10999999999999999,0.0895424,0
55345,74,SRSF2,-1.4000000000000001,-0.40053079999999996,0
55346,74,CTNNA1,0.11,0.0796141,0
55347,74,RBM10,0.18000000000000002,0.12282139999999998,0
55348,74,PTPRC,0.17,0.14144189999999998,0
55349,74,HSP90AA1,0.9400000000000005,0.6144751,0
55350,75,NSD1,0.32,0.2697793,1
55351,75,DICER1,0.22000000000000003,0.25630030000000004,1
55352,75,BIRC6,0.12,0.10724,1
55353,75,SDHC,0.37,0.28715169999999995,1
55354,75,TFG,0.27,0.1697806,1
55355,75,MAP2K2,0.24000000000000002,0.1599379,1
55356,75,TFRC,-0.24000000000000002,-0.1066883,1
55357,75,CREB1,0.9400000000000005,0.7673643,1
55358,75,POLG,-0.03,-0.0079665,1
55359,75,SETD2,0.6300000000000001,0.5889052,1
55360,75,NAB2,-0.59,-0.1546117,1
55361,75,HIF1A,1.680000000000001,1.2939427000000003,1
55362,75,FLCN,-0.09,-0.0038463999999999963,1
55363,75,MAP2K4,0.009999999999999995,0.09546770000000002,1
55364,75,CNOT3,0.060000000000000005,0.0528853,1
55365,75,CIITA,0.07,0.041072899999999996,1
55366,75,LSM14A,0.15,0.12723600000000002,1
55367,75,AKAP9,-0.07,0.0037902999999999964,1
55368,75,MSN,-0.32,-0.10708789999999999,1
55369,75,BCR,-0.1,0.016676299999999998,1
55370,75,TRRAP,-0.010000000000000002,0.20393520000000004,1
55371,75,PPP6C,-0.17,-0.0685399,1
55372,75,NCOA4,-0.09,-0.026001899999999994,1
55373,75,BCL9,0.17,0.1391581,1
55374,75,PRCC,0.11,0.082229,1
55375,75,LARP4B,0.02,0.0142464,1
55376,75,CHD2,0.02,0.0182678,1
55377,75,ASXL1,0.45000000000000007,0.42662200000000006,1
55378,75,SMARCA4,1.830000000000001,1.4085586999999995,1
55379,75,ERC1,-0.03,-0.0227244,1
55380,75,DCTN1,-0.07,-0.008235100000000002,1
55381,75,PIK3R1,1.2100000000000006,1.0004749999999998,1
55382,75,EED,0.13,0.1010101,1
55383,75,CNBP,0.01,0.0057694,1
55384,75,SGK1,0.48,0.32645660000000004,1
55385,75,MLLT10,-0.22999999999999995,-0.12720090000000003,1
55386,75,BRD4,0.9800000000000003,0.8555514000000001,1
55387,75,RANBP2,0.32,0.2846684,1
55388,75,FBXO11,0.05,0.03988220000000001,1
55389,75,PML,0.3400000000000001,0.25520689999999996,1
55390,75,AKT2,1.0900000000000003,0.7827725,1
55391,75,CEP89,0.04,0.0263576,1
55392,75,LZTR1,0.09999999999999999,0.10821510000000001,1
55393,75,YWHAE,0.21999999999999997,0.1423516,1
55394,75,DNAJB1,-0.08,-0.025568300000000002,1
55395,75,PRDM2,0.06,0.0504728,1
55396,75,TPM4,0.4900000000000001,0.3497448999999999,1
55397,75,CREBBP,2.080000000000001,1.6723377000000004,1
55398,75,PMS2,0.7700000000000002,0.6467613,1
55399,75,DDR2,0.009999999999999998,0.0018671999999999977,1
55400,75,FANCA,0.37000000000000005,0.3186271,1
55401,75,PDE4DIP,0.06999999999999999,0.052772099999999995,1
55402,75,USP8,-0.049999999999999996,-0.025840799999999997,1
55403,75,MYH9,-0.39000000000000007,-0.1204754,1
55404,75,MYC,-1.2800000000000002,-0.25804330000000003,1
55405,75,NBN,0.6000000000000001,0.48676519999999995,1
55406,75,CCND3,-0.12000000000000001,-0.0195629,1
55407,75,TRIP11,-0.1,-0.0765335,1
55408,75,CNTRL,-0.07,-0.057594300000000015,1
55409,75,PIK3CA,1.2200000000000006,1.0703857,1
55410,75,DDX5,0.2299999999999999,0.2630278999999999,1
55411,75,PICALM,3.469446951953614e-18,0.004016900000000007,1
55412,75,RARA,0.22,0.18408039999999998,1
55413,75,DDX6,0.030000000000000013,0.1129259,1
55414,75,COL1A1,0.15,0.1292007,1
55415,75,VHL,0.28,0.2096862,1
55416,75,MAPK1,1.6200000000000008,1.2026711,1
55417,75,SRC,0.41000000000000014,0.3859881999999999,1
55418,75,NFE2L2,0.32999999999999996,0.2483279,1
55419,75,MITF,-0.16000000000000006,-0.030484100000000014,1
55420,75,SMAD3,1.2500000000000009,1.1608283,1
55421,75,RBM15,0.060000000000000005,0.0558813,1
55422,75,ATR,0.7100000000000002,0.5820848000000001,1
55423,75,EPAS1,0.37,0.34563730000000004,1
55424,75,TPM3,0.19999999999999998,0.1483825,1
55425,75,RPL10,0.13,0.12092760000000002,1
55426,75,STAG1,0.12,0.12937720000000003,1
55427,75,SBDS,-0.02,-0.0080421,1
55428,75,KMT2D,1.0100000000000002,0.810734,1
55429,75,MED12,0.31000000000000005,0.27222549999999995,1
55430,75,BCLAF1,-0.010000000000000004,0.0460884,1
55431,75,ASPSCR1,-6.938893903907228e-18,0.0030563000000000014,1
55432,75,CDK12,0.52,0.42637990000000003,1
55433,75,EWSR1,0.2599999999999999,0.2699731,1
55434,75,NDRG1,-0.06999999999999999,-0.016415699999999995,1
55435,75,PSIP1,0.09,0.0840107,1
55436,75,TRIM33,0.1,0.09198849999999999,1
55437,75,MTOR,1.0700000000000005,0.8855400999999999,1
55438,75,ARHGAP35,0.18,0.1627629,1
55439,75,POT1,-1.734723475976807e-18,0.0136031,1
55440,75,EXT1,0.11,0.080498,1
55441,75,IL6ST,0.33,0.28258869999999997,1
55442,75,IDH2,0.010000000000000016,0.0510714,1
55443,75,SMARCE1,0.4,0.2761114,1
55444,75,CRTC3,0.09,0.0705564,1
55445,75,TSC1,0.3,0.3051543,1
55446,75,BCOR,-0.10999999999999999,0.007135300000000001,1
55447,75,SDHA,0.25,0.1838385,1
55448,75,EP300,2.38,1.9907945,1
55449,75,HNRNPA2B1,0.45,0.32116580000000006,1
55450,75,CLIP1,-0.11,-0.06614419999999999,1
55451,75,PATZ1,-0.56,-0.1468877,1
55452,75,FUBP1,-0.06,0.026079699999999997,1
55453,75,HLA-A,-0.13999999999999999,-0.01189200000000001,1
55454,75,CCNC,-0.29000000000000004,-0.1166115,1
55455,75,RPN1,-0.24,-0.08135490000000001,1
55456,75,TCF7L2,0.009999999999999992,0.09649340000000001,1
55457,75,CANT1,-0.020000000000000018,0.011114000000000006,1
55458,75,RPL5,-0.56,-0.18475350000000001,1
55459,75,CCDC6,0.05000000000000002,0.08340950000000003,1
55460,75,NCKIPSD,-0.08,-0.0318547,1
55461,75,SMARCD1,0.4600000000000001,0.3833306000000001,1
55462,75,BCL10,-0.04000000000000001,0.029772199999999995,1
55463,75,MAX,0.05000000000000001,0.0783358,1
55464,75,HERPUD1,-0.04,-0.010568,1
55465,75,RAC1,0.08,0.1526425,1
55466,75,FLNA,0.07999999999999999,0.07816150000000001,1
55467,75,TFE3,-0.7600000000000001,-0.2886523,1
55468,75,NCOR2,0.6400000000000001,0.5300065,1
55469,75,PRPF40B,0.04,0.029821800000000006,1
55470,75,BCL3,-0.14,-0.0227286,1
55471,75,TFPT,-0.39,-0.11202809999999999,1
55472,75,MLH1,0.81,0.7026161000000001,1
55473,75,ARHGAP5,0.09,0.1041439,1
55474,75,CIC,0.0,0.0,1
55475,75,LYN,0.8399999999999999,0.6531131000000001,1
55476,75,TCF12,0.33,0.2679361,1
55477,75,KLF6,0.06,0.038148,1
55478,75,KMT2C,1.0300000000000002,0.8438217,1
55479,75,PIM1,-0.10999999999999999,-0.0145698,1
55480,75,CCND1,1.3600000000000005,0.8481346999999999,1
55481,75,MLLT1,-1.3400000000000003,-0.35798460000000004,1
55482,75,MEN1,-0.29000000000000004,-0.12194750000000001,1
55483,75,CUL3,0.09999999999999999,0.1431024,1
55484,75,RB1,0.5900000000000001,0.5033941999999999,1
55485,75,LPP,-0.13,-0.0316627,1
55486,75,BUB1B,-0.17,-0.06402709999999999,1
55487,75,SMAD4,1.670000000000001,1.3425858000000002,1
55488,75,FGFR1,0.2899999999999999,0.23706819999999995,1
55489,75,TMSB4X,0.03,0.023184,1
55490,75,CDK4,0.9200000000000003,0.6426782000000001,1
55491,75,MSI2,0.01,0.007736300000000001,1
55492,75,MSH6,0.9900000000000004,0.8208050000000001,1
55493,75,BRAF,1.2400000000000004,1.0943583000000003,1
55494,75,TCEA1,-0.14,-0.0195478,1
55495,75,TNFAIP3,0.08999999999999998,0.1042728,1
55496,75,RABEP1,-0.010000000000000002,-0.007219300000000001,1
55497,75,GMPS,-0.09999999999999998,-0.05493179999999999,1
55498,75,MDM2,1.1200000000000008,0.8830368000000003,1
55499,75,NSD2,0.23,0.1755972,1
55500,75,CASP8,-0.1700000000000001,0.12451480000000002,1
55501,75,PER1,-0.15999999999999998,-0.05125819999999999,1
55502,75,UBR5,0.009999999999999998,0.030677700000000006,1
55503,75,EIF3E,0.049999999999999996,0.07236900000000002,1
55504,75,RFWD3,0.04,0.0389774,1
55505,75,BRD3,0.15000000000000002,0.1085576,1
55506,75,PAFAH1B2,0.03,0.0266295,1
55507,75,EXT2,0.009999999999999995,0.016106999999999996,1
55508,75,PLCG1,0.4999999999999999,0.4175956999999999,1
55509,75,SF3B1,-0.5200000000000001,-0.2443106,1
55510,75,ARHGEF10L,0.04,0.022485599999999998,1
55511,75,NFATC2,0.23,0.1731354,1
55512,75,SDHD,0.30000000000000004,0.2162442,1
55513,75,PABPC1,-1.0600000000000003,-0.2757573,1
55514,75,POLD1,-0.33000000000000007,-0.06777920000000001,1
55515,75,CALR,0.09,0.0797544,1
55516,75,PIK3CB,0.7000000000000002,0.5921080999999999,1
55517,75,PPM1D,0.26,0.2020056,1
55518,75,ATRX,1.0800000000000005,0.9132336,1
55519,75,DGCR8,0.18,0.1420567,1
55520,75,DDX10,0.18,0.14372849999999998,1
55521,75,DROSHA,0.5,0.40239590000000014,1
55522,75,TNFRSF14,-0.16,-0.0517629,1
55523,75,BCL9L,0.13,0.10228810000000002,1
55524,75,QKI,0.03,0.023983699999999997,1
55525,75,BAZ1A,0.01,0.0079311,1
55526,75,CHD4,0.29000000000000004,0.2769821,1
55527,75,NSD3,0.11,0.12047499999999998,1
55528,75,NT5C2,0.16,0.09501760000000001,1
55529,75,CCNB1IP1,0.13,0.0600062,1
55530,75,PCBP1,-0.81,-0.21518459999999995,1
55531,75,RALGDS,-0.009999999999999988,0.0596727,1
55532,75,ARHGEF12,0.0,0.028141999999999997,1
55533,75,HSP90AB1,1.1900000000000004,0.8180949999999998,1
55534,75,FOXO3,1.4200000000000006,1.0662575,1
55535,75,HIP1,-0.02,-0.0132196,1
55536,75,CDC73,0.06999999999999999,0.09051700000000001,1
55537,75,NIN,-0.03,-0.020157800000000003,1
55538,75,MDM4,0.16000000000000003,0.18231930000000005,1
55539,75,COL3A1,0.18,0.1449651,1
55540,75,CTNND1,0.17,0.1758302,1
55541,75,SPOP,0.08,0.08884869999999999,1
55542,75,TMEM127,0.1,0.058660000000000004,1
55543,75,CREB3L2,0.13,0.08696250000000001,1
55544,75,MSH2,0.9400000000000002,0.7970716,1
55545,75,FNBP1,0.04,0.0464482,1
55546,75,ATF1,0.15000000000000002,0.1085874,1
55547,75,EIF1AX,-0.49,-0.19452840000000002,1
55548,75,PMS1,0.5399999999999999,0.4179069,1
55549,75,DEK,0.18,0.15356,1
55550,75,ERBB2,1.0700000000000005,0.6994305999999999,1
55551,75,AKT1,0.7700000000000002,0.5169741000000001,1
55552,75,CHEK2,0.5800000000000002,0.5748915000000001,1
55553,75,SDHB,0.38,0.28900800000000004,1
55554,75,NCOA1,0.42,0.34652170000000004,1
55555,75,CHIC2,0.08,0.0534047,1
55556,75,RUNX1,0.4600000000000001,0.6536746,1
55557,75,STAT6,0.38,0.35242629999999997,1
55558,75,FH,-0.09,-0.023135499999999993,1
55559,75,AKT3,1.0600000000000003,0.7914486999999999,1
55560,75,GNAS,0.3600000000000001,0.24566949999999999,1
55561,75,CTNNB1,1.2200000000000004,0.8597057999999997,1
55562,75,NONO,0.30000000000000004,0.2756724,1
55563,75,SMARCB1,0.9900000000000004,0.7766180000000003,1
55564,75,PRKAR1A,0.18000000000000002,0.17778630000000004,1
55565,75,ITGAV,0.03,0.05551390000000002,1
55566,75,SS18,0.41000000000000003,0.29490820000000006,1
55567,75,MAP2K1,1.0300000000000002,0.6367025000000001,1
55568,75,SIRPA,-0.06999999999999999,-0.021145999999999998,1
55569,75,PPFIBP1,0.41,0.2980076,1
55570,75,RPL22,-0.05999999999999994,0.08520970000000001,1
55571,75,CYLD,0.32,0.2582202,1
55572,75,ARID1B,0.79,0.621651,1
55573,75,SETDB1,0.32,0.2380806,1
55574,75,AFDN,-0.36000000000000004,-0.1112828,1
55575,75,ZRSR2,-0.07,-0.03804920000000002,1
55576,75,PBRM1,0.9100000000000004,0.7018302999999999,1
55577,75,XPC,0.47,0.2900211,1
55578,75,ASXL2,0.26,0.1917095,1
55579,75,TRIM24,-0.18,-0.0145412,1
55580,75,SFPQ,-0.36,-0.09849340000000004,1
55581,75,NCOA2,0.6100000000000001,0.5082080999999999,1
55582,75,FOXO4,0.4,0.25322680000000003,1
55583,75,LEF1,0.14,0.14666529999999997,1
55584,75,B2M,-0.32,-0.15432820000000003,1
55585,75,DDIT3,-0.29000000000000004,-0.1037278,1
55586,75,BCL6,0.32999999999999996,0.2717518,1
55587,75,KRAS,0.029999999999999978,0.17088229999999996,1
55588,75,FAT1,0.09999999999999999,0.075595,1
55589,75,ABL2,0.03,0.0388197,1
55590,75,NF1,1.2400000000000004,1.0092759,1
55591,75,BTG1,-0.04,-0.0191844,1
55592,75,EIF4A2,0.08,0.0484017,1
55593,75,SET,0.19,0.15856460000000003,1
55594,75,EPS15,0.05,0.045391100000000004,1
55595,75,RNF213,0.05,0.044350799999999996,1
55596,75,CTCF,1.0800000000000005,0.7734031,1
55597,75,WDCP,0.24000000000000002,0.1524568,1
55598,75,KAT7,0.16,0.1375165,1
55599,75,KDM5C,0.16,0.16082449999999998,1
55600,75,TGFBR2,0.22999999999999998,0.19924080000000002,1
55601,75,ATM,0.8800000000000007,0.9324520000000001,1
55602,75,NUMA1,-0.02,-0.0016333999999999967,1
55603,75,STAT3,1.1900000000000006,1.0026655999999998,1
55604,75,SUB1,-0.09,-0.0415885,1
55605,75,NUP98,0.1799999999999999,0.18411230000000003,1
55606,75,ELL,0.009999999999999997,0.008623399999999993,1
55607,75,MAP3K1,0.38,0.31671220000000005,1
55608,75,MALT1,0.04000000000000001,0.12048759999999999,1
55609,75,XPO1,0.47000000000000014,0.39550739999999995,1
55610,75,SETD1B,0.28,0.22670849999999998,1
55611,75,ETV6,-0.16,-0.04450190000000002,1
55612,75,TBL1XR1,0.20000000000000004,0.143101,1
55613,75,NUP214,-0.16999999999999998,0.10140089999999997,1
55614,75,TPR,0.13,0.10505870000000003,1
55615,75,ATIC,0.14,0.1494982,1
55616,75,NACA,0.21000000000000002,0.1266807,1
55617,75,MYO5A,0.01,0.0078896,1
55618,75,SMC1A,0.39000000000000007,0.42987809999999993,1
55619,75,LASP1,-0.24,-0.123932,1
55620,75,ERCC5,0.4100000000000001,0.2510485,1
55621,75,JUN,-1.1099999999999999,-0.21589640000000002,1
55622,75,THRAP3,0.09,0.0713032,1
55623,75,STAG2,0.2700000000000001,0.2883865,1
55624,75,RAF1,0.8900000000000003,0.6786949,1
55625,75,ERCC3,0.53,0.4461134,1
55626,75,SMAD2,0.5000000000000002,0.5090505,1
55627,75,TAF15,0.21000000000000002,0.1678888,1
55628,75,ARNT,0.2,0.20196750000000002,1
55629,75,CLTC,-0.7700000000000001,-0.34436780000000006,1
55630,75,IKBKB,0.4300000000000001,0.4115001999999999,1
55631,75,IDH1,-0.6100000000000001,-0.2063108,1
55632,75,SND1,-0.010000000000000004,0.013239899999999999,1
55633,75,KNSTRN,0.02,0.0150574,1
55634,75,RHOA,-2.6600000000000006,-0.6756328999999999,1
55635,75,PALB2,0.6200000000000001,0.5453607000000001,1
55636,75,ARID2,0.8400000000000001,0.6646949999999999,1
55637,75,EZR,-0.12000000000000001,-0.02866860000000001,1
55638,75,TP53,-0.6299999999999998,0.09860450000000003,1
55639,75,ARAF,0.39,0.229,1
55640,75,KIF5B,0.54,0.40899339999999995,1
55641,75,KAT6A,0.20999999999999996,0.23015169999999996,1
55642,75,KTN1,-0.08,-0.0036949000000000044,1
55643,75,GOLGA5,-0.08,-0.055724800000000005,1
55644,75,KDM5A,0.28,0.2601602,1
55645,75,RAD21,0.5900000000000001,0.4731325,1
55646,75,GNAQ,0.30999999999999994,0.24022709999999994,1
55647,75,CAMTA1,0.07,0.052681700000000005,1
55648,75,ERCC2,0.66,0.5131378000000001,1
55649,75,EZH2,1.460000000000001,1.1923173,1
55650,75,TOP1,0.29000000000000004,0.23689550000000004,1
55651,75,SRSF3,-0.16999999999999998,-0.016938000000000005,1
55652,75,NPM1,0.13000000000000006,0.18201219999999999,1
55653,75,BAX,-0.74,-0.18005059999999998,1
55654,75,NOTCH2,0.28,0.23679150000000002,1
55655,75,TRAF7,0.02,0.0149698,1
55656,75,KDM6A,0.9100000000000001,0.8684698999999999,1
55657,75,SPEN,0.13,0.101409,1
55658,75,TRIM27,-0.59,-0.18160850000000003,1
55659,75,CRTC1,0.15000000000000002,0.11643510000000001,1
55660,75,EML4,0.27,0.2679149,1
55661,75,USP9X,-0.06,-0.045196200000000006,1
55662,75,PTPRK,-0.01,-0.005862300000000001,1
55663,75,CD74,-0.25,-0.037671700000000016,1
55664,75,CBL,0.5499999999999999,0.4807206,1
55665,75,ZNF384,0.03,0.025388800000000003,1
55666,75,NOTCH1,1.1200000000000006,0.8172157999999999,1
55667,75,COX6C,-0.15999999999999998,-0.049838099999999996,1
55668,75,CHCHD7,0.03,0.0197049,1
55669,75,HMGA1,-0.05,-0.018188100000000002,1
55670,75,PTEN,1.3900000000000008,1.2787567999999998,1
55671,75,FIP1L1,-0.05999999999999999,-0.027936799999999998,1
55672,75,JAK1,0.9000000000000004,0.7470786,1
55673,75,ZMYM2,3.469446951953614e-18,0.0012730000000000033,1
55674,75,SUZ12,0.8200000000000003,0.6675688999999999,1
55675,75,FUS,-0.39,0.00411400000000001,1
55676,75,BAP1,-0.65,-0.24893510000000002,1
55677,75,ZCCHC8,-0.07,-0.0214165,1
55678,75,CRNKL1,0.009999999999999998,0.008369099999999999,1
55679,75,RAD17,0.18,0.1343601,1
55680,75,ATP1A1,0.01,0.0067646,1
55681,75,DNMT3A,1.0800000000000003,0.8638802999999999,1
55682,75,FBXW7,1.0900000000000005,0.8951306999999998,1
55683,75,WWTR1,-0.16,-0.0702042,1
55684,75,CDKN1B,0.5700000000000001,0.39605029999999997,1
55685,75,KMT2A,0.3400000000000001,0.37427829999999995,1
55686,75,PTPN11,1.0700000000000003,0.8791888999999998,1
55687,75,STAT5B,0.7200000000000001,0.5829563999999998,1
55688,75,CUX1,-0.09,-0.062199500000000005,1
55689,75,ABI1,-0.22,-0.0569996,1
55690,75,BRCA1,1.7800000000000014,1.4592114,1
55691,75,SH2B3,0.08,0.047619999999999996,1
55692,75,AFF4,-0.09000000000000002,-0.034244500000000004,1
55693,75,NF2,0.15999999999999995,0.1641676,1
55694,75,LMNA,-0.08,-0.0222181,1
55695,75,TSC2,0.9100000000000004,0.7150735000000003,1
55696,75,GOLPH3,-0.049999999999999996,-0.036189299999999994,1
55697,75,PCM1,-0.030000000000000002,-0.025160600000000005,1
55698,75,PPP2R1A,-0.35,-0.10763000000000002,1
55699,75,ARID1A,1.8300000000000012,1.4738245999999997,1
55700,75,ABL1,-0.11999999999999994,0.07997969999999999,1
55701,75,AFF1,0.04999999999999999,0.08088419999999999,1
55702,75,DAXX,-0.32,-0.0834691,1
55703,75,CBFB,0.04,0.10373490000000002,1
55704,75,CBLB,0.17,0.1483548,1
55705,75,POLR2A,-0.3,0.0740421,1
55706,75,PRKACA,0.12000000000000006,0.18485,1
55707,75,DNM2,-0.11,-0.052835499999999994,1
55708,75,RAP1GDS1,0.009999999999999981,0.06065639999999999,1
55709,75,NCOR1,0.8800000000000002,0.8673924000000001,1
55710,75,NFKBIE,-0.53,-0.14513610000000002,1
55711,75,DDX3X,0.28,0.24054179999999994,1
55712,75,ELK4,0.03,0.0268377,1
55713,75,MLLT6,0.04,0.0406794,1
55714,75,SRSF2,-2.99,-0.7037443999999998,1
55715,75,CTNNA1,0.17,0.13810250000000002,1
55716,75,RBM10,0.16,0.11881330000000001,1
55717,75,PTPRC,0.059999999999999984,0.1247267,1
55718,75,HSP90AA1,0.8200000000000003,0.5675255000000002,1
55719,75,NSD1,0.24,0.19608449999999997,0
55720,75,DICER1,0.23,0.22377669999999997,0
55721,75,BIRC6,0.1,0.08377200000000001,0
55722,75,SDHC,0.31000000000000005,0.20702380000000004,0
55723,75,TFG,0.33,0.19161620000000001,0
55724,75,MAP2K2,0.26,0.19442650000000003,0
55725,75,TFRC,-0.26,-0.1238911,0
55726,75,CREB1,0.8900000000000005,0.6951211000000002,0
55727,75,POLG,0.0,0.0,0
55728,75,SETD2,0.6800000000000003,0.568619,0
55729,75,NAB2,-0.30000000000000004,-0.10895880000000001,0
55730,75,HIF1A,1.540000000000001,1.113959,0
55731,75,FLCN,0.03,0.029730100000000002,0
55732,75,MAP2K4,0.010000000000000002,0.07917869999999999,0
55733,75,CNOT3,0.010000000000000002,0.0175021,0
55734,75,CIITA,0.1,0.06416549999999999,0
55735,75,LSM14A,0.09,0.0785141,0
55736,75,AKAP9,-0.07,-0.0191542,0
55737,75,MSN,-0.30999999999999994,-0.09040000000000001,0
55738,75,BCR,0.039999999999999994,0.04244439999999999,0
55739,75,TRRAP,0.05000000000000002,0.14294029999999996,0
55740,75,PPP6C,-0.16999999999999998,-0.0839633,0
55741,75,NCOA4,-0.16,-0.0876349,0
55742,75,BCL9,0.15,0.1182355,0
55743,75,PRCC,0.020000000000000007,0.016595300000000014,0
55744,75,LARP4B,0.01,0.0057144,0
55745,75,CHD2,0.01,0.0075602,0
55746,75,ASXL1,0.55,0.4796118,0
55747,75,SMARCA4,1.3600000000000008,0.9919327000000002,0
55748,75,ERC1,-0.02,-0.0156616,0
55749,75,DCTN1,-0.27999999999999997,-0.13941469999999997,0
55750,75,PIK3R1,1.3600000000000008,0.9853364000000001,0
55751,75,EED,-0.040000000000000015,0.028827099999999994,0
55752,75,CNBP,0.01,0.0051386,0
55753,75,SGK1,0.27999999999999997,0.16709269999999998,0
55754,75,MLLT10,-0.12,-0.04343989999999999,0
55755,75,BRD4,0.9500000000000005,0.7157999000000002,0
55756,75,RANBP2,0.16000000000000003,0.18138070000000003,0
55757,75,FBXO11,0.04,0.0318007,0
55758,75,PML,0.4,0.2814285000000001,0
55759,75,AKT2,1.0100000000000002,0.6890724,0
55760,75,CEP89,0.07,0.0445894,0
55761,75,LZTR1,0.08,0.0795776,0
55762,75,YWHAE,0.22,0.1396586,0
55763,75,DNAJB1,-0.060000000000000005,-0.014912000000000005,0
55764,75,PRDM2,0.02,0.014742700000000001,0
55765,75,TPM4,0.45000000000000007,0.2942938,0
55766,75,CREBBP,1.860000000000001,1.4955474000000004,0
55767,75,PMS2,0.6100000000000002,0.5458293,0
55768,75,DDR2,0.04,0.026269900000000006,0
55769,75,FANCA,0.35,0.28591230000000006,0
55770,75,PDE4DIP,0.060000000000000005,0.041791499999999995,0
55771,75,USP8,-0.06000000000000001,-0.028434600000000004,0
55772,75,MYH9,-0.31,-0.0710551,0
55773,75,MYC,-1.4000000000000006,-0.5553325,0
55774,75,NBN,0.52,0.398036,0
55775,75,CCND3,-0.05999999999999999,0.007518500000000004,0
55776,75,TRIP11,-0.14,-0.093116,0
55777,75,CNTRL,-0.09,-0.0573987,0
55778,75,PIK3CA,1.4400000000000008,1.0419703,0
55779,75,DDX5,0.34999999999999987,0.31338320000000003,0
55780,75,PICALM,3.469446951953614e-18,0.0018327000000000065,0
55781,75,RARA,0.51,0.34347569999999994,0
55782,75,DDX6,-0.07,0.0598495,0
55783,75,COL1A1,0.11,0.1170374,0
55784,75,VHL,0.15000000000000002,0.11239409999999997,0
55785,75,MAPK1,1.610000000000001,1.0491456,0
55786,75,SRC,-0.5299999999999999,0.011057999999999964,0
55787,75,NFE2L2,0.2899999999999999,0.19760030000000006,0
55788,75,MITF,-0.32,-0.07532219999999999,0
55789,75,SMAD3,1.1800000000000008,0.8977316000000002,0
55790,75,RBM15,0.05,0.0486124,0
55791,75,ATR,0.6900000000000003,0.5598470999999999,0
55792,75,EPAS1,0.38999999999999996,0.3506493,0
55793,75,TPM3,0.21000000000000002,0.1486575,0
55794,75,RPL10,0.13,0.11164720000000002,0
55795,75,STAG1,0.18000000000000002,0.16631179999999998,0
55796,75,SBDS,-0.03,-0.012788300000000002,0
55797,75,KMT2D,0.9700000000000004,0.7203115000000001,0
55798,75,MED12,0.29,0.234068,0
55799,75,BCLAF1,-0.01999999999999999,0.03265090000000001,0
55800,75,ASPSCR1,-0.019999999999999993,0.0002588000000000139,0
55801,75,CDK12,0.31,0.2325291,0
55802,75,EWSR1,0.4099999999999999,0.34309850000000003,0
55803,75,NDRG1,-0.05,-0.017927000000000002,0
55804,75,PSIP1,-0.17000000000000004,-0.08823299999999999,0
55805,75,TRIM33,0.039999999999999994,0.04181130000000001,0
55806,75,MTOR,1.2400000000000004,0.9020434999999999,0
55807,75,ARHGAP35,0.10999999999999999,0.1263801,0
55808,75,POT1,-0.010000000000000002,0.010980599999999998,0
55809,75,EXT1,0.11,0.0712382,0
55810,75,IL6ST,0.29000000000000004,0.2251472,0
55811,75,IDH2,-0.12999999999999998,-0.027596799999999998,0
55812,75,SMARCE1,0.46,0.2926306000000001,0
55813,75,CRTC3,0.08,0.064847,0
55814,75,TSC1,0.32,0.28881709999999994,0
55815,75,BCOR,-0.22,-0.018449800000000006,0
55816,75,SDHA,0.24000000000000005,0.14524890000000004,0
55817,75,EP300,1.8400000000000016,1.4950171000000003,0
55818,75,HNRNPA2B1,0.24,0.21207199999999998,0
55819,75,CLIP1,-0.10999999999999999,-0.0535236,0
55820,75,PATZ1,-0.38,-0.116999,0
55821,75,FUBP1,-0.14,-0.0004329000000000017,0
55822,75,HLA-A,-0.18,-0.007173400000000003,0
55823,75,CCNC,-0.06,-0.024349099999999995,0
55824,75,RPN1,-0.24000000000000002,-0.07511580000000001,0
55825,75,TCF7L2,0.04999999999999999,0.10074929999999999,0
55826,75,CANT1,0.08,0.0481654,0
55827,75,RPL5,-0.64,-0.20001259999999998,0
55828,75,CCDC6,0.0,0.05179300000000002,0
55829,75,NCKIPSD,0.04,0.022633099999999996,0
55830,75,SMARCD1,0.45999999999999996,0.33134240000000004,0
55831,75,BCL10,-0.010000000000000002,0.027356799999999997,0
55832,75,MAX,-0.039999999999999994,-0.0104583,0
55833,75,HERPUD1,0.01,0.0038591,0
55834,75,RAC1,-0.010000000000000016,0.09324940000000001,0
55835,75,FLNA,0.060000000000000005,0.0747019,0
55836,75,TFE3,-0.41000000000000003,-0.17680590000000002,0
55837,75,NCOR2,0.7100000000000002,0.5282665,0
55838,75,PRPF40B,0.0,0.0008958000000000004,0
55839,75,BCL3,-0.04999999999999999,-0.015064999999999992,0
55840,75,TFPT,-0.24000000000000002,-0.087174,0
55841,75,MLH1,0.87,0.7283851000000001,0
55842,75,ARHGAP5,0.13,0.11521050000000002,0
55843,75,CIC,0.0,0.0,0
55844,75,LYN,0.8300000000000003,0.5836402000000002,0
55845,75,TCF12,0.27999999999999997,0.21768639999999995,0
55846,75,KLF6,0.03,0.016555700000000003,0
55847,75,KMT2C,1.0200000000000002,0.7978578,0
55848,75,PIM1,-0.17,-0.0576199,0
55849,75,CCND1,1.3700000000000008,0.8639836,0
55850,75,MLLT1,-0.9800000000000002,-0.28673139999999997,0
55851,75,MEN1,-0.09000000000000002,-0.0158422,0
55852,75,CUL3,0.17,0.14347879999999996,0
55853,75,RB1,0.6000000000000001,0.44385780000000014,0
55854,75,LPP,-0.09999999999999999,-0.0302771,0
55855,75,BUB1B,-0.16,-0.08131510000000002,0
55856,75,SMAD4,1.4200000000000008,1.062221,0
55857,75,FGFR1,0.24999999999999997,0.17638269999999995,0
55858,75,TMSB4X,0.04,0.0318588,0
55859,75,CDK4,0.5400000000000001,0.3573393,0
55860,75,MSI2,0.01,0.0074990000000000005,0
55861,75,MSH6,0.8800000000000003,0.6691696,0
55862,75,BRAF,0.9300000000000005,0.8163362000000002,0
55863,75,TCEA1,-0.030000000000000006,0.014885499999999996,0
55864,75,TNFAIP3,0.12000000000000002,0.10949800000000001,0
55865,75,RABEP1,-0.009999999999999998,-0.0089946,0
55866,75,GMPS,-0.06,-0.03687320000000001,0
55867,75,MDM2,1.1900000000000006,0.8189099999999999,0
55868,75,NSD2,0.18000000000000002,0.12349220000000001,0
55869,75,CASP8,-0.16,0.13709359999999998,0
55870,75,PER1,-0.22999999999999998,-0.05864619999999998,0
55871,75,UBR5,-0.060000000000000005,-0.024803200000000004,0
55872,75,EIF3E,-0.08,0.0384627,0
55873,75,RFWD3,0.020000000000000004,0.026289500000000004,0
55874,75,BRD3,0.10999999999999999,0.095121,0
55875,75,PAFAH1B2,0.02,0.0154888,0
55876,75,EXT2,0.0,0.005382299999999993,0
55877,75,PLCG1,0.5100000000000001,0.3637695999999999,0
55878,75,SF3B1,-0.3,-0.1252706,0
55879,75,ARHGEF10L,0.01,0.0049236,0
55880,75,NFATC2,0.2,0.1449517,0
55881,75,SDHD,0.29,0.16822640000000003,0
55882,75,PABPC1,-0.8300000000000001,-0.21498240000000002,0
55883,75,POLD1,-0.29999999999999993,-0.06832629999999998,0
55884,75,CALR,0.02,0.0209728,0
55885,75,PIK3CB,0.4899999999999999,0.44235749999999996,0
55886,75,PPM1D,0.17,0.1344592,0
55887,75,ATRX,0.8700000000000004,0.7025144000000001,0
55888,75,DGCR8,0.16,0.10243830000000001,0
55889,75,DDX10,0.12000000000000002,0.08739530000000001,0
55890,75,DROSHA,0.3800000000000001,0.277784,0
55891,75,TNFRSF14,-0.13999999999999999,-0.045096699999999997,0
55892,75,BCL9L,0.14,0.0986408,0
55893,75,QKI,-0.060000000000000005,-0.038833,0
55894,75,BAZ1A,0.01,0.0069422,0
55895,75,CHD4,0.13,0.1436727,0
55896,75,NSD3,0.08,0.0677452,0
55897,75,NT5C2,0.15,0.0857565,0
55898,75,CCNB1IP1,0.1,0.043587,0
55899,75,PCBP1,-0.77,-0.2417104,0
55900,75,RALGDS,0.14,0.09458159999999999,0
55901,75,ARHGEF12,-0.019999999999999997,0.0009699000000000062,0
55902,75,HSP90AB1,1.0100000000000002,0.6912950999999999,0
55903,75,FOXO3,1.2400000000000004,0.8613086,0
55904,75,HIP1,-0.02,-0.012703599999999999,0
55905,75,CDC73,-0.09000000000000002,0.004270400000000001,0
55906,75,NIN,0.019999999999999997,0.017077799999999997,0
55907,75,MDM4,0.09000000000000001,0.13973480000000002,0
55908,75,COL3A1,0.15,0.13532629999999998,0
55909,75,CTNND1,0.10999999999999999,0.13435010000000003,0
55910,75,SPOP,0.019999999999999987,0.0392665,0
55911,75,TMEM127,0.1,0.07380229999999999,0
55912,75,CREB3L2,0.12999999999999998,0.08002600000000001,0
55913,75,MSH2,0.9500000000000004,0.7149397000000002,0
55914,75,FNBP1,0.03,0.023795,0
55915,75,ATF1,0.01999999999999999,0.015557799999999997,0
55916,75,EIF1AX,-0.43,-0.21480579999999996,0
55917,75,PMS1,0.5,0.37781590000000004,0
55918,75,DEK,0.08,0.0899244,0
55919,75,ERBB2,1.0100000000000005,0.6819953,0
55920,75,AKT1,0.7100000000000002,0.45724829999999994,0
55921,75,CHEK2,0.17000000000000004,0.2786643,0
55922,75,SDHB,0.41,0.2720937,0
55923,75,NCOA1,0.45,0.31871070000000007,0
55924,75,CHIC2,0.05,0.030595800000000006,0
55925,75,RUNX1,0.5100000000000003,0.6499843000000002,0
55926,75,STAT6,0.28,0.21400409999999997,0
55927,75,FH,-0.24,-0.09799970000000001,0
55928,75,AKT3,1.0300000000000005,0.7149065000000001,0
55929,75,GNAS,0.21,0.1333608,0
55930,75,CTNNB1,1.4000000000000008,0.9474399000000002,0
55931,75,NONO,0.16999999999999998,0.1171974,0
55932,75,SMARCB1,0.8500000000000003,0.6290339,0
55933,75,PRKAR1A,0.11999999999999998,0.10576719999999998,0
55934,75,ITGAV,0.010000000000000002,0.026841100000000003,0
55935,75,SS18,0.4,0.26877510000000004,0
55936,75,MAP2K1,1.0600000000000005,0.6767770999999999,0
55937,75,SIRPA,-0.009999999999999998,-0.0038913999999999997,0
55938,75,PPFIBP1,0.39,0.2608075,0
55939,75,RPL22,-0.18999999999999995,0.07340120000000001,0
55940,75,CYLD,0.28,0.2185641,0
55941,75,ARID1B,0.6699999999999999,0.4972315,0
55942,75,SETDB1,0.3,0.2168352,0
55943,75,AFDN,-0.42000000000000004,-0.1613737,0
55944,75,ZRSR2,0.21000000000000005,0.163496,0
55945,75,PBRM1,0.9100000000000004,0.6562788999999999,0
55946,75,XPC,0.5800000000000001,0.3843287000000001,0
55947,75,ASXL2,0.22,0.1452402,0
55948,75,TRIM24,-0.24,-0.1139748,0
55949,75,SFPQ,-0.05,0.03725559999999999,0
55950,75,NCOA2,0.53,0.3750842,0
55951,75,FOXO4,0.41000000000000003,0.2676168,0
55952,75,LEF1,0.13999999999999999,0.12514939999999997,0
55953,75,B2M,-0.46,-0.1850378,0
55954,75,DDIT3,-0.41,-0.1036222,0
55955,75,BCL6,0.58,0.41347310000000004,0
55956,75,KRAS,-1.11,-0.3144895999999998,0
55957,75,FAT1,0.05,0.0480138,0
55958,75,ABL2,0.08,0.05935660000000001,0
55959,75,NF1,0.8100000000000003,0.6544879000000002,0
55960,75,BTG1,-0.02,-0.010755200000000001,0
55961,75,EIF4A2,0.09,0.06637059999999999,0
55962,75,SET,0.15,0.1345299,0
55963,75,EPS15,0.05,0.045896400000000004,0
55964,75,RNF213,0.03,0.023571599999999998,0
55965,75,CTCF,0.9000000000000004,0.6559169999999999,0
55966,75,WDCP,0.15999999999999998,0.10486229999999999,0
55967,75,KAT7,0.11,0.0893501,0
55968,75,KDM5C,0.16999999999999998,0.1514622,0
55969,75,TGFBR2,0.18000000000000002,0.1623712,0
55970,75,ATM,1.4100000000000008,1.0874982999999998,0
55971,75,NUMA1,-0.019999999999999997,-0.0021734000000000024,0
55972,75,STAT3,1.630000000000001,1.2629807000000004,0
55973,75,SUB1,-0.26,-0.09364760000000001,0
55974,75,NUP98,0.08,0.1019795,0
55975,75,ELL,-0.04999999999999999,-0.003984399999999985,0
55976,75,MAP3K1,0.38,0.3070251,0
55977,75,MALT1,0.15000000000000002,0.15353080000000002,0
55978,75,XPO1,0.30000000000000004,0.23659149999999998,0
55979,75,SETD1B,0.15999999999999998,0.1207631,0
55980,75,ETV6,-0.19,-0.0778189,0
55981,75,TBL1XR1,0.21000000000000002,0.143142,0
55982,75,NUP214,0.07,0.1152105,0
55983,75,TPR,0.09000000000000001,0.0860544,0
55984,75,ATIC,-6.938893903907228e-18,0.027446500000000006,0
55985,75,NACA,0.24,0.16576079999999999,0
55986,75,MYO5A,0.0,0.0015454000000000006,0
55987,75,SMC1A,0.56,0.45947460000000007,0
55988,75,LASP1,-0.2,-0.1134225,0
55989,75,ERCC5,0.47000000000000003,0.31492250000000005,0
55990,75,JUN,0.01,0.19019759999999997,0
55991,75,THRAP3,0.1,0.0828148,0
55992,75,STAG2,0.4599999999999999,0.36902890000000005,0
55993,75,RAF1,1.0800000000000003,0.7641255000000001,0
55994,75,ERCC3,0.54,0.44782720000000015,0
55995,75,SMAD2,0.5300000000000002,0.4800833000000001,0
55996,75,TAF15,0.17000000000000004,0.14420550000000004,0
55997,75,ARNT,0.30000000000000004,0.2589819,0
55998,75,CLTC,-0.56,-0.2977607,0
55999,75,IKBKB,0.5700000000000003,0.4619933,0
56000,75,IDH1,-0.6700000000000002,-0.20087059999999998,0
56001,75,SND1,-0.03,-0.013178500000000006,0
56002,75,KNSTRN,0.03,0.025512899999999998,0
56003,75,RHOA,-1.4600000000000002,-0.4093172,0
56004,75,PALB2,0.5499999999999999,0.47434600000000005,0
56005,75,ARID2,0.7300000000000002,0.5516374,0
56006,75,EZR,-0.12000000000000001,-0.0104786,0
56007,75,TP53,-0.8199999999999997,-0.09850410000000001,0
56008,75,ARAF,0.41000000000000003,0.22827960000000003,0
56009,75,KIF5B,0.4699999999999999,0.3383619,0
56010,75,KAT6A,0.18,0.1805756,0
56011,75,KTN1,-0.1,-0.029835200000000006,0
56012,75,GOLGA5,-0.14,-0.0933092,0
56013,75,KDM5A,0.19,0.18340599999999999,0
56014,75,RAD21,0.44,0.3451623,0
56015,75,GNAQ,0.16000000000000003,0.1079741,0
56016,75,CAMTA1,0.019999999999999997,0.0144552,0
56017,75,ERCC2,0.5900000000000001,0.4106854000000001,0
56018,75,EZH2,1.8500000000000012,1.2045156000000001,0
56019,75,TOP1,0.12000000000000001,0.1035622,0
56020,75,SRSF3,-0.26,-0.08180580000000001,0
56021,75,NPM1,-0.12000000000000001,0.07542040000000001,0
56022,75,BAX,-0.5599999999999999,-0.1616179,0
56023,75,NOTCH2,0.26,0.20619349999999997,0
56024,75,TRAF7,0.03,0.0228354,0
56025,75,KDM6A,0.8500000000000003,0.7347845000000002,0
56026,75,SPEN,0.09,0.0671117,0
56027,75,TRIM27,-0.42000000000000004,-0.1563939,0
56028,75,CRTC1,0.13,0.10510060000000002,0
56029,75,EML4,0.19000000000000003,0.1640284,0
56030,75,USP9X,-0.060000000000000005,-0.036398299999999995,0
56031,75,PTPRK,0.01,0.0070975,0
56032,75,CD74,-0.29000000000000004,-0.0698814,0
56033,75,CBL,0.5499999999999999,0.4047865,0
56034,75,ZNF384,-0.07,-0.038505899999999996,0
56035,75,NOTCH1,0.9700000000000004,0.710831,0
56036,75,COX6C,-0.14,-0.05472370000000001,0
56037,75,CHCHD7,0.02,0.0130408,0
56038,75,HMGA1,-0.12,-0.054061700000000004,0
56039,75,PTEN,1.610000000000001,1.2628998,0
56040,75,FIP1L1,-0.01999999999999999,-0.010251899999999994,0
56041,75,JAK1,0.7700000000000002,0.6137445,0
56042,75,ZMYM2,-0.1,-0.0663707,0
56043,75,SUZ12,0.7800000000000002,0.5555831999999999,0
56044,75,FUS,-0.09000000000000002,0.1359507,0
56045,75,BAP1,6.938893903907228e-18,0.026865000000000003,0
56046,75,ZCCHC8,-0.06,-0.018695399999999997,0
56047,75,CRNKL1,-0.04,-0.024803600000000002,0
56048,75,RAD17,0.13,0.09871360000000003,0
56049,75,ATP1A1,0.0,0.0024165000000000002,0
56050,75,DNMT3A,0.8900000000000006,0.6518866999999999,0
56051,75,FBXW7,0.9900000000000004,0.7638400999999999,0
56052,75,WWTR1,-0.04,-0.0143071,0
56053,75,CDKN1B,0.5700000000000002,0.37319159999999996,0
56054,75,KMT2A,0.38000000000000006,0.3277043,0
56055,75,PTPN11,0.8600000000000001,0.6572159999999999,0
56056,75,STAT5B,0.6800000000000002,0.5241121999999999,0
56057,75,CUX1,-0.08999999999999998,-0.0612072,0
56058,75,ABI1,-0.4,-0.1289768,0
56059,75,BRCA1,1.7900000000000014,1.3764644,0
56060,75,SH2B3,0.05,0.0395286,0
56061,75,AFF4,0.16,0.1137364,0
56062,75,NF2,0.010000000000000007,0.0663343,0
56063,75,LMNA,1.214306433183765e-17,0.024122499999999998,0
56064,75,TSC2,0.6400000000000002,0.5033996,0
56065,75,GOLPH3,-0.09,-0.0571194,0
56066,75,PCM1,-0.05,-0.0332134,0
56067,75,PPP2R1A,-0.48,-0.1687309,0
56068,75,ARID1A,1.7400000000000009,1.2516466,0
56069,75,ABL1,0.22000000000000008,0.2047142999999999,0
56070,75,AFF1,0.22000000000000003,0.1763866,0
56071,75,DAXX,-0.29000000000000004,-0.0820198,0
56072,75,CBFB,0.10999999999999999,0.1015652,0
56073,75,CBLB,0.14,0.108434,0
56074,75,POLR2A,0.03999999999999998,0.18610770000000004,0
56075,75,PRKACA,0.27,0.22072650000000005,0
56076,75,DNM2,-0.13,-0.0508638,0
56077,75,RAP1GDS1,-0.07,-0.010672400000000002,0
56078,75,NCOR1,0.9500000000000004,0.7775604999999999,0
56079,75,NFKBIE,-0.27,-0.0983477,0
56080,75,DDX3X,0.11,0.1139587,0
56081,75,ELK4,0.02,0.015500400000000001,0
56082,75,MLLT6,0.12000000000000001,0.0949548,0
56083,75,SRSF2,-1.21,-0.3800975,0
56084,75,CTNNA1,0.11,0.0811563,0
56085,75,RBM10,0.21000000000000002,0.14296689999999998,0
56086,75,PTPRC,0.09,0.10656750000000001,0
56087,75,HSP90AA1,1.0700000000000005,0.7001504000000002,0
56088,76,NSD1,0.35000000000000003,0.2968589,1
56089,76,DICER1,0.29000000000000004,0.302272,1
56090,76,BIRC6,0.15000000000000002,0.12483609999999999,1
56091,76,SDHC,0.4099999999999999,0.3137574,1
56092,76,TFG,0.17,0.10574420000000001,1
56093,76,MAP2K2,0.31,0.22703480000000004,1
56094,76,TFRC,-0.44000000000000006,-0.135188,1
56095,76,CREB1,0.8500000000000005,0.7304792999999999,1
56096,76,POLG,-0.01,-0.0027964,1
56097,76,SETD2,0.6700000000000003,0.6174077,1
56098,76,NAB2,-0.5900000000000001,-0.1615412,1
56099,76,HIF1A,1.720000000000001,1.3062185,1
56100,76,FLCN,-0.01999999999999999,0.03435270000000001,1
56101,76,MAP2K4,0.06000000000000001,0.10604000000000001,1
56102,76,CNOT3,0.060000000000000005,0.05185340000000001,1
56103,76,CIITA,0.11,0.07258,1
56104,76,LSM14A,0.14,0.11424620000000002,1
56105,76,AKAP9,-0.04000000000000001,0.0148432,1
56106,76,MSN,-0.11000000000000001,-0.032304599999999996,1
56107,76,BCR,-0.01,0.035566999999999994,1
56108,76,TRRAP,0.07000000000000003,0.19486199999999998,1
56109,76,PPP6C,-0.14,-0.0621643,1
56110,76,NCOA4,-0.1,-0.0124188,1
56111,76,BCL9,0.19,0.1582891,1
56112,76,PRCC,0.15000000000000002,0.1118522,1
56113,76,LARP4B,0.03,0.0218247,1
56114,76,CHD2,0.02,0.0174556,1
56115,76,ASXL1,0.42000000000000004,0.40366290000000005,1
56116,76,SMARCA4,1.9100000000000013,1.4709764999999997,1
56117,76,ERC1,-0.03,-0.0233781,1
56118,76,DCTN1,0.02000000000000001,0.04874319999999998,1
56119,76,PIK3R1,1.0200000000000005,0.886056,1
56120,76,EED,0.12,0.10990149999999999,1
56121,76,CNBP,0.01,0.0059023,1
56122,76,SGK1,0.53,0.3647214,1
56123,76,MLLT10,-0.21,-0.1259657,1
56124,76,BRD4,0.8900000000000003,0.8065804000000001,1
56125,76,RANBP2,0.4,0.3534041,1
56126,76,FBXO11,0.08,0.0666387,1
56127,76,PML,0.45999999999999996,0.32319619999999993,1
56128,76,AKT2,1.1700000000000006,0.8471508,1
56129,76,CEP89,0.05,0.0326205,1
56130,76,LZTR1,0.09000000000000001,0.1008396,1
56131,76,YWHAE,0.32,0.21054510000000004,1
56132,76,DNAJB1,-0.05,-0.010065499999999998,1
56133,76,PRDM2,0.06,0.0489174,1
56134,76,TPM4,0.47000000000000003,0.3506266000000001,1
56135,76,CREBBP,2.1700000000000004,1.7860397,1
56136,76,PMS2,0.7800000000000002,0.6724687999999998,1
56137,76,DDR2,0.010000000000000002,0.010080100000000005,1
56138,76,FANCA,0.42000000000000004,0.34411830000000004,1
56139,76,PDE4DIP,0.09,0.07381499999999999,1
56140,76,USP8,-0.04,-0.022514500000000003,1
56141,76,MYH9,-0.5499999999999999,-0.12174299999999999,1
56142,76,MYC,-1.2000000000000002,-0.21294860000000004,1
56143,76,NBN,0.6400000000000001,0.5231817999999999,1
56144,76,CCND3,6.938893903907228e-18,0.0314155,1
56145,76,TRIP11,-0.1,-0.0736085,1
56146,76,CNTRL,-0.07999999999999999,-0.06473670000000001,1
56147,76,PIK3CA,1.1000000000000008,1.0074263999999995,1
56148,76,DDX5,0.12,0.1987851999999999,1
56149,76,PICALM,0.009999999999999995,0.016254599999999998,1
56150,76,RARA,-0.06999999999999998,0.07905519999999998,1
56151,76,DDX6,-0.030000000000000006,0.08298900000000001,1
56152,76,COL1A1,0.23,0.18978979999999998,1
56153,76,VHL,0.26999999999999996,0.18365870000000004,1
56154,76,MAPK1,1.560000000000001,1.1627976999999998,1
56155,76,SRC,0.14999999999999997,0.2629779000000001,1
56156,76,NFE2L2,0.30999999999999994,0.24421849999999998,1
56157,76,MITF,-0.24000000000000002,-0.057090200000000015,1
56158,76,SMAD3,1.360000000000001,1.2035156999999996,1
56159,76,RBM15,0.08,0.06553499999999998,1
56160,76,ATR,0.7800000000000002,0.6535243000000001,1
56161,76,EPAS1,0.45999999999999996,0.4203341,1
56162,76,TPM3,0.06,0.11951020000000002,1
56163,76,RPL10,0.0,0.0777504,1
56164,76,STAG1,0.13,0.143172,1
56165,76,SBDS,-0.12,-0.0320592,1
56166,76,KMT2D,1.0700000000000005,0.8795018,1
56167,76,MED12,0.4200000000000001,0.3337022,1
56168,76,BCLAF1,-0.06,0.02447639999999999,1
56169,76,ASPSCR1,-0.01999999999999999,-0.0017334999999999955,1
56170,76,CDK12,0.56,0.4445184,1
56171,76,EWSR1,0.27999999999999997,0.3294757,1
56172,76,NDRG1,-0.030000000000000006,-0.0008837000000000046,1
56173,76,PSIP1,0.09000000000000001,0.0849023,1
56174,76,TRIM33,0.15,0.1272328,1
56175,76,MTOR,0.8100000000000005,0.7275833999999999,1
56176,76,ARHGAP35,0.18,0.1655462,1
56177,76,POT1,0.03,0.025429,1
56178,76,EXT1,0.11,0.0861212,1
56179,76,IL6ST,0.34,0.2822498,1
56180,76,IDH2,-0.08,0.024517199999999996,1
56181,76,SMARCE1,0.56,0.40458890000000003,1
56182,76,CRTC3,0.07999999999999999,0.0688636,1
56183,76,TSC1,0.38,0.33855369999999996,1
56184,76,BCOR,-0.15000000000000002,0.0358851,1
56185,76,SDHA,0.27,0.2131153,1
56186,76,EP300,2.3800000000000003,1.9734379999999994,1
56187,76,HNRNPA2B1,0.56,0.4089766,1
56188,76,CLIP1,-0.09,-0.051926799999999995,1
56189,76,PATZ1,-0.61,-0.1484658,1
56190,76,FUBP1,-0.14999999999999997,-0.027061500000000002,1
56191,76,HLA-A,-0.020000000000000025,0.035630699999999974,1
56192,76,CCNC,-0.09999999999999999,-0.04190920000000001,1
56193,76,RPN1,-0.14,-0.0604272,1
56194,76,TCF7L2,0.009999999999999978,0.08776219999999998,1
56195,76,CANT1,-0.04000000000000001,0.006733999999999997,1
56196,76,RPL5,-0.71,-0.2255223,1
56197,76,CCDC6,0.1,0.10540229999999999,1
56198,76,NCKIPSD,-0.039999999999999994,-0.0075948999999999964,1
56199,76,SMARCD1,0.4,0.39923140000000007,1
56200,76,BCL10,0.07999999999999999,0.0853169,1
56201,76,MAX,0.05000000000000001,0.07884000000000001,1
56202,76,HERPUD1,-0.01,-0.0029041,1
56203,76,RAC1,0.14999999999999997,0.20919160000000003,1
56204,76,FLNA,0.06000000000000001,0.06949810000000001,1
56205,76,TFE3,-0.62,-0.23971379999999998,1
56206,76,NCOR2,0.6500000000000004,0.5481228,1
56207,76,PRPF40B,-0.030000000000000006,-0.004809299999999999,1
56208,76,BCL3,-0.12999999999999995,-0.0272377,1
56209,76,TFPT,-0.37,-0.1154829,1
56210,76,MLH1,0.8300000000000001,0.7450798999999999,1
56211,76,ARHGAP5,0.13999999999999999,0.1260089,1
56212,76,CIC,0.01,0.0070991000000000005,1
56213,76,LYN,0.7800000000000001,0.5777383,1
56214,76,TCF12,0.34,0.2641842,1
56215,76,KLF6,0.06999999999999999,0.0490042,1
56216,76,KMT2C,1.0800000000000003,0.8856048999999998,1
56217,76,PIM1,-0.11000000000000001,-0.006948500000000003,1
56218,76,CCND1,1.1900000000000006,0.7740545000000001,1
56219,76,MLLT1,-1.6400000000000001,-0.39853589999999994,1
56220,76,MEN1,-0.09,-0.02370570000000001,1
56221,76,CUL3,0.13,0.1743575,1
56222,76,RB1,0.6699999999999999,0.5489281,1
56223,76,LPP,-0.1,-0.022054600000000004,1
56224,76,BUB1B,-0.18,-0.051225299999999994,1
56225,76,SMAD4,1.660000000000001,1.3302585999999996,1
56226,76,FGFR1,0.35000000000000003,0.3222759,1
56227,76,TMSB4X,0.03,0.023721,1
56228,76,CDK4,1.0100000000000005,0.6971668999999999,1
56229,76,MSI2,0.01,0.0075002,1
56230,76,MSH6,1.0400000000000005,0.8775217000000001,1
56231,76,BRAF,1.4500000000000006,1.2294204000000002,1
56232,76,TCEA1,-0.21000000000000002,-0.044995099999999996,1
56233,76,TNFAIP3,0.16,0.1427446,1
56234,76,RABEP1,-0.010000000000000002,-0.0065603000000000015,1
56235,76,GMPS,-0.09999999999999999,-0.0475673,1
56236,76,MDM2,0.9900000000000007,0.8304581999999999,1
56237,76,NSD2,0.21999999999999997,0.1584762,1
56238,76,CASP8,-0.41000000000000003,-0.002316499999999999,1
56239,76,PER1,-0.2,-0.07120480000000001,1
56240,76,UBR5,0.030000000000000006,0.04848470000000001,1
56241,76,EIF3E,0.030000000000000006,0.0661482,1
56242,76,RFWD3,0.04,0.0389144,1
56243,76,BRD3,0.08,0.056041400000000005,1
56244,76,PAFAH1B2,0.03,0.0274524,1
56245,76,EXT2,0.020000000000000004,0.023833999999999994,1
56246,76,PLCG1,0.42,0.36857270000000003,1
56247,76,SF3B1,-0.68,-0.3514266000000001,1
56248,76,ARHGEF10L,0.04,0.0203712,1
56249,76,NFATC2,0.26,0.19015299999999996,1
56250,76,SDHD,0.32,0.22972590000000007,1
56251,76,PABPC1,-0.81,-0.2261188,1
56252,76,POLD1,-0.37999999999999995,-0.08351609999999998,1
56253,76,CALR,0.01999999999999999,0.0751788,1
56254,76,PIK3CB,0.6800000000000002,0.5802845000000001,1
56255,76,PPM1D,0.29000000000000004,0.2264095,1
56256,76,ATRX,1.0300000000000005,0.9035800999999998,1
56257,76,DGCR8,0.19000000000000003,0.150613,1
56258,76,DDX10,0.18,0.13996150000000002,1
56259,76,DROSHA,0.53,0.4216871999999999,1
56260,76,TNFRSF14,-0.19999999999999998,-0.0693744,1
56261,76,BCL9L,0.15000000000000002,0.114642,1
56262,76,QKI,0.0,0.0016521999999999995,1
56263,76,BAZ1A,0.0,0.0,1
56264,76,CHD4,0.3500000000000001,0.35557910000000004,1
56265,76,NSD3,0.13,0.1341966,1
56266,76,NT5C2,0.18000000000000002,0.10551100000000001,1
56267,76,CCNB1IP1,0.15,0.07276769999999999,1
56268,76,PCBP1,-0.9899999999999999,-0.2560075,1
56269,76,RALGDS,0.009999999999999995,0.0594827,1
56270,76,ARHGEF12,0.03,0.045567899999999995,1
56271,76,HSP90AB1,1.0800000000000003,0.7444802999999999,1
56272,76,FOXO3,1.4300000000000006,1.0427751,1
56273,76,HIP1,-0.01,-0.0055060000000000005,1
56274,76,CDC73,0.04,0.06919969999999999,1
56275,76,NIN,-0.019999999999999997,-0.013060499999999996,1
56276,76,MDM4,0.16,0.19219079999999997,1
56277,76,COL3A1,0.23,0.19098770000000004,1
56278,76,CTNND1,0.030000000000000027,0.12155959999999998,1
56279,76,SPOP,0.12000000000000002,0.1145285,1
56280,76,TMEM127,0.04999999999999999,0.02565789999999999,1
56281,76,CREB3L2,0.25000000000000006,0.1731406,1
56282,76,MSH2,0.9500000000000004,0.8423523000000003,1
56283,76,FNBP1,0.009999999999999997,0.0233482,1
56284,76,ATF1,0.16,0.1164621,1
56285,76,EIF1AX,-0.48,-0.1963812,1
56286,76,PMS1,0.47000000000000003,0.3766021,1
56287,76,DEK,0.18999999999999997,0.1537397,1
56288,76,ERBB2,0.7900000000000003,0.509454,1
56289,76,AKT1,1.5300000000000007,0.9935517000000001,1
56290,76,CHEK2,0.6600000000000001,0.6568011,1
56291,76,SDHB,0.45000000000000007,0.32792489999999996,1
56292,76,NCOA1,0.3499999999999999,0.29606050000000006,1
56293,76,CHIC2,0.09000000000000001,0.0595098,1
56294,76,RUNX1,0.3800000000000002,0.7132099,1
56295,76,STAT6,0.41000000000000003,0.3741102,1
56296,76,FH,-0.04000000000000002,0.024472400000000005,1
56297,76,AKT3,0.9300000000000005,0.6989385999999999,1
56298,76,GNAS,0.33999999999999997,0.252703,1
56299,76,CTNNB1,1.3800000000000008,0.9930095999999999,1
56300,76,NONO,0.37,0.31533930000000004,1
56301,76,SMARCB1,1.0500000000000003,0.8434936000000003,1
56302,76,PRKAR1A,0.22000000000000003,0.21151769999999998,1
56303,76,ITGAV,0.010000000000000012,0.04667710000000001,1
56304,76,SS18,0.43,0.3114555,1
56305,76,MAP2K1,0.8900000000000003,0.5869172,1
56306,76,SIRPA,-0.060000000000000005,-0.0152023,1
56307,76,PPFIBP1,0.38999999999999996,0.2920266,1
56308,76,RPL22,-0.13,0.0892773,1
56309,76,CYLD,0.28,0.222148,1
56310,76,ARID1B,0.81,0.6382137000000001,1
56311,76,SETDB1,0.35000000000000003,0.25739180000000006,1
56312,76,AFDN,-0.33999999999999997,-0.10301790000000002,1
56313,76,ZRSR2,-0.049999999999999996,-0.040245600000000006,1
56314,76,PBRM1,0.9600000000000004,0.7319601999999997,1
56315,76,XPC,0.53,0.3633318,1
56316,76,ASXL2,0.29000000000000004,0.21025180000000002,1
56317,76,TRIM24,-0.09,0.0037484,1
56318,76,SFPQ,-0.43,-0.13392920000000003,1
56319,76,NCOA2,0.7200000000000002,0.5688570000000001,1
56320,76,FOXO4,0.42999999999999994,0.2711092,1
56321,76,LEF1,0.27,0.2546108000000001,1
56322,76,B2M,-0.29,-0.1301291,1
56323,76,DDIT3,-0.33000000000000007,-0.1068843,1
56324,76,BCL6,0.26,0.25034720000000005,1
56325,76,KRAS,-0.07999999999999999,0.1404415,1
56326,76,FAT1,0.13,0.0962159,1
56327,76,ABL2,0.08,0.0655661,1
56328,76,NF1,1.3600000000000008,1.1026687999999998,1
56329,76,BTG1,-0.05,-0.021453,1
56330,76,EIF4A2,0.05999999999999999,0.0409299,1
56331,76,SET,0.16,0.1332648,1
56332,76,EPS15,0.10999999999999999,0.1014088,1
56333,76,RNF213,0.05,0.044304300000000005,1
56334,76,CTCF,1.0500000000000003,0.7527267000000002,1
56335,76,WDCP,0.26,0.16057800000000003,1
56336,76,KAT7,0.15000000000000002,0.1262518,1
56337,76,KDM5C,0.23,0.2047731,1
56338,76,TGFBR2,0.2,0.20327540000000002,1
56339,76,ATM,0.9300000000000006,1.0176341,1
56340,76,NUMA1,-0.010000000000000002,0.017077399999999996,1
56341,76,STAT3,0.9800000000000005,0.8915324999999996,1
56342,76,SUB1,-0.12,-0.0524158,1
56343,76,NUP98,0.22,0.2074713,1
56344,76,ELL,0.21000000000000002,0.10623840000000002,1
56345,76,MAP3K1,0.33999999999999997,0.28670530000000005,1
56346,76,MALT1,0.19,0.1713469,1
56347,76,XPO1,0.5600000000000002,0.4500936,1
56348,76,SETD1B,0.26,0.2016708,1
56349,76,ETV6,-0.07999999999999999,0.0008793000000000082,1
56350,76,TBL1XR1,0.2,0.1450689,1
56351,76,NUP214,-0.03999999999999998,0.1621054,1
56352,76,TPR,0.13,0.10422380000000002,1
56353,76,ATIC,0.09999999999999998,0.13115510000000002,1
56354,76,NACA,0.22999999999999998,0.1448867,1
56355,76,MYO5A,0.01,0.0067644,1
56356,76,SMC1A,0.24000000000000005,0.37818020000000013,1
56357,76,LASP1,-0.26,-0.13066819999999998,1
56358,76,ERCC5,0.39,0.25652600000000003,1
56359,76,JUN,-1.6500000000000001,-0.28154629999999997,1
56360,76,THRAP3,0.1,0.07618739999999999,1
56361,76,STAG2,0.24000000000000005,0.2620652,1
56362,76,RAF1,0.8600000000000003,0.6585576000000001,1
56363,76,ERCC3,0.55,0.46734070000000005,1
56364,76,SMAD2,0.19000000000000017,0.3878542,1
56365,76,TAF15,0.22000000000000006,0.1821405,1
56366,76,ARNT,0.24,0.21192719999999998,1
56367,76,CLTC,-0.62,-0.2569186,1
56368,76,IKBKB,0.5000000000000001,0.4413508,1
56369,76,IDH1,-0.49,-0.15476479999999998,1
56370,76,SND1,0.049999999999999996,0.04973809999999999,1
56371,76,KNSTRN,0.03,0.0253206,1
56372,76,RHOA,-3.6599999999999993,-0.7868739000000001,1
56373,76,PALB2,0.6300000000000001,0.5454302999999999,1
56374,76,ARID2,0.8500000000000001,0.6761795,1
56375,76,EZR,-0.15,-0.03485839999999999,1
56376,76,TP53,0.1900000000000004,0.5217025000000003,1
56377,76,ARAF,0.45,0.26662159999999996,1
56378,76,KIF5B,0.55,0.4234076,1
56379,76,KAT6A,0.17999999999999997,0.20679389999999997,1
56380,76,KTN1,-0.09000000000000001,-0.011916,1
56381,76,GOLGA5,-0.049999999999999996,-0.0326211,1
56382,76,KDM5A,0.29000000000000004,0.2705061,1
56383,76,RAD21,0.5900000000000001,0.48941579999999996,1
56384,76,GNAQ,0.36,0.27548900000000004,1
56385,76,CAMTA1,0.06,0.042713,1
56386,76,ERCC2,0.7000000000000001,0.5385012,1
56387,76,EZH2,1.4900000000000009,1.2360814999999998,1
56388,76,TOP1,0.29,0.2337051,1
56389,76,SRSF3,-0.22000000000000003,-0.029544999999999988,1
56390,76,NPM1,0.03,0.13141479999999997,1
56391,76,BAX,-0.9500000000000001,-0.1953322,1
56392,76,NOTCH2,0.29000000000000004,0.242404,1
56393,76,TRAF7,0.02,0.013909800000000002,1
56394,76,KDM6A,0.9200000000000004,0.9090741,1
56395,76,SPEN,0.15000000000000002,0.11919060000000001,1
56396,76,TRIM27,-0.41,-0.149743,1
56397,76,CRTC1,0.15999999999999998,0.1223126,1
56398,76,EML4,0.42999999999999994,0.37481549999999997,1
56399,76,USP9X,-0.020000000000000004,-0.014540299999999999,1
56400,76,PTPRK,0.0,0.0,1
56401,76,CD74,-0.22999999999999998,-0.0219538,1
56402,76,CBL,0.53,0.485689,1
56403,76,ZNF384,0.02,0.0181792,1
56404,76,NOTCH1,1.1400000000000003,0.8284804000000001,1
56405,76,COX6C,-0.17,-0.05268550000000001,1
56406,76,CHCHD7,0.03,0.0190707,1
56407,76,HMGA1,-0.12,-0.04287469999999999,1
56408,76,PTEN,1.1000000000000005,1.0730827999999994,1
56409,76,FIP1L1,-0.06999999999999999,-0.028377799999999995,1
56410,76,JAK1,0.9200000000000004,0.7597018,1
56411,76,ZMYM2,3.469446951953614e-18,0.005083700000000002,1
56412,76,SUZ12,0.7000000000000002,0.6222756,1
56413,76,FUS,-0.59,-0.05013519999999999,1
56414,76,BAP1,-0.52,-0.19056340000000002,1
56415,76,ZCCHC8,-0.06,-0.0185478,1
56416,76,CRNKL1,0.009999999999999998,0.008299899999999995,1
56417,76,RAD17,0.2,0.1479665,1
56418,76,ATP1A1,0.019999999999999997,0.012929999999999997,1
56419,76,DNMT3A,1.1400000000000003,0.9099348999999999,1
56420,76,FBXW7,1.2000000000000004,0.9601265999999999,1
56421,76,WWTR1,-0.07,-0.029389000000000002,1
56422,76,CDKN1B,0.4399999999999999,0.31924919999999996,1
56423,76,KMT2A,0.17999999999999994,0.26501680000000005,1
56424,76,PTPN11,1.0800000000000005,0.8952685999999999,1
56425,76,STAT5B,0.7600000000000002,0.6382881,1
56426,76,CUX1,-0.09000000000000001,-0.05480839999999999,1
56427,76,ABI1,-0.29000000000000004,-0.0832283,1
56428,76,BRCA1,1.560000000000001,1.3280694000000006,1
56429,76,SH2B3,0.09,0.0573674,1
56430,76,AFF4,-0.27,-0.1428874,1
56431,76,NF2,0.1,0.11888810000000001,1
56432,76,LMNA,0.06999999999999999,0.0621204,1
56433,76,TSC2,0.8900000000000003,0.7187483,1
56434,76,GOLPH3,-0.030000000000000002,-0.023400000000000004,1
56435,76,PCM1,-0.05,-0.0398719,1
56436,76,PPP2R1A,-0.38,-0.12265590000000001,1
56437,76,ARID1A,1.980000000000001,1.5817429,1
56438,76,ABL1,-0.27999999999999997,0.021892300000000028,1
56439,76,AFF1,0.09,0.0979062,1
56440,76,DAXX,-0.43999999999999995,-0.12360970000000002,1
56441,76,CBFB,0.08000000000000002,0.11622770000000003,1
56442,76,CBLB,0.18,0.1599698,1
56443,76,POLR2A,-0.43,0.026260899999999962,1
56444,76,PRKACA,1.6653345369377348e-16,0.24623220000000004,1
56445,76,DNM2,-0.10999999999999999,-0.0429163,1
56446,76,RAP1GDS1,0.010000000000000009,0.05467100000000002,1
56447,76,NCOR1,0.8700000000000002,0.8753129,1
56448,76,NFKBIE,-0.31000000000000005,-0.105265,1
56449,76,DDX3X,0.31000000000000005,0.267602,1
56450,76,ELK4,0.03,0.0267693,1
56451,76,MLLT6,0.07999999999999999,0.0611139,1
56452,76,SRSF2,-3.1799999999999997,-0.7247126,1
56453,76,CTNNA1,0.17,0.129654,1
56454,76,RBM10,0.12000000000000001,0.09399160000000001,1
56455,76,PTPRC,0.19,0.2007929,1
56456,76,HSP90AA1,1.0500000000000003,0.7623002,1
56457,76,NSD1,0.25,0.2035222,0
56458,76,DICER1,0.22,0.2301054,0
56459,76,BIRC6,0.08000000000000002,0.0678341,0
56460,76,SDHC,0.31000000000000005,0.21015849999999997,0
56461,76,TFG,0.32,0.17939760000000002,0
56462,76,MAP2K2,0.27,0.2186421,0
56463,76,TFRC,-0.25,-0.1226924,0
56464,76,CREB1,0.8400000000000003,0.6312578999999999,0
56465,76,POLG,0.03,0.0118485,0
56466,76,SETD2,0.7200000000000002,0.6001691000000001,0
56467,76,NAB2,-0.33,-0.109147,0
56468,76,HIF1A,1.5500000000000007,1.1114345,0
56469,76,FLCN,0.04,0.0394419,0
56470,76,MAP2K4,-0.04000000000000001,0.062480400000000005,0
56471,76,CNOT3,-0.06999999999999999,-0.021749699999999993,0
56472,76,CIITA,0.1,0.0636685,0
56473,76,LSM14A,0.09,0.0825717,0
56474,76,AKAP9,-0.09,-0.025061800000000002,0
56475,76,MSN,-0.38,-0.08941600000000001,0
56476,76,BCR,0.06999999999999999,0.05793299999999999,0
56477,76,TRRAP,0.010000000000000038,0.10908649999999999,0
56478,76,PPP6C,-0.12,-0.0641974,0
56479,76,NCOA4,-0.12,-0.0661893,0
56480,76,BCL9,0.15,0.1144147,0
56481,76,PRCC,0.05,0.0332471,0
56482,76,LARP4B,0.0,0.0,0
56483,76,CHD2,0.01,0.0074286,0
56484,76,ASXL1,0.5299999999999999,0.4716239,0
56485,76,SMARCA4,1.3200000000000007,0.9526355,0
56486,76,ERC1,-0.02,-0.014885800000000001,0
56487,76,DCTN1,-0.30999999999999994,-0.1425014,0
56488,76,PIK3R1,1.3300000000000007,0.9382529000000003,0
56489,76,EED,-0.03000000000000002,0.035284699999999995,0
56490,76,CNBP,0.0,0.0,0
56491,76,SGK1,0.32999999999999996,0.19493250000000004,0
56492,76,MLLT10,-0.09999999999999998,-0.0265204,0
56493,76,BRD4,0.8900000000000005,0.6679541999999999,0
56494,76,RANBP2,0.17,0.20944469999999998,0
56495,76,FBXO11,0.04,0.0313092,0
56496,76,PML,0.4,0.27872230000000003,0
56497,76,AKT2,0.9500000000000003,0.6498402000000001,0
56498,76,CEP89,0.08,0.050220200000000007,0
56499,76,LZTR1,0.06,0.07237539999999998,0
56500,76,YWHAE,0.20000000000000004,0.12697160000000002,0
56501,76,DNAJB1,-0.05,-0.0068741000000000045,0
56502,76,PRDM2,0.02,0.014764700000000002,0
56503,76,TPM4,0.44,0.2897758,0
56504,76,CREBBP,1.680000000000001,1.3763267000000003,0
56505,76,PMS2,0.6100000000000001,0.5550602,0
56506,76,DDR2,0.049999999999999996,0.031437200000000005,0
56507,76,FANCA,0.32,0.2646248,0
56508,76,PDE4DIP,0.05,0.032043,0
56509,76,USP8,-0.11,-0.053537900000000006,0
56510,76,MYH9,-0.3,-0.0615033,0
56511,76,MYC,-0.8400000000000001,-0.2855653999999999,0
56512,76,NBN,0.51,0.38039419999999996,0
56513,76,CCND3,-0.059999999999999984,0.0173808,0
56514,76,TRIP11,-0.13,-0.0875523,0
56515,76,CNTRL,-0.060000000000000005,-0.0396571,0
56516,76,PIK3CA,1.570000000000001,1.124617,0
56517,76,DDX5,0.41999999999999993,0.33431310000000003,0
56518,76,PICALM,0.010000000000000002,0.012290200000000005,0
56519,76,RARA,0.35999999999999993,0.2757398,0
56520,76,DDX6,-0.059999999999999984,0.05409720000000001,0
56521,76,COL1A1,0.08,0.10005960000000003,0
56522,76,VHL,0.16999999999999998,0.1230991,0
56523,76,MAPK1,1.5800000000000007,0.9936121000000007,0
56524,76,SRC,-0.8200000000000001,-0.08439610000000003,0
56525,76,NFE2L2,0.24999999999999994,0.1668069,0
56526,76,MITF,-0.37,-0.06626200000000002,0
56527,76,SMAD3,1.2100000000000009,0.9279772000000001,0
56528,76,RBM15,0.060000000000000005,0.05208019999999999,0
56529,76,ATR,0.7000000000000003,0.6150666,0
56530,76,EPAS1,0.41,0.35348569999999996,0
56531,76,TPM3,0.24999999999999997,0.17527890000000002,0
56532,76,RPL10,0.09000000000000001,0.10477220000000001,0
56533,76,STAG1,0.12000000000000001,0.13046500000000003,0
56534,76,SBDS,-0.06999999999999999,-0.0218555,0
56535,76,KMT2D,0.9300000000000004,0.6794868000000001,0
56536,76,MED12,0.27999999999999997,0.21702259999999998,0
56537,76,BCLAF1,-0.05,0.0155648,0
56538,76,ASPSCR1,-3.469446951953614e-18,0.007526100000000004,0
56539,76,CDK12,0.29000000000000004,0.21128550000000001,0
56540,76,EWSR1,0.3899999999999999,0.31614479999999995,0
56541,76,NDRG1,-0.030000000000000002,-0.007684699999999999,0
56542,76,PSIP1,-0.18000000000000002,-0.0816785,0
56543,76,TRIM33,0.05,0.0498097,0
56544,76,MTOR,1.2400000000000004,0.8824676,0
56545,76,ARHGAP35,0.13,0.1340282,0
56546,76,POT1,-0.019999999999999993,0.0073554000000000015,0
56547,76,EXT1,0.11,0.0708224,0
56548,76,IL6ST,0.26,0.1943944,0
56549,76,IDH2,0.03,0.07551719999999999,0
56550,76,SMARCE1,0.4,0.23726599999999998,0
56551,76,CRTC3,0.09,0.0642069,0
56552,76,TSC1,0.33,0.29056160000000003,0
56553,76,BCOR,-0.15,-0.004635999999999998,0
56554,76,SDHA,0.23,0.1430265,0
56555,76,EP300,1.670000000000001,1.2969584,0
56556,76,HNRNPA2B1,0.19,0.1941671,0
56557,76,CLIP1,-0.09000000000000001,-0.04636910000000001,0
56558,76,PATZ1,-0.58,-0.1389281,0
56559,76,FUBP1,-0.18000000000000002,-0.031179400000000006,0
56560,76,HLA-A,-0.17000000000000004,-0.003329600000000016,0
56561,76,CCNC,-0.039999999999999994,-0.0119176,0
56562,76,RPN1,-0.32000000000000006,-0.0677886,0
56563,76,TCF7L2,0.02999999999999994,0.07979519999999997,0
56564,76,CANT1,0.12,0.0696428,0
56565,76,RPL5,-0.67,-0.17024749999999994,0
56566,76,CCDC6,-0.08,0.016175499999999975,0
56567,76,NCKIPSD,0.04,0.0224764,0
56568,76,SMARCD1,0.43,0.2955251,0
56569,76,BCL10,0.0,0.028641500000000004,0
56570,76,MAX,0.010000000000000004,0.020591400000000003,0
56571,76,HERPUD1,0.01,0.0039966,0
56572,76,RAC1,-0.05000000000000002,0.0762475,0
56573,76,FLNA,0.06,0.084562,0
56574,76,TFE3,-0.45000000000000007,-0.162833,0
56575,76,NCOR2,0.7300000000000002,0.5457086000000001,0
56576,76,PRPF40B,-0.05,-0.0251204,0
56577,76,BCL3,-0.049999999999999996,-0.012177999999999998,0
56578,76,TFPT,-0.25,-0.089335,0
56579,76,MLH1,0.8500000000000001,0.7135947,0
56580,76,ARHGAP5,0.13,0.1073666,0
56581,76,CIC,0.0,0.0,0
56582,76,LYN,0.8400000000000003,0.5797028000000002,0
56583,76,TCF12,0.31,0.23214819999999997,0
56584,76,KLF6,0.04,0.023565199999999998,0
56585,76,KMT2C,1.0700000000000003,0.8297786999999999,0
56586,76,PIM1,-0.2,-0.0679738,0
56587,76,CCND1,1.3400000000000007,0.8100534999999999,0
56588,76,MLLT1,-1.03,-0.3014836,0
56589,76,MEN1,0.05,0.0660249,0
56590,76,CUL3,0.16,0.147685,0
56591,76,RB1,0.6699999999999999,0.5089785,0
56592,76,LPP,-0.05,-0.012822500000000008,0
56593,76,BUB1B,-0.17,-0.08280899999999998,0
56594,76,SMAD4,1.3700000000000008,1.0351409000000003,0
56595,76,FGFR1,0.23,0.1613191,0
56596,76,TMSB4X,0.04,0.0305628,0
56597,76,CDK4,0.62,0.41874019999999984,0
56598,76,MSI2,0.01,0.0070397,0
56599,76,MSH6,0.9400000000000004,0.7309414999999999,0
56600,76,BRAF,1.0100000000000005,0.8818687,0
56601,76,TCEA1,-0.09999999999999998,-0.017753400000000006,0
56602,76,TNFAIP3,0.13,0.11579489999999999,0
56603,76,RABEP1,-0.010000000000000002,-0.0080304,0
56604,76,GMPS,-0.07,-0.039394500000000006,0
56605,76,MDM2,1.2200000000000006,0.8226666000000001,0
56606,76,NSD2,0.18,0.12393620000000001,0
56607,76,CASP8,0.030000000000000006,0.19316200000000003,0
56608,76,PER1,-0.21000000000000002,-0.05776959999999999,0
56609,76,UBR5,-0.06999999999999998,-0.033214900000000006,0
56610,76,EIF3E,-0.019999999999999976,0.0725799,0
56611,76,RFWD3,0.02,0.0213946,0
56612,76,BRD3,0.08999999999999998,0.0842911,0
56613,76,PAFAH1B2,0.02,0.0167726,0
56614,76,EXT2,0.009999999999999995,0.009807399999999994,0
56615,76,PLCG1,0.49000000000000005,0.35074750000000005,0
56616,76,SF3B1,-0.27999999999999997,-0.11131469999999999,0
56617,76,ARHGEF10L,0.02,0.010743,0
56618,76,NFATC2,0.18,0.12470349999999998,0
56619,76,SDHD,0.25,0.1408884,0
56620,76,PABPC1,-0.94,-0.22145580000000004,0
56621,76,POLD1,-0.38000000000000006,-0.08930420000000001,0
56622,76,CALR,0.03000000000000001,0.029986099999999998,0
56623,76,PIK3CB,0.35000000000000003,0.35587120000000005,0
56624,76,PPM1D,0.18000000000000002,0.1379669,0
56625,76,ATRX,0.9200000000000006,0.7420306999999999,0
56626,76,DGCR8,0.16,0.10238939999999999,0
56627,76,DDX10,0.14,0.08920700000000001,0
56628,76,DROSHA,0.42000000000000004,0.30686119999999995,0
56629,76,TNFRSF14,-0.15,-0.0509535,0
56630,76,BCL9L,0.15,0.10411540000000002,0
56631,76,QKI,-0.08,-0.04984210000000001,0
56632,76,BAZ1A,0.01,0.0069823,0
56633,76,CHD4,0.12000000000000001,0.1162513,0
56634,76,NSD3,0.07999999999999999,0.068915,0
56635,76,NT5C2,0.16,0.09697130000000001,0
56636,76,CCNB1IP1,0.1,0.04743,0
56637,76,PCBP1,-0.76,-0.22838549999999996,0
56638,76,RALGDS,0.14,0.1060027,0
56639,76,ARHGEF12,-0.030000000000000006,0.002496399999999994,0
56640,76,HSP90AB1,1.0200000000000005,0.6837265999999999,0
56641,76,FOXO3,1.2900000000000005,0.8750725000000001,0
56642,76,HIP1,-0.02,-0.0127732,0
56643,76,CDC73,-0.17,-0.02874680000000001,0
56644,76,NIN,0.019999999999999997,0.015733200000000003,0
56645,76,MDM4,0.13,0.16494430000000002,0
56646,76,COL3A1,0.13999999999999999,0.127914,0
56647,76,CTNND1,0.13,0.14290750000000002,0
56648,76,SPOP,0.00999999999999999,0.029766199999999993,0
56649,76,TMEM127,0.04000000000000001,0.044023,0
56650,76,CREB3L2,0.12000000000000001,0.0705681,0
56651,76,MSH2,0.9000000000000004,0.7064817999999998,0
56652,76,FNBP1,0.01,0.0121471,0
56653,76,ATF1,0.010000000000000009,0.008706799999999999,0
56654,76,EIF1AX,-0.44,-0.2101044,0
56655,76,PMS1,0.44,0.3408203,0
56656,76,DEK,0.12000000000000001,0.10202840000000002,0
56657,76,ERBB2,1.0600000000000005,0.6775765000000002,0
56658,76,AKT1,1.0300000000000005,0.6504310999999999,0
56659,76,CHEK2,0.28,0.34503760000000006,0
56660,76,SDHB,0.4,0.2543844,0
56661,76,NCOA1,0.45,0.3103521,0
56662,76,CHIC2,0.05,0.028543300000000008,0
56663,76,RUNX1,0.7100000000000004,0.7865990000000003,0
56664,76,STAT6,0.35,0.23760459999999997,0
56665,76,FH,-0.18000000000000005,-0.06128100000000001,0
56666,76,AKT3,1.0100000000000005,0.6867892,0
56667,76,GNAS,0.24,0.147366,0
56668,76,CTNNB1,1.520000000000001,1.0245906,0
56669,76,NONO,0.06999999999999999,0.051696900000000004,0
56670,76,SMARCB1,0.9000000000000004,0.6446572,0
56671,76,PRKAR1A,0.14,0.1251006,0
56672,76,ITGAV,0.030000000000000002,0.0321308,0
56673,76,SS18,0.39,0.25079959999999996,0
56674,76,MAP2K1,1.1200000000000006,0.7162110999999999,0
56675,76,SIRPA,-0.02,-0.010446500000000001,0
56676,76,PPFIBP1,0.38,0.25852169999999997,0
56677,76,RPL22,-0.19999999999999998,0.06886319999999999,0
56678,76,CYLD,0.30000000000000004,0.2306681,0
56679,76,ARID1B,0.6399999999999999,0.4606969,0
56680,76,SETDB1,0.3,0.2145275,0
56681,76,AFDN,-0.3,-0.0993008,0
56682,76,ZRSR2,0.32000000000000006,0.22707510000000003,0
56683,76,PBRM1,0.9400000000000004,0.6661876999999998,0
56684,76,XPC,0.6200000000000001,0.42427200000000004,0
56685,76,ASXL2,0.24,0.1616432,0
56686,76,TRIM24,-0.22000000000000003,-0.0906377,0
56687,76,SFPQ,-0.12,0.0006400999999999872,0
56688,76,NCOA2,0.53,0.3648144,0
56689,76,FOXO4,0.30000000000000004,0.20372479999999998,0
56690,76,LEF1,0.05000000000000002,0.06680749999999999,0
56691,76,B2M,-0.5200000000000001,-0.20100730000000006,0
56692,76,DDIT3,-0.33999999999999997,-0.08935979999999999,0
56693,76,BCL6,0.5900000000000001,0.4147583,0
56694,76,KRAS,-1.09,-0.27257859999999995,0
56695,76,FAT1,0.06000000000000001,0.0556574,0
56696,76,ABL2,0.09000000000000001,0.0669557,0
56697,76,NF1,0.8000000000000003,0.6590564000000001,0
56698,76,BTG1,-0.03,-0.0149937,0
56699,76,EIF4A2,0.14,0.1094145,0
56700,76,SET,0.15000000000000002,0.13053990000000001,0
56701,76,EPS15,0.03,0.03107610000000001,0
56702,76,RNF213,0.04,0.0313737,0
56703,76,CTCF,0.8300000000000003,0.5819184999999999,0
56704,76,WDCP,0.1,0.07684690000000002,0
56705,76,KAT7,0.09999999999999999,0.07755959999999999,0
56706,76,KDM5C,0.15999999999999998,0.14371309999999998,0
56707,76,TGFBR2,0.29000000000000004,0.20705989999999996,0
56708,76,ATM,1.4900000000000009,1.1555096000000002,0
56709,76,NUMA1,-0.030000000000000006,-0.009314000000000003,0
56710,76,STAT3,1.4900000000000009,1.1705674,0
56711,76,SUB1,-0.19999999999999998,-0.076289,0
56712,76,NUP98,0.10000000000000002,0.11798220000000001,0
56713,76,ELL,0.010000000000000004,0.02472830000000001,0
56714,76,MAP3K1,0.42,0.3212651,0
56715,76,MALT1,0.13,0.14066889999999999,0
56716,76,XPO1,0.30000000000000004,0.24728019999999998,0
56717,76,SETD1B,0.16,0.11413089999999998,0
56718,76,ETV6,-0.11,-0.0309703,0
56719,76,TBL1XR1,0.19,0.12331720000000002,0
56720,76,NUP214,-0.00999999999999999,0.0948968,0
56721,76,TPR,0.1,0.10577999999999996,0
56722,76,ATIC,0.030000000000000006,0.0317531,0
56723,76,NACA,0.23,0.1541219,0
56724,76,MYO5A,0.009999999999999998,0.0084925,0
56725,76,SMC1A,0.6000000000000002,0.5031695000000002,0
56726,76,LASP1,-0.21,-0.11999180000000001,0
56727,76,ERCC5,0.48,0.31533150000000004,0
56728,76,JUN,-0.030000000000000034,0.18534340000000005,0
56729,76,THRAP3,0.09000000000000001,0.07307770000000001,0
56730,76,STAG2,0.49,0.3696468,0
56731,76,RAF1,1.0800000000000003,0.7690022999999999,0
56732,76,ERCC3,0.49000000000000005,0.4044649,0
56733,76,SMAD2,0.4900000000000002,0.46794479999999994,0
56734,76,TAF15,0.13,0.1152633,0
56735,76,ARNT,0.2899999999999999,0.2343414,0
56736,76,CLTC,-0.48,-0.2574559,0
56737,76,IKBKB,0.5200000000000001,0.43806759999999995,0
56738,76,IDH1,-0.42000000000000004,-0.1130883,0
56739,76,SND1,-0.019999999999999997,-0.0111119,0
56740,76,KNSTRN,0.03,0.023973,0
56741,76,RHOA,-1.42,-0.3672791,0
56742,76,PALB2,0.56,0.47710820000000004,0
56743,76,ARID2,0.7100000000000002,0.5271844000000001,0
56744,76,EZR,-0.030000000000000002,0.027912600000000003,0
56745,76,TP53,-1.3099999999999998,-0.25583210000000006,0
56746,76,ARAF,0.4,0.22390959999999996,0
56747,76,KIF5B,0.43999999999999995,0.31799970000000005,0
56748,76,KAT6A,0.16999999999999998,0.1750278,0
56749,76,KTN1,-0.09000000000000001,-0.026065700000000004,0
56750,76,GOLGA5,-0.13,-0.08523639999999999,0
56751,76,KDM5A,0.26,0.22798950000000004,0
56752,76,RAD21,0.46000000000000013,0.3547011,0
56753,76,GNAQ,0.14999999999999997,0.10676319999999997,0
56754,76,CAMTA1,0.02,0.012039200000000002,0
56755,76,ERCC2,0.5900000000000001,0.4220201,0
56756,76,EZH2,1.8700000000000012,1.2101453999999998,0
56757,76,TOP1,0.09000000000000001,0.08333299999999998,0
56758,76,SRSF3,-0.37,-0.11317080000000002,0
56759,76,NPM1,-0.12999999999999995,0.10831860000000003,0
56760,76,BAX,-0.48,-0.1513989,0
56761,76,NOTCH2,0.29000000000000004,0.226655,0
56762,76,TRAF7,0.03,0.0226182,0
56763,76,KDM6A,0.8300000000000002,0.7074232,0
56764,76,SPEN,0.09999999999999999,0.0749204,0
56765,76,TRIM27,-0.4,-0.14380759999999998,0
56766,76,CRTC1,0.12000000000000001,0.0920772,0
56767,76,EML4,0.22999999999999993,0.20024099999999997,0
56768,76,USP9X,-0.06999999999999999,-0.0445695,0
56769,76,PTPRK,0.01,0.0071766,0
56770,76,CD74,-0.18,-0.0320558,0
56771,76,CBL,0.6300000000000001,0.4671334,0
56772,76,ZNF384,-0.08,-0.0412956,0
56773,76,NOTCH1,1.0200000000000005,0.7438108000000001,0
56774,76,COX6C,-0.13,-0.0574136,0
56775,76,CHCHD7,0.03,0.021019799999999998,0
56776,76,HMGA1,-0.14,-0.061155100000000004,0
56777,76,PTEN,1.330000000000001,1.1156949000000005,0
56778,76,FIP1L1,-0.04,-0.0222692,0
56779,76,JAK1,0.8100000000000003,0.6215006,0
56780,76,ZMYM2,-0.08000000000000002,-0.054884300000000004,0
56781,76,SUZ12,0.78,0.5626043,0
56782,76,FUS,-0.15000000000000008,0.13160439999999995,0
56783,76,BAP1,0.039999999999999994,0.051604699999999996,0
56784,76,ZCCHC8,-0.08,-0.021792,0
56785,76,CRNKL1,-0.06,-0.0333408,0
56786,76,RAD17,0.13,0.0941228,0
56787,76,ATP1A1,-0.009999999999999998,-0.003310399999999998,0
56788,76,DNMT3A,0.9100000000000004,0.6351709999999999,0
56789,76,FBXW7,1.0200000000000002,0.7767183999999998,0
56790,76,WWTR1,-0.06,-0.0292112,0
56791,76,CDKN1B,0.5,0.3049506,0
56792,76,KMT2A,0.4900000000000001,0.4002689,0
56793,76,PTPN11,0.9600000000000004,0.7195696000000001,0
56794,76,STAT5B,0.5900000000000002,0.4566399,0
56795,76,CUX1,-0.11000000000000001,-0.0725409,0
56796,76,ABI1,-0.38,-0.1248958,0
56797,76,BRCA1,1.5700000000000012,1.2598931999999998,0
56798,76,SH2B3,0.05,0.037258,0
56799,76,AFF4,0.09,0.07138889999999999,0
56800,76,NF2,0.05999999999999999,0.0923872,0
56801,76,LMNA,0.04000000000000001,0.04834160000000001,0
56802,76,TSC2,0.5700000000000001,0.4721831999999999,0
56803,76,GOLPH3,-0.11,-0.06858729999999999,0
56804,76,PCM1,-0.05,-0.03391759999999999,0
56805,76,PPP2R1A,-0.5800000000000001,-0.18018740000000005,0
56806,76,ARID1A,1.750000000000001,1.2413908999999999,0
56807,76,ABL1,0.06999999999999995,0.12708619999999995,0
56808,76,AFF1,0.23000000000000004,0.1882259,0
56809,76,DAXX,-0.3199999999999999,-0.08129930000000002,0
56810,76,CBFB,0.13999999999999999,0.10888210000000001,0
56811,76,CBLB,0.14,0.1081598,0
56812,76,POLR2A,-0.04000000000000001,0.1459386,0
56813,76,PRKACA,0.30000000000000004,0.24310269999999995,0
56814,76,DNM2,-0.15,-0.05539279999999999,0
56815,76,RAP1GDS1,-0.04000000000000001,-0.013849700000000003,0
56816,76,NCOR1,0.81,0.7296422,0
56817,76,NFKBIE,-0.27,-0.09032029999999999,0
56818,76,DDX3X,0.16999999999999998,0.1505708,0
56819,76,ELK4,0.02,0.014500800000000001,0
56820,76,MLLT6,0.13,0.10252349999999999,0
56821,76,SRSF2,-1.38,-0.3779684,0
56822,76,CTNNA1,0.1,0.0741528,0
56823,76,RBM10,0.2,0.13920870000000002,0
56824,76,PTPRC,0.11000000000000001,0.11490660000000001,0
56825,76,HSP90AA1,1.0600000000000005,0.6862345999999999,0
56826,77,NSD1,0.37000000000000005,0.3237479,1
56827,77,DICER1,0.30000000000000004,0.3255104999999999,1
56828,77,BIRC6,0.15,0.14688389999999998,1
56829,77,SDHC,0.43999999999999995,0.3334835,1
56830,77,TFG,0.14,0.0927617,1
56831,77,MAP2K2,0.25,0.1976191,1
56832,77,TFRC,-0.30000000000000004,-0.1057508,1
56833,77,CREB1,0.9800000000000005,0.8382868000000002,1
56834,77,POLG,-0.02,-0.0056114,1
56835,77,SETD2,0.6700000000000004,0.6334907000000001,1
56836,77,NAB2,-0.63,-0.15854810000000003,1
56837,77,HIF1A,1.7600000000000011,1.3872711999999996,1
56838,77,FLCN,-0.060000000000000005,0.02573100000000001,1
56839,77,MAP2K4,0.12000000000000002,0.1536613,1
56840,77,CNOT3,0.07,0.06782010000000001,1
56841,77,CIITA,0.06999999999999999,0.044062699999999996,1
56842,77,LSM14A,0.16,0.1323858,1
56843,77,AKAP9,-0.020000000000000004,0.032149999999999984,1
56844,77,MSN,-0.26999999999999996,-0.07349139999999998,1
56845,77,BCR,-0.09000000000000001,0.045054899999999995,1
56846,77,TRRAP,0.020000000000000007,0.22766230000000004,1
56847,77,PPP6C,-0.18,-0.0726772,1
56848,77,NCOA4,-0.14,-0.0317172,1
56849,77,BCL9,0.19999999999999998,0.16468399999999997,1
56850,77,PRCC,0.019999999999999983,0.018213499999999987,1
56851,77,LARP4B,0.03,0.022680299999999997,1
56852,77,CHD2,0.03,0.027972,1
56853,77,ASXL1,0.19999999999999998,0.3033866999999999,1
56854,77,SMARCA4,1.9600000000000013,1.5701114999999997,1
56855,77,ERC1,-0.019999999999999997,-0.0139765,1
56856,77,DCTN1,0.059999999999999984,0.0774542,1
56857,77,PIK3R1,1.1600000000000006,0.9861672000000002,1
56858,77,EED,0.25,0.16996249999999996,1
56859,77,CNBP,0.01,0.005878,1
56860,77,SGK1,0.48,0.33012139999999995,1
56861,77,MLLT10,-0.29000000000000004,-0.17490689999999998,1
56862,77,BRD4,0.8200000000000003,0.8129178999999997,1
56863,77,RANBP2,0.36,0.33841879999999996,1
56864,77,FBXO11,0.08,0.0636019,1
56865,77,PML,0.33999999999999997,0.24183220000000002,1
56866,77,AKT2,1.0300000000000002,0.7952937000000001,1
56867,77,CEP89,0.05,0.0315785,1
56868,77,LZTR1,0.039999999999999994,0.095307,1
56869,77,YWHAE,0.27,0.1747502,1
56870,77,DNAJB1,-0.07,-0.0160152,1
56871,77,PRDM2,0.08,0.0681419,1
56872,77,TPM4,0.54,0.3953095000000001,1
56873,77,CREBBP,1.9000000000000012,1.6064004,1
56874,77,PMS2,0.73,0.6699344,1
56875,77,DDR2,0.030000000000000006,0.0202401,1
56876,77,FANCA,0.4000000000000001,0.3433173,1
56877,77,PDE4DIP,0.08,0.06626299999999999,1
56878,77,USP8,-0.08,-0.03324560000000001,1
56879,77,MYH9,-0.45000000000000007,-0.11036619999999997,1
56880,77,MYC,-1.1800000000000002,-0.23857420000000001,1
56881,77,NBN,0.6500000000000001,0.5441418,1
56882,77,CCND3,-0.12000000000000004,-0.0179739,1
56883,77,TRIP11,-0.06,-0.04454570000000001,1
56884,77,CNTRL,-0.060000000000000005,-0.0509633,1
56885,77,PIK3CA,1.4700000000000009,1.2587480000000002,1
56886,77,DDX5,0.16999999999999998,0.2483607000000001,1
56887,77,PICALM,0.019999999999999997,0.023463999999999995,1
56888,77,RARA,-0.3400000000000001,-0.04586290000000002,1
56889,77,DDX6,-0.039999999999999994,0.0930444,1
56890,77,COL1A1,0.21,0.18695809999999996,1
56891,77,VHL,0.33000000000000007,0.24983490000000003,1
56892,77,MAPK1,1.860000000000001,1.4013712999999994,1
56893,77,SRC,0.36999999999999994,0.38006479999999987,1
56894,77,NFE2L2,0.38,0.2652134,1
56895,77,MITF,-0.14,-0.006538099999999996,1
56896,77,SMAD3,1.0800000000000007,1.1356023,1
56897,77,RBM15,0.13,0.1125148,1
56898,77,ATR,0.8200000000000003,0.6897096,1
56899,77,EPAS1,0.4099999999999999,0.413675,1
56900,77,TPM3,0.17000000000000007,0.1456534,1
56901,77,RPL10,0.06999999999999999,0.1040258,1
56902,77,STAG1,0.18,0.1780228,1
56903,77,SBDS,-0.08,-0.0255837,1
56904,77,KMT2D,1.0400000000000003,0.8611964000000002,1
56905,77,MED12,0.38000000000000006,0.3143864999999999,1
56906,77,BCLAF1,-0.03,0.0406575,1
56907,77,ASPSCR1,-0.010000000000000016,0.004743399999999991,1
56908,77,CDK12,0.56,0.4573655,1
56909,77,EWSR1,0.09,0.24093409999999993,1
56910,77,NDRG1,-0.09,-0.0202226,1
56911,77,PSIP1,0.11999999999999998,0.0962839,1
56912,77,TRIM33,0.16,0.13790410000000003,1
56913,77,MTOR,0.9400000000000004,0.8094319999999999,1
56914,77,ARHGAP35,0.17,0.1532605,1
56915,77,POT1,0.009999999999999998,0.023075699999999998,1
56916,77,EXT1,0.11,0.0851257,1
56917,77,IL6ST,0.34,0.29592060000000003,1
56918,77,IDH2,0.1,0.0927149,1
56919,77,SMARCE1,0.39,0.26237889999999997,1
56920,77,CRTC3,0.09,0.07512329999999999,1
56921,77,TSC1,0.27999999999999997,0.3096932,1
56922,77,BCOR,-0.13999999999999999,0.024532599999999995,1
56923,77,SDHA,0.26,0.2242111,1
56924,77,EP300,2.4499999999999997,2.1300048,1
56925,77,HNRNPA2B1,0.52,0.37023599999999995,1
56926,77,CLIP1,-0.13999999999999999,-0.06912390000000002,1
56927,77,PATZ1,-0.6000000000000001,-0.153058,1
56928,77,FUBP1,-0.19,-0.031709799999999996,1
56929,77,HLA-A,-0.10999999999999997,0.0152108,1
56930,77,CCNC,-0.14,-0.0667327,1
56931,77,RPN1,-0.17,-0.06582160000000001,1
56932,77,TCF7L2,0.13999999999999999,0.15990549999999995,1
56933,77,CANT1,0.05,0.022672400000000002,1
56934,77,RPL5,-0.55,-0.1560284,1
56935,77,CCDC6,0.08,0.09605830000000001,1
56936,77,NCKIPSD,-0.05,-0.009462700000000004,1
56937,77,SMARCD1,0.47000000000000003,0.38314000000000004,1
56938,77,BCL10,-0.010000000000000002,0.059972,1
56939,77,MAX,0.06999999999999999,0.1110279,1
56940,77,HERPUD1,-0.05,-0.011668000000000001,1
56941,77,RAC1,-0.05999999999999998,0.10433189999999999,1
56942,77,FLNA,0.12,0.10045919999999998,1
56943,77,TFE3,-0.9900000000000001,-0.30140639999999996,1
56944,77,NCOR2,0.5800000000000002,0.5092669999999999,1
56945,77,PRPF40B,0.010000000000000002,0.0203128,1
56946,77,BCL3,-0.07999999999999999,-0.020284499999999997,1
56947,77,TFPT,-0.4,-0.11569760000000001,1
56948,77,MLH1,0.7900000000000003,0.7412309999999999,1
56949,77,ARHGAP5,0.12,0.1158101,1
56950,77,CIC,0.01,0.0071333,1
56951,77,LYN,0.8300000000000001,0.640285,1
56952,77,TCF12,0.38000000000000006,0.3154677,1
56953,77,KLF6,0.07,0.0468508,1
56954,77,KMT2C,0.9900000000000004,0.8710861999999999,1
56955,77,PIM1,-0.11000000000000001,-0.012673899999999995,1
56956,77,CCND1,0.8900000000000001,0.6127976999999998,1
56957,77,MLLT1,-1.7100000000000004,-0.3887099,1
56958,77,MEN1,-0.13999999999999999,-0.04635570000000001,1
56959,77,CUL3,0.15,0.15485290000000002,1
56960,77,RB1,0.8300000000000003,0.6813669,1
56961,77,LPP,-0.13,-0.024340599999999997,1
56962,77,BUB1B,-0.19,-0.0531151,1
56963,77,SMAD4,1.3900000000000008,1.2254630000000002,1
56964,77,FGFR1,0.14,0.19642159999999997,1
56965,77,TMSB4X,0.03,0.0234252,1
56966,77,CDK4,1.1800000000000006,0.8286736999999998,1
56967,77,MSI2,0.01,0.0079625,1
56968,77,MSH6,1.0500000000000005,0.9027139000000003,1
56969,77,BRAF,1.4100000000000006,1.2353258999999999,1
56970,77,TCEA1,-0.19000000000000006,-0.0480989,1
56971,77,TNFAIP3,0.12000000000000001,0.1237443,1
56972,77,RABEP1,0.020000000000000004,0.016797199999999998,1
56973,77,GMPS,-0.05,-0.018845700000000007,1
56974,77,MDM2,1.3900000000000008,1.1037146000000002,1
56975,77,NSD2,0.25,0.20118899999999998,1
56976,77,CASP8,-0.38000000000000006,0.0487763,1
56977,77,PER1,-0.21,-0.08804130000000002,1
56978,77,UBR5,0.030000000000000002,0.05076,1
56979,77,EIF3E,-1.3877787807814457e-17,0.05345899999999999,1
56980,77,RFWD3,0.04,0.0395365,1
56981,77,BRD3,0.09000000000000001,0.0712064,1
56982,77,PAFAH1B2,0.03,0.0272064,1
56983,77,EXT2,0.009999999999999995,0.0160927,1
56984,77,PLCG1,0.48999999999999994,0.4292242999999999,1
56985,77,SF3B1,-0.5599999999999999,-0.24911619999999995,1
56986,77,ARHGEF10L,0.03,0.015961799999999998,1
56987,77,NFATC2,0.26,0.193581,1
56988,77,SDHD,0.32999999999999996,0.2512452,1
56989,77,PABPC1,-0.9299999999999999,-0.25642590000000004,1
56990,77,POLD1,-0.33999999999999997,-0.08569850000000001,1
56991,77,CALR,-0.05,0.04799669999999999,1
56992,77,PIK3CB,0.4900000000000001,0.4763363,1
56993,77,PPM1D,0.30000000000000004,0.2401116,1
56994,77,ATRX,1.0100000000000005,0.9031644999999999,1
56995,77,DGCR8,0.22000000000000003,0.1821146,1
56996,77,DDX10,0.21999999999999997,0.1708888,1
56997,77,DROSHA,0.5700000000000002,0.46852140000000003,1
56998,77,TNFRSF14,-0.19,-0.0690586,1
56999,77,BCL9L,0.13999999999999999,0.10474679999999999,1
57000,77,QKI,0.04,0.03144770000000001,1
57001,77,BAZ1A,0.01,0.0079904,1
57002,77,CHD4,0.42999999999999994,0.3991865,1
57003,77,NSD3,0.1,0.1204766,1
57004,77,NT5C2,0.17,0.0952364,1
57005,77,CCNB1IP1,0.16,0.0739928,1
57006,77,PCBP1,-1.38,-0.3188584,1
57007,77,RALGDS,-0.09999999999999999,0.013281500000000002,1
57008,77,ARHGEF12,-0.03,0.023604899999999995,1
57009,77,HSP90AB1,0.9700000000000002,0.6895495000000001,1
57010,77,FOXO3,1.5300000000000007,1.1701806,1
57011,77,HIP1,0.0,0.0033240000000000006,1
57012,77,CDC73,0.02,0.0707324,1
57013,77,NIN,3.469446951953614e-18,-0.002177599999999995,1
57014,77,MDM4,0.11,0.17134000000000002,1
57015,77,COL3A1,0.23,0.1906669,1
57016,77,CTNND1,0.10000000000000002,0.1456364,1
57017,77,SPOP,0.12000000000000001,0.1179185,1
57018,77,TMEM127,-0.030000000000000013,-3.3300000000010405e-05,1
57019,77,CREB3L2,0.12000000000000001,0.08006680000000001,1
57020,77,MSH2,1.0600000000000005,0.9153179,1
57021,77,FNBP1,0.020000000000000004,0.0402942,1
57022,77,ATF1,0.18000000000000002,0.1316832,1
57023,77,EIF1AX,-0.48999999999999994,-0.2017006,1
57024,77,PMS1,0.4699999999999999,0.382545,1
57025,77,DEK,0.17000000000000004,0.14738620000000002,1
57026,77,ERBB2,0.7100000000000003,0.47811480000000006,1
57027,77,AKT1,0.5500000000000002,0.4225077000000001,1
57028,77,CHEK2,0.7200000000000002,0.6888465,1
57029,77,SDHB,0.44000000000000006,0.3357533,1
57030,77,NCOA1,0.45999999999999996,0.37144179999999993,1
57031,77,CHIC2,0.1,0.0668436,1
57032,77,RUNX1,0.040000000000000036,0.6585509999999999,1
57033,77,STAT6,0.27,0.31411949999999994,1
57034,77,FH,0.01999999999999999,0.0682388,1
57035,77,AKT3,1.2100000000000006,0.9142383999999999,1
57036,77,GNAS,0.37,0.26679610000000004,1
57037,77,CTNNB1,1.570000000000001,1.1150040000000003,1
57038,77,NONO,0.25,0.25329609999999997,1
57039,77,SMARCB1,0.9900000000000002,0.8353573999999998,1
57040,77,PRKAR1A,0.2,0.1986282,1
57041,77,ITGAV,0.02000000000000001,0.06338850000000001,1
57042,77,SS18,0.41000000000000003,0.2937923,1
57043,77,MAP2K1,1.0200000000000005,0.6457016999999999,1
57044,77,SIRPA,-0.04,-0.010475000000000002,1
57045,77,PPFIBP1,0.42,0.31710049999999995,1
57046,77,RPL22,-0.35,0.08899010000000002,1
57047,77,CYLD,0.32,0.2655799,1
57048,77,ARID1B,0.8500000000000001,0.681621,1
57049,77,SETDB1,0.32,0.2405239,1
57050,77,AFDN,-0.38,-0.1126499,1
57051,77,ZRSR2,-0.22000000000000003,-0.1509809,1
57052,77,PBRM1,1.0200000000000005,0.7913833,1
57053,77,XPC,0.42000000000000004,0.282995,1
57054,77,ASXL2,0.30000000000000004,0.2306381,1
57055,77,TRIM24,-0.06000000000000001,0.0387245,1
57056,77,SFPQ,-0.8099999999999998,-0.31618690000000005,1
57057,77,NCOA2,0.53,0.4610364,1
57058,77,FOXO4,0.2899999999999999,0.1935109,1
57059,77,LEF1,0.3,0.2386403,1
57060,77,B2M,-0.28,-0.1262713,1
57061,77,DDIT3,-0.37,-0.10772900000000002,1
57062,77,BCL6,0.19,0.2229236,1
57063,77,KRAS,-0.55,-0.06825249999999994,1
57064,77,FAT1,0.12000000000000001,0.0930139,1
57065,77,ABL2,0.060000000000000005,0.0645069,1
57066,77,NF1,1.2200000000000009,1.0360922,1
57067,77,BTG1,-0.06,-0.0262476,1
57068,77,EIF4A2,0.05000000000000001,0.024933700000000003,1
57069,77,SET,0.16999999999999998,0.1391099,1
57070,77,EPS15,0.10999999999999999,0.0991305,1
57071,77,RNF213,0.06,0.0537874,1
57072,77,CTCF,1.1000000000000003,0.7882186999999999,1
57073,77,WDCP,0.23,0.14198580000000005,1
57074,77,KAT7,0.19,0.1658384,1
57075,77,KDM5C,0.22,0.21427190000000002,1
57076,77,TGFBR2,0.19999999999999993,0.2056766,1
57077,77,ATM,1.0200000000000007,1.0627742999999996,1
57078,77,NUMA1,0.05,0.05198439999999999,1
57079,77,STAT3,0.8200000000000004,0.8443457000000001,1
57080,77,SUB1,-0.07,-0.028031499999999997,1
57081,77,NUP98,0.30999999999999994,0.29769110000000004,1
57082,77,ELL,0.13,0.0734273,1
57083,77,MAP3K1,0.3999999999999999,0.3222338,1
57084,77,MALT1,0.12000000000000001,0.15010400000000002,1
57085,77,XPO1,0.6600000000000001,0.5408576999999999,1
57086,77,SETD1B,0.28,0.2335652,1
57087,77,ETV6,-0.029999999999999985,0.020862800000000015,1
57088,77,TBL1XR1,0.24999999999999997,0.18169520000000003,1
57089,77,NUP214,-0.30000000000000004,0.0866777,1
57090,77,TPR,0.16999999999999998,0.13761320000000002,1
57091,77,ATIC,0.19000000000000003,0.16483190000000003,1
57092,77,NACA,0.22,0.13552740000000002,1
57093,77,MYO5A,0.03,0.022592300000000003,1
57094,77,SMC1A,0.19,0.38894300000000004,1
57095,77,LASP1,-0.26,-0.1276023,1
57096,77,ERCC5,0.41000000000000003,0.2608853,1
57097,77,JUN,-0.46999999999999975,-0.033391399999999995,1
57098,77,THRAP3,0.1,0.07854459999999999,1
57099,77,STAG2,0.2700000000000001,0.30123859999999997,1
57100,77,RAF1,0.7900000000000003,0.6316972,1
57101,77,ERCC3,0.57,0.49354410000000004,1
57102,77,SMAD2,0.3600000000000002,0.49927649999999996,1
57103,77,TAF15,0.24000000000000005,0.20262650000000001,1
57104,77,ARNT,0.30000000000000004,0.27504059999999997,1
57105,77,CLTC,-0.7400000000000001,-0.3085048000000001,1
57106,77,IKBKB,0.4099999999999999,0.43382020000000004,1
57107,77,IDH1,-0.6300000000000001,-0.2036729,1
57108,77,SND1,-3.469446951953614e-18,0.015049099999999998,1
57109,77,KNSTRN,0.02,0.0156968,1
57110,77,RHOA,-3.2100000000000004,-0.7177177000000001,1
57111,77,PALB2,0.6500000000000001,0.5750923,1
57112,77,ARID2,0.8600000000000001,0.6848948,1
57113,77,EZR,-0.06,0.0024767000000000122,1
57114,77,TP53,-0.31999999999999984,0.2604463999999999,1
57115,77,ARAF,0.35000000000000003,0.2001573,1
57116,77,KIF5B,0.5700000000000002,0.4362491,1
57117,77,KAT6A,0.15000000000000002,0.2093079,1
57118,77,KTN1,-0.09999999999999999,-0.007152500000000003,1
57119,77,GOLGA5,-0.060000000000000005,-0.044376299999999994,1
57120,77,KDM5A,0.29000000000000004,0.28940520000000003,1
57121,77,RAD21,0.59,0.5031005,1
57122,77,GNAQ,0.28,0.21736550000000002,1
57123,77,CAMTA1,0.05,0.036796300000000004,1
57124,77,ERCC2,0.7100000000000001,0.5563641,1
57125,77,EZH2,1.7200000000000013,1.3511688999999998,1
57126,77,TOP1,0.27,0.23017330000000003,1
57127,77,SRSF3,-0.2999999999999998,-0.07547640000000003,1
57128,77,NPM1,0.10000000000000003,0.17820830000000001,1
57129,77,BAX,-0.8599999999999999,-0.1733576,1
57130,77,NOTCH2,0.3,0.25881550000000003,1
57131,77,TRAF7,0.02,0.014672400000000002,1
57132,77,KDM6A,0.8300000000000003,0.8733033,1
57133,77,SPEN,0.15,0.1208073,1
57134,77,TRIM27,-0.43000000000000005,-0.15312489999999998,1
57135,77,CRTC1,0.13,0.1007963,1
57136,77,EML4,0.26,0.3041130000000001,1
57137,77,USP9X,0.02,0.013829999999999999,1
57138,77,PTPRK,0.0,0.0,1
57139,77,CD74,-0.23,-0.015232999999999997,1
57140,77,CBL,0.6300000000000001,0.5729552000000001,1
57141,77,ZNF384,0.06,0.0488537,1
57142,77,NOTCH1,1.2000000000000006,0.8641232000000002,1
57143,77,COX6C,-0.18,-0.050384599999999995,1
57144,77,CHCHD7,0.02,0.012052199999999999,1
57145,77,HMGA1,-0.04,-0.010187100000000001,1
57146,77,PTEN,0.9300000000000008,1.0247641,1
57147,77,FIP1L1,-0.07,-0.016082799999999994,1
57148,77,JAK1,0.9300000000000002,0.7970663999999998,1
57149,77,ZMYM2,0.03,0.025003599999999997,1
57150,77,SUZ12,0.9900000000000004,0.7492182000000001,1
57151,77,FUS,-0.5599999999999999,-0.014924400000000004,1
57152,77,BAP1,-0.33,-0.1336295,1
57153,77,ZCCHC8,-0.06,-0.018303,1
57154,77,CRNKL1,0.05,0.040349300000000005,1
57155,77,RAD17,0.21,0.1617551,1
57156,77,ATP1A1,0.02,0.010431999999999999,1
57157,77,DNMT3A,0.9000000000000004,0.8230817999999999,1
57158,77,FBXW7,1.0200000000000002,0.8886661000000001,1
57159,77,WWTR1,-0.05,-0.007612799999999998,1
57160,77,CDKN1B,0.38999999999999996,0.33067830000000004,1
57161,77,KMT2A,0.31000000000000005,0.36586730000000006,1
57162,77,PTPN11,1.1900000000000006,0.9967027000000002,1
57163,77,STAT5B,0.6900000000000003,0.6002393,1
57164,77,CUX1,-0.06,-0.040465,1
57165,77,ABI1,-0.27,-0.0640851,1
57166,77,BRCA1,1.9600000000000013,1.6098367999999992,1
57167,77,SH2B3,0.08,0.045093999999999995,1
57168,77,AFF4,-0.30999999999999994,-0.1692301,1
57169,77,NF2,0.12000000000000001,0.1415894,1
57170,77,LMNA,0.020000000000000004,0.029839699999999993,1
57171,77,TSC2,0.7600000000000003,0.6449252,1
57172,77,GOLPH3,-0.060000000000000005,-0.04373210000000001,1
57173,77,PCM1,-0.04,-0.0333242,1
57174,77,PPP2R1A,-0.44999999999999984,-0.149889,1
57175,77,ARID1A,1.9400000000000013,1.6161060999999999,1
57176,77,ABL1,-0.4699999999999999,-0.05077169999999999,1
57177,77,AFF1,0.04000000000000001,0.07371340000000001,1
57178,77,DAXX,-0.7699999999999999,-0.20246299999999998,1
57179,77,CBFB,0.03,0.11649569999999998,1
57180,77,CBLB,0.18,0.1599355,1
57181,77,POLR2A,-0.37000000000000005,0.08062579999999998,1
57182,77,PRKACA,0.17000000000000012,0.2705234,1
57183,77,DNM2,-0.11000000000000001,-0.0399588,1
57184,77,RAP1GDS1,0.009999999999999981,0.0550144,1
57185,77,NCOR1,0.9800000000000002,0.9582971,1
57186,77,NFKBIE,-0.41000000000000003,-0.1111164,1
57187,77,DDX3X,0.32000000000000006,0.29238090000000005,1
57188,77,ELK4,0.03,0.0269868,1
57189,77,MLLT6,0.05,0.041054,1
57190,77,SRSF2,-3.4500000000000006,-0.7341149,1
57191,77,CTNNA1,0.15000000000000002,0.1160687,1
57192,77,RBM10,0.13,0.0933797,1
57193,77,PTPRC,0.14999999999999997,0.1738127,1
57194,77,HSP90AA1,0.9500000000000002,0.6847128999999995,1
57195,77,NSD1,0.22999999999999998,0.1894423,0
57196,77,DICER1,0.26,0.24548340000000007,0
57197,77,BIRC6,0.09000000000000001,0.0757774,0
57198,77,SDHC,0.26999999999999996,0.1859886,0
57199,77,TFG,0.32,0.17956180000000002,0
57200,77,MAP2K2,0.34,0.2516089,0
57201,77,TFRC,-0.21999999999999997,-0.10883599999999999,0
57202,77,CREB1,0.7500000000000002,0.5509142,0
57203,77,POLG,0.0,0.0,0
57204,77,SETD2,0.7200000000000002,0.6023756999999998,0
57205,77,NAB2,-0.3,-0.11208030000000001,0
57206,77,HIF1A,1.6500000000000008,1.1564280999999996,0
57207,77,FLCN,0.04,0.038277000000000005,0
57208,77,MAP2K4,-0.020000000000000004,0.0648957,0
57209,77,CNOT3,-0.010000000000000002,0.006532999999999997,0
57210,77,CIITA,0.09000000000000001,0.0551778,0
57211,77,LSM14A,0.08,0.0756319,0
57212,77,AKAP9,-0.06,-0.011607199999999998,0
57213,77,MSN,-0.43999999999999995,-0.10977390000000001,0
57214,77,BCR,0.039999999999999994,0.042305300000000004,0
57215,77,TRRAP,-0.009999999999999978,0.10935800000000001,0
57216,77,PPP6C,-0.16999999999999998,-0.08210040000000002,0
57217,77,NCOA4,-0.21,-0.11267930000000001,0
57218,77,BCL9,0.13999999999999999,0.1105067,0
57219,77,PRCC,0.05,0.0370812,0
57220,77,LARP4B,0.0,0.0,0
57221,77,CHD2,0.01,0.0077283000000000004,0
57222,77,ASXL1,0.47999999999999987,0.4622378000000001,0
57223,77,SMARCA4,1.2600000000000007,0.9791388,0
57224,77,ERC1,-0.01,-0.007716,0
57225,77,DCTN1,-0.23999999999999996,-0.10470480000000001,0
57226,77,PIK3R1,1.3000000000000007,0.9117980000000001,0
57227,77,EED,-0.010000000000000012,0.041539599999999996,0
57228,77,CNBP,0.02,0.0120258,0
57229,77,SGK1,0.3,0.17335270000000003,0
57230,77,MLLT10,-0.06999999999999999,-0.025180900000000003,0
57231,77,BRD4,1.0300000000000005,0.7774973999999998,0
57232,77,RANBP2,0.18000000000000005,0.21119120000000002,0
57233,77,FBXO11,0.060000000000000005,0.0475855,0
57234,77,PML,0.33000000000000007,0.23791210000000007,0
57235,77,AKT2,0.9900000000000003,0.6804813000000001,0
57236,77,CEP89,0.07,0.0424756,0
57237,77,LZTR1,0.05,0.0670269,0
57238,77,YWHAE,0.29999999999999993,0.19064880000000003,0
57239,77,DNAJB1,-0.02,4.230000000000553e-05,0
57240,77,PRDM2,0.03,0.0213449,0
57241,77,TPM4,0.46,0.28763659999999996,0
57242,77,CREBBP,1.8100000000000014,1.4611608000000003,0
57243,77,PMS2,0.6300000000000001,0.5712526,0
57244,77,DDR2,0.06,0.03959410000000001,0
57245,77,FANCA,0.35000000000000003,0.287688,0
57246,77,PDE4DIP,0.05,0.03275,0
57247,77,USP8,-0.09000000000000001,-0.0383913,0
57248,77,MYH9,-0.2,-0.0256008,0
57249,77,MYC,-0.6900000000000003,-0.2305457,0
57250,77,NBN,0.52,0.38496920000000007,0
57251,77,CCND3,-0.11000000000000001,0.0040663999999999995,0
57252,77,TRIP11,-0.12,-0.07747190000000001,0
57253,77,CNTRL,-0.07,-0.048135000000000004,0
57254,77,PIK3CA,1.510000000000001,1.0702145999999997,0
57255,77,DDX5,0.31000000000000005,0.27121740000000005,0
57256,77,PICALM,3.469446951953614e-18,0.0029184999999999975,0
57257,77,RARA,0.42000000000000004,0.29850170000000004,0
57258,77,DDX6,-0.039999999999999994,0.059330100000000004,0
57259,77,COL1A1,0.06,0.0965599,0
57260,77,VHL,0.18,0.13814710000000002,0
57261,77,MAPK1,1.650000000000001,1.0531574999999997,0
57262,77,SRC,-0.30000000000000004,0.0755873,0
57263,77,NFE2L2,0.22999999999999998,0.1611686,0
57264,77,MITF,-0.37,-0.08208379999999998,0
57265,77,SMAD3,1.2200000000000009,0.914812,0
57266,77,RBM15,0.07,0.06275950000000001,0
57267,77,ATR,0.6500000000000002,0.5556403000000001,0
57268,77,EPAS1,0.37,0.32614920000000003,0
57269,77,TPM3,0.16000000000000003,0.11352999999999998,0
57270,77,RPL10,0.15000000000000002,0.12692710000000001,0
57271,77,STAG1,0.13,0.12692379999999998,0
57272,77,SBDS,-0.04,-0.0160414,0
57273,77,KMT2D,0.9700000000000004,0.7094474,0
57274,77,MED12,0.3,0.23747520000000003,0
57275,77,BCLAF1,-0.01999999999999999,0.0398225,0
57276,77,ASPSCR1,0.04000000000000001,0.028907000000000006,0
57277,77,CDK12,0.26,0.1908347,0
57278,77,EWSR1,0.47,0.3674252,0
57279,77,NDRG1,-0.010000000000000004,-0.004325899999999999,0
57280,77,PSIP1,-0.11999999999999998,-0.0532053,0
57281,77,TRIM33,0.039999999999999994,0.041150000000000006,0
57282,77,MTOR,1.2800000000000007,0.9017287999999999,0
57283,77,ARHGAP35,0.15000000000000005,0.1464646,0
57284,77,POT1,-0.05,-0.008683500000000005,0
57285,77,EXT1,0.1,0.06260700000000001,0
57286,77,IL6ST,0.29000000000000004,0.220072,0
57287,77,IDH2,0.15000000000000002,0.12011190000000004,0
57288,77,SMARCE1,0.37,0.22173500000000002,0
57289,77,CRTC3,0.09,0.0694278,0
57290,77,TSC1,0.3,0.2744919,0
57291,77,BCOR,-0.15999999999999998,-0.012743100000000004,0
57292,77,SDHA,0.25,0.15227880000000002,0
57293,77,EP300,1.6900000000000015,1.3360119000000001,0
57294,77,HNRNPA2B1,0.23,0.2082191,0
57295,77,CLIP1,-0.11,-0.05839260000000001,0
57296,77,PATZ1,-0.41000000000000003,-0.1156414,0
57297,77,FUBP1,-0.18,-0.019864200000000005,0
57298,77,HLA-A,-0.18000000000000002,0.011466199999999982,0
57299,77,CCNC,-0.08,-0.031682800000000004,0
57300,77,RPN1,-0.26,-0.0711518,0
57301,77,TCF7L2,0.04999999999999999,0.09059160000000004,0
57302,77,CANT1,0.09,0.046435199999999996,0
57303,77,RPL5,-0.5700000000000001,-0.1495718,0
57304,77,CCDC6,0.020000000000000004,0.04767619999999998,0
57305,77,NCKIPSD,0.019999999999999997,0.011062899999999999,0
57306,77,SMARCD1,0.44999999999999996,0.3005246,0
57307,77,BCL10,-0.010000000000000002,0.022159799999999997,0
57308,77,MAX,-0.009999999999999995,0.013696499999999997,0
57309,77,HERPUD1,0.02,0.0085126,0
57310,77,RAC1,-0.05000000000000003,0.078296,0
57311,77,FLNA,0.10999999999999999,0.1012522,0
57312,77,TFE3,-0.4600000000000001,-0.1882552,0
57313,77,NCOR2,0.7200000000000002,0.5222572999999999,0
57314,77,PRPF40B,-0.02,-0.011650800000000001,0
57315,77,BCL3,-0.060000000000000005,-0.013215600000000001,0
57316,77,TFPT,-0.24,-0.08004140000000001,0
57317,77,MLH1,0.8500000000000001,0.691432,0
57318,77,ARHGAP5,0.12,0.1074119,0
57319,77,CIC,0.0,0.0,0
57320,77,LYN,0.8200000000000002,0.5834857000000001,0
57321,77,TCF12,0.29,0.21714200000000003,0
57322,77,KLF6,0.04,0.0225094,0
57323,77,KMT2C,1.0000000000000002,0.7851913,0
57324,77,PIM1,-0.18000000000000002,-0.06076970000000001,0
57325,77,CCND1,1.4000000000000008,0.8505762999999998,0
57326,77,MLLT1,-0.9199999999999999,-0.26862769999999997,0
57327,77,MEN1,0.020000000000000004,0.060631499999999984,0
57328,77,CUL3,0.13,0.1383597,0
57329,77,RB1,0.6699999999999999,0.49832760000000004,0
57330,77,LPP,-0.06,-0.0188429,0
57331,77,BUB1B,-0.14,-0.0693778,0
57332,77,SMAD4,1.4400000000000008,1.07523,0
57333,77,FGFR1,0.24,0.15338780000000002,0
57334,77,TMSB4X,0.04,0.030704,0
57335,77,CDK4,0.6200000000000001,0.4237542,0
57336,77,MSI2,0.01,0.007256200000000001,0
57337,77,MSH6,0.8200000000000004,0.6392123,0
57338,77,BRAF,1.0100000000000005,0.8890309000000001,0
57339,77,TCEA1,-0.06999999999999998,-0.0038235000000000005,0
57340,77,TNFAIP3,0.09999999999999999,0.10137469999999998,0
57341,77,RABEP1,0.010000000000000002,0.006449100000000006,0
57342,77,GMPS,-0.07,-0.041237300000000005,0
57343,77,MDM2,1.2500000000000007,0.8941186,0
57344,77,NSD2,0.2,0.1369705,0
57345,77,CASP8,0.02000000000000001,0.19198840000000003,0
57346,77,PER1,-0.21999999999999997,-0.0552119,0
57347,77,UBR5,-0.05999999999999999,-0.022683999999999996,0
57348,77,EIF3E,-0.049999999999999996,0.05853030000000002,0
57349,77,RFWD3,0.04,0.037296600000000006,0
57350,77,BRD3,0.12,0.0946765,0
57351,77,PAFAH1B2,0.02,0.015757399999999998,0
57352,77,EXT2,0.010000000000000009,0.006808800000000011,0
57353,77,PLCG1,0.5,0.36109270000000004,0
57354,77,SF3B1,-0.30999999999999994,-0.11398480000000001,0
57355,77,ARHGEF10L,0.02,0.010527,0
57356,77,NFATC2,0.2,0.1383877,0
57357,77,SDHD,0.26,0.14134639999999998,0
57358,77,PABPC1,-0.8500000000000001,-0.2130714,0
57359,77,POLD1,-0.19,-0.03741510000000001,0
57360,77,CALR,0.059999999999999984,0.048961,0
57361,77,PIK3CB,0.5700000000000001,0.4626834999999999,0
57362,77,PPM1D,0.19000000000000003,0.14294489999999999,0
57363,77,ATRX,0.9600000000000005,0.7695803000000001,0
57364,77,DGCR8,0.13999999999999999,0.0863934,0
57365,77,DDX10,0.14,0.0933188,0
57366,77,DROSHA,0.43000000000000005,0.31248659999999995,0
57367,77,TNFRSF14,-0.09,-0.0365229,0
57368,77,BCL9L,0.13999999999999999,0.0963484,0
57369,77,QKI,-0.09999999999999999,-0.0608961,0
57370,77,BAZ1A,0.02,0.0145874,0
57371,77,CHD4,0.17999999999999997,0.16213050000000004,0
57372,77,NSD3,0.049999999999999996,0.059067800000000004,0
57373,77,NT5C2,0.16,0.0876202,0
57374,77,CCNB1IP1,0.1,0.043038900000000005,0
57375,77,PCBP1,-0.79,-0.24146230000000002,0
57376,77,RALGDS,0.12,0.09001579999999999,0
57377,77,ARHGEF12,-0.019999999999999997,-0.0024978000000000014,0
57378,77,HSP90AB1,1.0600000000000003,0.6992049999999997,0
57379,77,FOXO3,1.3500000000000005,0.9364114000000002,0
57380,77,HIP1,-0.02,-0.012153400000000002,0
57381,77,CDC73,-0.10000000000000002,0.0015979999999999979,0
57382,77,NIN,0.03,0.020961099999999996,0
57383,77,MDM4,0.05999999999999997,0.1481608,0
57384,77,COL3A1,0.13,0.12394740000000001,0
57385,77,CTNND1,0.15000000000000002,0.15244710000000003,0
57386,77,SPOP,-0.05000000000000002,-0.005712600000000005,0
57387,77,TMEM127,0.03,0.044062800000000006,0
57388,77,CREB3L2,0.03,0.02054360000000001,0
57389,77,MSH2,0.8600000000000003,0.6390104,0
57390,77,FNBP1,-0.009999999999999998,-0.0014078000000000025,0
57391,77,ATF1,0.010000000000000009,0.0089092,0
57392,77,EIF1AX,-0.49000000000000005,-0.22007989999999997,0
57393,77,PMS1,0.5599999999999999,0.42560490000000006,0
57394,77,DEK,0.06000000000000002,0.0767543,0
57395,77,ERBB2,1.0800000000000005,0.6720017999999999,0
57396,77,AKT1,0.7700000000000005,0.4976702000000001,0
57397,77,CHEK2,0.39000000000000007,0.4019719,0
57398,77,SDHB,0.41000000000000003,0.2629201,0
57399,77,NCOA1,0.38000000000000006,0.2677354,0
57400,77,CHIC2,0.05,0.027591400000000006,0
57401,77,RUNX1,0.5500000000000002,0.6294528,0
57402,77,STAT6,0.29000000000000004,0.21832410000000002,0
57403,77,FH,-0.19,-0.06832400000000001,0
57404,77,AKT3,0.9400000000000004,0.6338247,0
57405,77,GNAS,0.28,0.17218879999999998,0
57406,77,CTNNB1,1.4300000000000006,0.9895893000000001,0
57407,77,NONO,0.15000000000000002,0.1011832,0
57408,77,SMARCB1,0.9300000000000004,0.6736408,0
57409,77,PRKAR1A,0.09999999999999999,0.09763179999999999,0
57410,77,ITGAV,0.030000000000000006,0.029569399999999992,0
57411,77,SS18,0.39,0.24737409999999999,0
57412,77,MAP2K1,1.0500000000000005,0.6434417000000001,0
57413,77,SIRPA,0.0,0.0003033999999999997,0
57414,77,PPFIBP1,0.39,0.2556653,0
57415,77,RPL22,-0.18000000000000002,0.0703362,0
57416,77,CYLD,0.28,0.2202389,0
57417,77,ARID1B,0.7,0.5103701,0
57418,77,SETDB1,0.34,0.240738,0
57419,77,AFDN,-0.33999999999999997,-0.12012870000000005,0
57420,77,ZRSR2,0.28,0.20619890000000002,0
57421,77,PBRM1,0.9500000000000004,0.6769117000000001,0
57422,77,XPC,0.5700000000000001,0.3784038,0
57423,77,ASXL2,0.21999999999999997,0.1435293,0
57424,77,TRIM24,-0.25,-0.10002640000000003,0
57425,77,SFPQ,-0.09000000000000002,0.016772399999999996,0
57426,77,NCOA2,0.5300000000000001,0.3670506000000001,0
57427,77,FOXO4,0.4800000000000001,0.30854339999999997,0
57428,77,LEF1,0.1,0.0929601,0
57429,77,B2M,-0.5600000000000002,-0.20058289999999995,0
57430,77,DDIT3,-0.38,-0.0906853,0
57431,77,BCL6,0.55,0.38165249999999995,0
57432,77,KRAS,-1.4600000000000004,-0.36213039999999996,0
57433,77,FAT1,0.019999999999999997,0.0363941,0
57434,77,ABL2,0.1,0.0721943,0
57435,77,NF1,0.7700000000000005,0.6571027999999999,0
57436,77,BTG1,-0.02,-0.010830200000000002,0
57437,77,EIF4A2,0.1,0.07914220000000001,0
57438,77,SET,0.18000000000000002,0.1506913,0
57439,77,EPS15,0.019999999999999997,0.0245111,0
57440,77,RNF213,0.03,0.022981799999999997,0
57441,77,CTCF,0.8700000000000003,0.6198534,0
57442,77,WDCP,0.14,0.09056249999999999,0
57443,77,KAT7,0.11999999999999998,0.09082910000000001,0
57444,77,KDM5C,0.17,0.1533037,0
57445,77,TGFBR2,0.13,0.10695290000000002,0
57446,77,ATM,1.5000000000000009,1.1529596999999998,0
57447,77,NUMA1,-0.019999999999999997,-0.003139999999999998,0
57448,77,STAT3,1.4700000000000009,1.1471883,0
57449,77,SUB1,-0.26,-0.0973212,0
57450,77,NUP98,0.08000000000000002,0.09926009999999995,0
57451,77,ELL,-0.07,-0.012347800000000003,0
57452,77,MAP3K1,0.36,0.29197929999999994,0
57453,77,MALT1,0.17,0.154527,0
57454,77,XPO1,0.3400000000000001,0.2813023,0
57455,77,SETD1B,0.14,0.1037989,0
57456,77,ETV6,-0.15000000000000002,-0.04334880000000001,0
57457,77,TBL1XR1,0.19000000000000003,0.12544799999999998,0
57458,77,NUP214,-0.019999999999999997,0.0942762,0
57459,77,TPR,0.08000000000000002,0.0911495,0
57460,77,ATIC,0.09000000000000001,0.07023799999999998,0
57461,77,NACA,0.22000000000000003,0.15391130000000003,0
57462,77,MYO5A,0.02,0.017044200000000002,0
57463,77,SMC1A,0.6399999999999999,0.5039288,0
57464,77,LASP1,-0.21,-0.1163632,0
57465,77,ERCC5,0.46,0.3037825,0
57466,77,JUN,-0.15999999999999995,0.15441759999999993,0
57467,77,THRAP3,0.1,0.08279109999999999,0
57468,77,STAG2,0.51,0.3960595,0
57469,77,RAF1,1.0800000000000003,0.7517081000000001,0
57470,77,ERCC3,0.56,0.44985230000000004,0
57471,77,SMAD2,0.5800000000000002,0.5102806000000001,0
57472,77,TAF15,0.16000000000000003,0.1359551,0
57473,77,ARNT,0.31000000000000005,0.2521642,0
57474,77,CLTC,-0.51,-0.26911930000000006,0
57475,77,IKBKB,0.49000000000000027,0.4184442999999999,0
57476,77,IDH1,-0.7500000000000001,-0.20581730000000004,0
57477,77,SND1,-0.01,-0.0047820999999999975,0
57478,77,KNSTRN,0.03,0.023734199999999997,0
57479,77,RHOA,-1.2600000000000002,-0.3128993,0
57480,77,PALB2,0.6300000000000001,0.5255160000000001,0
57481,77,ARID2,0.75,0.5530233000000001,0
57482,77,EZR,-0.08,0.007329100000000005,0
57483,77,TP53,-0.8099999999999997,0.04421019999999995,0
57484,77,ARAF,0.39,0.2117021,0
57485,77,KIF5B,0.42,0.2920131,0
57486,77,KAT6A,0.15999999999999998,0.1652294,0
57487,77,KTN1,-0.1,-0.028317299999999997,0
57488,77,GOLGA5,-0.14,-0.0907718,0
57489,77,KDM5A,0.24999999999999997,0.21439029999999998,0
57490,77,RAD21,0.43000000000000005,0.3300662,0
57491,77,GNAQ,0.10999999999999997,0.07647939999999999,0
57492,77,CAMTA1,0.02,0.0123926,0
57493,77,ERCC2,0.65,0.4570657000000001,0
57494,77,EZH2,1.8600000000000012,1.2110218000000006,0
57495,77,TOP1,0.12000000000000001,0.09345419999999999,0
57496,77,SRSF3,-0.43999999999999995,-0.1411357,0
57497,77,NPM1,0.07999999999999997,0.1908346,0
57498,77,BAX,-0.43999999999999995,-0.131733,0
57499,77,NOTCH2,0.27,0.21152369999999998,0
57500,77,TRAF7,0.04,0.031478400000000004,0
57501,77,KDM6A,0.8100000000000002,0.7139212999999999,0
57502,77,SPEN,0.09,0.0663486,0
57503,77,TRIM27,-0.42000000000000004,-0.1493575,0
57504,77,CRTC1,0.14,0.1100033,0
57505,77,EML4,0.24000000000000002,0.21076380000000006,0
57506,77,USP9X,-0.060000000000000005,-0.0376942,0
57507,77,PTPRK,0.01,0.006811500000000001,0
57508,77,CD74,-0.14,-0.004615999999999998,0
57509,77,CBL,0.5900000000000001,0.4159582999999999,0
57510,77,ZNF384,-0.08,-0.0393304,0
57511,77,NOTCH1,0.9800000000000006,0.7159171999999999,0
57512,77,COX6C,-0.12000000000000001,-0.05285440000000001,0
57513,77,CHCHD7,0.03,0.0193353,0
57514,77,HMGA1,-0.1,-0.04631990000000001,0
57515,77,PTEN,1.4600000000000009,1.1870882999999999,0
57516,77,FIP1L1,-0.03,-0.0162251,0
57517,77,JAK1,0.8500000000000003,0.6411170000000002,0
57518,77,ZMYM2,-0.08000000000000002,-0.053428,0
57519,77,SUZ12,0.7300000000000002,0.5060112999999999,0
57520,77,FUS,-0.16000000000000003,0.1252279,0
57521,77,BAP1,0.10999999999999999,0.09759749999999999,0
57522,77,ZCCHC8,-0.07,-0.0216923,0
57523,77,CRNKL1,-0.04,-0.0227241,0
57524,77,RAD17,0.12000000000000001,0.08689350000000001,0
57525,77,ATP1A1,-0.019999999999999997,-0.008877999999999999,0
57526,77,DNMT3A,0.9100000000000006,0.6823992000000003,0
57527,77,FBXW7,1.0300000000000002,0.7862598000000001,0
57528,77,WWTR1,-0.06,-0.028108000000000005,0
57529,77,CDKN1B,0.5800000000000001,0.3683445,0
57530,77,KMT2A,0.4600000000000001,0.38084670000000004,0
57531,77,PTPN11,0.9400000000000002,0.6797158000000001,0
57532,77,STAT5B,0.6100000000000001,0.4637826,0
57533,77,CUX1,-0.09999999999999999,-0.0667121,0
57534,77,ABI1,-0.35000000000000003,-0.127574,0
57535,77,BRCA1,1.8300000000000014,1.4105474999999998,0
57536,77,SH2B3,0.010000000000000005,0.0188391,0
57537,77,AFF4,0.05999999999999999,0.0591508,0
57538,77,NF2,-0.010000000000000002,0.060710000000000014,0
57539,77,LMNA,0.07,0.07115630000000002,0
57540,77,TSC2,0.51,0.42488460000000006,0
57541,77,GOLPH3,-0.11,-0.061768500000000004,0
57542,77,PCM1,-0.04000000000000001,-0.027456900000000006,0
57543,77,PPP2R1A,-0.31000000000000005,-0.0958845,0
57544,77,ARID1A,1.8200000000000012,1.3133153999999998,0
57545,77,ABL1,0.12999999999999998,0.15527180000000007,0
57546,77,AFF1,0.21000000000000002,0.16868469999999997,0
57547,77,DAXX,-0.3799999999999999,-0.101938,0
57548,77,CBFB,0.1,0.0791532,0
57549,77,CBLB,0.13,0.09714930000000001,0
57550,77,POLR2A,0.05999999999999997,0.18374590000000005,0
57551,77,PRKACA,0.28,0.2199185,0
57552,77,DNM2,-0.14,-0.0585682,0
57553,77,RAP1GDS1,-0.07,-0.03441279999999999,0
57554,77,NCOR1,0.9000000000000002,0.7627271,0
57555,77,NFKBIE,-0.26,-0.09365190000000001,0
57556,77,DDX3X,0.11,0.10841890000000001,0
57557,77,ELK4,0.02,0.014806,0
57558,77,MLLT6,0.11000000000000001,0.0889461,0
57559,77,SRSF2,-1.0899999999999999,-0.2936049,0
57560,77,CTNNA1,0.12000000000000001,0.08706599999999999,0
57561,77,RBM10,0.22,0.1492002,0
57562,77,PTPRC,0.07999999999999999,0.09484309999999999,0
57563,77,HSP90AA1,1.0400000000000005,0.6751859999999998,0
57564,78,NSD1,0.37000000000000005,0.3274849,1
57565,78,DICER1,0.2700000000000001,0.3044899,1
57566,78,BIRC6,0.15,0.1402371,1
57567,78,SDHC,0.46,0.3314749,1
57568,78,TFG,0.12,0.0750528,1
57569,78,MAP2K2,0.33999999999999997,0.250743,1
57570,78,TFRC,-0.2700000000000001,-0.07174669999999998,1
57571,78,CREB1,0.8300000000000004,0.7304588,1
57572,78,POLG,-0.02,-0.005172400000000001,1
57573,78,SETD2,0.6700000000000003,0.6300584999999999,1
57574,78,NAB2,-0.52,-0.1480745,1
57575,78,HIF1A,1.4900000000000007,1.1671119000000003,1
57576,78,FLCN,-0.009999999999999995,0.0368318,1
57577,78,MAP2K4,-0.010000000000000002,0.09039530000000001,1
57578,78,CNOT3,0.08000000000000002,0.06652270000000002,1
57579,78,CIITA,0.1,0.062492,1
57580,78,LSM14A,0.17,0.1415297,1
57581,78,AKAP9,-0.03,0.020942199999999994,1
57582,78,MSN,-0.25999999999999995,-0.0736813,1
57583,78,BCR,-0.11000000000000003,0.0541759,1
57584,78,TRRAP,0.009999999999999988,0.22329680000000002,1
57585,78,PPP6C,-0.14,-0.05365879999999999,1
57586,78,NCOA4,-0.08,0.006499599999999994,1
57587,78,BCL9,0.20999999999999996,0.16736740000000003,1
57588,78,PRCC,0.11,0.0903341,1
57589,78,LARP4B,0.04,0.031662,1
57590,78,CHD2,0.02,0.0180348,1
57591,78,ASXL1,0.22,0.29696159999999994,1
57592,78,SMARCA4,2.070000000000001,1.6223719000000003,1
57593,78,ERC1,-0.01,-0.007637700000000001,1
57594,78,DCTN1,0.04,0.06051979999999999,1
57595,78,PIK3R1,1.1500000000000006,0.9662769999999999,1
57596,78,EED,0.09999999999999998,0.0776042,1
57597,78,CNBP,0.01,0.0057875,1
57598,78,SGK1,0.53,0.3498681,1
57599,78,MLLT10,-0.4699999999999999,-0.2913888,1
57600,78,BRD4,0.8000000000000002,0.7795312999999999,1
57601,78,RANBP2,0.36,0.351508,1
57602,78,FBXO11,0.09,0.0772448,1
57603,78,PML,0.43999999999999995,0.2887688,1
57604,78,AKT2,1.1200000000000003,0.7966111,1
57605,78,CEP89,0.06,0.036857,1
57606,78,LZTR1,0.06,0.1080614,1
57607,78,YWHAE,0.27,0.1672144,1
57608,78,DNAJB1,-0.060000000000000005,-0.005887999999999997,1
57609,78,PRDM2,0.08,0.0660113,1
57610,78,TPM4,0.52,0.3746342000000001,1
57611,78,CREBBP,2.100000000000001,1.7790606999999998,1
57612,78,PMS2,0.8400000000000003,0.7351575999999999,1
57613,78,DDR2,0.03,0.018132500000000006,1
57614,78,FANCA,0.42,0.35591839999999997,1
57615,78,PDE4DIP,0.09,0.07368839999999999,1
57616,78,USP8,-0.049999999999999996,-0.0213421,1
57617,78,MYH9,-0.51,-0.1165211,1
57618,78,MYC,-1.3300000000000003,-0.18552749999999998,1
57619,78,NBN,0.6800000000000002,0.5806068999999999,1
57620,78,CCND3,-0.009999999999999988,0.0305624,1
57621,78,TRIP11,-0.09,-0.0656104,1
57622,78,CNTRL,-0.049999999999999996,-0.04028219999999999,1
57623,78,PIK3CA,1.140000000000001,1.0493056000000003,1
57624,78,DDX5,0.12999999999999995,0.18864460000000005,1
57625,78,PICALM,0.03,0.027311900000000004,1
57626,78,RARA,-0.10999999999999999,0.0709414,1
57627,78,DDX6,-0.009999999999999981,0.10550390000000001,1
57628,78,COL1A1,0.21,0.1833055,1
57629,78,VHL,0.36,0.27102339999999997,1
57630,78,MAPK1,1.560000000000001,1.1285601999999995,1
57631,78,SRC,-0.41999999999999993,0.12839969999999995,1
57632,78,NFE2L2,0.34,0.255928,1
57633,78,MITF,-0.39,-0.125506,1
57634,78,SMAD3,1.170000000000001,1.1191503999999999,1
57635,78,RBM15,0.17,0.1439926,1
57636,78,ATR,0.8200000000000003,0.7030795000000001,1
57637,78,EPAS1,0.38999999999999996,0.3847912,1
57638,78,TPM3,0.11,0.12360870000000006,1
57639,78,RPL10,0.07000000000000002,0.1043065,1
57640,78,STAG1,0.19,0.194657,1
57641,78,SBDS,-0.05,-0.0174234,1
57642,78,KMT2D,1.0500000000000003,0.8567647999999999,1
57643,78,MED12,0.44999999999999996,0.37380660000000004,1
57644,78,BCLAF1,-0.09999999999999999,0.0198906,1
57645,78,ASPSCR1,-0.020000000000000004,0.0065104999999999955,1
57646,78,CDK12,0.6300000000000001,0.5150875,1
57647,78,EWSR1,0.24,0.3015452,1
57648,78,NDRG1,-0.06,-0.016364800000000002,1
57649,78,PSIP1,0.06999999999999999,0.0755306,1
57650,78,TRIM33,0.15,0.13102060000000001,1
57651,78,MTOR,0.8800000000000002,0.7506002000000002,1
57652,78,ARHGAP35,0.14,0.1425572,1
57653,78,POT1,0.05,0.0380313,1
57654,78,EXT1,0.11,0.08928370000000001,1
57655,78,IL6ST,0.36,0.3101076,1
57656,78,IDH2,-0.11000000000000004,-0.002964399999999999,1
57657,78,SMARCE1,0.47000000000000003,0.31379499999999994,1
57658,78,CRTC3,0.09,0.0744369,1
57659,78,TSC1,0.32999999999999996,0.3257709,1
57660,78,BCOR,-0.17000000000000004,0.046889600000000003,1
57661,78,SDHA,0.24999999999999997,0.19755649999999997,1
57662,78,EP300,2.38,2.031247799999999,1
57663,78,HNRNPA2B1,0.54,0.37597590000000003,1
57664,78,CLIP1,-0.09,-0.0573667,1
57665,78,PATZ1,-0.68,-0.1513369,1
57666,78,FUBP1,-0.18999999999999997,-0.0338633,1
57667,78,HLA-A,-0.01999999999999999,0.05169119999999999,1
57668,78,CCNC,-0.16999999999999998,-0.0654875,1
57669,78,RPN1,-0.16999999999999998,-0.0652286,1
57670,78,TCF7L2,0.07000000000000002,0.12051700000000003,1
57671,78,CANT1,0.0,0.014721199999999997,1
57672,78,RPL5,-0.57,-0.1691561,1
57673,78,CCDC6,0.14,0.13301420000000003,1
57674,78,NCKIPSD,0.0,0.006151600000000001,1
57675,78,SMARCD1,0.46,0.37240129999999994,1
57676,78,BCL10,0.039999999999999994,0.0752775,1
57677,78,MAX,0.05,0.08803220000000002,1
57678,78,HERPUD1,-0.03,-0.0074478,1
57679,78,RAC1,0.049999999999999975,0.16280770000000003,1
57680,78,FLNA,0.08,0.0937645,1
57681,78,TFE3,-0.7800000000000001,-0.2548482,1
57682,78,NCOR2,0.6600000000000003,0.5778574,1
57683,78,PRPF40B,0.03,0.028909300000000006,1
57684,78,BCL3,-0.08000000000000002,-0.011878899999999994,1
57685,78,TFPT,-0.41000000000000003,-0.11326529999999999,1
57686,78,MLH1,0.7300000000000002,0.6969573,1
57687,78,ARHGAP5,0.15,0.1317989,1
57688,78,CIC,0.01,0.006918100000000001,1
57689,78,LYN,0.76,0.5807121000000001,1
57690,78,TCF12,0.37999999999999995,0.3101808,1
57691,78,KLF6,0.060000000000000005,0.0437385,1
57692,78,KMT2C,0.9600000000000002,0.8515739,1
57693,78,PIM1,-0.14,-0.018071500000000004,1
57694,78,CCND1,1.4000000000000008,0.8938770000000001,1
57695,78,MLLT1,-1.94,-0.3848526,1
57696,78,MEN1,0.04999999999999996,0.0689729,1
57697,78,CUL3,0.15,0.16567239999999997,1
57698,78,RB1,0.7800000000000002,0.631164,1
57699,78,LPP,-0.16,-0.019478400000000007,1
57700,78,BUB1B,-0.18,-0.048796000000000006,1
57701,78,SMAD4,1.540000000000001,1.2693945,1
57702,78,FGFR1,0.21000000000000002,0.22757020000000003,1
57703,78,TMSB4X,0.04,0.031212399999999998,1
57704,78,CDK4,1.1200000000000006,0.7537928,1
57705,78,MSI2,0.01,0.0079059,1
57706,78,MSH6,1.0600000000000005,0.9190472000000001,1
57707,78,BRAF,1.3400000000000005,1.1735761000000002,1
57708,78,TCEA1,-0.05,0.024571100000000012,1
57709,78,TNFAIP3,0.19,0.1561373,1
57710,78,RABEP1,0.010000000000000002,0.008059999999999998,1
57711,78,GMPS,-0.07,-0.03751259999999998,1
57712,78,MDM2,1.2000000000000008,0.9630933000000002,1
57713,78,NSD2,0.27,0.21151810000000001,1
57714,78,CASP8,-0.25,0.05491209999999999,1
57715,78,PER1,-0.16000000000000003,-0.05539070000000002,1
57716,78,UBR5,0.029999999999999992,0.05531770000000001,1
57717,78,EIF3E,0.08,0.09195200000000002,1
57718,78,RFWD3,0.030000000000000002,0.0324958,1
57719,78,BRD3,0.16,0.11514290000000002,1
57720,78,PAFAH1B2,0.03,0.0273162,1
57721,78,EXT2,0.009999999999999995,0.019126699999999996,1
57722,78,PLCG1,0.37999999999999995,0.3553138,1
57723,78,SF3B1,-0.7700000000000001,-0.38700729999999994,1
57724,78,ARHGEF10L,0.04,0.0208152,1
57725,78,NFATC2,0.27,0.2028817,1
57726,78,SDHD,0.32,0.22437339999999997,1
57727,78,PABPC1,-1.0,-0.30034,1
57728,78,POLD1,-0.38,-0.07492130000000001,1
57729,78,CALR,-0.009999999999999981,0.061161500000000014,1
57730,78,PIK3CB,0.6399999999999999,0.5668924,1
57731,78,PPM1D,0.31000000000000005,0.24546760000000004,1
57732,78,ATRX,1.0000000000000004,0.9116564,1
57733,78,DGCR8,0.2,0.15703679999999998,1
57734,78,DDX10,0.16999999999999998,0.1310559,1
57735,78,DROSHA,0.6100000000000001,0.5030397999999999,1
57736,78,TNFRSF14,-0.18000000000000002,-0.060738600000000004,1
57737,78,BCL9L,0.15000000000000002,0.1141243,1
57738,78,QKI,0.05,0.0376611,1
57739,78,BAZ1A,0.0,0.0,1
57740,78,CHD4,0.39,0.34982890000000005,1
57741,78,NSD3,0.14,0.1406623,1
57742,78,NT5C2,0.17,0.09875160000000001,1
57743,78,CCNB1IP1,0.14,0.06792139999999999,1
57744,78,PCBP1,-1.2200000000000002,-0.30933150000000004,1
57745,78,RALGDS,-0.22999999999999998,-0.006645500000000009,1
57746,78,ARHGEF12,-0.020000000000000004,0.0332543,1
57747,78,HSP90AB1,1.3400000000000005,0.9000025999999997,1
57748,78,FOXO3,1.4100000000000006,1.0637723000000001,1
57749,78,HIP1,-0.01,-0.005108000000000001,1
57750,78,CDC73,0.029999999999999992,0.06775890000000001,1
57751,78,NIN,0.01,0.007296299999999997,1
57752,78,MDM4,0.04999999999999999,0.1584056,1
57753,78,COL3A1,0.24000000000000002,0.19256,1
57754,78,CTNND1,0.11000000000000001,0.15970269999999998,1
57755,78,SPOP,0.14,0.13003599999999998,1
57756,78,TMEM127,0.08,0.0573361,1
57757,78,CREB3L2,0.18999999999999997,0.1198488,1
57758,78,MSH2,1.0100000000000005,0.8926228999999999,1
57759,78,FNBP1,0.04,0.0450436,1
57760,78,ATF1,0.16000000000000003,0.1110068,1
57761,78,EIF1AX,-0.53,-0.19142480000000006,1
57762,78,PMS1,0.5,0.4017311000000001,1
57763,78,DEK,0.22999999999999995,0.1831552,1
57764,78,ERBB2,0.8300000000000003,0.5244393,1
57765,78,AKT1,1.1300000000000006,0.7685276000000003,1
57766,78,CHEK2,0.6500000000000002,0.690195,1
57767,78,SDHB,0.45000000000000007,0.3218491,1
57768,78,NCOA1,0.46,0.3746341000000001,1
57769,78,CHIC2,0.07,0.04686570000000001,1
57770,78,RUNX1,0.019999999999999983,0.5220924,1
57771,78,STAT6,0.43000000000000005,0.39510680000000004,1
57772,78,FH,-0.030000000000000006,0.011416699999999995,1
57773,78,AKT3,1.0300000000000002,0.7660495,1
57774,78,GNAS,0.3400000000000001,0.2497858,1
57775,78,CTNNB1,1.4900000000000009,1.0637782999999998,1
57776,78,NONO,0.36,0.3098252,1
57777,78,SMARCB1,1.0800000000000003,0.8741592000000001,1
57778,78,PRKAR1A,0.19999999999999998,0.1993406,1
57779,78,ITGAV,-0.030000000000000013,0.04293999999999999,1
57780,78,SS18,0.45,0.3339925000000001,1
57781,78,MAP2K1,1.0300000000000005,0.6654538,1
57782,78,SIRPA,-0.030000000000000002,-0.0027237999999999984,1
57783,78,PPFIBP1,0.39999999999999997,0.2957058,1
57784,78,RPL22,-0.14,0.09463769999999999,1
57785,78,CYLD,0.32,0.257755,1
57786,78,ARID1B,0.9000000000000001,0.7154836000000001,1
57787,78,SETDB1,0.37,0.2656876,1
57788,78,AFDN,-0.4099999999999999,-0.1058998,1
57789,78,ZRSR2,-0.14,-0.1054918,1
57790,78,PBRM1,1.0500000000000005,0.8341399000000002,1
57791,78,XPC,0.56,0.3730775,1
57792,78,ASXL2,0.31,0.2307099,1
57793,78,TRIM24,-0.09999999999999999,0.04639049999999999,1
57794,78,SFPQ,-0.5299999999999999,-0.19414879999999998,1
57795,78,NCOA2,0.6800000000000002,0.5696339000000001,1
57796,78,FOXO4,0.4,0.2608129,1
57797,78,LEF1,0.21000000000000002,0.20415660000000002,1
57798,78,B2M,-0.38000000000000006,-0.1419401,1
57799,78,DDIT3,-0.36000000000000004,-0.1094753,1
57800,78,BCL6,0.30000000000000004,0.2813439,1
57801,78,KRAS,-0.11000000000000003,0.146932,1
57802,78,FAT1,0.14,0.10496260000000002,1
57803,78,ABL2,0.11000000000000001,0.0858748,1
57804,78,NF1,1.3800000000000008,1.1403115,1
57805,78,BTG1,-0.05,-0.021398,1
57806,78,EIF4A2,0.12,0.07397849999999999,1
57807,78,SET,0.2,0.16399410000000003,1
57808,78,EPS15,0.13,0.11239280000000001,1
57809,78,RNF213,0.06,0.05202419999999999,1
57810,78,CTCF,1.1200000000000003,0.7691067000000001,1
57811,78,WDCP,0.22000000000000003,0.13670160000000003,1
57812,78,KAT7,0.19,0.1575714,1
57813,78,KDM5C,0.25,0.2408906,1
57814,78,TGFBR2,0.21999999999999995,0.19958990000000001,1
57815,78,ATM,1.0000000000000007,1.0957157999999998,1
57816,78,NUMA1,0.030000000000000002,0.049918000000000004,1
57817,78,STAT3,0.6700000000000003,0.7455931000000001,1
57818,78,SUB1,-0.08000000000000002,-0.031120400000000006,1
57819,78,NUP98,0.31,0.2986982,1
57820,78,ELL,0.11000000000000001,0.06109419999999999,1
57821,78,MAP3K1,0.35,0.2952588,1
57822,78,MALT1,0.13999999999999999,0.15282519999999997,1
57823,78,XPO1,0.6100000000000002,0.5093831,1
57824,78,SETD1B,0.31000000000000005,0.2503961,1
57825,78,ETV6,-1.734723475976807e-18,0.0486344,1
57826,78,TBL1XR1,0.26999999999999996,0.193162,1
57827,78,NUP214,-0.00999999999999997,0.1694543,1
57828,78,TPR,0.13000000000000003,0.1250028,1
57829,78,ATIC,0.15,0.14849369999999998,1
57830,78,NACA,0.21000000000000002,0.125996,1
57831,78,MYO5A,0.01,0.008460700000000002,1
57832,78,SMC1A,0.10999999999999999,0.38165350000000003,1
57833,78,LASP1,-0.25,-0.11939160000000001,1
57834,78,ERCC5,0.44999999999999996,0.2922974,1
57835,78,JUN,-1.5500000000000005,-0.28976109999999994,1
57836,78,THRAP3,0.11,0.08373420000000001,1
57837,78,STAG2,0.2,0.2577085,1
57838,78,RAF1,0.7400000000000002,0.5862474999999999,1
57839,78,ERCC3,0.65,0.5501872999999999,1
57840,78,SMAD2,0.1900000000000002,0.4344975000000003,1
57841,78,TAF15,0.23000000000000004,0.19109920000000002,1
57842,78,ARNT,0.29000000000000004,0.25922839999999997,1
57843,78,CLTC,-0.47,-0.17504800000000004,1
57844,78,IKBKB,0.4900000000000001,0.47394480000000005,1
57845,78,IDH1,-0.8600000000000001,-0.24511950000000005,1
57846,78,SND1,0.010000000000000004,0.035095,1
57847,78,KNSTRN,0.02,0.0154912,1
57848,78,RHOA,-3.4300000000000006,-0.7164348,1
57849,78,PALB2,0.64,0.5789167,1
57850,78,ARID2,0.9200000000000002,0.7342624000000001,1
57851,78,EZR,-0.08000000000000002,-0.0007650000000000035,1
57852,78,TP53,0.1500000000000002,0.5908978000000001,1
57853,78,ARAF,0.36000000000000004,0.20112960000000002,1
57854,78,KIF5B,0.6200000000000001,0.47737169999999995,1
57855,78,KAT6A,0.18000000000000002,0.22310040000000003,1
57856,78,KTN1,-0.10000000000000002,-0.014189200000000004,1
57857,78,GOLGA5,-0.07,-0.0466575,1
57858,78,KDM5A,0.31000000000000005,0.29318189999999994,1
57859,78,RAD21,0.5800000000000001,0.49421540000000014,1
57860,78,GNAQ,0.38000000000000006,0.2890769,1
57861,78,CAMTA1,0.08,0.05753060000000001,1
57862,78,ERCC2,0.6900000000000001,0.5457079000000001,1
57863,78,EZH2,1.540000000000001,1.2590185000000003,1
57864,78,TOP1,0.26,0.2049567,1
57865,78,SRSF3,-0.5199999999999999,-0.1249416,1
57866,78,NPM1,0.21999999999999997,0.2409528,1
57867,78,BAX,-0.7200000000000001,-0.15736809999999998,1
57868,78,NOTCH2,0.31,0.2646982,1
57869,78,TRAF7,0.01,0.0068667,1
57870,78,KDM6A,0.8500000000000003,0.8941936,1
57871,78,SPEN,0.17,0.1402124,1
57872,78,TRIM27,-0.48,-0.1505317,1
57873,78,CRTC1,0.15,0.11807970000000001,1
57874,78,EML4,0.37,0.3688237999999999,1
57875,78,USP9X,0.09,0.0716343,1
57876,78,PTPRK,0.0,0.0,1
57877,78,CD74,-0.07,0.0199125,1
57878,78,CBL,0.55,0.5262474,1
57879,78,ZNF384,0.05,0.038911100000000004,1
57880,78,NOTCH1,1.2400000000000007,0.9193921000000002,1
57881,78,COX6C,-0.22000000000000003,-0.05822500000000001,1
57882,78,CHCHD7,0.02,0.012308399999999999,1
57883,78,HMGA1,-0.03,-0.005449299999999994,1
57884,78,PTEN,1.2500000000000007,1.1660630000000003,1
57885,78,FIP1L1,-0.039999999999999994,-0.011607099999999988,1
57886,78,JAK1,0.9000000000000004,0.7602614,1
57887,78,ZMYM2,0.04999999999999999,0.042235400000000006,1
57888,78,SUZ12,0.7500000000000002,0.6153328000000001,1
57889,78,FUS,-1.16,-0.22849790000000003,1
57890,78,BAP1,-0.37000000000000005,-0.13539120000000002,1
57891,78,ZCCHC8,-0.08,-0.022808000000000002,1
57892,78,CRNKL1,0.04,0.030777199999999998,1
57893,78,RAD17,0.23,0.17172779999999999,1
57894,78,ATP1A1,0.04,0.0243294,1
57895,78,DNMT3A,1.0000000000000002,0.8627725999999999,1
57896,78,FBXW7,1.0600000000000003,0.9056813000000006,1
57897,78,WWTR1,-0.05000000000000001,0.00012240000000001208,1
57898,78,CDKN1B,0.34,0.2886187,1
57899,78,KMT2A,0.1800000000000001,0.26793120000000004,1
57900,78,PTPN11,1.1100000000000003,0.9453592,1
57901,78,STAT5B,0.7900000000000004,0.662273,1
57902,78,CUX1,-0.019999999999999997,-0.011688200000000001,1
57903,78,ABI1,-0.20999999999999996,-0.04086429999999999,1
57904,78,BRCA1,1.5700000000000012,1.3596474000000003,1
57905,78,SH2B3,0.13,0.0801262,1
57906,78,AFF4,-0.3999999999999999,-0.2351721,1
57907,78,NF2,0.18,0.169495,1
57908,78,LMNA,0.1,0.07347130000000002,1
57909,78,TSC2,0.8500000000000003,0.6947334000000001,1
57910,78,GOLPH3,-0.049999999999999996,-0.0363179,1
57911,78,PCM1,-0.04,-0.0343918,1
57912,78,PPP2R1A,-0.38,-0.08728250000000001,1
57913,78,ARID1A,1.9100000000000013,1.5362776000000002,1
57914,78,ABL1,-0.1,0.09680229999999998,1
57915,78,AFF1,1.3877787807814457e-17,0.030869200000000003,1
57916,78,DAXX,-0.5700000000000001,-0.14401560000000002,1
57917,78,CBFB,0.08,0.1430604,1
57918,78,CBLB,0.19,0.1673079,1
57919,78,POLR2A,-0.79,-0.0915598,1
57920,78,PRKACA,0.23000000000000012,0.2926753,1
57921,78,DNM2,-0.15,-0.0421121,1
57922,78,RAP1GDS1,0.05000000000000002,0.058105800000000006,1
57923,78,NCOR1,0.8600000000000002,0.8865371000000001,1
57924,78,NFKBIE,-0.37,-0.1105785,1
57925,78,DDX3X,0.37999999999999995,0.33450179999999996,1
57926,78,ELK4,0.03,0.0257484,1
57927,78,MLLT6,0.03,0.0301282,1
57928,78,SRSF2,-3.6300000000000003,-0.7401585000000002,1
57929,78,CTNNA1,0.18000000000000002,0.1409581,1
57930,78,RBM10,0.08,0.06212640000000001,1
57931,78,PTPRC,-0.030000000000000013,0.0863865,1
57932,78,HSP90AA1,1.4300000000000006,1.0001546000000003,1
57933,78,NSD1,0.25,0.2061271,0
57934,78,DICER1,0.21,0.21550479999999997,0
57935,78,BIRC6,0.07,0.0606313,0
57936,78,SDHC,0.28,0.19316869999999997,0
57937,78,TFG,0.29999999999999993,0.1684368,0
57938,78,MAP2K2,0.22999999999999998,0.183539,0
57939,78,TFRC,-0.26,-0.128432,0
57940,78,CREB1,0.8100000000000003,0.5825641,0
57941,78,POLG,0.02,0.0075288,0
57942,78,SETD2,0.7200000000000002,0.5937682999999999,0
57943,78,NAB2,-0.29000000000000004,-0.10512190000000002,0
57944,78,HIF1A,1.580000000000001,1.1036324,0
57945,78,FLCN,0.04,0.0363797,0
57946,78,MAP2K4,-6.938893903907228e-18,0.06951439999999999,0
57947,78,CNOT3,-0.049999999999999996,-0.011743799999999995,0
57948,78,CIITA,0.11000000000000001,0.07434919999999999,0
57949,78,LSM14A,0.06999999999999999,0.07257759999999999,0
57950,78,AKAP9,-0.09,-0.032675,0
57951,78,MSN,-0.36,-0.07955039999999998,0
57952,78,BCR,0.030000000000000006,0.029982599999999995,0
57953,78,TRRAP,0.03,0.11812690000000002,0
57954,78,PPP6C,-0.14,-0.0715662,0
57955,78,NCOA4,-0.19,-0.1038824,0
57956,78,BCL9,0.15000000000000002,0.1172752,0
57957,78,PRCC,0.08,0.054103399999999996,0
57958,78,LARP4B,0.0,0.0,0
57959,78,CHD2,0.01,0.007556800000000001,0
57960,78,ASXL1,0.5900000000000001,0.5048117999999999,0
57961,78,SMARCA4,1.2800000000000007,0.9460563000000002,0
57962,78,ERC1,-0.02,-0.0146534,0
57963,78,DCTN1,-0.17000000000000007,-0.06601509999999998,0
57964,78,PIK3R1,1.4000000000000008,0.9564753999999998,0
57965,78,EED,0.12999999999999998,0.1087861,0
57966,78,CNBP,0.0,0.0,0
57967,78,SGK1,0.3,0.177806,0
57968,78,MLLT10,-0.10999999999999997,-0.0330695,0
57969,78,BRD4,0.9300000000000005,0.6793072000000001,0
57970,78,RANBP2,0.14,0.19373669999999993,0
57971,78,FBXO11,0.05,0.0396125,0
57972,78,PML,0.42999999999999994,0.2887676,0
57973,78,AKT2,0.9300000000000002,0.6214457,0
57974,78,CEP89,0.07,0.040382,0
57975,78,LZTR1,0.06999999999999999,0.0751939,0
57976,78,YWHAE,0.26999999999999996,0.16905530000000002,0
57977,78,DNAJB1,-0.04000000000000001,-0.0024204999999999956,0
57978,78,PRDM2,0.03,0.021695,0
57979,78,TPM4,0.46,0.28884380000000004,0
57980,78,CREBBP,1.730000000000001,1.3851268,0
57981,78,PMS2,0.6500000000000001,0.5709993999999999,0
57982,78,DDR2,0.04,0.0258945,0
57983,78,FANCA,0.35999999999999993,0.29349939999999997,0
57984,78,PDE4DIP,0.05,0.0332615,0
57985,78,USP8,-0.09,-0.0331744,0
57986,78,MYH9,-0.24999999999999997,-0.0361386,0
57987,78,MYC,-0.6700000000000003,-0.23407569999999994,0
57988,78,NBN,0.52,0.3795887,0
57989,78,CCND3,-0.010000000000000002,0.04316699999999999,0
57990,78,TRIP11,-0.12,-0.0788325,0
57991,78,CNTRL,-0.07,-0.044482999999999995,0
57992,78,PIK3CA,1.570000000000001,1.0984979,0
57993,78,DDX5,0.38,0.31704160000000003,0
57994,78,PICALM,0.0,0.0048278999999999996,0
57995,78,RARA,0.4200000000000001,0.3027764,0
57996,78,DDX6,-0.01999999999999998,0.0595825,0
57997,78,COL1A1,0.07999999999999999,0.1038191,0
57998,78,VHL,0.19999999999999998,0.144687,0
57999,78,MAPK1,1.4600000000000009,0.9004845999999999,0
58000,78,SRC,-0.44999999999999996,0.031629500000000026,0
58001,78,NFE2L2,0.22999999999999995,0.16295649999999998,0
58002,78,MITF,-0.3,-0.051887,0
58003,78,SMAD3,1.1400000000000008,0.8569590000000001,0
58004,78,RBM15,0.06000000000000001,0.04988139999999999,0
58005,78,ATR,0.6900000000000003,0.5683234999999999,0
58006,78,EPAS1,0.42,0.35533630000000005,0
58007,78,TPM3,0.27,0.18459100000000006,0
58008,78,RPL10,0.11,0.11056870000000002,0
58009,78,STAG1,0.12,0.1210844,0
58010,78,SBDS,-0.06,-0.0217788,0
58011,78,KMT2D,0.9500000000000004,0.6871316000000002,0
58012,78,MED12,0.26,0.20373120000000003,0
58013,78,BCLAF1,-0.08,0.010929999999999995,0
58014,78,ASPSCR1,0.04000000000000001,0.027967700000000005,0
58015,78,CDK12,0.24,0.17954989999999998,0
58016,78,EWSR1,0.38999999999999996,0.31328020000000006,0
58017,78,NDRG1,-0.06999999999999999,-0.0284924,0
58018,78,PSIP1,-0.16,-0.07952540000000002,0
58019,78,TRIM33,0.049999999999999996,0.0477558,0
58020,78,MTOR,1.2400000000000007,0.8811818999999999,0
58021,78,ARHGAP35,0.12000000000000001,0.1292462,0
58022,78,POT1,-0.05,-0.008979900000000004,0
58023,78,EXT1,0.11,0.06908109999999999,0
58024,78,IL6ST,0.27,0.1998549,0
58025,78,IDH2,0.11000000000000001,0.1085207,0
58026,78,SMARCE1,0.41,0.2359179,0
58027,78,CRTC3,0.09,0.06770350000000001,0
58028,78,TSC1,0.31,0.2739432,0
58029,78,BCOR,-0.13999999999999999,-0.011540699999999997,0
58030,78,SDHA,0.24,0.1419529,0
58031,78,EP300,1.7900000000000014,1.3293655000000002,0
58032,78,HNRNPA2B1,0.24,0.20831059999999996,0
58033,78,CLIP1,-0.12,-0.0564704,0
58034,78,PATZ1,-0.47,-0.1222781,0
58035,78,FUBP1,-0.22000000000000003,-0.03115780000000001,0
58036,78,HLA-A,-0.10000000000000002,0.022748499999999998,0
58037,78,CCNC,-0.10999999999999999,-0.0459024,0
58038,78,RPN1,-0.25,-0.0588586,0
58039,78,TCF7L2,-5.0306980803327406e-17,0.0587692,0
58040,78,CANT1,0.09,0.049917600000000006,0
58041,78,RPL5,-0.67,-0.18275740000000001,0
58042,78,CCDC6,-0.04000000000000001,0.027581199999999993,0
58043,78,NCKIPSD,0.03,0.0162432,0
58044,78,SMARCD1,0.42,0.2756049,0
58045,78,BCL10,6.938893903907228e-18,0.0254489,0
58046,78,MAX,-0.019999999999999993,0.0023622999999999995,0
58047,78,HERPUD1,0.02,0.0085644,0
58048,78,RAC1,-0.16999999999999996,0.03809180000000001,0
58049,78,FLNA,0.09000000000000001,0.0877851,0
58050,78,TFE3,-0.45,-0.168265,0
58051,78,NCOR2,0.7100000000000002,0.5071490000000002,0
58052,78,PRPF40B,-0.03,-0.0172713,0
58053,78,BCL3,-0.08,-0.019950600000000002,0
58054,78,TFPT,-0.23,-0.0813414,0
58055,78,MLH1,0.8400000000000001,0.6855948,0
58056,78,ARHGAP5,0.12000000000000001,0.09748590000000001,0
58057,78,CIC,0.0,0.0,0
58058,78,LYN,0.9200000000000002,0.6207517,0
58059,78,TCF12,0.27,0.1980028,0
58060,78,KLF6,0.03,0.015520100000000002,0
58061,78,KMT2C,1.0200000000000002,0.7896449000000001,0
58062,78,PIM1,-0.16999999999999998,-0.057786600000000014,0
58063,78,CCND1,1.1300000000000008,0.6960122999999997,0
58064,78,MLLT1,-0.8600000000000001,-0.2493308,0
58065,78,MEN1,0.020000000000000007,0.04923309999999999,0
58066,78,CUL3,0.12000000000000002,0.13669169999999997,0
58067,78,RB1,0.73,0.5363454,0
58068,78,LPP,-0.05000000000000001,-0.018960300000000006,0
58069,78,BUB1B,-0.14,-0.0683864,0
58070,78,SMAD4,1.3700000000000008,1.0113489,0
58071,78,FGFR1,0.21000000000000002,0.1400374,0
58072,78,TMSB4X,0.04,0.0310996,0
58073,78,CDK4,0.5900000000000001,0.40815629999999997,0
58074,78,MSI2,0.01,0.006967600000000001,0
58075,78,MSH6,0.8800000000000001,0.6618805000000001,0
58076,78,BRAF,0.9700000000000004,0.8322377,0
58077,78,TCEA1,-0.07999999999999997,-0.014616599999999993,0
58078,78,TNFAIP3,0.1,0.1051742,0
58079,78,RABEP1,0.0,-0.0012162000000000006,0
58080,78,GMPS,-0.08000000000000002,-0.043691400000000005,0
58081,78,MDM2,1.2200000000000006,0.7962329999999997,0
58082,78,NSD2,0.16,0.1054088,0
58083,78,CASP8,0.09999999999999999,0.21914910000000004,0
58084,78,PER1,-0.20999999999999996,-0.0390715,0
58085,78,UBR5,-0.06999999999999998,-0.022725999999999996,0
58086,78,EIF3E,-0.029999999999999985,0.0626618,0
58087,78,RFWD3,0.030000000000000002,0.0308953,0
58088,78,BRD3,0.09999999999999999,0.08477720000000001,0
58089,78,PAFAH1B2,0.02,0.0157936,0
58090,78,EXT2,0.0,0.005656199999999986,0
58091,78,PLCG1,0.58,0.39321839999999997,0
58092,78,SF3B1,-0.36999999999999994,-0.1597,0
58093,78,ARHGEF10L,0.02,0.0107612,0
58094,78,NFATC2,0.2,0.1391896,0
58095,78,SDHD,0.20000000000000004,0.10856970000000005,0
58096,78,PABPC1,-0.7999999999999999,-0.19721860000000002,0
58097,78,POLD1,-0.31,-0.0674478,0
58098,78,CALR,0.019999999999999997,0.030432299999999995,0
58099,78,PIK3CB,0.49,0.40656210000000004,0
58100,78,PPM1D,0.17,0.1266963,0
58101,78,ATRX,0.9400000000000004,0.7481008999999998,0
58102,78,DGCR8,0.15,0.091942,0
58103,78,DDX10,0.12,0.07502919999999999,0
58104,78,DROSHA,0.4,0.28393430000000003,0
58105,78,TNFRSF14,-0.09000000000000001,-0.0328541,0
58106,78,BCL9L,0.14,0.0995406,0
58107,78,QKI,-0.09,-0.053685000000000004,0
58108,78,BAZ1A,0.01,0.0069958,0
58109,78,CHD4,0.18999999999999997,0.1725276,0
58110,78,NSD3,0.03,0.03306919999999999,0
58111,78,NT5C2,0.17,0.092466,0
58112,78,CCNB1IP1,0.11,0.045941800000000005,0
58113,78,PCBP1,-0.73,-0.22128340000000002,0
58114,78,RALGDS,0.12,0.0873218,0
58115,78,ARHGEF12,-0.02,-0.0021080000000000005,0
58116,78,HSP90AB1,1.0600000000000005,0.6823734000000001,0
58117,78,FOXO3,1.2100000000000006,0.8009140000000001,0
58118,78,HIP1,-0.02,-0.012856900000000001,0
58119,78,CDC73,-0.15999999999999998,-0.025373499999999997,0
58120,78,NIN,0.04,0.029880900000000005,0
58121,78,MDM4,0.13,0.1606536,0
58122,78,COL3A1,0.15,0.136959,0
58123,78,CTNND1,0.13,0.132425,0
58124,78,SPOP,-0.04000000000000001,0.0051389999999999995,0
58125,78,TMEM127,-0.009999999999999981,0.025660700000000005,0
58126,78,CREB3L2,0.09,0.0554571,0
58127,78,MSH2,0.9000000000000004,0.6454057000000001,0
58128,78,FNBP1,-0.009999999999999998,0.0028192000000000026,0
58129,78,ATF1,-0.009999999999999998,-0.0003025999999999966,0
58130,78,EIF1AX,-0.53,-0.22704430000000003,0
58131,78,PMS1,0.42,0.3253142,0
58132,78,DEK,0.08,0.0831147,0
58133,78,ERBB2,1.0800000000000005,0.6763811,0
58134,78,AKT1,0.7300000000000004,0.510291,0
58135,78,CHEK2,0.23,0.3071372,0
58136,78,SDHB,0.4,0.2529005,0
58137,78,NCOA1,0.37,0.25228209999999995,0
58138,78,CHIC2,0.039999999999999994,0.0184632,0
58139,78,RUNX1,0.5800000000000005,0.6642352000000001,0
58140,78,STAT6,0.26,0.17112229999999998,0
58141,78,FH,-0.13999999999999999,-0.03821119999999999,0
58142,78,AKT3,0.9800000000000004,0.6614527000000001,0
58143,78,GNAS,0.22999999999999998,0.1398733,0
58144,78,CTNNB1,1.2900000000000007,0.8474071999999995,0
58145,78,NONO,0.11000000000000001,0.0743012,0
58146,78,SMARCB1,0.8900000000000003,0.6250383999999999,0
58147,78,PRKAR1A,0.1,0.09933680000000002,0
58148,78,ITGAV,0.039999999999999994,0.0353324,0
58149,78,SS18,0.39,0.23927040000000002,0
58150,78,MAP2K1,1.0500000000000005,0.6465131000000001,0
58151,78,SIRPA,0.0,0.0013161000000000006,0
58152,78,PPFIBP1,0.37,0.23924119999999996,0
58153,78,RPL22,-0.18999999999999997,0.06702340000000002,0
58154,78,CYLD,0.31000000000000005,0.2358947,0
58155,78,ARID1B,0.6099999999999999,0.43194520000000003,0
58156,78,SETDB1,0.31,0.22018379999999999,0
58157,78,AFDN,-0.37000000000000005,-0.14346300000000003,0
58158,78,ZRSR2,0.33000000000000007,0.23156190000000004,0
58159,78,PBRM1,0.9100000000000004,0.6410361,0
58160,78,XPC,0.6000000000000001,0.3958537999999999,0
58161,78,ASXL2,0.24,0.1573638,0
58162,78,TRIM24,-0.21000000000000002,-0.0866074,0
58163,78,SFPQ,-0.19,-0.031428899999999996,0
58164,78,NCOA2,0.49000000000000005,0.33181399999999994,0
58165,78,FOXO4,0.42000000000000004,0.2683694,0
58166,78,LEF1,0.15,0.11671909999999998,0
58167,78,B2M,-0.5200000000000001,-0.19893,0
58168,78,DDIT3,-0.31,-0.0860324,0
58169,78,BCL6,0.5200000000000001,0.35203999999999996,0
58170,78,KRAS,-1.2900000000000005,-0.32691020000000015,0
58171,78,FAT1,0.04,0.0394561,0
58172,78,ABL2,0.07,0.0531928,0
58173,78,NF1,0.7400000000000002,0.6242509000000002,0
58174,78,BTG1,-0.01,-0.0053398000000000004,0
58175,78,EIF4A2,0.09,0.06946019999999999,0
58176,78,SET,0.15000000000000002,0.1282592,0
58177,78,EPS15,0.010000000000000002,0.0188068,0
58178,78,RNF213,0.04,0.030696300000000003,0
58179,78,CTCF,0.8500000000000003,0.5912348999999999,0
58180,78,WDCP,0.12000000000000001,0.07879,0
58181,78,KAT7,0.1,0.07975580000000002,0
58182,78,KDM5C,0.11999999999999997,0.12351690000000001,0
58183,78,TGFBR2,0.22,0.1573555,0
58184,78,ATM,1.5000000000000009,1.1542972000000002,0
58185,78,NUMA1,-0.030000000000000006,-0.0099826,0
58186,78,STAT3,1.510000000000001,1.1702913,0
58187,78,SUB1,-0.16999999999999998,-0.0653804,0
58188,78,NUP98,0.029999999999999947,0.0735676,0
58189,78,ELL,-0.040000000000000015,-0.003360200000000017,0
58190,78,MAP3K1,0.42,0.3094614,0
58191,78,MALT1,0.17000000000000004,0.1507833,0
58192,78,XPO1,0.30000000000000004,0.24974570000000004,0
58193,78,SETD1B,0.11,0.0774807,0
58194,78,ETV6,-0.15,-0.043511799999999996,0
58195,78,TBL1XR1,0.20000000000000004,0.1297222,0
58196,78,NUP214,0.03000000000000002,0.09601929999999999,0
58197,78,TPR,0.04999999999999999,0.08665919999999996,0
58198,78,ATIC,0.07,0.056166100000000004,0
58199,78,NACA,0.22000000000000003,0.15051070000000003,0
58200,78,MYO5A,0.0,0.002410299999999997,0
58201,78,SMC1A,0.6499999999999999,0.5083595000000001,0
58202,78,LASP1,-0.22,-0.12121259999999999,0
58203,78,ERCC5,0.47,0.3022048,0
58204,78,JUN,0.22999999999999998,0.29685409999999995,0
58205,78,THRAP3,0.07999999999999999,0.0669832,0
58206,78,STAG2,0.52,0.3815841000000001,0
58207,78,RAF1,1.1100000000000003,0.7666079,0
58208,78,ERCC3,0.48000000000000004,0.3858038000000001,0
58209,78,SMAD2,0.51,0.46767720000000007,0
58210,78,TAF15,0.12,0.10456150000000003,0
58211,78,ARNT,0.27,0.2194568,0
58212,78,CLTC,-0.5700000000000001,-0.3082201,0
58213,78,IKBKB,0.6000000000000002,0.460295,0
58214,78,IDH1,-0.52,-0.13558589999999998,0
58215,78,SND1,0.0,0.0006576999999999998,0
58216,78,KNSTRN,0.03,0.0236928,0
58217,78,RHOA,-0.99,-0.23850049999999998,0
58218,78,PALB2,0.62,0.5198811,0
58219,78,ARID2,0.7000000000000002,0.5047054000000001,0
58220,78,EZR,-0.15000000000000002,-0.0341342,0
58221,78,TP53,-1.09,-0.19739959999999998,0
58222,78,ARAF,0.39,0.21277569999999996,0
58223,78,KIF5B,0.4,0.2876075,0
58224,78,KAT6A,0.20999999999999996,0.18508850000000002,0
58225,78,KTN1,-0.09,-0.031565499999999996,0
58226,78,GOLGA5,-0.11,-0.07129070000000001,0
58227,78,KDM5A,0.24999999999999997,0.20968340000000002,0
58228,78,RAD21,0.43000000000000005,0.3241284,0
58229,78,GNAQ,0.09999999999999999,0.0752415,0
58230,78,CAMTA1,0.02,0.011921200000000002,0
58231,78,ERCC2,0.5900000000000001,0.40651899999999996,0
58232,78,EZH2,1.910000000000001,1.2372959,0
58233,78,TOP1,0.12999999999999995,0.10290220000000001,0
58234,78,SRSF3,-0.48999999999999994,-0.1354516,0
58235,78,NPM1,0.05000000000000003,0.16782329999999998,0
58236,78,BAX,-0.37,-0.11498180000000001,0
58237,78,NOTCH2,0.27,0.2087557,0
58238,78,TRAF7,0.03,0.0217119,0
58239,78,KDM6A,0.8500000000000002,0.7078191999999999,0
58240,78,SPEN,0.09999999999999999,0.0742384,0
58241,78,TRIM27,-0.35,-0.1294265,0
58242,78,CRTC1,0.15000000000000002,0.1182175,0
58243,78,EML4,0.21000000000000008,0.17371160000000002,0
58244,78,USP9X,-0.09999999999999999,-0.0637321,0
58245,78,PTPRK,0.01,0.0068185,0
58246,78,CD74,-0.11,0.004956200000000003,0
58247,78,CBL,0.5700000000000001,0.41033529999999996,0
58248,78,ZNF384,-0.11,-0.0543538,0
58249,78,NOTCH1,0.9900000000000004,0.7138281000000001,0
58250,78,COX6C,-0.1,-0.0477045,0
58251,78,CHCHD7,0.04,0.028429600000000003,0
58252,78,HMGA1,-0.13,-0.0602806,0
58253,78,PTEN,1.3800000000000008,1.1314063000000003,0
58254,78,FIP1L1,-0.03,-0.019434599999999996,0
58255,78,JAK1,0.7900000000000003,0.5945208000000001,0
58256,78,ZMYM2,-0.07,-0.0463518,0
58257,78,SUZ12,0.6800000000000002,0.4740646999999998,0
58258,78,FUS,-0.09,0.1402449,0
58259,78,BAP1,0.049999999999999996,0.06697360000000001,0
58260,78,ZCCHC8,-0.09,-0.0239832,0
58261,78,CRNKL1,-0.04,-0.021710300000000002,0
58262,78,RAD17,0.11999999999999998,0.0850448,0
58263,78,ATP1A1,0.0,0.0003414000000000004,0
58264,78,DNMT3A,0.8700000000000006,0.6230198,0
58265,78,FBXW7,1.0000000000000002,0.7633040999999999,0
58266,78,WWTR1,-0.08999999999999998,-0.0366261,0
58267,78,CDKN1B,0.5800000000000001,0.3569220000000001,0
58268,78,KMT2A,0.5100000000000001,0.4101911999999999,0
58269,78,PTPN11,0.9400000000000003,0.6767989999999998,0
58270,78,STAT5B,0.6300000000000001,0.4665772000000001,0
58271,78,CUX1,-0.11,-0.0698795,0
58272,78,ABI1,-0.39,-0.12860339999999998,0
58273,78,BRCA1,1.650000000000001,1.2880483000000003,0
58274,78,SH2B3,0.019999999999999997,0.018351799999999995,0
58275,78,AFF4,0.09999999999999999,0.07126019999999998,0
58276,78,NF2,0.030000000000000002,0.07333400000000001,0
58277,78,LMNA,0.11,0.0857358,0
58278,78,TSC2,0.5,0.4186519000000001,0
58279,78,GOLPH3,-0.11,-0.06487330000000001,0
58280,78,PCM1,-0.04,-0.025240500000000003,0
58281,78,PPP2R1A,-0.49,-0.14989850000000002,0
58282,78,ARID1A,1.750000000000001,1.2247693,0
58283,78,ABL1,-0.05999999999999998,0.07057809999999996,0
58284,78,AFF1,0.24000000000000002,0.1857184,0
58285,78,DAXX,-0.24000000000000002,-0.036477300000000004,0
58286,78,CBFB,0.14,0.1035719,0
58287,78,CBLB,0.15000000000000002,0.11326069999999999,0
58288,78,POLR2A,0.020000000000000046,0.1653967,0
58289,78,PRKACA,0.3,0.2308233,0
58290,78,DNM2,-0.1,-0.042433,0
58291,78,RAP1GDS1,-0.060000000000000005,-0.0278787,0
58292,78,NCOR1,0.7500000000000001,0.6754118000000001,0
58293,78,NFKBIE,-0.21,-0.0780617,0
58294,78,DDX3X,0.12000000000000001,0.1161731,0
58295,78,ELK4,0.02,0.0143572,0
58296,78,MLLT6,0.13,0.0993794,0
58297,78,SRSF2,-0.98,-0.2719249,0
58298,78,CTNNA1,0.1,0.072599,0
58299,78,RBM10,0.2,0.137724,0
58300,78,PTPRC,0.10000000000000002,0.10440770000000002,0
58301,78,HSP90AA1,1.0600000000000005,0.6889191000000001,0
58302,79,NSD1,0.3,0.2599175,1
58303,79,DICER1,0.26,0.2811117,1
58304,79,BIRC6,0.11,0.10272949999999999,1
58305,79,SDHC,0.38,0.2905621,1
58306,79,TFG,0.18000000000000002,0.11107190000000002,1
58307,79,MAP2K2,0.29,0.2023248,1
58308,79,TFRC,-0.27,-0.0876799,1
58309,79,CREB1,0.8700000000000004,0.7638422999999999,1
58310,79,POLG,-0.01,-0.0031279000000000003,1
58311,79,SETD2,0.5600000000000003,0.5244554000000001,1
58312,79,NAB2,-0.48000000000000004,-0.14663600000000002,1
58313,79,HIF1A,1.680000000000001,1.2949249,1
58314,79,FLCN,-0.01999999999999999,0.03304950000000001,1
58315,79,MAP2K4,0.06,0.12177120000000002,1
58316,79,CNOT3,0.03,0.0407885,1
58317,79,CIITA,0.08,0.050430300000000004,1
58318,79,LSM14A,0.14,0.1188118,1
58319,79,AKAP9,-0.08,0.004248200000000001,1
58320,79,MSN,-0.19000000000000003,-0.05743970000000001,1
58321,79,BCR,-0.049999999999999975,0.042409199999999994,1
58322,79,TRRAP,0.05000000000000002,0.18789830000000002,1
58323,79,PPP6C,-0.15,-0.0643674,1
58324,79,NCOA4,-0.1,-0.0302675,1
58325,79,BCL9,0.2,0.1663103,1
58326,79,PRCC,0.10999999999999999,0.0834002,1
58327,79,LARP4B,0.02,0.0141594,1
58328,79,CHD2,0.02,0.0180516,1
58329,79,ASXL1,0.43000000000000016,0.418374,1
58330,79,SMARCA4,2.010000000000001,1.5700842000000008,1
58331,79,ERC1,-0.04,-0.029560399999999997,1
58332,79,DCTN1,-0.010000000000000002,0.024781800000000003,1
58333,79,PIK3R1,1.1900000000000006,0.9888171,1
58334,79,EED,0.08,0.06877700000000002,1
58335,79,CNBP,0.02,0.0126202,1
58336,79,SGK1,0.45999999999999996,0.31387170000000003,1
58337,79,MLLT10,-0.18999999999999997,-0.1016284,1
58338,79,BRD4,0.9300000000000004,0.8327719000000001,1
58339,79,RANBP2,0.29000000000000004,0.2796241,1
58340,79,FBXO11,0.06,0.0488114,1
58341,79,PML,0.41000000000000003,0.27786600000000006,1
58342,79,AKT2,1.1200000000000003,0.8129938000000002,1
58343,79,CEP89,0.05,0.0313738,1
58344,79,LZTR1,0.12,0.1201825,1
58345,79,YWHAE,0.25,0.16345770000000004,1
58346,79,DNAJB1,-0.07,-0.0199449,1
58347,79,PRDM2,0.06,0.0491144,1
58348,79,TPM4,0.5,0.36155050000000005,1
58349,79,CREBBP,1.8800000000000012,1.5369723,1
58350,79,PMS2,0.7400000000000002,0.6560465,1
58351,79,DDR2,0.010000000000000002,0.009797400000000008,1
58352,79,FANCA,0.38999999999999996,0.3231265,1
58353,79,PDE4DIP,0.08,0.0630988,1
58354,79,USP8,-0.04,-0.019091500000000004,1
58355,79,MYH9,-0.43,-0.10526680000000001,1
58356,79,MYC,-1.6400000000000001,-0.4115033,1
58357,79,NBN,0.6000000000000001,0.48028769999999993,1
58358,79,CCND3,-0.05,0.005700999999999999,1
58359,79,TRIP11,-0.09,-0.068747,1
58360,79,CNTRL,-0.07,-0.0571359,1
58361,79,PIK3CA,1.1400000000000008,1.0170331,1
58362,79,DDX5,0.33,0.33960539999999995,1
58363,79,PICALM,3.469446951953614e-18,0.0042800000000000095,1
58364,79,RARA,-0.05,0.07387509999999999,1
58365,79,DDX6,0.030000000000000034,0.11642550000000004,1
58366,79,COL1A1,0.21999999999999997,0.1881752,1
58367,79,VHL,0.26,0.18876909999999997,1
58368,79,MAPK1,1.650000000000001,1.2327643,1
58369,79,SRC,0.17999999999999997,0.2989267000000001,1
58370,79,NFE2L2,0.32999999999999996,0.24344129999999994,1
58371,79,MITF,-0.28,-0.0771683,1
58372,79,SMAD3,1.2300000000000009,1.1410377999999999,1
58373,79,RBM15,0.08,0.0707413,1
58374,79,ATR,0.71,0.5829159,1
58375,79,EPAS1,0.4,0.37849649999999996,1
58376,79,TPM3,0.16999999999999996,0.15473930000000008,1
58377,79,RPL10,0.12,0.1207709,1
58378,79,STAG1,0.13,0.1532985,1
58379,79,SBDS,-0.06,-0.021461099999999997,1
58380,79,KMT2D,0.9900000000000004,0.8011374000000001,1
58381,79,MED12,0.39,0.3320793,1
58382,79,BCLAF1,-0.06,0.0170803,1
58383,79,ASPSCR1,-0.02000000000000001,-0.003996300000000008,1
58384,79,CDK12,0.5,0.41354150000000006,1
58385,79,EWSR1,0.30999999999999994,0.3225464,1
58386,79,NDRG1,-0.039999999999999994,-0.003467399999999999,1
58387,79,PSIP1,0.060000000000000005,0.05729990000000001,1
58388,79,TRIM33,0.10000000000000002,0.0871643,1
58389,79,MTOR,1.0200000000000005,0.8495531000000003,1
58390,79,ARHGAP35,0.17,0.15379869999999998,1
58391,79,POT1,0.01,0.0126844,1
58392,79,EXT1,0.11,0.0829895,1
58393,79,IL6ST,0.34,0.2872457,1
58394,79,IDH2,-0.18,-0.034306999999999976,1
58395,79,SMARCE1,0.48,0.33655640000000003,1
58396,79,CRTC3,0.09999999999999999,0.08511379999999999,1
58397,79,TSC1,0.32999999999999996,0.3170028,1
58398,79,BCOR,-0.12,0.025639700000000005,1
58399,79,SDHA,0.26,0.20039810000000002,1
58400,79,EP300,2.35,1.935616,1
58401,79,HNRNPA2B1,0.4699999999999999,0.34278319999999995,1
58402,79,CLIP1,-0.13999999999999999,-0.0838297,1
58403,79,PATZ1,-0.54,-0.1410148,1
58404,79,FUBP1,-0.13,-0.012331299999999996,1
58405,79,HLA-A,-0.11,0.011227200000000014,1
58406,79,CCNC,-0.27,-0.11029979999999998,1
58407,79,RPN1,-0.16,-0.0590234,1
58408,79,TCF7L2,0.07000000000000002,0.1277492,1
58409,79,CANT1,0.05,0.031016999999999996,1
58410,79,RPL5,-0.67,-0.2186864,1
58411,79,CCDC6,0.07,0.08884990000000004,1
58412,79,NCKIPSD,-0.04,-0.011148,1
58413,79,SMARCD1,0.47000000000000003,0.3916508000000001,1
58414,79,BCL10,0.03,0.0646528,1
58415,79,MAX,0.029999999999999992,0.0701183,1
58416,79,HERPUD1,-0.02,-0.0057262,1
58417,79,RAC1,-0.010000000000000023,0.11554289999999999,1
58418,79,FLNA,0.09,0.0909568,1
58419,79,TFE3,-0.79,-0.28620879999999993,1
58420,79,NCOR2,0.6300000000000002,0.5437972999999999,1
58421,79,PRPF40B,0.02,0.0173416,1
58422,79,BCL3,-0.10000000000000002,-0.022468400000000003,1
58423,79,TFPT,-0.34,-0.1162443,1
58424,79,MLH1,0.7600000000000002,0.6991603,1
58425,79,ARHGAP5,0.12000000000000001,0.1137506,1
58426,79,CIC,0.01,0.0073815,1
58427,79,LYN,0.8000000000000002,0.6056556,1
58428,79,TCF12,0.32,0.25935099999999994,1
58429,79,KLF6,0.05,0.032483200000000004,1
58430,79,KMT2C,0.9600000000000002,0.8005595999999999,1
58431,79,PIM1,-0.15999999999999998,-0.035101699999999986,1
58432,79,CCND1,1.2100000000000006,0.8044613,1
58433,79,MLLT1,-1.3900000000000003,-0.3663093,1
58434,79,MEN1,-0.1,-0.022875799999999995,1
58435,79,CUL3,0.11,0.13557969999999997,1
58436,79,RB1,0.6900000000000002,0.5555997,1
58437,79,LPP,-0.15999999999999998,-0.0356196,1
58438,79,BUB1B,-0.18000000000000002,-0.06493129999999998,1
58439,79,SMAD4,1.590000000000001,1.2929981,1
58440,79,FGFR1,0.22999999999999998,0.2311482,1
58441,79,TMSB4X,0.04,0.0322364,1
58442,79,CDK4,1.0100000000000005,0.7307568000000001,1
58443,79,MSI2,0.01,0.0079145,1
58444,79,MSH6,1.0200000000000005,0.8532812000000001,1
58445,79,BRAF,1.2500000000000004,1.0909429,1
58446,79,TCEA1,-0.12,-0.006963300000000002,1
58447,79,TNFAIP3,0.14,0.13641520000000001,1
58448,79,RABEP1,-0.010000000000000002,-0.0069315,1
58449,79,GMPS,-0.06999999999999999,-0.029190000000000008,1
58450,79,MDM2,1.2000000000000008,0.9332585999999999,1
58451,79,NSD2,0.21,0.15733460000000002,1
58452,79,CASP8,-0.29000000000000004,0.0675839,1
58453,79,PER1,-0.2,-0.08109949999999999,1
58454,79,UBR5,0.029999999999999992,0.04193089999999999,1
58455,79,EIF3E,-0.020000000000000004,0.0395417,1
58456,79,RFWD3,0.020000000000000004,0.028118200000000006,1
58457,79,BRD3,0.1,0.0716149,1
58458,79,PAFAH1B2,0.03,0.027301199999999998,1
58459,79,EXT2,0.020000000000000004,0.020334199999999997,1
58460,79,PLCG1,0.49999999999999994,0.41947099999999987,1
58461,79,SF3B1,-0.5800000000000001,-0.2634763,1
58462,79,ARHGEF10L,0.03,0.0160356,1
58463,79,NFATC2,0.23,0.16733099999999998,1
58464,79,SDHD,0.28,0.20958670000000007,1
58465,79,PABPC1,-0.77,-0.2139763,1
58466,79,POLD1,-0.3,-0.06913390000000001,1
58467,79,CALR,0.02000000000000001,0.05568519999999999,1
58468,79,PIK3CB,0.8000000000000003,0.6486248999999998,1
58469,79,PPM1D,0.27,0.2102516,1
58470,79,ATRX,0.9600000000000004,0.8270373000000001,1
58471,79,DGCR8,0.19,0.1519607,1
58472,79,DDX10,0.16999999999999998,0.1292603,1
58473,79,DROSHA,0.52,0.4228061,1
58474,79,TNFRSF14,-0.17,-0.05879620000000001,1
58475,79,BCL9L,0.16000000000000003,0.1227212,1
58476,79,QKI,0.009999999999999998,0.008465000000000002,1
58477,79,BAZ1A,0.01,0.007679200000000001,1
58478,79,CHD4,0.4,0.331927,1
58479,79,NSD3,0.1,0.11084139999999999,1
58480,79,NT5C2,0.16000000000000003,0.09526559999999999,1
58481,79,CCNB1IP1,0.12000000000000001,0.0549495,1
58482,79,PCBP1,-0.9399999999999998,-0.25854,1
58483,79,RALGDS,-0.09000000000000001,0.0345934,1
58484,79,ARHGEF12,0.0,0.030254800000000002,1
58485,79,HSP90AB1,1.0300000000000002,0.7264033,1
58486,79,FOXO3,1.4800000000000009,1.1087318000000002,1
58487,79,HIP1,-0.03,-0.0185331,1
58488,79,CDC73,0.04,0.0863282,1
58489,79,NIN,-0.019999999999999993,-0.015425999999999995,1
58490,79,MDM4,0.14,0.18415940000000003,1
58491,79,COL3A1,0.24000000000000002,0.19863850000000002,1
58492,79,CTNND1,0.1,0.1389709,1
58493,79,SPOP,0.09,0.0976175,1
58494,79,TMEM127,0.1,0.05996660000000001,1
58495,79,CREB3L2,0.18,0.12233120000000001,1
58496,79,MSH2,0.9900000000000004,0.8406362999999998,1
58497,79,FNBP1,0.019999999999999997,0.028370799999999995,1
58498,79,ATF1,0.14,0.10089360000000001,1
58499,79,EIF1AX,-0.54,-0.22153060000000002,1
58500,79,PMS1,0.49999999999999994,0.4006668,1
58501,79,DEK,0.17000000000000004,0.1411916,1
58502,79,ERBB2,0.8100000000000003,0.5392896,1
58503,79,AKT1,1.1500000000000006,0.7448939,1
58504,79,CHEK2,0.6800000000000002,0.6278355999999999,1
58505,79,SDHB,0.38000000000000006,0.282206,1
58506,79,NCOA1,0.39,0.31803480000000006,1
58507,79,CHIC2,0.08,0.055088,1
58508,79,RUNX1,0.2600000000000001,0.6148011,1
58509,79,STAT6,0.37,0.34249549999999995,1
58510,79,FH,-0.07,-0.012957900000000015,1
58511,79,AKT3,1.0700000000000003,0.8157140000000002,1
58512,79,GNAS,0.36,0.25626380000000004,1
58513,79,CTNNB1,1.530000000000001,1.1013838,1
58514,79,NONO,0.30000000000000004,0.2710542,1
58515,79,SMARCB1,0.9600000000000002,0.7620894999999999,1
58516,79,PRKAR1A,0.21,0.19181239999999997,1
58517,79,ITGAV,-1.0408340855860843e-17,0.043894899999999994,1
58518,79,SS18,0.39,0.2763118,1
58519,79,MAP2K1,0.9400000000000004,0.6032831999999999,1
58520,79,SIRPA,-0.04000000000000001,-0.0075146000000000015,1
58521,79,PPFIBP1,0.41,0.30813660000000004,1
58522,79,RPL22,-0.10999999999999999,0.09419999999999999,1
58523,79,CYLD,0.30000000000000004,0.2485984,1
58524,79,ARID1B,0.8400000000000001,0.6665498,1
58525,79,SETDB1,0.31,0.2304578,1
58526,79,AFDN,-0.43000000000000005,-0.1397669,1
58527,79,ZRSR2,-0.04,-0.020515200000000008,1
58528,79,PBRM1,0.9900000000000004,0.7628086,1
58529,79,XPC,0.51,0.3369247,1
58530,79,ASXL2,0.27,0.2013699,1
58531,79,TRIM24,-0.2,-0.0365141,1
58532,79,SFPQ,-0.45000000000000007,-0.12301479999999995,1
58533,79,NCOA2,0.6200000000000001,0.5066970999999999,1
58534,79,FOXO4,0.4,0.2565138,1
58535,79,LEF1,0.18000000000000002,0.1828863,1
58536,79,B2M,-0.31999999999999995,-0.1313759,1
58537,79,DDIT3,-0.27999999999999997,-0.1007147,1
58538,79,BCL6,0.16999999999999998,0.1993412,1
58539,79,KRAS,-0.13000000000000006,0.09235850000000001,1
58540,79,FAT1,0.12,0.0913094,1
58541,79,ABL2,0.06999999999999999,0.06092070000000001,1
58542,79,NF1,1.2300000000000006,1.0053477,1
58543,79,BTG1,-0.06,-0.025375799999999997,1
58544,79,EIF4A2,0.08,0.0482105,1
58545,79,SET,0.15999999999999998,0.13012820000000003,1
58546,79,EPS15,0.1,0.0878824,1
58547,79,RNF213,0.05,0.044873,1
58548,79,CTCF,1.0100000000000005,0.7183405,1
58549,79,WDCP,0.19999999999999998,0.12559139999999996,1
58550,79,KAT7,0.14,0.12185789999999999,1
58551,79,KDM5C,0.19000000000000003,0.18869490000000003,1
58552,79,TGFBR2,0.12,0.154105,1
58553,79,ATM,1.0800000000000007,1.0547689999999998,1
58554,79,NUMA1,-0.02,0.0066244000000000025,1
58555,79,STAT3,0.8300000000000005,0.834086,1
58556,79,SUB1,-0.13,-0.056651999999999994,1
58557,79,NUP98,0.20999999999999988,0.20812180000000002,1
58558,79,ELL,0.12000000000000001,0.062115100000000006,1
58559,79,MAP3K1,0.4000000000000001,0.3247875,1
58560,79,MALT1,0.1,0.12788530000000004,1
58561,79,XPO1,0.5100000000000002,0.41437899999999994,1
58562,79,SETD1B,0.26,0.2047326,1
58563,79,ETV6,-0.10000000000000002,-0.022949900000000002,1
58564,79,TBL1XR1,0.23,0.1655003,1
58565,79,NUP214,-0.08,0.14021840000000002,1
58566,79,TPR,0.1,0.08951980000000001,1
58567,79,ATIC,0.16,0.1455449,1
58568,79,NACA,0.21000000000000002,0.1274856,1
58569,79,MYO5A,0.01,0.0080654,1
58570,79,SMC1A,0.30000000000000004,0.4009113000000001,1
58571,79,LASP1,-0.23,-0.1246072,1
58572,79,ERCC5,0.42000000000000004,0.2656802,1
58573,79,JUN,-1.0,-0.15484219999999996,1
58574,79,THRAP3,0.06,0.04735600000000001,1
58575,79,STAG2,0.2700000000000001,0.29614229999999997,1
58576,79,RAF1,0.8500000000000004,0.6603337000000001,1
58577,79,ERCC3,0.5700000000000001,0.4909749,1
58578,79,SMAD2,0.41000000000000025,0.5223095000000002,1
58579,79,TAF15,0.22000000000000003,0.1835978,1
58580,79,ARNT,0.22000000000000003,0.20670410000000003,1
58581,79,CLTC,-0.72,-0.31943070000000007,1
58582,79,IKBKB,0.4800000000000001,0.45963480000000007,1
58583,79,IDH1,-0.6400000000000002,-0.21585849999999998,1
58584,79,SND1,0.0,0.013004999999999996,1
58585,79,KNSTRN,0.02,0.0149584,1
58586,79,RHOA,-3.000000000000001,-0.7194038,1
58587,79,PALB2,0.6700000000000002,0.5711543,1
58588,79,ARID2,0.8400000000000001,0.6634501999999999,1
58589,79,EZR,-0.1,-0.02059999999999999,1
58590,79,TP53,-0.2899999999999998,0.1894558,1
58591,79,ARAF,0.4,0.2329187,1
58592,79,KIF5B,0.5000000000000001,0.37915190000000004,1
58593,79,KAT6A,0.19999999999999998,0.21378019999999998,1
58594,79,KTN1,-0.07,-0.007525200000000005,1
58595,79,GOLGA5,-0.08,-0.05746760000000001,1
58596,79,KDM5A,0.28,0.2600513,1
58597,79,RAD21,0.5900000000000001,0.48696050000000013,1
58598,79,GNAQ,0.30999999999999994,0.24185320000000002,1
58599,79,CAMTA1,0.06,0.043838,1
58600,79,ERCC2,0.68,0.5353412,1
58601,79,EZH2,1.5700000000000012,1.2058685,1
58602,79,TOP1,0.25000000000000006,0.2020705,1
58603,79,SRSF3,-0.30000000000000004,-0.0725643,1
58604,79,NPM1,0.12,0.15230310000000002,1
58605,79,BAX,-0.7699999999999999,-0.1800103,1
58606,79,NOTCH2,0.29000000000000004,0.2426878,1
58607,79,TRAF7,0.02,0.014477400000000001,1
58608,79,KDM6A,0.7500000000000002,0.7945981,1
58609,79,SPEN,0.12,0.09416619999999999,1
58610,79,TRIM27,-0.51,-0.16180779999999997,1
58611,79,CRTC1,0.14,0.11318629999999999,1
58612,79,EML4,0.26,0.26388929999999994,1
58613,79,USP9X,-0.08,-0.0617471,1
58614,79,PTPRK,0.0,0.0,1
58615,79,CD74,-0.19000000000000003,-0.007076200000000011,1
58616,79,CBL,0.5800000000000001,0.5127600999999999,1
58617,79,ZNF384,0.02,0.0159563,1
58618,79,NOTCH1,1.1300000000000006,0.8290485000000001,1
58619,79,COX6C,-0.19,-0.0541709,1
58620,79,CHCHD7,0.02,0.012667600000000001,1
58621,79,HMGA1,-0.08,-0.031121399999999997,1
58622,79,PTEN,1.3200000000000007,1.1906157000000002,1
58623,79,FIP1L1,-0.05,-0.015175900000000006,1
58624,79,JAK1,0.8400000000000003,0.7009500999999999,1
58625,79,ZMYM2,-0.029999999999999992,-0.020794499999999994,1
58626,79,SUZ12,0.8100000000000003,0.6438138,1
58627,79,FUS,-0.52,-0.010774300000000021,1
58628,79,BAP1,-0.38999999999999996,-0.16087970000000001,1
58629,79,ZCCHC8,-0.09,-0.023941799999999996,1
58630,79,CRNKL1,0.009999999999999998,0.008092100000000003,1
58631,79,RAD17,0.17,0.12463069999999998,1
58632,79,ATP1A1,0.03,0.0169825,1
58633,79,DNMT3A,1.0800000000000003,0.8835773,1
58634,79,FBXW7,1.0000000000000004,0.8384803000000002,1
58635,79,WWTR1,-0.12000000000000001,-0.04779040000000001,1
58636,79,CDKN1B,0.41000000000000003,0.30154560000000014,1
58637,79,KMT2A,0.3499999999999999,0.3680682,1
58638,79,PTPN11,1.1100000000000005,0.9025336999999999,1
58639,79,STAT5B,0.7200000000000002,0.5885373,1
58640,79,CUX1,-0.08,-0.054844199999999996,1
58641,79,ABI1,-0.30000000000000004,-0.08729039999999999,1
58642,79,BRCA1,1.9000000000000012,1.5303538000000003,1
58643,79,SH2B3,0.08,0.048909299999999996,1
58644,79,AFF4,-0.049999999999999996,-0.00811860000000001,1
58645,79,NF2,0.13,0.1422019,1
58646,79,LMNA,0.009999999999999993,0.019758500000000005,1
58647,79,TSC2,0.8700000000000003,0.6954628,1
58648,79,GOLPH3,-0.08,-0.0552496,1
58649,79,PCM1,-0.04,-0.0328132,1
58650,79,PPP2R1A,-0.43999999999999995,-0.13549209999999998,1
58651,79,ARID1A,1.8100000000000012,1.4558362000000002,1
58652,79,ABL1,-0.04999999999999992,0.11897249999999991,1
58653,79,AFF1,0.09,0.10650510000000002,1
58654,79,DAXX,-0.42,-0.1147037,1
58655,79,CBFB,0.09000000000000001,0.11902080000000001,1
58656,79,CBLB,0.17,0.1480238,1
58657,79,POLR2A,-0.18999999999999997,0.1372085,1
58658,79,PRKACA,0.08000000000000003,0.21245590000000003,1
58659,79,DNM2,-0.12000000000000001,-0.04705550000000001,1
58660,79,RAP1GDS1,0.010000000000000009,0.04190909999999999,1
58661,79,NCOR1,0.9400000000000004,0.9135086000000001,1
58662,79,NFKBIE,-0.41000000000000003,-0.12586050000000001,1
58663,79,DDX3X,0.2799999999999999,0.24600169999999996,1
58664,79,ELK4,0.03,0.026577899999999998,1
58665,79,MLLT6,0.05,0.0474677,1
58666,79,SRSF2,-2.750000000000001,-0.6809342,1
58667,79,CTNNA1,0.17,0.1320946,1
58668,79,RBM10,0.17,0.1243245,1
58669,79,PTPRC,0.06999999999999999,0.13105470000000002,1
58670,79,HSP90AA1,1.0100000000000002,0.7065582,1
58671,79,NSD1,0.29,0.24408919999999998,0
58672,79,DICER1,0.26,0.2413667,0
58673,79,BIRC6,0.06999999999999999,0.05867270000000001,0
58674,79,SDHC,0.3400000000000001,0.22986899999999996,0
58675,79,TFG,0.29999999999999993,0.1652695,0
58676,79,MAP2K2,0.28,0.23646860000000003,0
58677,79,TFRC,-0.33,-0.1471454,0
58678,79,CREB1,0.7500000000000004,0.5673463000000002,0
58679,79,POLG,0.02,0.008473000000000001,0
58680,79,SETD2,0.6900000000000003,0.5814528,0
58681,79,NAB2,-0.30000000000000004,-0.1088547,0
58682,79,HIF1A,1.510000000000001,1.0761810999999997,0
58683,79,FLCN,0.05,0.0423122,0
58684,79,MAP2K4,0.05000000000000001,0.0937178,0
58685,79,CNOT3,0.010000000000000002,0.0169027,0
58686,79,CIITA,0.1,0.0665127,0
58687,79,LSM14A,0.08,0.0695709,0
58688,79,AKAP9,-0.12,-0.03926890000000001,0
58689,79,MSN,-0.32999999999999996,-0.07223900000000003,0
58690,79,BCR,0.08,0.058493899999999995,0
58691,79,TRRAP,2.0816681711721685e-17,0.1332159,0
58692,79,PPP6C,-0.18,-0.0879413,0
58693,79,NCOA4,-0.21,-0.11742370000000002,0
58694,79,BCL9,0.13999999999999999,0.10936200000000001,0
58695,79,PRCC,0.019999999999999993,0.0200089,0
58696,79,LARP4B,0.0,0.0,0
58697,79,CHD2,0.01,0.007584800000000001,0
58698,79,ASXL1,0.5199999999999999,0.47232859999999993,0
58699,79,SMARCA4,1.1800000000000006,0.9146113999999999,0
58700,79,ERC1,-0.02,-0.014879,0
58701,79,DCTN1,-0.30999999999999994,-0.14942919999999998,0
58702,79,PIK3R1,1.4300000000000008,0.9954784000000003,0
58703,79,EED,-0.010000000000000004,0.032956900000000004,0
58704,79,CNBP,0.01,0.0052194,0
58705,79,SGK1,0.33,0.19319269999999997,0
58706,79,MLLT10,-0.17,-0.0620869,0
58707,79,BRD4,1.0300000000000002,0.7868816999999999,0
58708,79,RANBP2,0.12999999999999998,0.2118696999999999,0
58709,79,FBXO11,0.060000000000000005,0.04881400000000001,0
58710,79,PML,0.37,0.27682660000000003,0
58711,79,AKT2,0.8700000000000002,0.5952776999999999,0
58712,79,CEP89,0.06,0.035194199999999995,0
58713,79,LZTR1,0.05,0.062225,0
58714,79,YWHAE,0.29000000000000004,0.1832259,0
58715,79,DNAJB1,-0.060000000000000005,-0.0024275999999999985,0
58716,79,PRDM2,0.02,0.014908800000000002,0
58717,79,TPM4,0.48000000000000004,0.30845520000000004,0
58718,79,CREBBP,1.8200000000000012,1.4525712,0
58719,79,PMS2,0.6600000000000001,0.5864497,0
58720,79,DDR2,0.060000000000000005,0.04611080000000001,0
58721,79,FANCA,0.38,0.30327309999999996,0
58722,79,PDE4DIP,0.06,0.0410254,0
58723,79,USP8,-0.08,-0.040729800000000004,0
58724,79,MYH9,-0.27,-0.04294540000000001,0
58725,79,MYC,-1.1100000000000003,-0.41012489999999996,0
58726,79,NBN,0.51,0.38501060000000004,0
58727,79,CCND3,-0.12000000000000004,-0.005166999999999993,0
58728,79,TRIP11,-0.12,-0.0809884,0
58729,79,CNTRL,-0.08000000000000002,-0.055105100000000004,0
58730,79,PIK3CA,1.5100000000000011,1.0852053,0
58731,79,DDX5,0.30999999999999994,0.25894500000000004,0
58732,79,PICALM,0.010000000000000002,0.010984400000000002,0
58733,79,RARA,0.5500000000000002,0.3837733,0
58734,79,DDX6,-0.05,0.05103820000000002,0
58735,79,COL1A1,0.13,0.13818580000000003,0
58736,79,VHL,0.22999999999999998,0.1544327,0
58737,79,MAPK1,1.600000000000001,1.0326266,0
58738,79,SRC,-0.6900000000000001,-0.03379820000000002,0
58739,79,NFE2L2,0.27,0.18248060000000002,0
58740,79,MITF,-0.26,-0.0545743,0
58741,79,SMAD3,1.2000000000000008,0.8859308000000001,0
58742,79,RBM15,0.060000000000000005,0.05236010000000001,0
58743,79,ATR,0.6500000000000002,0.5585072000000001,0
58744,79,EPAS1,0.44,0.36530119999999994,0
58745,79,TPM3,0.25,0.17982880000000004,0
58746,79,RPL10,0.12000000000000001,0.11662260000000002,0
58747,79,STAG1,0.13,0.13186479999999998,0
58748,79,SBDS,-0.08,-0.027816800000000003,0
58749,79,KMT2D,0.9200000000000004,0.6653332000000001,0
58750,79,MED12,0.31000000000000005,0.24337530000000002,0
58751,79,BCLAF1,-0.019999999999999997,0.017569600000000005,0
58752,79,ASPSCR1,-0.020000000000000007,-0.0050826000000000066,0
58753,79,CDK12,0.25,0.1831049,0
58754,79,EWSR1,0.4099999999999999,0.3385097,0
58755,79,NDRG1,-0.06,-0.02398,0
58756,79,PSIP1,-0.11,-0.051599200000000005,0
58757,79,TRIM33,0.030000000000000006,0.029209999999999996,0
58758,79,MTOR,1.1500000000000004,0.8283292,0
58759,79,ARHGAP35,0.13,0.15188480000000004,0
58760,79,POT1,-0.030000000000000002,0.006355399999999997,0
58761,79,EXT1,0.11,0.0741015,0
58762,79,IL6ST,0.30000000000000004,0.23190219999999998,0
58763,79,IDH2,0.09,0.09023120000000001,0
58764,79,SMARCE1,0.43,0.2704297,0
58765,79,CRTC3,0.09,0.07081370000000001,0
58766,79,TSC1,0.3399999999999999,0.28244689999999995,0
58767,79,BCOR,-0.13999999999999999,-0.010990999999999994,0
58768,79,SDHA,0.26,0.16651729999999998,0
58769,79,EP300,1.7300000000000013,1.3237458000000002,0
58770,79,HNRNPA2B1,0.27999999999999997,0.22838740000000002,0
58771,79,CLIP1,-0.09999999999999999,-0.0586179,0
58772,79,PATZ1,-0.4,-0.12283999999999998,0
58773,79,FUBP1,-0.16999999999999998,-0.0198701,0
58774,79,HLA-A,-0.18,0.0158699,0
58775,79,CCNC,-0.010000000000000005,0.0023717000000000026,0
58776,79,RPN1,-0.32999999999999996,-0.09265269999999999,0
58777,79,TCF7L2,0.03999999999999999,0.08267199999999998,0
58778,79,CANT1,0.11000000000000001,0.0694227,0
58779,79,RPL5,-0.66,-0.17568290000000003,0
58780,79,CCDC6,-0.010000000000000009,0.03889700000000001,0
58781,79,NCKIPSD,0.02,0.0105926,0
58782,79,SMARCD1,0.52,0.3677428,0
58783,79,BCL10,0.010000000000000016,0.0387334,0
58784,79,MAX,-0.03,-0.007483300000000003,0
58785,79,HERPUD1,0.02,0.0082434,0
58786,79,RAC1,0.12,0.14850030000000003,0
58787,79,FLNA,0.13999999999999999,0.1193351,0
58788,79,TFE3,-0.39,-0.1686283,0
58789,79,NCOR2,0.7600000000000002,0.5660461999999999,0
58790,79,PRPF40B,-0.03,-0.013422000000000002,0
58791,79,BCL3,-0.010000000000000005,0.0159637,0
58792,79,TFPT,-0.29,-0.095572,0
58793,79,MLH1,0.81,0.6838121,0
58794,79,ARHGAP5,0.14,0.11619389999999999,0
58795,79,CIC,0.0,0.0,0
58796,79,LYN,0.8600000000000003,0.5984197,0
58797,79,TCF12,0.26,0.1979592,0
58798,79,KLF6,0.05,0.0273643,0
58799,79,KMT2C,0.9800000000000002,0.7775097999999999,0
58800,79,PIM1,-0.15000000000000002,-0.0462997,0
58801,79,CCND1,1.2800000000000007,0.7984059000000002,0
58802,79,MLLT1,-0.9700000000000002,-0.2804507,0
58803,79,MEN1,0.03000000000000002,0.06185140000000001,0
58804,79,CUL3,0.11,0.10837520000000002,0
58805,79,RB1,0.6299999999999999,0.47532029999999986,0
58806,79,LPP,-0.04,-0.018573600000000003,0
58807,79,BUB1B,-0.13,-0.06407930000000002,0
58808,79,SMAD4,1.3500000000000008,1.0109611,0
58809,79,FGFR1,0.19999999999999998,0.15887549999999998,0
58810,79,TMSB4X,0.04,0.0315928,0
58811,79,CDK4,0.6400000000000001,0.4531191999999999,0
58812,79,MSI2,0.0,0.0,0
58813,79,MSH6,0.8300000000000003,0.6626825000000001,0
58814,79,BRAF,1.0300000000000005,0.9063863000000002,0
58815,79,TCEA1,-0.05999999999999999,-0.0020414000000000057,0
58816,79,TNFAIP3,0.09,0.09237240000000002,0
58817,79,RABEP1,0.009999999999999998,0.005833499999999997,0
58818,79,GMPS,-0.1,-0.0538562,0
58819,79,MDM2,1.2300000000000006,0.8285317000000001,0
58820,79,NSD2,0.15999999999999998,0.11096369999999998,0
58821,79,CASP8,-0.019999999999999983,0.16140059999999998,0
58822,79,PER1,-0.29,-0.050003000000000006,0
58823,79,UBR5,-0.06999999999999999,-0.02089239999999999,0
58824,79,EIF3E,-0.07000000000000002,0.0466003,0
58825,79,RFWD3,0.030000000000000002,0.032877,0
58826,79,BRD3,0.13,0.1095264,0
58827,79,PAFAH1B2,0.02,0.016378,0
58828,79,EXT2,0.0,0.009172899999999998,0
58829,79,PLCG1,0.6100000000000001,0.4192522,0
58830,79,SF3B1,-0.26,-0.10095150000000001,0
58831,79,ARHGEF10L,0.03,0.0182574,0
58832,79,NFATC2,0.18,0.12462820000000001,0
58833,79,SDHD,0.24,0.14006870000000002,0
58834,79,PABPC1,-0.7700000000000001,-0.19794799999999999,0
58835,79,POLD1,-0.25000000000000006,-0.049217799999999985,0
58836,79,CALR,0.020000000000000004,0.024603899999999998,0
58837,79,PIK3CB,0.54,0.42884700000000003,0
58838,79,PPM1D,0.18000000000000002,0.136475,0
58839,79,ATRX,0.9900000000000007,0.7845864999999999,0
58840,79,DGCR8,0.13,0.0813981,0
58841,79,DDX10,0.14,0.09210650000000001,0
58842,79,DROSHA,0.4,0.2883042,0
58843,79,TNFRSF14,-0.1,-0.0362347,0
58844,79,BCL9L,0.15,0.1023724,0
58845,79,QKI,-0.09999999999999999,-0.0587284,0
58846,79,BAZ1A,0.01,0.007149,0
58847,79,CHD4,0.27,0.22908820000000002,0
58848,79,NSD3,0.07,0.0710045,0
58849,79,NT5C2,0.18000000000000002,0.11027880000000001,0
58850,79,CCNB1IP1,0.11,0.0460878,0
58851,79,PCBP1,-0.75,-0.24330680000000002,0
58852,79,RALGDS,0.13,0.0909441,0
58853,79,ARHGEF12,-0.029999999999999995,-0.0005826999999999985,0
58854,79,HSP90AB1,1.1500000000000004,0.7761292000000002,0
58855,79,FOXO3,1.2900000000000007,0.8894998999999999,0
58856,79,HIP1,0.01,0.007342100000000001,0
58857,79,CDC73,-0.15999999999999998,-0.024816199999999997,0
58858,79,NIN,0.03,0.022298600000000002,0
58859,79,MDM4,0.11,0.1424246,0
58860,79,COL3A1,0.16,0.14762770000000003,0
58861,79,CTNND1,0.13,0.13789600000000002,0
58862,79,SPOP,8.673617379884035e-18,0.02057350000000001,0
58863,79,TMEM127,0.05,0.050498600000000005,0
58864,79,CREB3L2,0.14,0.09030379999999999,0
58865,79,MSH2,0.9700000000000004,0.7459974000000001,0
58866,79,FNBP1,0.0,0.0019955,0
58867,79,ATF1,0.039999999999999994,0.027302199999999992,0
58868,79,EIF1AX,-0.47000000000000003,-0.22275799999999998,0
58869,79,PMS1,0.5499999999999999,0.41547720000000005,0
58870,79,DEK,0.12000000000000001,0.1107998,0
58871,79,ERBB2,1.0300000000000005,0.6587894999999999,0
58872,79,AKT1,1.2300000000000006,0.7685776,0
58873,79,CHEK2,0.22000000000000003,0.3607911,0
58874,79,SDHB,0.42,0.2679412,0
58875,79,NCOA1,0.42000000000000004,0.294416,0
58876,79,CHIC2,0.049999999999999996,0.026450299999999996,0
58877,79,RUNX1,0.43000000000000005,0.574421,0
58878,79,STAT6,0.27,0.19029140000000003,0
58879,79,FH,-0.16000000000000003,-0.048673600000000004,0
58880,79,AKT3,1.0600000000000005,0.7151245,0
58881,79,GNAS,0.22999999999999995,0.15389809999999995,0
58882,79,CTNNB1,1.2300000000000004,0.8387862000000004,0
58883,79,NONO,0.16999999999999998,0.11997100000000001,0
58884,79,SMARCB1,0.8700000000000003,0.6439523,0
58885,79,PRKAR1A,0.09,0.09033530000000001,0
58886,79,ITGAV,0.07,0.06807010000000001,0
58887,79,SS18,0.4,0.2583799,0
58888,79,MAP2K1,1.1100000000000005,0.7038284000000001,0
58889,79,SIRPA,0.019999999999999997,0.0126216,0
58890,79,PPFIBP1,0.39999999999999997,0.26595690000000005,0
58891,79,RPL22,-0.15,0.0903446,0
58892,79,CYLD,0.28,0.2161932,0
58893,79,ARID1B,0.6599999999999999,0.4872859000000001,0
58894,79,SETDB1,0.33,0.2382072,0
58895,79,AFDN,-0.32,-0.10743290000000003,0
58896,79,ZRSR2,0.3400000000000001,0.2438044,0
58897,79,PBRM1,0.9700000000000004,0.7044362,0
58898,79,XPC,0.6100000000000001,0.3997366,0
58899,79,ASXL2,0.24,0.1593719,0
58900,79,TRIM24,-0.16999999999999998,-0.06320780000000001,0
58901,79,SFPQ,-0.09999999999999998,0.006104599999999998,0
58902,79,NCOA2,0.5200000000000001,0.3621085,0
58903,79,FOXO4,0.3700000000000001,0.2453482,0
58904,79,LEF1,0.11,0.09968289999999999,0
58905,79,B2M,-0.6899999999999998,-0.22383670000000006,0
58906,79,DDIT3,-0.35,-0.0955221,0
58907,79,BCL6,0.53,0.36435119999999993,0
58908,79,KRAS,-1.9400000000000004,-0.5031992,0
58909,79,FAT1,0.04,0.04363960000000001,0
58910,79,ABL2,0.060000000000000005,0.049228,0
58911,79,NF1,0.8500000000000003,0.6889276999999999,0
58912,79,BTG1,-0.01,-0.0058599,0
58913,79,EIF4A2,0.10999999999999999,0.07833849999999999,0
58914,79,SET,0.17,0.1444095,0
58915,79,EPS15,0.03,0.0307825,0
58916,79,RNF213,0.04,0.0320838,0
58917,79,CTCF,0.9200000000000004,0.6657808,0
58918,79,WDCP,0.11999999999999997,0.06764020000000001,0
58919,79,KAT7,0.10999999999999999,0.0938595,0
58920,79,KDM5C,0.15999999999999998,0.1474947,0
58921,79,TGFBR2,0.2,0.1571911,0
58922,79,ATM,1.4100000000000008,1.1032984000000001,0
58923,79,NUMA1,-0.020000000000000004,0.0014040999999999975,0
58924,79,STAT3,1.4400000000000008,1.0996898000000002,0
58925,79,SUB1,-0.25,-0.0918785,0
58926,79,NUP98,0.15,0.1438156,0
58927,79,ELL,-0.08,-0.019691800000000006,0
58928,79,MAP3K1,0.39,0.3086896,0
58929,79,MALT1,0.17,0.14756800000000003,0
58930,79,XPO1,0.33999999999999997,0.2799695,0
58931,79,SETD1B,0.17,0.1202059,0
58932,79,ETV6,-0.23,-0.0960908,0
58933,79,TBL1XR1,0.2,0.13203900000000002,0
58934,79,NUP214,0.02,0.1020234,0
58935,79,TPR,0.09,0.09318769999999998,0
58936,79,ATIC,0.06999999999999998,0.0582557,0
58937,79,NACA,0.23,0.1578367,0
58938,79,MYO5A,0.019999999999999997,0.015423700000000002,0
58939,79,SMC1A,0.5700000000000001,0.4905713000000001,0
58940,79,LASP1,-0.18,-0.11240570000000001,0
58941,79,ERCC5,0.48,0.31094560000000004,0
58942,79,JUN,0.27,0.28749630000000004,0
58943,79,THRAP3,0.06999999999999999,0.05835139999999999,0
58944,79,STAG2,0.54,0.41396140000000003,0
58945,79,RAF1,1.0800000000000003,0.7663082999999999,0
58946,79,ERCC3,0.53,0.4310555,0
58947,79,SMAD2,0.4600000000000001,0.44621249999999996,0
58948,79,TAF15,0.19000000000000003,0.15677770000000002,0
58949,79,ARNT,0.31999999999999995,0.24446500000000002,0
58950,79,CLTC,-0.54,-0.28095970000000003,0
58951,79,IKBKB,0.5600000000000003,0.46034009999999986,0
58952,79,IDH1,-0.6400000000000001,-0.18093280000000003,0
58953,79,SND1,0.009999999999999997,0.018064200000000002,0
58954,79,KNSTRN,0.03,0.0252807,0
58955,79,RHOA,-1.3000000000000003,-0.34272740000000007,0
58956,79,PALB2,0.6000000000000001,0.49789089999999997,0
58957,79,ARID2,0.75,0.5630876000000001,0
58958,79,EZR,-6.938893903907228e-18,0.037113799999999995,0
58959,79,TP53,-1.14,-0.18875609999999998,0
58960,79,ARAF,0.38,0.2200646,0
58961,79,KIF5B,0.46,0.3259469000000001,0
58962,79,KAT6A,0.22999999999999998,0.19947030000000002,0
58963,79,KTN1,-0.09000000000000001,-0.027834500000000005,0
58964,79,GOLGA5,-0.11,-0.0757014,0
58965,79,KDM5A,0.24999999999999997,0.2184546,0
58966,79,RAD21,0.49000000000000005,0.38327999999999995,0
58967,79,GNAQ,0.07999999999999999,0.0736381,0
58968,79,CAMTA1,-0.01,-0.004445700000000001,0
58969,79,ERCC2,0.64,0.45434170000000007,0
58970,79,EZH2,1.7700000000000011,1.2069120999999998,0
58971,79,TOP1,0.17,0.13766620000000002,0
58972,79,SRSF3,-0.22000000000000006,-0.0662527,0
58973,79,NPM1,-0.06999999999999998,0.12878009999999995,0
58974,79,BAX,-0.44999999999999996,-0.1484723,0
58975,79,NOTCH2,0.26,0.20131140000000003,0
58976,79,TRAF7,0.03,0.0224457,0
58977,79,KDM6A,0.9400000000000003,0.7942525999999999,0
58978,79,SPEN,0.11,0.0802686,0
58979,79,TRIM27,-0.46,-0.16713719999999999,0
58980,79,CRTC1,0.14,0.11380370000000001,0
58981,79,EML4,0.26,0.21395289999999995,0
58982,79,USP9X,-0.04,-0.021539100000000002,0
58983,79,PTPRK,0.02,0.0145064,0
58984,79,CD74,-0.15000000000000002,0.0012850999999999826,0
58985,79,CBL,0.6000000000000001,0.4491261000000001,0
58986,79,ZNF384,-0.07,-0.036446099999999995,0
58987,79,NOTCH1,1.0200000000000005,0.7501037999999999,0
58988,79,COX6C,-0.11,-0.054506,0
58989,79,CHCHD7,0.03,0.0201081,0
58990,79,HMGA1,-0.13,-0.0570575,0
58991,79,PTEN,1.3900000000000006,1.1568327999999999,0
58992,79,FIP1L1,-0.03,-0.020219400000000002,0
58993,79,JAK1,0.7400000000000002,0.5841036000000001,0
58994,79,ZMYM2,-0.07,-0.048420599999999994,0
58995,79,SUZ12,0.8100000000000003,0.5732747,0
58996,79,FUS,-0.040000000000000036,0.16742309999999996,0
58997,79,BAP1,0.08999999999999998,0.08434679999999999,0
58998,79,ZCCHC8,-0.08,-0.0231032,0
58999,79,CRNKL1,-0.04,-0.022778399999999997,0
59000,79,RAD17,0.13,0.1007111,0
59001,79,ATP1A1,0.019999999999999997,0.011507999999999997,0
59002,79,DNMT3A,0.8100000000000003,0.6448304999999999,0
59003,79,FBXW7,0.9400000000000004,0.7093820999999998,0
59004,79,WWTR1,-0.04,-0.020290200000000005,0
59005,79,CDKN1B,0.5499999999999999,0.3585014,0
59006,79,KMT2A,0.45000000000000007,0.3701464,0
59007,79,PTPN11,0.9200000000000005,0.6603529,0
59008,79,STAT5B,0.7000000000000003,0.5088891000000001,0
59009,79,CUX1,-0.11,-0.0729908,0
59010,79,ABI1,-0.36,-0.1268053,0
59011,79,BRCA1,1.670000000000001,1.3195912000000007,0
59012,79,SH2B3,0.05,0.0376244,0
59013,79,AFF4,0.049999999999999996,0.0410164,0
59014,79,NF2,-0.030000000000000013,0.05047179999999999,0
59015,79,LMNA,0.04,0.04561130000000001,0
59016,79,TSC2,0.51,0.42627689999999996,0
59017,79,GOLPH3,-0.11,-0.0664101,0
59018,79,PCM1,-0.060000000000000005,-0.039993400000000005,0
59019,79,PPP2R1A,-0.3700000000000001,-0.11130960000000001,0
59020,79,ARID1A,1.8000000000000012,1.2888306999999999,0
59021,79,ABL1,0.22000000000000017,0.21346509999999996,0
59022,79,AFF1,0.21000000000000002,0.16325810000000002,0
59023,79,DAXX,-0.28,-0.0701104,0
59024,79,CBFB,0.12,0.09614220000000001,0
59025,79,CBLB,0.12000000000000001,0.0927204,0
59026,79,POLR2A,0.019999999999999934,0.17211600000000002,0
59027,79,PRKACA,0.4100000000000001,0.3136921000000001,0
59028,79,DNM2,-0.12,-0.0555147,0
59029,79,RAP1GDS1,-0.07999999999999999,-0.023715800000000002,0
59030,79,NCOR1,0.9700000000000003,0.8014543999999997,0
59031,79,NFKBIE,-0.27,-0.099027,0
59032,79,DDX3X,0.12000000000000001,0.11210890000000001,0
59033,79,ELK4,0.01,0.0071658,0
59034,79,MLLT6,0.12000000000000001,0.08379129999999999,0
59035,79,SRSF2,-1.26,-0.37176149999999997,0
59036,79,CTNNA1,0.09,0.06817599999999999,0
59037,79,RBM10,0.21000000000000002,0.14627170000000003,0
59038,79,PTPRC,0.13,0.12388769999999999,0
59039,79,HSP90AA1,1.3200000000000007,0.8856700999999999,0
59040,80,NSD1,0.31,0.26738649999999997,1
59041,80,DICER1,0.24000000000000002,0.2687049,1
59042,80,BIRC6,0.08,0.0908921,1
59043,80,SDHC,0.42999999999999994,0.3256388,1
59044,80,TFG,0.07,0.05886050000000001,1
59045,80,MAP2K2,0.4,0.2695151,1
59046,80,TFRC,-0.28,-0.105241,1
59047,80,CREB1,0.8600000000000004,0.7721993000000003,1
59048,80,POLG,-0.02,-0.0056404,1
59049,80,SETD2,0.6400000000000001,0.5898625000000002,1
59050,80,NAB2,-0.48000000000000004,-0.14464860000000002,1
59051,80,HIF1A,1.610000000000001,1.2520979,1
59052,80,FLCN,-0.06999999999999999,0.005396199999999997,1
59053,80,MAP2K4,0.09,0.1394528,1
59054,80,CNOT3,0.05999999999999999,0.058441900000000005,1
59055,80,CIITA,0.11,0.07310159999999999,1
59056,80,LSM14A,0.14,0.1137577,1
59057,80,AKAP9,-0.06,0.014126599999999996,1
59058,80,MSN,-0.30999999999999994,-0.09662739999999999,1
59059,80,BCR,-0.05999999999999999,0.0349934,1
59060,80,TRRAP,0.07000000000000005,0.20298729999999998,1
59061,80,PPP6C,-0.13,-0.057185,1
59062,80,NCOA4,-0.1,-0.024252700000000002,1
59063,80,BCL9,0.18000000000000002,0.141704,1
59064,80,PRCC,0.09,0.075422,1
59065,80,LARP4B,0.03,0.0216243,1
59066,80,CHD2,0.02,0.0182054,1
59067,80,ASXL1,0.33999999999999997,0.3751451,1
59068,80,SMARCA4,1.870000000000001,1.4948759999999996,1
59069,80,ERC1,-0.03,-0.0220242,1
59070,80,DCTN1,0.019999999999999997,0.04998510000000001,1
59071,80,PIK3R1,1.1800000000000006,0.9823435999999997,1
59072,80,EED,0.16000000000000003,0.1159043,1
59073,80,CNBP,0.01,0.0057268,1
59074,80,SGK1,0.47,0.3223156000000001,1
59075,80,MLLT10,-0.17999999999999997,-0.0915709,1
59076,80,BRD4,1.0000000000000002,0.8871257999999999,1
59077,80,RANBP2,0.24000000000000002,0.2512485,1
59078,80,FBXO11,0.05,0.0416515,1
59079,80,PML,0.3500000000000001,0.23364450000000003,1
59080,80,AKT2,1.1600000000000006,0.8454178000000002,1
59081,80,CEP89,0.04,0.0258676,1
59082,80,LZTR1,0.06999999999999999,0.10166289999999999,1
59083,80,YWHAE,0.21000000000000002,0.13147330000000002,1
59084,80,DNAJB1,-0.06999999999999999,-0.0233291,1
59085,80,PRDM2,0.06,0.0500066,1
59086,80,TPM4,0.53,0.3681748,1
59087,80,CREBBP,1.9500000000000013,1.6013572000000003,1
59088,80,PMS2,0.7000000000000002,0.6274917,1
59089,80,DDR2,0.030000000000000002,0.0177729,1
59090,80,FANCA,0.41000000000000003,0.34983900000000007,1
59091,80,PDE4DIP,0.08,0.0627628,1
59092,80,USP8,-0.05,-0.0218325,1
59093,80,MYH9,-0.5399999999999999,-0.1491324,1
59094,80,MYC,-0.9900000000000002,-0.11919999999999999,1
59095,80,NBN,0.6200000000000001,0.49887620000000005,1
59096,80,CCND3,6.938893903907228e-18,0.0357537,1
59097,80,TRIP11,-0.09000000000000001,-0.0652925,1
59098,80,CNTRL,-0.08,-0.0622741,1
59099,80,PIK3CA,1.2300000000000009,1.0906063000000001,1
59100,80,DDX5,0.28999999999999987,0.29515920000000007,1
59101,80,PICALM,-0.009999999999999998,-0.0008164999999999978,1
59102,80,RARA,-0.03000000000000001,0.0837478,1
59103,80,DDX6,0.010000000000000023,0.09837090000000001,1
59104,80,COL1A1,0.18,0.16222049999999996,1
59105,80,VHL,0.24000000000000005,0.1781836,1
59106,80,MAPK1,1.860000000000001,1.3218367,1
59107,80,SRC,0.04000000000000001,0.25295280000000003,1
59108,80,NFE2L2,0.31999999999999995,0.2444036,1
59109,80,MITF,-0.23,-0.04314269999999999,1
59110,80,SMAD3,1.2500000000000009,1.1568769000000003,1
59111,80,RBM15,0.07,0.0670302,1
59112,80,ATR,0.7400000000000002,0.6124054999999999,1
59113,80,EPAS1,0.38999999999999996,0.37897329999999996,1
59114,80,TPM3,0.20000000000000004,0.17787900000000004,1
59115,80,RPL10,0.11000000000000001,0.11218430000000001,1
59116,80,STAG1,0.12000000000000001,0.1523391,1
59117,80,SBDS,-0.06,-0.020829,1
59118,80,KMT2D,1.0300000000000002,0.8272419999999998,1
59119,80,MED12,0.38,0.33013489999999995,1
59120,80,BCLAF1,-0.060000000000000005,0.016082800000000008,1
59121,80,ASPSCR1,-1.3877787807814457e-17,0.009144999999999986,1
59122,80,CDK12,0.48,0.3990771000000001,1
59123,80,EWSR1,0.29,0.30969329999999995,1
59124,80,NDRG1,-0.05,-0.012827000000000002,1
59125,80,PSIP1,0.04,0.0347834,1
59126,80,TRIM33,0.12000000000000001,0.10659690000000002,1
59127,80,MTOR,0.9500000000000005,0.7956344000000001,1
59128,80,ARHGAP35,0.17,0.15240109999999998,1
59129,80,POT1,-0.01,0.0057397,1
59130,80,EXT1,0.1,0.07141499999999999,1
59131,80,IL6ST,0.33,0.2797174,1
59132,80,IDH2,-0.009999999999999981,0.061113299999999995,1
59133,80,SMARCE1,0.38,0.26821389999999995,1
59134,80,CRTC3,0.09999999999999999,0.08583640000000001,1
59135,80,TSC1,0.35000000000000003,0.3381015,1
59136,80,BCOR,-0.13999999999999999,0.011817600000000001,1
59137,80,SDHA,0.27,0.21291369999999998,1
59138,80,EP300,2.3000000000000007,1.9240520000000005,1
59139,80,HNRNPA2B1,0.47000000000000003,0.33508189999999993,1
59140,80,CLIP1,-0.15,-0.07990660000000001,1
59141,80,PATZ1,-0.44999999999999996,-0.12464090000000001,1
59142,80,FUBP1,-0.09999999999999999,0.004263099999999999,1
59143,80,HLA-A,-0.010000000000000009,0.05699279999999998,1
59144,80,CCNC,-0.28,-0.11981190000000001,1
59145,80,RPN1,-0.19,-0.0702224,1
59146,80,TCF7L2,0.019999999999999973,0.09083569999999998,1
59147,80,CANT1,0.04000000000000001,0.025003700000000004,1
59148,80,RPL5,-0.6000000000000001,-0.204218,1
59149,80,CCDC6,0.039999999999999994,0.07654229999999998,1
59150,80,NCKIPSD,-0.020000000000000004,0.0019933,1
59151,80,SMARCD1,0.41000000000000003,0.35059399999999996,1
59152,80,BCL10,6.938893903907228e-18,0.0571023,1
59153,80,MAX,0.07,0.0857252,1
59154,80,HERPUD1,-0.02,-0.0056948,1
59155,80,RAC1,0.009999999999999995,0.1130441,1
59156,80,FLNA,0.17000000000000004,0.11394090000000001,1
59157,80,TFE3,-0.8600000000000001,-0.2947728,1
59158,80,NCOR2,0.5900000000000002,0.5137531,1
59159,80,PRPF40B,0.03,0.019551100000000002,1
59160,80,BCL3,-0.09000000000000002,-0.017538199999999997,1
59161,80,TFPT,-0.34,-0.11493830000000001,1
59162,80,MLH1,0.88,0.7762201999999999,1
59163,80,ARHGAP5,0.13,0.1193967,1
59164,80,CIC,0.0,0.0,1
59165,80,LYN,0.7500000000000001,0.5742231,1
59166,80,TCF12,0.33,0.2641298,1
59167,80,KLF6,0.05,0.0329152,1
59168,80,KMT2C,0.9800000000000002,0.8330171000000001,1
59169,80,PIM1,-0.13999999999999999,-0.031855199999999986,1
59170,80,CCND1,1.3900000000000008,0.8928343000000001,1
59171,80,MLLT1,-1.3000000000000003,-0.3461543,1
59172,80,MEN1,0.030000000000000006,0.03841299999999999,1
59173,80,CUL3,0.04000000000000002,0.104282,1
59174,80,RB1,0.75,0.5690285999999998,1
59175,80,LPP,-0.11,-0.0259982,1
59176,80,BUB1B,-0.19999999999999998,-0.07629430000000001,1
59177,80,SMAD4,1.560000000000001,1.2653724,1
59178,80,FGFR1,0.25,0.23308069999999997,1
59179,80,TMSB4X,0.03,0.023224799999999997,1
59180,80,CDK4,0.9600000000000004,0.6796397000000003,1
59181,80,MSI2,0.01,0.0081295,1
59182,80,MSH6,0.9600000000000004,0.8351485999999999,1
59183,80,BRAF,1.3000000000000007,1.1151809999999998,1
59184,80,TCEA1,-0.07,0.0105066,1
59185,80,TNFAIP3,0.15999999999999998,0.1331449,1
59186,80,RABEP1,0.010000000000000002,0.007073100000000002,1
59187,80,GMPS,-0.08,-0.033166199999999986,1
59188,80,MDM2,1.1600000000000008,0.9122658,1
59189,80,NSD2,0.21999999999999997,0.1616288,1
59190,80,CASP8,-0.11999999999999998,0.11751979999999998,1
59191,80,PER1,-0.27,-0.08411090000000002,1
59192,80,UBR5,0.019999999999999993,0.0384379,1
59193,80,EIF3E,0.020000000000000004,0.0496621,1
59194,80,RFWD3,0.030000000000000002,0.033275,1
59195,80,BRD3,0.1,0.074793,1
59196,80,PAFAH1B2,0.03,0.026802899999999998,1
59197,80,EXT2,0.020000000000000004,0.014830199999999995,1
59198,80,PLCG1,0.5199999999999999,0.4401729,1
59199,80,SF3B1,-0.6700000000000002,-0.3056341,1
59200,80,ARHGEF10L,0.03,0.0155985,1
59201,80,NFATC2,0.23,0.16561720000000002,1
59202,80,SDHD,0.26999999999999996,0.20857789999999998,1
59203,80,PABPC1,-0.8200000000000001,-0.212537,1
59204,80,POLD1,-0.28,-0.062618,1
59205,80,CALR,-0.059999999999999984,0.020725500000000004,1
59206,80,PIK3CB,0.6300000000000001,0.5525453,1
59207,80,PPM1D,0.27,0.2136908,1
59208,80,ATRX,0.9700000000000004,0.8334969999999998,1
59209,80,DGCR8,0.16,0.1296761,1
59210,80,DDX10,0.16,0.12074390000000002,1
59211,80,DROSHA,0.52,0.4175275,1
59212,80,TNFRSF14,-0.12000000000000001,-0.0454402,1
59213,80,BCL9L,0.13,0.0943137,1
59214,80,QKI,0.009999999999999998,0.009247000000000002,1
59215,80,BAZ1A,0.01,0.0079112,1
59216,80,CHD4,0.41000000000000003,0.3439161,1
59217,80,NSD3,0.12,0.1128117,1
59218,80,NT5C2,0.17,0.09703750000000001,1
59219,80,CCNB1IP1,0.14,0.0648543,1
59220,80,PCBP1,-0.8400000000000001,-0.21775730000000004,1
59221,80,RALGDS,-0.12000000000000001,0.0349047,1
59222,80,ARHGEF12,-0.04000000000000001,0.0200496,1
59223,80,HSP90AB1,1.1200000000000006,0.8001342000000002,1
59224,80,FOXO3,1.4500000000000008,1.0820436000000002,1
59225,80,HIP1,-0.02,-0.0127154,1
59226,80,CDC73,0.019999999999999997,0.07183670000000002,1
59227,80,NIN,-0.020000000000000004,-0.011748900000000003,1
59228,80,MDM4,0.16000000000000003,0.19645750000000003,1
59229,80,COL3A1,0.23,0.1882439,1
59230,80,CTNND1,0.08999999999999998,0.1326949,1
59231,80,SPOP,0.10999999999999999,0.11294159999999999,1
59232,80,TMEM127,0.09,0.04707229999999999,1
59233,80,CREB3L2,0.09000000000000001,0.06255050000000001,1
59234,80,MSH2,0.9400000000000004,0.8410248999999999,1
59235,80,FNBP1,-3.469446951953614e-18,0.018287899999999996,1
59236,80,ATF1,0.15,0.10647940000000002,1
59237,80,EIF1AX,-0.5700000000000001,-0.22508750000000002,1
59238,80,PMS1,0.5499999999999999,0.43558870000000005,1
59239,80,DEK,0.24,0.189905,1
59240,80,ERBB2,0.7900000000000003,0.5393181,1
59241,80,AKT1,0.31999999999999995,0.34973859999999996,1
59242,80,CHEK2,0.65,0.6669334999999998,1
59243,80,SDHB,0.43000000000000005,0.30839810000000006,1
59244,80,NCOA1,0.42000000000000004,0.33988060000000003,1
59245,80,CHIC2,0.07,0.046674499999999994,1
59246,80,RUNX1,0.010000000000000037,0.5110044,1
59247,80,STAT6,0.4,0.3539618,1
59248,80,FH,-0.05,0.007829599999999992,1
59249,80,AKT3,1.1000000000000005,0.8333421,1
59250,80,GNAS,0.33999999999999997,0.24442840000000002,1
59251,80,CTNNB1,1.3600000000000005,0.9896993999999998,1
59252,80,NONO,0.33000000000000007,0.2912903,1
59253,80,SMARCB1,1.0200000000000005,0.805544,1
59254,80,PRKAR1A,0.22000000000000003,0.1989273,1
59255,80,ITGAV,-0.01,0.045737,1
59256,80,SS18,0.39,0.2750104,1
59257,80,MAP2K1,0.9900000000000002,0.5955032,1
59258,80,SIRPA,-0.06,-0.017144399999999997,1
59259,80,PPFIBP1,0.39999999999999997,0.29442640000000003,1
59260,80,RPL22,-0.15,0.0788055,1
59261,80,CYLD,0.30000000000000004,0.244738,1
59262,80,ARID1B,0.8500000000000001,0.6696095,1
59263,80,SETDB1,0.31,0.23746080000000003,1
59264,80,AFDN,-0.37000000000000005,-0.1089621,1
59265,80,ZRSR2,-0.030000000000000013,-0.016440600000000003,1
59266,80,PBRM1,0.9700000000000004,0.7499726000000001,1
59267,80,XPC,0.48000000000000004,0.2962809,1
59268,80,ASXL2,0.27,0.20156359999999998,1
59269,80,TRIM24,-0.19999999999999998,-0.034755100000000004,1
59270,80,SFPQ,-0.36,-0.08096050000000002,1
59271,80,NCOA2,0.6500000000000001,0.5301033,1
59272,80,FOXO4,0.3999999999999999,0.26526689999999997,1
59273,80,LEF1,0.23,0.1909445,1
59274,80,B2M,-0.34,-0.1281853,1
59275,80,DDIT3,-0.28,-0.10417219999999999,1
59276,80,BCL6,0.27999999999999997,0.2541304,1
59277,80,KRAS,-0.8500000000000001,-0.1890415999999999,1
59278,80,FAT1,0.1,0.0750742,1
59279,80,ABL2,0.06000000000000001,0.058418000000000005,1
59280,80,NF1,1.3600000000000008,1.1028607000000001,1
59281,80,BTG1,-0.04,-0.01897,1
59282,80,EIF4A2,0.08,0.0465261,1
59283,80,SET,0.15,0.1241997,1
59284,80,EPS15,0.09,0.08106850000000002,1
59285,80,RNF213,0.06,0.052137,1
59286,80,CTCF,1.0000000000000004,0.7119073999999997,1
59287,80,WDCP,0.25,0.15417419999999998,1
59288,80,KAT7,0.16,0.1395816,1
59289,80,KDM5C,0.18,0.1722804,1
59290,80,TGFBR2,0.11000000000000001,0.16727250000000002,1
59291,80,ATM,1.0600000000000005,1.0608772999999996,1
59292,80,NUMA1,0.04,0.037731100000000004,1
59293,80,STAT3,0.7400000000000002,0.7976542000000001,1
59294,80,SUB1,-0.11,-0.04454519999999999,1
59295,80,NUP98,0.18,0.193778,1
59296,80,ELL,-0.04000000000000002,-0.014164100000000013,1
59297,80,MAP3K1,0.42,0.33961699999999995,1
59298,80,MALT1,0.15000000000000002,0.15517230000000004,1
59299,80,XPO1,0.5300000000000001,0.4307440999999999,1
59300,80,SETD1B,0.24000000000000002,0.1887122,1
59301,80,ETV6,-0.11,-0.029923800000000007,1
59302,80,TBL1XR1,0.23000000000000004,0.1682948,1
59303,80,NUP214,0.009999999999999983,0.17373820000000006,1
59304,80,TPR,0.13,0.11343309999999998,1
59305,80,ATIC,0.19999999999999998,0.176652,1
59306,80,NACA,0.21000000000000002,0.1197691,1
59307,80,MYO5A,0.03,0.0218501,1
59308,80,SMC1A,0.31999999999999995,0.41605020000000004,1
59309,80,LASP1,-0.25,-0.1294778,1
59310,80,ERCC5,0.4,0.24321759999999998,1
59311,80,JUN,-0.9899999999999998,-0.1822429,1
59312,80,THRAP3,0.05999999999999999,0.0511367,1
59313,80,STAG2,0.29000000000000015,0.3083024,1
59314,80,RAF1,0.8600000000000003,0.6676730000000002,1
59315,80,ERCC3,0.5700000000000001,0.4926904000000001,1
59316,80,SMAD2,0.41000000000000025,0.5131192000000001,1
59317,80,TAF15,0.19,0.1588884,1
59318,80,ARNT,0.2899999999999999,0.2582346,1
59319,80,CLTC,-0.78,-0.3501774,1
59320,80,IKBKB,0.5600000000000002,0.5035933,1
59321,80,IDH1,-0.8100000000000003,-0.2561145,1
59322,80,SND1,-1.734723475976807e-18,0.0226575,1
59323,80,KNSTRN,0.02,0.014816000000000001,1
59324,80,RHOA,-2.97,-0.6972085000000001,1
59325,80,PALB2,0.7000000000000001,0.5980074999999999,1
59326,80,ARID2,0.8400000000000001,0.6627888999999999,1
59327,80,EZR,-0.22000000000000003,-0.079457,1
59328,80,TP53,-0.28,0.15286699999999998,1
59329,80,ARAF,0.43,0.2465953,1
59330,80,KIF5B,0.46,0.35319510000000004,1
59331,80,KAT6A,0.17,0.20461330000000003,1
59332,80,KTN1,-0.09,-0.016502999999999997,1
59333,80,GOLGA5,-0.08000000000000002,-0.05251930000000001,1
59334,80,KDM5A,0.27,0.2513776,1
59335,80,RAD21,0.5800000000000001,0.47759529999999994,1
59336,80,GNAQ,0.35,0.2646014,1
59337,80,CAMTA1,0.07,0.0511374,1
59338,80,ERCC2,0.7199999999999999,0.5516382999999999,1
59339,80,EZH2,1.5500000000000012,1.2246834999999998,1
59340,80,TOP1,0.25,0.20654040000000004,1
59341,80,SRSF3,-0.3499999999999999,-0.0772998,1
59342,80,NPM1,0.3400000000000001,0.2893143,1
59343,80,BAX,-0.59,-0.1450594,1
59344,80,NOTCH2,0.29000000000000004,0.2428877,1
59345,80,TRAF7,0.02,0.0142214,1
59346,80,KDM6A,0.9400000000000003,0.9009008000000003,1
59347,80,SPEN,0.13999999999999999,0.10948350000000001,1
59348,80,TRIM27,-0.55,-0.1705915,1
59349,80,CRTC1,0.16,0.12915310000000002,1
59350,80,EML4,0.29999999999999993,0.30224980000000007,1
59351,80,USP9X,-0.009999999999999998,-0.0075178000000000016,1
59352,80,PTPRK,0.0,0.0,1
59353,80,CD74,-0.23,-0.014569300000000007,1
59354,80,CBL,0.6000000000000001,0.5261009000000001,1
59355,80,ZNF384,0.03,0.024017200000000002,1
59356,80,NOTCH1,1.1600000000000006,0.8515092999999999,1
59357,80,COX6C,-0.16,-0.05214160000000001,1
59358,80,CHCHD7,0.02,0.011898800000000001,1
59359,80,HMGA1,-0.05,-0.0198531,1
59360,80,PTEN,1.2000000000000006,1.1601031000000004,1
59361,80,FIP1L1,-0.020000000000000004,-0.004973900000000003,1
59362,80,JAK1,0.8400000000000001,0.7158783,1
59363,80,ZMYM2,-0.009999999999999997,-0.005801599999999997,1
59364,80,SUZ12,0.9100000000000004,0.7020285999999999,1
59365,80,FUS,-0.38,0.028347599999999966,1
59366,80,BAP1,-0.41000000000000003,-0.17202810000000002,1
59367,80,ZCCHC8,-0.08,-0.0219696,1
59368,80,CRNKL1,0.0,0.00015180000000000055,1
59369,80,RAD17,0.18000000000000002,0.1318078,1
59370,80,ATP1A1,0.01,0.006212099999999999,1
59371,80,DNMT3A,1.0500000000000003,0.8914224000000001,1
59372,80,FBXW7,0.9600000000000004,0.8349263999999998,1
59373,80,WWTR1,-0.15,-0.05981470000000002,1
59374,80,CDKN1B,0.4600000000000001,0.3300416,1
59375,80,KMT2A,0.39999999999999997,0.4096783,1
59376,80,PTPN11,1.0800000000000005,0.8862796000000002,1
59377,80,STAT5B,0.7700000000000004,0.6258853000000001,1
59378,80,CUX1,-0.08,-0.050882199999999995,1
59379,80,ABI1,-0.35000000000000003,-0.10542800000000001,1
59380,80,BRCA1,1.9800000000000013,1.6288621999999995,1
59381,80,SH2B3,0.07,0.041926500000000005,1
59382,80,AFF4,-0.060000000000000005,-0.02271959999999998,1
59383,80,NF2,0.06999999999999999,0.1178902,1
59384,80,LMNA,0.04000000000000001,0.029970300000000002,1
59385,80,TSC2,0.8300000000000003,0.6678633999999998,1
59386,80,GOLPH3,-0.08,-0.051389199999999996,1
59387,80,PCM1,-0.04,-0.0307855,1
59388,80,PPP2R1A,-0.49999999999999994,-0.15522319999999998,1
59389,80,ARID1A,1.920000000000001,1.5398402999999998,1
59390,80,ABL1,-0.1600000000000001,0.08474080000000003,1
59391,80,AFF1,0.10999999999999999,0.11350099999999999,1
59392,80,DAXX,-0.4600000000000001,-0.1132364,1
59393,80,CBFB,0.11000000000000003,0.1267377,1
59394,80,CBLB,0.17,0.15030280000000001,1
59395,80,POLR2A,-0.21000000000000002,0.12261169999999993,1
59396,80,PRKACA,0.19000000000000009,0.24961520000000012,1
59397,80,DNM2,-0.1,-0.040916499999999995,1
59398,80,RAP1GDS1,-0.009999999999999995,0.021698900000000007,1
59399,80,NCOR1,1.0000000000000002,0.9649541000000001,1
59400,80,NFKBIE,-0.34,-0.10673969999999999,1
59401,80,DDX3X,0.32000000000000006,0.2669559,1
59402,80,ELK4,0.02,0.016402,1
59403,80,MLLT6,0.09,0.0689835,1
59404,80,SRSF2,-2.730000000000001,-0.6644542,1
59405,80,CTNNA1,0.15,0.1126682,1
59406,80,RBM10,0.19000000000000003,0.1360644,1
59407,80,PTPRC,0.019999999999999997,0.0982182,1
59408,80,HSP90AA1,0.9800000000000004,0.6940555999999999,1
59409,80,NSD1,0.28,0.2325963,0
59410,80,DICER1,0.23,0.22807539999999996,0
59411,80,BIRC6,0.060000000000000005,0.0564695,0
59412,80,SDHC,0.31999999999999995,0.22343849999999998,0
59413,80,TFG,0.25,0.1383621,0
59414,80,MAP2K2,0.22999999999999998,0.1941644,0
59415,80,TFRC,-0.24000000000000002,-0.11739880000000001,0
59416,80,CREB1,0.7000000000000003,0.5567136,0
59417,80,POLG,0.01,0.0033561999999999997,0
59418,80,SETD2,0.7400000000000002,0.6201540999999999,0
59419,80,NAB2,-0.3,-0.11320910000000001,0
59420,80,HIF1A,1.5100000000000007,1.0882749,0
59421,80,FLCN,0.04,0.04213890000000001,0
59422,80,MAP2K4,-6.938893903907228e-18,0.08517509999999999,0
59423,80,CNOT3,0.010000000000000002,0.022275800000000002,0
59424,80,CIITA,0.11,0.0722933,0
59425,80,LSM14A,0.1,0.08628060000000001,0
59426,80,AKAP9,-0.07,-0.015810900000000006,0
59427,80,MSN,-0.42999999999999994,-0.116254,0
59428,80,BCR,0.039999999999999994,0.044308799999999995,0
59429,80,TRRAP,0.010000000000000018,0.1281442,0
59430,80,PPP6C,-0.16,-0.07490640000000001,0
59431,80,NCOA4,-0.19,-0.10290579999999999,0
59432,80,BCL9,0.14,0.1102504,0
59433,80,PRCC,0.020000000000000007,0.0149432,0
59434,80,LARP4B,0.0,0.0,0
59435,80,CHD2,0.01,0.0074336,0
59436,80,ASXL1,0.5099999999999999,0.47420569999999995,0
59437,80,SMARCA4,1.4200000000000008,1.0507986999999999,0
59438,80,ERC1,-0.01,-0.008024400000000001,0
59439,80,DCTN1,-0.24000000000000007,-0.10750739999999999,0
59440,80,PIK3R1,1.3200000000000007,0.9638673000000001,0
59441,80,EED,0.019999999999999997,0.06208169999999999,0
59442,80,CNBP,0.01,0.0054135,0
59443,80,SGK1,0.27,0.1554425,0
59444,80,MLLT10,-0.24000000000000005,-0.0990232,0
59445,80,BRD4,0.9700000000000005,0.7398728,0
59446,80,RANBP2,0.17000000000000004,0.21002000000000004,0
59447,80,FBXO11,0.04,0.0351545,0
59448,80,PML,0.3400000000000001,0.23332250000000002,0
59449,80,AKT2,0.9100000000000004,0.6231077999999999,0
59450,80,CEP89,0.06,0.0342468,0
59451,80,LZTR1,0.09000000000000001,0.0905121,0
59452,80,YWHAE,0.24999999999999997,0.1606108,0
59453,80,DNAJB1,-0.06,-0.008608200000000003,0
59454,80,PRDM2,0.02,0.0149981,0
59455,80,TPM4,0.48000000000000004,0.3028634,0
59456,80,CREBBP,1.7900000000000011,1.4715064,0
59457,80,PMS2,0.5300000000000001,0.5044500999999999,0
59458,80,DDR2,0.06,0.0397589,0
59459,80,FANCA,0.37,0.2961777,0
59460,80,PDE4DIP,0.060000000000000005,0.0438621,0
59461,80,USP8,-0.09999999999999999,-0.0483036,0
59462,80,MYH9,-0.46,-0.10064719999999999,0
59463,80,MYC,-1.2200000000000004,-0.4850179000000002,0
59464,80,NBN,0.55,0.421339,0
59465,80,CCND3,-0.04,0.03509639999999999,0
59466,80,TRIP11,-0.11,-0.074598,0
59467,80,CNTRL,-0.07,-0.046702600000000004,0
59468,80,PIK3CA,1.4900000000000009,1.0683489000000004,0
59469,80,DDX5,0.23000000000000004,0.24568919999999997,0
59470,80,PICALM,0.02,0.0184963,0
59471,80,RARA,0.32,0.24625019999999997,0
59472,80,DDX6,-0.029999999999999995,0.0669284,0
59473,80,COL1A1,0.09999999999999999,0.10977060000000001,0
59474,80,VHL,0.18999999999999997,0.129519,0
59475,80,MAPK1,1.6100000000000008,1.0340195,0
59476,80,SRC,-1.03,-0.1184489,0
59477,80,NFE2L2,0.3,0.19299589999999997,0
59478,80,MITF,-0.38,-0.0737498,0
59479,80,SMAD3,1.2000000000000008,0.9264058000000002,0
59480,80,RBM15,0.06000000000000001,0.0521585,0
59481,80,ATR,0.6900000000000003,0.5826338,0
59482,80,EPAS1,0.39999999999999997,0.35411390000000004,0
59483,80,TPM3,0.27,0.18422029999999998,0
59484,80,RPL10,0.14,0.1233852,0
59485,80,STAG1,0.15000000000000002,0.149126,0
59486,80,SBDS,-0.04,-0.015871,0
59487,80,KMT2D,0.9700000000000004,0.7257968000000001,0
59488,80,MED12,0.31,0.2517177,0
59489,80,BCLAF1,-0.04,0.021558300000000002,0
59490,80,ASPSCR1,-0.009999999999999993,0.004845700000000003,0
59491,80,CDK12,0.32,0.23797759999999998,0
59492,80,EWSR1,0.37,0.32844470000000003,0
59493,80,NDRG1,-0.06,-0.0260543,0
59494,80,PSIP1,-0.05999999999999999,-0.026345599999999997,0
59495,80,TRIM33,0.08,0.0680964,0
59496,80,MTOR,1.1800000000000006,0.8790935000000001,0
59497,80,ARHGAP35,0.13000000000000003,0.1351824,0
59498,80,POT1,0.0,0.013686799999999999,0
59499,80,EXT1,0.12,0.0811056,0
59500,80,IL6ST,0.3,0.233348,0
59501,80,IDH2,0.08000000000000002,0.08639749999999999,0
59502,80,SMARCE1,0.35,0.210585,0
59503,80,CRTC3,0.09,0.06271790000000001,0
59504,80,TSC1,0.32,0.2847705,0
59505,80,BCOR,-0.2,-0.013634300000000005,0
59506,80,SDHA,0.23,0.1454415,0
59507,80,EP300,1.8200000000000012,1.4477324999999999,0
59508,80,HNRNPA2B1,0.3399999999999999,0.2632582,0
59509,80,CLIP1,-0.09999999999999999,-0.0463309,0
59510,80,PATZ1,-0.46,-0.1309248,0
59511,80,FUBP1,-0.12000000000000001,0.007286299999999997,0
59512,80,HLA-A,-0.15,0.017812700000000008,0
59513,80,CCNC,-0.020000000000000004,-0.005248200000000001,0
59514,80,RPN1,-0.22999999999999998,-0.07637209999999998,0
59515,80,TCF7L2,0.02,0.08620920000000004,0
59516,80,CANT1,0.07000000000000002,0.050992600000000006,0
59517,80,RPL5,-0.54,-0.1569572,0
59518,80,CCDC6,0.010000000000000009,0.04605319999999999,0
59519,80,NCKIPSD,0.05,0.0285607,0
59520,80,SMARCD1,0.42,0.29261770000000004,0
59521,80,BCL10,-0.010000000000000009,0.02694769999999999,0
59522,80,MAX,-3.469446951953614e-18,0.021314800000000002,0
59523,80,HERPUD1,0.01,0.0039467,0
59524,80,RAC1,-0.21000000000000002,0.01561870000000002,0
59525,80,FLNA,-0.03000000000000002,0.023909799999999995,0
59526,80,TFE3,-0.48,-0.18096040000000002,0
59527,80,NCOR2,0.7300000000000002,0.5473574999999999,0
59528,80,PRPF40B,-0.009999999999999998,-0.003139700000000002,0
59529,80,BCL3,-0.05,-0.010238100000000003,0
59530,80,TFPT,-0.26,-0.0897166,0
59531,80,MLH1,0.7800000000000002,0.6731917,0
59532,80,ARHGAP5,0.16000000000000003,0.1263164,0
59533,80,CIC,0.0,0.0,0
59534,80,LYN,0.8700000000000002,0.6070325000000002,0
59535,80,TCF12,0.3,0.2356998,0
59536,80,KLF6,0.04,0.0212266,0
59537,80,KMT2C,1.0100000000000002,0.8135599000000001,0
59538,80,PIM1,-0.14,-0.040503899999999995,0
59539,80,CCND1,1.1100000000000005,0.6928651000000001,0
59540,80,MLLT1,-1.1600000000000001,-0.3022611000000001,0
59541,80,MEN1,0.07,0.08241499999999999,0
59542,80,CUL3,0.12000000000000001,0.11870020000000002,0
59543,80,RB1,0.6000000000000001,0.45463459999999994,0
59544,80,LPP,-0.039999999999999994,-0.012192999999999999,0
59545,80,BUB1B,-0.14,-0.062023500000000016,0
59546,80,SMAD4,1.4000000000000008,1.0832909000000004,0
59547,80,FGFR1,0.29,0.21672629999999996,0
59548,80,TMSB4X,0.04,0.031485599999999996,0
59549,80,CDK4,0.7200000000000001,0.48904530000000007,0
59550,80,MSI2,0.01,0.0072932,0
59551,80,MSH6,0.8900000000000003,0.6887449,0
59552,80,BRAF,1.0100000000000002,0.8820522999999998,0
59553,80,TCEA1,0.009999999999999995,0.0366193,0
59554,80,TNFAIP3,0.14,0.12396170000000001,0
59555,80,RABEP1,0.010000000000000002,0.007053700000000003,0
59556,80,GMPS,-0.09,-0.047145000000000006,0
59557,80,MDM2,1.2400000000000007,0.8371112,0
59558,80,NSD2,0.19,0.1263649,0
59559,80,CASP8,-0.00999999999999999,0.17842679999999997,0
59560,80,PER1,-0.22000000000000003,-0.04961020000000001,0
59561,80,UBR5,-0.059999999999999984,-0.0210999,0
59562,80,EIF3E,-0.08,0.044464000000000004,0
59563,80,RFWD3,0.020000000000000004,0.0267849,0
59564,80,BRD3,0.08000000000000002,0.0786454,0
59565,80,PAFAH1B2,0.02,0.015906800000000002,0
59566,80,EXT2,-0.010000000000000009,0.009549699999999994,0
59567,80,PLCG1,0.5399999999999999,0.38867129999999994,0
59568,80,SF3B1,-0.26,-0.08243580000000002,0
59569,80,ARHGEF10L,0.02,0.0105626,0
59570,80,NFATC2,0.2,0.1404437,0
59571,80,SDHD,0.28,0.15198840000000002,0
59572,80,PABPC1,-0.78,-0.19678419999999996,0
59573,80,POLD1,-0.35999999999999993,-0.0798812,0
59574,80,CALR,0.019999999999999997,0.022065600000000008,0
59575,80,PIK3CB,0.4899999999999999,0.4393984999999999,0
59576,80,PPM1D,0.21000000000000002,0.1642788,0
59577,80,ATRX,0.9800000000000006,0.7816472,0
59578,80,DGCR8,0.16,0.10489770000000001,0
59579,80,DDX10,0.12,0.0872637,0
59580,80,DROSHA,0.43000000000000005,0.3138045,0
59581,80,TNFRSF14,-0.12000000000000001,-0.040206000000000006,0
59582,80,BCL9L,0.13999999999999999,0.0912871,0
59583,80,QKI,-0.08,-0.04864980000000001,0
59584,80,BAZ1A,0.01,0.007307200000000001,0
59585,80,CHD4,0.16999999999999996,0.1676713,0
59586,80,NSD3,0.09,0.0799415,0
59587,80,NT5C2,0.17,0.10170480000000001,0
59588,80,CCNB1IP1,0.12,0.052388,0
59589,80,PCBP1,-0.79,-0.2415355,0
59590,80,RALGDS,0.11,0.07995859999999999,0
59591,80,ARHGEF12,-0.009999999999999995,0.003533600000000005,0
59592,80,HSP90AB1,1.1100000000000003,0.7379176999999999,0
59593,80,FOXO3,1.3100000000000005,0.9084933000000002,0
59594,80,HIP1,0.0,0.0007346999999999987,0
59595,80,CDC73,-0.21999999999999997,-0.02892279999999999,0
59596,80,NIN,0.049999999999999996,0.0364527,0
59597,80,MDM4,0.11000000000000001,0.1589353,0
59598,80,COL3A1,0.14999999999999997,0.1324612,0
59599,80,CTNND1,0.11000000000000001,0.137229,0
59600,80,SPOP,0.019999999999999983,0.03280119999999999,0
59601,80,TMEM127,0.020000000000000004,0.04167950000000001,0
59602,80,CREB3L2,0.12999999999999998,0.0790814,0
59603,80,MSH2,0.9600000000000003,0.7315167000000004,0
59604,80,FNBP1,0.05,0.0377874,0
59605,80,ATF1,0.05,0.03190509999999999,0
59606,80,EIF1AX,-0.42999999999999994,-0.20031160000000003,0
59607,80,PMS1,0.48000000000000004,0.36829490000000004,0
59608,80,DEK,0.09,0.09793620000000001,0
59609,80,ERBB2,1.1300000000000006,0.6976086,0
59610,80,AKT1,0.8100000000000005,0.4999861999999999,0
59611,80,CHEK2,0.30000000000000004,0.3608048000000001,0
59612,80,SDHB,0.43,0.27730540000000004,0
59613,80,NCOA1,0.37000000000000005,0.2665645,0
59614,80,CHIC2,0.049999999999999996,0.027965999999999994,0
59615,80,RUNX1,0.32000000000000006,0.5595027000000001,0
59616,80,STAT6,0.29000000000000004,0.21449449999999998,0
59617,80,FH,-0.18,-0.06253009999999999,0
59618,80,AKT3,1.0600000000000003,0.7050609000000001,0
59619,80,GNAS,0.22999999999999995,0.14846169999999997,0
59620,80,CTNNB1,1.4000000000000006,0.9784477999999998,0
59621,80,NONO,0.15999999999999998,0.1193304,0
59622,80,SMARCB1,0.9000000000000004,0.6821710999999999,0
59623,80,PRKAR1A,0.11,0.11073529999999998,0
59624,80,ITGAV,0.030000000000000006,0.0380265,0
59625,80,SS18,0.39,0.2548206,0
59626,80,MAP2K1,1.0600000000000005,0.6745223000000001,0
59627,80,SIRPA,0.009999999999999998,0.0080805,0
59628,80,PPFIBP1,0.36,0.2384386,0
59629,80,RPL22,-0.23,0.0750457,0
59630,80,CYLD,0.29000000000000004,0.22550599999999998,0
59631,80,ARID1B,0.71,0.5245299,0
59632,80,SETDB1,0.3,0.21831260000000002,0
59633,80,AFDN,-0.35,-0.1319537,0
59634,80,ZRSR2,0.27,0.19854760000000005,0
59635,80,PBRM1,0.9400000000000004,0.6891176000000002,0
59636,80,XPC,0.5800000000000001,0.38345340000000006,0
59637,80,ASXL2,0.24,0.1625127,0
59638,80,TRIM24,-0.21,-0.0911266,0
59639,80,SFPQ,-0.029999999999999995,0.0437375,0
59640,80,NCOA2,0.53,0.38041309999999995,0
59641,80,FOXO4,0.24000000000000005,0.17271589999999995,0
59642,80,LEF1,0.22,0.17110969999999998,0
59643,80,B2M,-0.56,-0.2014916,0
59644,80,DDIT3,-0.36,-0.09355210000000001,0
59645,80,BCL6,0.52,0.3615619,0
59646,80,KRAS,-1.1,-0.2546502,0
59647,80,FAT1,0.060000000000000005,0.05296920000000001,0
59648,80,ABL2,0.05,0.047233300000000006,0
59649,80,NF1,0.8800000000000003,0.739522,0
59650,80,BTG1,-0.02,-0.0105626,0
59651,80,EIF4A2,0.08000000000000002,0.06724590000000001,0
59652,80,SET,0.17,0.14369750000000003,0
59653,80,EPS15,0.030000000000000006,0.029946000000000004,0
59654,80,RNF213,0.05,0.0389762,0
59655,80,CTCF,0.8600000000000003,0.6306994000000002,0
59656,80,WDCP,0.18999999999999997,0.1123929,0
59657,80,KAT7,0.11999999999999998,0.09729270000000001,0
59658,80,KDM5C,0.16999999999999998,0.15235559999999998,0
59659,80,TGFBR2,0.19999999999999998,0.15116949999999998,0
59660,80,ATM,1.4200000000000008,1.1175189999999997,0
59661,80,NUMA1,-0.03,-0.0029149000000000145,0
59662,80,STAT3,1.3800000000000008,1.1362269999999999,0
59663,80,SUB1,-0.19,-0.0756457,0
59664,80,NUP98,0.13999999999999999,0.1519893,0
59665,80,ELL,-0.15,-0.0414939,0
59666,80,MAP3K1,0.39,0.30440209999999995,0
59667,80,MALT1,0.17000000000000004,0.1616268,0
59668,80,XPO1,0.37,0.29371279999999994,0
59669,80,SETD1B,0.15,0.1089203,0
59670,80,ETV6,-0.16999999999999998,-0.06449150000000001,0
59671,80,TBL1XR1,0.22,0.1469159,0
59672,80,NUP214,0.07000000000000005,0.12759830000000003,0
59673,80,TPR,0.11,0.09903769999999999,0
59674,80,ATIC,0.08000000000000002,0.06846730000000001,0
59675,80,NACA,0.23,0.1549057,0
59676,80,MYO5A,0.02,0.0157333,0
59677,80,SMC1A,0.5800000000000001,0.49571509999999996,0
59678,80,LASP1,-0.2,-0.1125955,0
59679,80,ERCC5,0.45,0.28364459999999997,0
59680,80,JUN,-0.03999999999999994,0.17254039999999995,0
59681,80,THRAP3,0.07,0.05865180000000001,0
59682,80,STAG2,0.49999999999999994,0.3964868,0
59683,80,RAF1,1.1500000000000004,0.7988607000000001,0
59684,80,ERCC3,0.5299999999999999,0.43366069999999995,0
59685,80,SMAD2,0.5000000000000001,0.48958949999999996,0
59686,80,TAF15,0.16000000000000003,0.1416379,0
59687,80,ARNT,0.33000000000000007,0.2712767,0
59688,80,CLTC,-0.49,-0.25535800000000003,0
59689,80,IKBKB,0.5500000000000003,0.4740579,0
59690,80,IDH1,-0.48000000000000004,-0.12755900000000003,0
59691,80,SND1,1.734723475976807e-18,0.005178300000000004,0
59692,80,KNSTRN,0.03,0.0245505,0
59693,80,RHOA,-1.4100000000000001,-0.3509716,0
59694,80,PALB2,0.5599999999999999,0.47503600000000007,0
59695,80,ARID2,0.7500000000000002,0.5646699,0
59696,80,EZR,-0.13,-0.01898560000000001,0
59697,80,TP53,-0.8999999999999998,-0.053294800000000024,0
59698,80,ARAF,0.39,0.2163862,0
59699,80,KIF5B,0.45,0.3202328,0
59700,80,KAT6A,0.18,0.1821828,0
59701,80,KTN1,-0.07999999999999999,-0.0251919,0
59702,80,GOLGA5,-0.12,-0.08408109999999999,0
59703,80,KDM5A,0.25,0.22781669999999998,0
59704,80,RAD21,0.5,0.40527440000000003,0
59705,80,GNAQ,0.16999999999999998,0.1136792,0
59706,80,CAMTA1,0.03,0.0196065,0
59707,80,ERCC2,0.62,0.4420516,0
59708,80,EZH2,1.9700000000000013,1.3536307999999997,0
59709,80,TOP1,0.15,0.1186154,0
59710,80,SRSF3,-0.31000000000000005,-0.09836450000000004,0
59711,80,NPM1,0.13000000000000003,0.23750279999999993,0
59712,80,BAX,-0.47,-0.1425992,0
59713,80,NOTCH2,0.27,0.2181143,0
59714,80,TRAF7,0.03,0.022073100000000002,0
59715,80,KDM6A,0.8700000000000003,0.7567488,0
59716,80,SPEN,0.09,0.0676199,0
59717,80,TRIM27,-0.41000000000000003,-0.1468429,0
59718,80,CRTC1,0.13,0.10036210000000001,0
59719,80,EML4,0.23000000000000007,0.1983288,0
59720,80,USP9X,-0.010000000000000002,-0.0005492999999999991,0
59721,80,PTPRK,0.01,0.0068321,0
59722,80,CD74,-0.16999999999999998,-0.006362199999999986,0
59723,80,CBL,0.6200000000000001,0.4620114,0
59724,80,ZNF384,-0.06,-0.028949399999999997,0
59725,80,NOTCH1,1.0600000000000005,0.7875161,0
59726,80,COX6C,-0.10999999999999999,-0.050835599999999995,0
59727,80,CHCHD7,0.02,0.0130982,0
59728,80,HMGA1,-0.1,-0.0457119,0
59729,80,PTEN,1.560000000000001,1.2619246,0
59730,80,FIP1L1,-0.04000000000000001,-0.02243950000000001,0
59731,80,JAK1,0.8200000000000003,0.6511551000000001,0
59732,80,ZMYM2,-0.05999999999999999,-0.0417268,0
59733,80,SUZ12,0.6900000000000002,0.4859467,0
59734,80,FUS,-0.16000000000000003,0.1320046,0
59735,80,BAP1,0.11,0.0875707,0
59736,80,ZCCHC8,-0.09,-0.0232056,0
59737,80,CRNKL1,-0.05,-0.029121000000000005,0
59738,80,RAD17,0.12,0.0909792,0
59739,80,ATP1A1,0.009999999999999998,0.007650299999999997,0
59740,80,DNMT3A,0.9100000000000004,0.7177538,0
59741,80,FBXW7,0.9100000000000003,0.7345431000000002,0
59742,80,WWTR1,-0.020000000000000004,-0.004098100000000004,0
59743,80,CDKN1B,0.5199999999999999,0.32917379999999996,0
59744,80,KMT2A,0.4600000000000001,0.38587970000000005,0
59745,80,PTPN11,0.9300000000000004,0.7238919000000001,0
59746,80,STAT5B,0.6800000000000003,0.514573,0
59747,80,CUX1,-0.09999999999999999,-0.068207,0
59748,80,ABI1,-0.5,-0.1314735,0
59749,80,BRCA1,1.6600000000000013,1.3238621,0
59750,80,SH2B3,0.030000000000000006,0.028026000000000002,0
59751,80,AFF4,0.1,0.0714853,0
59752,80,NF2,0.10000000000000002,0.1251445,0
59753,80,LMNA,8.673617379884035e-18,0.02541579999999999,0
59754,80,TSC2,0.5599999999999999,0.4626371,0
59755,80,GOLPH3,-0.09,-0.0579466,0
59756,80,PCM1,-0.07,-0.043672199999999994,0
59757,80,PPP2R1A,-0.54,-0.19165759999999996,0
59758,80,ARID1A,1.8000000000000012,1.3187625000000003,0
59759,80,ABL1,-0.06999999999999991,0.0867967000000001,0
59760,80,AFF1,0.16999999999999998,0.1400147,0
59761,80,DAXX,-0.21000000000000002,-0.047672799999999994,0
59762,80,CBFB,0.1,0.0877057,0
59763,80,CBLB,0.14,0.1070443,0
59764,80,POLR2A,-0.06999999999999997,0.15546009999999996,0
59765,80,PRKACA,0.32,0.2470973,0
59766,80,DNM2,-0.16000000000000003,-0.0558376,0
59767,80,RAP1GDS1,-0.07999999999999999,-0.0265711,0
59768,80,NCOR1,0.9400000000000004,0.8003385999999999,0
59769,80,NFKBIE,-0.23,-0.07767740000000001,0
59770,80,DDX3X,0.13,0.12466220000000001,0
59771,80,ELK4,0.02,0.0144756,0
59772,80,MLLT6,0.12000000000000001,0.08755950000000001,0
59773,80,SRSF2,-1.24,-0.36339390000000005,0
59774,80,CTNNA1,0.11,0.07973549999999999,0
59775,80,RBM10,0.19999999999999998,0.1349341,0
59776,80,PTPRC,0.08000000000000002,0.09950899999999999,0
59777,80,HSP90AA1,1.2700000000000005,0.8161996999999999,0
59778,81,NSD1,0.32,0.27933709999999995,1
59779,81,DICER1,0.15,0.2313702,1
59780,81,BIRC6,0.15,0.1345032,1
59781,81,SDHC,0.39,0.2871561,1
59782,81,TFG,0.22999999999999998,0.14420200000000002,1
59783,81,MAP2K2,0.3399999999999999,0.23246020000000003,1
59784,81,TFRC,-0.25,-0.1014628,1
59785,81,CREB1,0.9800000000000005,0.8086250000000001,1
59786,81,POLG,-0.01,-0.0033545000000000003,1
59787,81,SETD2,0.5700000000000003,0.5204892000000001,1
59788,81,NAB2,-0.44,-0.136182,1
59789,81,HIF1A,1.670000000000001,1.2462224000000002,1
59790,81,FLCN,6.938893903907228e-18,0.034221900000000006,1
59791,81,MAP2K4,0.030000000000000013,0.1004515,1
59792,81,CNOT3,0.039999999999999994,0.0468188,1
59793,81,CIITA,0.1,0.061791399999999996,1
59794,81,LSM14A,0.14,0.11436769999999999,1
59795,81,AKAP9,-0.010000000000000009,0.026547799999999993,1
59796,81,MSN,-0.29,-0.07246339999999998,1
59797,81,BCR,0.02,0.08748800000000001,1
59798,81,TRRAP,0.020000000000000052,0.18623700000000004,1
59799,81,PPP6C,-0.14,-0.0583782,1
59800,81,NCOA4,-0.12,-0.0457525,1
59801,81,BCL9,0.2,0.1577227,1
59802,81,PRCC,0.12,0.08880840000000001,1
59803,81,LARP4B,0.02,0.0138586,1
59804,81,CHD2,0.02,0.0179752,1
59805,81,ASXL1,0.44000000000000017,0.44006029999999996,1
59806,81,SMARCA4,2.010000000000001,1.5609705000000003,1
59807,81,ERC1,-0.03,-0.0224793,1
59808,81,DCTN1,-0.05,0.010831800000000006,1
59809,81,PIK3R1,1.3200000000000007,1.0552408000000002,1
59810,81,EED,0.07,0.06285079999999998,1
59811,81,CNBP,0.02,0.012039800000000002,1
59812,81,SGK1,0.5,0.33141500000000007,1
59813,81,MLLT10,-0.16999999999999998,-0.08237720000000001,1
59814,81,BRD4,0.9200000000000004,0.8192118999999999,1
59815,81,RANBP2,0.32000000000000006,0.29984980000000006,1
59816,81,FBXO11,0.07,0.057857500000000006,1
59817,81,PML,0.43000000000000005,0.2982111999999999,1
59818,81,AKT2,1.1200000000000006,0.7875363,1
59819,81,CEP89,0.05,0.0329525,1
59820,81,LZTR1,0.12,0.1255085,1
59821,81,YWHAE,0.16999999999999998,0.11016190000000001,1
59822,81,DNAJB1,0.0,0.0153961,1
59823,81,PRDM2,0.06,0.047954399999999994,1
59824,81,TPM4,0.49000000000000005,0.3463245,1
59825,81,CREBBP,1.780000000000001,1.4890810000000003,1
59826,81,PMS2,0.8500000000000003,0.7245181,1
59827,81,DDR2,0.010000000000000002,0.013344899999999996,1
59828,81,FANCA,0.41,0.3379192,1
59829,81,PDE4DIP,0.08,0.0602346,1
59830,81,USP8,-0.06000000000000001,-0.022474400000000002,1
59831,81,MYH9,-0.3700000000000001,-0.09169930000000001,1
59832,81,MYC,-1.6100000000000003,-0.3238619999999998,1
59833,81,NBN,0.6300000000000001,0.5008779,1
59834,81,CCND3,-0.07999999999999999,0.009184600000000008,1
59835,81,TRIP11,-0.08,-0.0568925,1
59836,81,CNTRL,-0.06999999999999999,-0.0513073,1
59837,81,PIK3CA,1.1600000000000008,1.0370501000000003,1
59838,81,DDX5,0.43999999999999995,0.3925391000000001,1
59839,81,PICALM,3.469446951953614e-18,0.004651999999999996,1
59840,81,RARA,0.029999999999999985,0.12031109999999998,1
59841,81,DDX6,0.08000000000000002,0.1397621,1
59842,81,COL1A1,0.26,0.222134,1
59843,81,VHL,0.22000000000000003,0.1608908,1
59844,81,MAPK1,1.7700000000000011,1.2417686,1
59845,81,SRC,1.0700000000000003,0.7316343,1
59846,81,NFE2L2,0.37,0.2653118,1
59847,81,MITF,-0.16000000000000003,-0.022617199999999994,1
59848,81,SMAD3,1.2600000000000007,1.1358105,1
59849,81,RBM15,0.09,0.07773120000000001,1
59850,81,ATR,0.7300000000000002,0.5964719999999999,1
59851,81,EPAS1,0.32,0.3557467000000001,1
59852,81,TPM3,0.10999999999999999,0.09741670000000005,1
59853,81,RPL10,0.13,0.13600600000000002,1
59854,81,STAG1,0.09000000000000001,0.1461494,1
59855,81,SBDS,-0.06,-0.020952899999999997,1
59856,81,KMT2D,0.9900000000000004,0.7922912000000001,1
59857,81,MED12,0.4099999999999999,0.3418707,1
59858,81,BCLAF1,-0.12000000000000001,0.00030979999999999723,1
59859,81,ASPSCR1,-6.938893903907228e-18,0.008765299999999997,1
59860,81,CDK12,0.53,0.4256251999999999,1
59861,81,EWSR1,0.32999999999999996,0.3410244,1
59862,81,NDRG1,-0.03999999999999999,-0.009763799999999998,1
59863,81,PSIP1,0.02000000000000001,0.032881099999999996,1
59864,81,TRIM33,0.1,0.0920582,1
59865,81,MTOR,1.1200000000000003,0.8950685000000002,1
59866,81,ARHGAP35,0.13,0.1383915,1
59867,81,POT1,3.469446951953614e-18,0.0099461,1
59868,81,EXT1,0.12,0.0912696,1
59869,81,IL6ST,0.34,0.28088290000000005,1
59870,81,IDH2,-0.010000000000000004,0.0519114,1
59871,81,SMARCE1,0.33,0.21637350000000002,1
59872,81,CRTC3,0.09,0.0764523,1
59873,81,TSC1,0.25999999999999995,0.2809786,1
59874,81,BCOR,-0.07,0.0243424,1
59875,81,SDHA,0.23,0.16096169999999999,1
59876,81,EP300,2.35,1.9089147999999998,1
59877,81,HNRNPA2B1,0.48999999999999994,0.34588520000000006,1
59878,81,CLIP1,-0.11,-0.057400400000000004,1
59879,81,PATZ1,-0.61,-0.14468150000000002,1
59880,81,FUBP1,-0.08,0.0190783,1
59881,81,HLA-A,-0.06000000000000001,0.030453499999999994,1
59882,81,CCNC,-0.31999999999999995,-0.1150532,1
59883,81,RPN1,-0.19,-0.0647095,1
59884,81,TCF7L2,0.05000000000000001,0.10839249999999999,1
59885,81,CANT1,0.03,0.02527879999999999,1
59886,81,RPL5,-0.7000000000000001,-0.17989070000000001,1
59887,81,CCDC6,0.11000000000000001,0.10985270000000001,1
59888,81,NCKIPSD,-0.04,-0.0143292,1
59889,81,SMARCD1,0.43000000000000005,0.33106169999999996,1
59890,81,BCL10,0.05,0.07412699999999998,1
59891,81,MAX,0.04000000000000001,0.07642730000000002,1
59892,81,HERPUD1,-0.03,-0.007878,1
59893,81,RAC1,0.030000000000000023,0.1426934,1
59894,81,FLNA,0.19999999999999996,0.15178229999999998,1
59895,81,TFE3,-0.57,-0.217082,1
59896,81,NCOR2,0.6500000000000001,0.5499316000000001,1
59897,81,PRPF40B,0.039999999999999994,0.024536699999999998,1
59898,81,BCL3,-0.10000000000000002,-0.008958900000000002,1
59899,81,TFPT,-0.31,-0.0968413,1
59900,81,MLH1,0.87,0.754817,1
59901,81,ARHGAP5,0.15,0.1258297,1
59902,81,CIC,0.01,0.0070311,1
59903,81,LYN,0.7800000000000001,0.5774862000000001,1
59904,81,TCF12,0.33,0.26495860000000004,1
59905,81,KLF6,0.06,0.0371,1
59906,81,KMT2C,0.9500000000000004,0.8009306000000002,1
59907,81,PIM1,-0.060000000000000005,0.0104302,1
59908,81,CCND1,1.2300000000000006,0.7911599000000004,1
59909,81,MLLT1,-1.2700000000000005,-0.34799810000000003,1
59910,81,MEN1,-0.08000000000000002,-0.005141699999999999,1
59911,81,CUL3,0.09999999999999999,0.13490599999999997,1
59912,81,RB1,0.6300000000000001,0.5040844,1
59913,81,LPP,-0.16,-0.0459316,1
59914,81,BUB1B,-0.18000000000000002,-0.07383890000000001,1
59915,81,SMAD4,1.550000000000001,1.2513182000000003,1
59916,81,FGFR1,0.24,0.23257510000000006,1
59917,81,TMSB4X,0.04,0.0301248,1
59918,81,CDK4,0.9900000000000004,0.6650897000000001,1
59919,81,MSI2,0.01,0.0076573000000000006,1
59920,81,MSH6,1.0400000000000005,0.8669258000000002,1
59921,81,BRAF,1.1900000000000006,1.0382294999999997,1
59922,81,TCEA1,-0.08999999999999998,0.005620400000000001,1
59923,81,TNFAIP3,0.15000000000000002,0.12465350000000001,1
59924,81,RABEP1,-0.010000000000000002,-0.005560399999999997,1
59925,81,GMPS,-0.07,-0.031016700000000022,1
59926,81,MDM2,1.1200000000000008,0.8875567000000002,1
59927,81,NSD2,0.22999999999999998,0.16885450000000002,1
59928,81,CASP8,-0.21000000000000008,0.0801465,1
59929,81,PER1,-0.21000000000000002,-0.0770141,1
59930,81,UBR5,0.030000000000000006,0.05103600000000001,1
59931,81,EIF3E,-0.03,0.051785700000000004,1
59932,81,RFWD3,0.020000000000000004,0.027348600000000004,1
59933,81,BRD3,0.08,0.0585551,1
59934,81,PAFAH1B2,0.03,0.0270252,1
59935,81,EXT2,0.0,0.016908000000000006,1
59936,81,PLCG1,0.6000000000000001,0.465793,1
59937,81,SF3B1,-0.5700000000000001,-0.23321680000000003,1
59938,81,ARHGEF10L,0.02,0.009571,1
59939,81,NFATC2,0.22999999999999998,0.16031979999999998,1
59940,81,SDHD,0.23,0.15822819999999999,1
59941,81,PABPC1,-0.8400000000000002,-0.2155718,1
59942,81,POLD1,-0.12000000000000005,-0.013320000000000016,1
59943,81,CALR,0.02000000000000001,0.05763310000000002,1
59944,81,PIK3CB,0.8800000000000003,0.6926645,1
59945,81,PPM1D,0.26,0.19891609999999998,1
59946,81,ATRX,0.9100000000000005,0.7923668,1
59947,81,DGCR8,0.2,0.1540736,1
59948,81,DDX10,0.16,0.121671,1
59949,81,DROSHA,0.56,0.4450889999999999,1
59950,81,TNFRSF14,-0.16,-0.0504312,1
59951,81,BCL9L,0.13,0.0973747,1
59952,81,QKI,0.019999999999999997,0.0155817,1
59953,81,BAZ1A,0.01,0.0076706,1
59954,81,CHD4,0.41000000000000003,0.32978799999999997,1
59955,81,NSD3,0.1,0.10840240000000001,1
59956,81,NT5C2,0.14,0.08151739999999999,1
59957,81,CCNB1IP1,0.1,0.046028200000000005,1
59958,81,PCBP1,-0.86,-0.21898179999999995,1
59959,81,RALGDS,-0.08999999999999998,0.028024599999999997,1
59960,81,ARHGEF12,0.0,0.0253058,1
59961,81,HSP90AB1,0.6200000000000001,0.5446021000000002,1
59962,81,FOXO3,1.4700000000000009,1.0587657000000001,1
59963,81,HIP1,-0.02,-0.012609800000000001,1
59964,81,CDC73,0.09000000000000001,0.10717950000000001,1
59965,81,NIN,-0.010000000000000002,-0.004141200000000001,1
59966,81,MDM4,0.04000000000000001,0.1386161,1
59967,81,COL3A1,0.22,0.1829458,1
59968,81,CTNND1,0.09999999999999999,0.13668919999999998,1
59969,81,SPOP,0.05,0.0707455,1
59970,81,TMEM127,0.060000000000000005,0.04169370000000001,1
59971,81,CREB3L2,0.1,0.0656854,1
59972,81,MSH2,1.0900000000000005,0.8945332000000004,1
59973,81,FNBP1,-3.469446951953614e-18,0.019813499999999998,1
59974,81,ATF1,0.11,0.0740584,1
59975,81,EIF1AX,-0.5800000000000001,-0.21559249999999996,1
59976,81,PMS1,0.58,0.45764350000000004,1
59977,81,DEK,0.12,0.11077970000000001,1
59978,81,ERBB2,1.1200000000000006,0.7289321999999999,1
59979,81,AKT1,0.65,0.48519940000000006,1
59980,81,CHEK2,0.6400000000000002,0.6270313000000001,1
59981,81,SDHB,0.39,0.27416060000000003,1
59982,81,NCOA1,0.37999999999999995,0.2971706,1
59983,81,CHIC2,0.09,0.060532600000000006,1
59984,81,RUNX1,0.15000000000000005,0.6122725000000002,1
59985,81,STAT6,0.4,0.3391875,1
59986,81,FH,-0.13,-0.044358800000000004,1
59987,81,AKT3,1.1700000000000004,0.8466901000000002,1
59988,81,GNAS,0.39,0.2726171,1
59989,81,CTNNB1,1.2600000000000007,0.9108140999999997,1
59990,81,NONO,0.37,0.2904185,1
59991,81,SMARCB1,1.0200000000000005,0.7808617999999997,1
59992,81,PRKAR1A,0.21,0.19061,1
59993,81,ITGAV,0.020000000000000007,0.0470961,1
59994,81,SS18,0.41000000000000003,0.2887418,1
59995,81,MAP2K1,0.9700000000000002,0.5779353999999999,1
59996,81,SIRPA,-0.09,-0.0248457,1
59997,81,PPFIBP1,0.42,0.3072129,1
59998,81,RPL22,-0.18000000000000002,0.09883299999999998,1
59999,81,CYLD,0.32999999999999996,0.2613456,1
60000,81,ARID1B,0.8499999999999999,0.6460897000000001,1
60001,81,SETDB1,0.33,0.23476940000000002,1
60002,81,AFDN,-0.32999999999999996,-0.10094460000000001,1
60003,81,ZRSR2,-0.020000000000000018,-0.004264700000000003,1
60004,81,PBRM1,1.0400000000000005,0.7770273,1
60005,81,XPC,0.48,0.287559,1
60006,81,ASXL2,0.28,0.20272060000000003,1
60007,81,TRIM24,-0.32,-0.053789000000000003,1
60008,81,SFPQ,-0.38,-0.08766209999999999,1
60009,81,NCOA2,0.5700000000000001,0.46927529999999995,1
60010,81,FOXO4,0.32000000000000006,0.20517739999999998,1
60011,81,LEF1,0.2,0.18578119999999998,1
60012,81,B2M,-0.3900000000000001,-0.15466470000000002,1
60013,81,DDIT3,-0.28,-0.09612200000000001,1
60014,81,BCL6,0.33000000000000007,0.2940881,1
60015,81,KRAS,-0.24000000000000002,0.10836520000000002,1
60016,81,FAT1,0.12000000000000001,0.08773999999999998,1
60017,81,ABL2,0.060000000000000005,0.0597994,1
60018,81,NF1,1.2800000000000007,1.0241174,1
60019,81,BTG1,-0.05,-0.022462,1
60020,81,EIF4A2,-1.734723475976807e-18,0.002024199999999995,1
60021,81,SET,0.18,0.14199900000000001,1
60022,81,EPS15,0.07,0.062225,1
60023,81,RNF213,0.05,0.042972,1
60024,81,CTCF,0.9600000000000004,0.6513646000000001,1
60025,81,WDCP,0.23,0.1456628,1
60026,81,KAT7,0.17,0.1460073,1
60027,81,KDM5C,0.22000000000000003,0.2032891,1
60028,81,TGFBR2,0.06999999999999998,0.12900090000000008,1
60029,81,ATM,1.0100000000000007,0.9780664000000001,1
60030,81,NUMA1,-0.010000000000000005,0.013835399999999998,1
60031,81,STAT3,0.9000000000000004,0.8842712000000001,1
60032,81,SUB1,-0.10999999999999999,-0.0482262,1
60033,81,NUP98,0.15999999999999998,0.1859205,1
60034,81,ELL,0.12,0.06381530000000002,1
60035,81,MAP3K1,0.4500000000000001,0.34359729999999994,1
60036,81,MALT1,0.13,0.1474676,1
60037,81,XPO1,0.5200000000000001,0.4183100999999999,1
60038,81,SETD1B,0.25,0.1961601,1
60039,81,ETV6,-0.04,0.012069799999999983,1
60040,81,TBL1XR1,0.21000000000000002,0.1467647,1
60041,81,NUP214,-6.938893903907228e-18,0.17751090000000003,1
60042,81,TPR,0.12,0.10760820000000001,1
60043,81,ATIC,0.12999999999999998,0.1362513,1
60044,81,NACA,0.22,0.1376178,1
60045,81,MYO5A,0.0,0.0001768999999999998,1
60046,81,SMC1A,0.32999999999999996,0.40172660000000004,1
60047,81,LASP1,-0.22000000000000003,-0.11681360000000002,1
60048,81,ERCC5,0.44,0.27877230000000003,1
60049,81,JUN,-0.34999999999999976,0.12470919999999999,1
60050,81,THRAP3,0.06,0.0452962,1
60051,81,STAG2,0.23000000000000007,0.27550579999999997,1
60052,81,RAF1,0.8800000000000003,0.6596959000000001,1
60053,81,ERCC3,0.63,0.5154224000000001,1
60054,81,SMAD2,0.48000000000000026,0.5376579999999996,1
60055,81,TAF15,0.21000000000000005,0.1762897,1
60056,81,ARNT,0.22999999999999998,0.2165064,1
60057,81,CLTC,-0.73,-0.3191702,1
60058,81,IKBKB,0.5400000000000003,0.4850834999999999,1
60059,81,IDH1,-0.32000000000000006,-0.07653810000000001,1
60060,81,SND1,0.010000000000000005,0.0333005,1
60061,81,KNSTRN,0.02,0.014686600000000001,1
60062,81,RHOA,-2.6000000000000005,-0.6336186,1
60063,81,PALB2,0.7300000000000002,0.6179690000000001,1
60064,81,ARID2,0.8400000000000001,0.6471099,1
60065,81,EZR,-0.11999999999999997,-0.029553700000000006,1
60066,81,TP53,0.010000000000000005,0.32517240000000003,1
60067,81,ARAF,0.42,0.2423917,1
60068,81,KIF5B,0.5000000000000001,0.3679847,1
60069,81,KAT6A,0.27,0.2635026,1
60070,81,KTN1,-0.05,0.0031234999999999995,1
60071,81,GOLGA5,-0.09000000000000001,-0.057446399999999995,1
60072,81,KDM5A,0.27,0.2555351,1
60073,81,RAD21,0.5800000000000001,0.4756850000000001,1
60074,81,GNAQ,0.3,0.23390550000000004,1
60075,81,CAMTA1,0.07,0.05228990000000001,1
60076,81,ERCC2,0.7100000000000001,0.5526462,1
60077,81,EZH2,1.680000000000001,1.2602553999999997,1
60078,81,TOP1,0.28,0.22062869999999996,1
60079,81,SRSF3,-0.47,-0.1106194,1
60080,81,NPM1,0.040000000000000036,0.1305886,1
60081,81,BAX,-0.55,-0.1368451,1
60082,81,NOTCH2,0.29000000000000004,0.2448719,1
60083,81,TRAF7,0.02,0.014470400000000001,1
60084,81,KDM6A,0.8000000000000003,0.8415828000000002,1
60085,81,SPEN,0.13,0.10103300000000001,1
60086,81,TRIM27,-0.75,-0.18613330000000003,1
60087,81,CRTC1,0.15,0.11841360000000001,1
60088,81,EML4,0.17,0.2384624999999999,1
60089,81,USP9X,-0.049999999999999996,-0.037437399999999996,1
60090,81,PTPRK,-0.01,-0.0056111,1
60091,81,CD74,-0.16,0.006899400000000014,1
60092,81,CBL,0.5,0.4530590000000001,1
60093,81,ZNF384,0.04,0.0308423,1
60094,81,NOTCH1,1.0300000000000005,0.7870828000000002,1
60095,81,COX6C,-0.15,-0.043593799999999995,1
60096,81,CHCHD7,0.02,0.012803,1
60097,81,HMGA1,-0.05,-0.020519199999999998,1
60098,81,PTEN,1.320000000000001,1.2154442999999993,1
60099,81,FIP1L1,-0.06999999999999999,-0.01938759999999999,1
60100,81,JAK1,0.8200000000000003,0.6737522000000001,1
60101,81,ZMYM2,0.0,0.0036126999999999947,1
60102,81,SUZ12,0.8700000000000003,0.6448477000000001,1
60103,81,FUS,-0.45,0.060083099999999987,1
60104,81,BAP1,-0.22000000000000003,-0.08665440000000002,1
60105,81,ZCCHC8,-0.09,-0.025154100000000002,1
60106,81,CRNKL1,0.0,0.00037000000000000227,1
60107,81,RAD17,0.18,0.1287018,1
60108,81,ATP1A1,0.01,0.0061622,1
60109,81,DNMT3A,1.1000000000000003,0.8565344000000003,1
60110,81,FBXW7,0.8800000000000002,0.7617167000000001,1
60111,81,WWTR1,-0.26000000000000006,-0.09071999999999998,1
60112,81,CDKN1B,0.36,0.27419059999999995,1
60113,81,KMT2A,0.29000000000000004,0.3390852999999999,1
60114,81,PTPN11,1.0800000000000005,0.874861,1
60115,81,STAT5B,0.7100000000000002,0.5848686999999999,1
60116,81,CUX1,-0.09000000000000001,-0.056856500000000004,1
60117,81,ABI1,-0.28,-0.08535090000000001,1
60118,81,BRCA1,1.9700000000000013,1.5520807,1
60119,81,SH2B3,0.049999999999999996,0.02913630000000001,1
60120,81,AFF4,-0.009999999999999988,0.016903500000000002,1
60121,81,NF2,0.13,0.144095,1
60122,81,LMNA,0.12999999999999998,0.0902521,1
60123,81,TSC2,0.7900000000000003,0.6280738,1
60124,81,GOLPH3,-0.060000000000000005,-0.03957320000000001,1
60125,81,PCM1,-0.03,-0.023226599999999997,1
60126,81,PPP2R1A,-0.32000000000000006,-0.0765722,1
60127,81,ARID1A,1.7900000000000011,1.4132026000000002,1
60128,81,ABL1,-0.32999999999999996,0.03592130000000005,1
60129,81,AFF1,0.020000000000000004,0.0678401,1
60130,81,DAXX,-0.6000000000000001,-0.1459558,1
60131,81,CBFB,0.13,0.1284267,1
60132,81,CBLB,0.17,0.1467546,1
60133,81,POLR2A,-0.13000000000000003,0.1745752,1
60134,81,PRKACA,0.13000000000000003,0.20242879999999996,1
60135,81,DNM2,-0.11,-0.053693500000000005,1
60136,81,RAP1GDS1,0.030000000000000027,0.048012700000000026,1
60137,81,NCOR1,0.8600000000000002,0.8772638000000001,1
60138,81,NFKBIE,-0.36,-0.11598359999999999,1
60139,81,DDX3X,0.24000000000000002,0.23543300000000003,1
60140,81,ELK4,0.03,0.0253323,1
60141,81,MLLT6,0.029999999999999992,0.0326236,1
60142,81,SRSF2,-2.4799999999999995,-0.5960359000000001,1
60143,81,CTNNA1,0.16,0.1205073,1
60144,81,RBM10,0.14,0.1061211,1
60145,81,PTPRC,0.010000000000000009,0.0998324,1
60146,81,HSP90AA1,0.6100000000000002,0.46391749999999987,1
60147,81,NSD1,0.2,0.17486100000000002,0
60148,81,DICER1,0.23,0.22231450000000003,0
60149,81,BIRC6,0.04,0.04624639999999999,0
60150,81,SDHC,0.28,0.18788859999999996,0
60151,81,TFG,0.35000000000000003,0.21195930000000004,0
60152,81,MAP2K2,0.26,0.2137337,0
60153,81,TFRC,-0.24,-0.1141204,0
60154,81,CREB1,0.7300000000000003,0.5114487999999999,0
60155,81,POLG,0.01,0.003905,0
60156,81,SETD2,0.7000000000000003,0.5764199,0
60157,81,NAB2,-0.22999999999999998,-0.09195400000000001,0
60158,81,HIF1A,1.5000000000000009,1.0400998000000001,0
60159,81,FLCN,0.039999999999999994,0.037760499999999995,0
60160,81,MAP2K4,0.09000000000000001,0.1000241,0
60161,81,CNOT3,-0.009999999999999998,0.0008292999999999998,0
60162,81,CIITA,0.10000000000000002,0.0775826,0
60163,81,LSM14A,0.049999999999999996,0.05881829999999999,0
60164,81,AKAP9,-0.04000000000000001,-0.0090316,0
60165,81,MSN,-0.2,-0.0244823,0
60166,81,BCR,0.039999999999999994,0.049591699999999996,0
60167,81,TRRAP,0.07999999999999999,0.12833569999999997,0
60168,81,PPP6C,-0.2,-0.08850240000000001,0
60169,81,NCOA4,-0.21000000000000002,-0.10985830000000002,0
60170,81,BCL9,0.13,0.0960289,0
60171,81,PRCC,0.06000000000000001,0.04383010000000001,0
60172,81,LARP4B,-0.01,-0.0048876,0
60173,81,CHD2,0.01,0.0075164,0
60174,81,ASXL1,0.31999999999999995,0.35712049999999995,0
60175,81,SMARCA4,1.0500000000000005,0.8582202,0
60176,81,ERC1,-0.02,-0.0148448,0
60177,81,DCTN1,-0.2,-0.0932024,0
60178,81,PIK3R1,1.4500000000000008,0.9563724000000002,0
60179,81,EED,-0.030000000000000037,0.035329099999999995,0
60180,81,CNBP,-0.01,-0.0046548,0
60181,81,SGK1,0.32999999999999996,0.1939283,0
60182,81,MLLT10,-0.020000000000000007,0.0071663000000000004,0
60183,81,BRD4,1.0700000000000005,0.7885207,0
60184,81,RANBP2,0.11999999999999995,0.1849859,0
60185,81,FBXO11,0.060000000000000005,0.0467223,0
60186,81,PML,0.44000000000000006,0.3079260999999999,0
60187,81,AKT2,0.7800000000000002,0.52499,0
60188,81,CEP89,0.06,0.034256999999999996,0
60189,81,LZTR1,-0.05000000000000001,0.026422,0
60190,81,YWHAE,0.30000000000000004,0.2069492,0
60191,81,DNAJB1,0.0,0.022740100000000003,0
60192,81,PRDM2,0.03,0.019841,0
60193,81,TPM4,0.48000000000000004,0.3102048,0
60194,81,CREBBP,1.8300000000000012,1.4887624000000004,0
60195,81,PMS2,0.55,0.5088252999999999,0
60196,81,DDR2,0.03,0.0211986,0
60197,81,FANCA,0.36,0.2871889,0
60198,81,PDE4DIP,0.05,0.0334386,0
60199,81,USP8,-0.060000000000000005,-0.0291092,0
60200,81,MYH9,-0.27999999999999997,-0.04333929999999998,0
60201,81,MYC,-0.4399999999999999,-0.10415220000000006,0
60202,81,NBN,0.48,0.3423674,0
60203,81,CCND3,-0.08000000000000002,0.010098700000000009,0
60204,81,TRIP11,-0.14,-0.08546300000000001,0
60205,81,CNTRL,-0.060000000000000005,-0.039558,0
60206,81,PIK3CA,1.600000000000001,1.0805137000000002,0
60207,81,DDX5,0.36000000000000015,0.333564,0
60208,81,PICALM,-0.009999999999999998,-0.0033767000000000068,0
60209,81,RARA,0.6600000000000003,0.4456637999999999,0
60210,81,DDX6,-0.039999999999999994,0.05037799999999999,0
60211,81,COL1A1,0.19000000000000006,0.16372029999999999,0
60212,81,VHL,0.19999999999999996,0.14392910000000003,0
60213,81,MAPK1,1.5200000000000007,0.9572133999999998,0
60214,81,SRC,-0.41000000000000003,0.07503860000000001,0
60215,81,NFE2L2,0.25,0.16610070000000002,0
60216,81,MITF,-0.25,-0.0542899,0
60217,81,SMAD3,1.2500000000000009,0.9191685,0
60218,81,RBM15,0.07,0.0574596,0
60219,81,ATR,0.6300000000000002,0.5242116000000001,0
60220,81,EPAS1,0.42,0.3804084000000001,0
60221,81,TPM3,0.31000000000000005,0.2100273,0
60222,81,RPL10,0.14,0.12376420000000002,0
60223,81,STAG1,0.12,0.1230604,0
60224,81,SBDS,-0.07,-0.0254752,0
60225,81,KMT2D,0.9400000000000004,0.6780025999999999,0
60226,81,MED12,0.31000000000000005,0.25175859999999994,0
60227,81,BCLAF1,-0.04999999999999999,0.014221500000000012,0
60228,81,ASPSCR1,0.030000000000000006,0.022078300000000002,0
60229,81,CDK12,0.15,0.10988519999999999,0
60230,81,EWSR1,0.49,0.39010590000000006,0
60231,81,NDRG1,-0.060000000000000005,-0.0240302,0
60232,81,PSIP1,-0.22,-0.0994929,0
60233,81,TRIM33,0.010000000000000007,0.020317400000000006,0
60234,81,MTOR,1.1000000000000005,0.7823657999999998,0
60235,81,ARHGAP35,0.13,0.1395428,0
60236,81,POT1,-0.05,-0.0096563,0
60237,81,EXT1,0.11,0.0682176,0
60238,81,IL6ST,0.29000000000000004,0.21371410000000002,0
60239,81,IDH2,0.19,0.14876230000000001,0
60240,81,SMARCE1,0.53,0.34478010000000003,0
60241,81,CRTC3,0.1,0.0762493,0
60242,81,TSC1,0.34,0.2833657,0
60243,81,BCOR,-0.13,-0.02842730000000001,0
60244,81,SDHA,0.24000000000000002,0.14818060000000002,0
60245,81,EP300,1.6800000000000013,1.2637994000000001,0
60246,81,HNRNPA2B1,0.3299999999999999,0.27977040000000003,0
60247,81,CLIP1,-0.13999999999999999,-0.07640759999999999,0
60248,81,PATZ1,-0.31,-0.1024659,0
60249,81,FUBP1,-0.13,0.0027511999999999997,0
60250,81,HLA-A,-0.009999999999999995,0.0797207,0
60251,81,CCNC,-0.16999999999999998,-0.07378100000000001,0
60252,81,RPN1,-0.19999999999999998,-0.05523299999999999,0
60253,81,TCF7L2,0.04,0.0682249,0
60254,81,CANT1,0.10000000000000002,0.06727240000000001,0
60255,81,RPL5,-0.61,-0.15819870000000003,0
60256,81,CCDC6,0.0,0.029488299999999995,0
60257,81,NCKIPSD,0.009999999999999998,0.007736199999999999,0
60258,81,SMARCD1,0.44,0.30510060000000006,0
60259,81,BCL10,0.03,0.035517799999999995,0
60260,81,MAX,-0.009999999999999998,0.009080200000000005,0
60261,81,HERPUD1,0.02,0.0078866,0
60262,81,RAC1,-0.060000000000000026,0.08711370000000002,0
60263,81,FLNA,0.09999999999999999,0.10492180000000001,0
60264,81,TFE3,-0.37,-0.1605553,0
60265,81,NCOR2,0.7600000000000002,0.5564631,0
60266,81,PRPF40B,-0.02,-0.010929,0
60267,81,BCL3,-0.049999999999999996,-0.0161633,0
60268,81,TFPT,-0.2,-0.082397,0
60269,81,MLH1,0.8300000000000001,0.6721334000000001,0
60270,81,ARHGAP5,0.16,0.11648460000000001,0
60271,81,CIC,0.0,0.0,0
60272,81,LYN,0.9100000000000004,0.6125338000000001,0
60273,81,TCF12,0.31,0.22483580000000003,0
60274,81,KLF6,0.05,0.028136,0
60275,81,KMT2C,0.8600000000000003,0.6683421999999999,0
60276,81,PIM1,-0.15,-0.039757,0
60277,81,CCND1,1.2100000000000006,0.7642127999999998,0
60278,81,MLLT1,-0.5700000000000001,-0.19130940000000002,0
60279,81,MEN1,0.07999999999999999,0.09046520000000001,0
60280,81,CUL3,0.09000000000000002,0.1108815,0
60281,81,RB1,0.6800000000000002,0.4466355,0
60282,81,LPP,-0.07,-0.029822799999999997,0
60283,81,BUB1B,-0.19999999999999998,-0.1070245,0
60284,81,SMAD4,1.1400000000000006,0.8441641000000001,0
60285,81,FGFR1,0.15,0.1052421,0
60286,81,TMSB4X,0.04,0.0311688,0
60287,81,CDK4,0.6600000000000001,0.42854820000000005,0
60288,81,MSI2,0.0,0.0,0
60289,81,MSH6,0.8200000000000003,0.6051726999999999,0
60290,81,BRAF,0.7400000000000003,0.6724658999999997,0
60291,81,TCEA1,-0.05000000000000001,-0.000657200000000001,0
60292,81,TNFAIP3,0.08000000000000002,0.09128990000000001,0
60293,81,RABEP1,0.0,-0.002010599999999998,0
60294,81,GMPS,-0.07,-0.0377398,0
60295,81,MDM2,1.2500000000000007,0.7917154000000002,0
60296,81,NSD2,0.14999999999999997,0.10608899999999999,0
60297,81,CASP8,0.09999999999999999,0.2351818,0
60298,81,PER1,-0.21000000000000002,-0.04494169999999998,0
60299,81,UBR5,-0.05999999999999999,-0.01747959999999999,0
60300,81,EIF3E,-0.12000000000000002,0.03759649999999999,0
60301,81,RFWD3,0.03,0.0362355,0
60302,81,BRD3,0.14,0.11186559999999998,0
60303,81,PAFAH1B2,0.02,0.015583000000000001,0
60304,81,EXT2,0.009999999999999995,0.010520600000000005,0
60305,81,PLCG1,0.6400000000000001,0.42277470000000006,0
60306,81,SF3B1,-0.45,-0.15688950000000002,0
60307,81,ARHGEF10L,0.03,0.018405,0
60308,81,NFATC2,0.22999999999999998,0.16630450000000002,0
60309,81,SDHD,0.26,0.1477773,0
60310,81,PABPC1,-0.73,-0.19671969999999997,0
60311,81,POLD1,-0.07,0.007356900000000003,0
60312,81,CALR,0.07,0.05431199999999999,0
60313,81,PIK3CB,0.5499999999999999,0.44339519999999993,0
60314,81,PPM1D,0.20000000000000004,0.1514644,0
60315,81,ATRX,0.9500000000000005,0.7319125,0
60316,81,DGCR8,0.14,0.08292360000000001,0
60317,81,DDX10,0.10999999999999999,0.0736759,0
60318,81,DROSHA,0.42000000000000015,0.2880741,0
60319,81,TNFRSF14,-0.07,-0.027181,0
60320,81,BCL9L,0.13,0.08580660000000001,0
60321,81,QKI,-0.09999999999999999,-0.0574425,0
60322,81,BAZ1A,0.02,0.0150006,0
60323,81,CHD4,0.25,0.21825490000000003,0
60324,81,NSD3,0.019999999999999997,0.0267648,0
60325,81,NT5C2,0.17,0.10331270000000001,0
60326,81,CCNB1IP1,0.09,0.0373855,0
60327,81,PCBP1,-0.6,-0.1908892,0
60328,81,RALGDS,0.09000000000000001,0.0772131,0
60329,81,ARHGEF12,-0.010000000000000002,-0.00020930000000000254,0
60330,81,HSP90AB1,1.0000000000000004,0.7233383,0
60331,81,FOXO3,1.2200000000000006,0.8063177000000001,0
60332,81,HIP1,-0.02,-0.0122296,0
60333,81,CDC73,-0.05999999999999999,0.012032500000000002,0
60334,81,NIN,0.02,0.0139053,0
60335,81,MDM4,0.16,0.16592469999999998,0
60336,81,COL3A1,0.15,0.13235049999999998,0
60337,81,CTNND1,0.15000000000000002,0.1386634,0
60338,81,SPOP,0.009999999999999981,0.029381599999999994,0
60339,81,TMEM127,0.07000000000000002,0.0631949,0
60340,81,CREB3L2,0.09999999999999999,0.05793339999999999,0
60341,81,MSH2,0.8400000000000004,0.5667149,0
60342,81,FNBP1,0.0,0.0019757999999999998,0
60343,81,ATF1,-0.04,-0.016071400000000003,0
60344,81,EIF1AX,-0.62,-0.2350323,0
60345,81,PMS1,0.58,0.4344155,0
60346,81,DEK,0.040000000000000015,0.08783470000000002,0
60347,81,ERBB2,0.7900000000000004,0.506438,0
60348,81,AKT1,1.0900000000000005,0.6862238,0
60349,81,CHEK2,0.27,0.3231459,0
60350,81,SDHB,0.43,0.2766975,0
60351,81,NCOA1,0.4,0.2673601,0
60352,81,CHIC2,0.020000000000000004,0.007369100000000007,0
60353,81,RUNX1,0.2600000000000001,0.5906700999999998,0
60354,81,STAT6,0.28,0.1923089,0
60355,81,FH,-0.17,-0.0556248,0
60356,81,AKT3,1.0900000000000003,0.7023903000000001,0
60357,81,GNAS,0.26,0.16397920000000002,0
60358,81,CTNNB1,1.3400000000000007,0.8654424000000005,0
60359,81,NONO,0.13999999999999999,0.09301480000000001,0
60360,81,SMARCB1,1.0100000000000005,0.7378419,0
60361,81,PRKAR1A,0.09000000000000001,0.0835303,0
60362,81,ITGAV,0.05999999999999999,0.05209680000000001,0
60363,81,SS18,0.37,0.2221414,0
60364,81,MAP2K1,0.9400000000000004,0.5885390000000001,0
60365,81,SIRPA,0.01,0.007797700000000001,0
60366,81,PPFIBP1,0.38,0.2452165,0
60367,81,RPL22,-0.33,0.0827939,0
60368,81,CYLD,0.27999999999999997,0.21448510000000004,0
60369,81,ARID1B,0.6499999999999999,0.4628677,0
60370,81,SETDB1,0.32,0.22206330000000002,0
60371,81,AFDN,-0.35,-0.1375972,0
60372,81,ZRSR2,0.31999999999999995,0.22237720000000002,0
60373,81,PBRM1,0.9400000000000004,0.6540909,0
60374,81,XPC,0.6200000000000001,0.42677639999999994,0
60375,81,ASXL2,0.23,0.1519758,0
60376,81,TRIM24,-0.32,-0.1521487,0
60377,81,SFPQ,-0.11999999999999997,0.0004682999999999944,0
60378,81,NCOA2,0.51,0.34118689999999996,0
60379,81,FOXO4,0.4900000000000001,0.30727399999999994,0
60380,81,LEF1,0.04000000000000001,0.05466180000000002,0
60381,81,B2M,-0.56,-0.1822897,0
60382,81,DDIT3,-0.36,-0.0975209,0
60383,81,BCL6,0.5599999999999999,0.40198770000000006,0
60384,81,KRAS,-2.24,-0.5253324999999999,0
60385,81,FAT1,0.01,0.029272000000000003,0
60386,81,ABL2,0.1,0.069059,0
60387,81,NF1,0.7400000000000002,0.5802806999999999,0
60388,81,BTG1,-0.01,-0.005727299999999999,0
60389,81,EIF4A2,0.060000000000000005,0.04981699999999999,0
60390,81,SET,0.13,0.125971,0
60391,81,EPS15,0.019999999999999997,0.024376999999999996,0
60392,81,RNF213,0.03,0.0263908,0
60393,81,CTCF,0.8500000000000001,0.6024496,0
60394,81,WDCP,0.09,0.07032289999999998,0
60395,81,KAT7,0.07999999999999999,0.0675762,0
60396,81,KDM5C,0.15,0.1482998,0
60397,81,TGFBR2,0.16999999999999996,0.14603339999999998,0
60398,81,ATM,1.4200000000000008,1.0676676,0
60399,81,NUMA1,-0.039999999999999994,-0.012140099999999994,0
60400,81,STAT3,1.3800000000000008,1.0810098000000006,0
60401,81,SUB1,-0.35,-0.11020769999999999,0
60402,81,NUP98,0.030000000000000006,0.059874199999999995,0
60403,81,ELL,0.05000000000000001,0.0467735,0
60404,81,MAP3K1,0.48,0.3382105,0
60405,81,MALT1,0.20000000000000004,0.1598737,0
60406,81,XPO1,0.24000000000000002,0.196958,0
60407,81,SETD1B,0.07,0.0538754,0
60408,81,ETV6,-0.30000000000000004,-0.1360605,0
60409,81,TBL1XR1,0.19,0.11740579999999999,0
60410,81,NUP214,0.05,0.1036064,0
60411,81,TPR,0.09,0.09204179999999998,0
60412,81,ATIC,0.040000000000000015,0.04789969999999999,0
60413,81,NACA,0.23,0.1580284,0
60414,81,MYO5A,-0.010000000000000002,-0.001746099999999997,0
60415,81,SMC1A,0.6400000000000001,0.5016609,0
60416,81,LASP1,-0.17,-0.1042154,0
60417,81,ERCC5,0.43,0.29309520000000006,0
60418,81,JUN,0.8500000000000004,0.6010615000000001,0
60419,81,THRAP3,0.06999999999999999,0.057028100000000005,0
60420,81,STAG2,0.53,0.38115750000000004,0
60421,81,RAF1,1.1400000000000003,0.7782779000000002,0
60422,81,ERCC3,0.63,0.5095292,0
60423,81,SMAD2,0.48000000000000026,0.43816569999999994,0
60424,81,TAF15,0.14,0.13528240000000002,0
60425,81,ARNT,0.33999999999999997,0.25417370000000006,0
60426,81,CLTC,-0.53,-0.29055590000000003,0
60427,81,IKBKB,0.6100000000000003,0.4567206999999999,0
60428,81,IDH1,-0.49000000000000005,-0.11966569999999999,0
60429,81,SND1,-0.019999999999999997,-0.0101114,0
60430,81,KNSTRN,0.03,0.0244389,0
60431,81,RHOA,-0.79,-0.1644787,0
60432,81,PALB2,0.6500000000000001,0.5278994000000001,0
60433,81,ARID2,0.7100000000000002,0.5138836,0
60434,81,EZR,-0.24000000000000002,-0.05491120000000002,0
60435,81,TP53,-1.4999999999999998,-0.35237649999999987,0
60436,81,ARAF,0.3800000000000001,0.21135089999999998,0
60437,81,KIF5B,0.34,0.23875180000000004,0
60438,81,KAT6A,0.21,0.18021389999999998,0
60439,81,KTN1,-0.06,-0.0210315,0
60440,81,GOLGA5,-0.15,-0.08970389999999999,0
60441,81,KDM5A,0.22,0.2005904,0
60442,81,RAD21,0.44000000000000006,0.32961460000000004,0
60443,81,GNAQ,0.12,0.0854075,0
60444,81,CAMTA1,0.009999999999999998,0.0100449,0
60445,81,ERCC2,0.65,0.4467207,0
60446,81,EZH2,1.740000000000001,1.0766260000000003,0
60447,81,TOP1,0.21,0.1625105,0
60448,81,SRSF3,-0.39,-0.1007266,0
60449,81,NPM1,-0.059999999999999956,0.14721710000000002,0
60450,81,BAX,-0.38999999999999996,-0.1252261,0
60451,81,NOTCH2,0.29,0.22817510000000002,0
60452,81,TRAF7,0.04,0.031698,0
60453,81,KDM6A,0.8100000000000003,0.6744454000000002,0
60454,81,SPEN,0.12000000000000001,0.0856259,0
60455,81,TRIM27,-0.31,-0.120665,0
60456,81,CRTC1,0.13,0.1031331,0
60457,81,EML4,0.22999999999999998,0.18115579999999995,0
60458,81,USP9X,-0.10999999999999999,-0.0660135,0
60459,81,PTPRK,0.01,0.006707800000000001,0
60460,81,CD74,-0.08999999999999998,0.029155200000000013,0
60461,81,CBL,0.5900000000000001,0.41326650000000004,0
60462,81,ZNF384,-0.06,-0.031028800000000002,0
60463,81,NOTCH1,0.9700000000000005,0.7534767000000001,0
60464,81,COX6C,-0.11,-0.0523593,0
60465,81,CHCHD7,0.03,0.0196641,0
60466,81,HMGA1,-0.15000000000000002,-0.058335399999999996,0
60467,81,PTEN,1.4900000000000009,1.1457634000000003,0
60468,81,FIP1L1,-0.03,-0.023321199999999997,0
60469,81,JAK1,0.7500000000000002,0.5727903999999999,0
60470,81,ZMYM2,-0.1,-0.0641969,0
60471,81,SUZ12,0.5600000000000002,0.3910547999999999,0
60472,81,FUS,-0.010000000000000064,0.17496639999999994,0
60473,81,BAP1,0.15999999999999998,0.1442933,0
60474,81,ZCCHC8,-0.07,-0.0223566,0
60475,81,CRNKL1,-0.06,-0.0337074,0
60476,81,RAD17,0.08,0.06340259999999999,0
60477,81,ATP1A1,-0.03,-0.012893500000000002,0
60478,81,DNMT3A,0.8200000000000004,0.6081309,0
60479,81,FBXW7,0.8600000000000003,0.6688413000000001,0
60480,81,WWTR1,-0.12000000000000001,-0.054840799999999995,0
60481,81,CDKN1B,0.6200000000000001,0.3809368,0
60482,81,KMT2A,0.51,0.39563119999999996,0
60483,81,PTPN11,0.8100000000000004,0.5544106000000001,0
60484,81,STAT5B,0.6700000000000003,0.5148577999999999,0
60485,81,CUX1,-0.11999999999999998,-0.07355660000000001,0
60486,81,ABI1,-0.35000000000000003,-0.12809820000000002,0
60487,81,BRCA1,1.740000000000001,1.3161682999999997,0
60488,81,SH2B3,0.04,0.0321478,0
60489,81,AFF4,0.19,0.124881,0
60490,81,NF2,-0.17,-0.029855600000000003,0
60491,81,LMNA,0.17,0.1214558,0
60492,81,TSC2,0.43000000000000005,0.36862460000000014,0
60493,81,GOLPH3,-0.12000000000000001,-0.0658418,0
60494,81,PCM1,-0.07,-0.0440592,0
60495,81,PPP2R1A,-0.19999999999999998,-0.0419251,0
60496,81,ARID1A,1.6300000000000008,1.1335877000000005,0
60497,81,ABL1,0.33000000000000007,0.24290390000000003,0
60498,81,AFF1,0.25,0.18802600000000003,0
60499,81,DAXX,-0.18000000000000002,-0.010677600000000006,0
60500,81,CBFB,0.16999999999999998,0.1212273,0
60501,81,CBLB,0.13,0.0964875,0
60502,81,POLR2A,0.03999999999999998,0.1303782,0
60503,81,PRKACA,0.33000000000000007,0.26201279999999993,0
60504,81,DNM2,-0.14,-0.056314100000000006,0
60505,81,RAP1GDS1,-0.14,-0.060651,0
60506,81,NCOR1,1.0200000000000005,0.7916424000000001,0
60507,81,NFKBIE,-0.14,-0.0593404,0
60508,81,DDX3X,0.029999999999999992,0.0850079,0
60509,81,ELK4,0.02,0.0146582,0
60510,81,MLLT6,0.11000000000000001,0.07254920000000001,0
60511,81,SRSF2,-0.76,-0.20566089999999998,0
60512,81,CTNNA1,0.1,0.0762608,0
60513,81,RBM10,0.24000000000000002,0.1677619,0
60514,81,PTPRC,0.1,0.1153399,0
60515,81,HSP90AA1,1.1800000000000004,0.7901296999999999,0
60516,82,NSD1,0.39,0.3367194,1
60517,82,DICER1,0.18000000000000002,0.2540449000000001,1
60518,82,BIRC6,0.16,0.15537659999999998,1
60519,82,SDHC,0.43,0.30956580000000006,1
60520,82,TFG,0.12,0.07779449999999999,1
60521,82,MAP2K2,0.35999999999999993,0.24888639999999998,1
60522,82,TFRC,-0.30000000000000004,-0.08872450000000001,1
60523,82,CREB1,0.8500000000000004,0.7416237000000003,1
60524,82,POLG,-0.02,-0.0059055999999999996,1
60525,82,SETD2,0.5600000000000004,0.5330707,1
60526,82,NAB2,-0.5,-0.1412425,1
60527,82,HIF1A,1.5900000000000007,1.2351597,1
60528,82,FLCN,-0.07,0.0223082,1
60529,82,MAP2K4,0.04,0.0988151,1
60530,82,CNOT3,0.07,0.060995499999999994,1
60531,82,CIITA,0.1,0.06301050000000001,1
60532,82,LSM14A,0.17,0.13981500000000002,1
60533,82,AKAP9,-0.01999999999999999,0.030950700000000005,1
60534,82,MSN,-0.35,-0.0957639,1
60535,82,BCR,-0.020000000000000007,0.058115299999999995,1
60536,82,TRRAP,0.10000000000000002,0.24076960000000006,1
60537,82,PPP6C,-0.14,-0.0567681,1
60538,82,NCOA4,-0.09,-0.004867800000000009,1
60539,82,BCL9,0.21,0.1735845,1
60540,82,PRCC,0.11000000000000001,0.0948136,1
60541,82,LARP4B,0.03,0.022025999999999997,1
60542,82,CHD2,0.02,0.0180512,1
60543,82,ASXL1,0.3400000000000001,0.38223979999999996,1
60544,82,SMARCA4,2.0200000000000014,1.5681935000000005,1
60545,82,ERC1,-0.01,-0.0075738,1
60546,82,DCTN1,6.938893903907228e-18,0.05198600000000003,1
60547,82,PIK3R1,1.1600000000000006,0.9626063,1
60548,82,EED,0.19999999999999996,0.13830509999999996,1
60549,82,CNBP,0.02,0.012061599999999999,1
60550,82,SGK1,0.53,0.34102830000000006,1
60551,82,MLLT10,-0.38000000000000006,-0.22731430000000002,1
60552,82,BRD4,0.8800000000000002,0.8082026999999996,1
60553,82,RANBP2,0.35,0.3385372,1
60554,82,FBXO11,0.08,0.0640062,1
60555,82,PML,0.39,0.2558927,1
60556,82,AKT2,1.1600000000000004,0.8400813,1
60557,82,CEP89,0.05,0.0331343,1
60558,82,LZTR1,0.09999999999999999,0.12748369999999998,1
60559,82,YWHAE,0.23000000000000004,0.1448742,1
60560,82,DNAJB1,-0.06,-0.009682400000000004,1
60561,82,PRDM2,0.08,0.0648357,1
60562,82,TPM4,0.53,0.374353,1
60563,82,CREBBP,2.160000000000001,1.8012813,1
60564,82,PMS2,0.8700000000000003,0.7582643,1
60565,82,DDR2,0.019999999999999997,0.013046600000000002,1
60566,82,FANCA,0.4100000000000001,0.34622890000000006,1
60567,82,PDE4DIP,0.08,0.0649484,1
60568,82,USP8,-0.05,-0.0171186,1
60569,82,MYH9,-0.45,-0.0929882,1
60570,82,MYC,-1.9500000000000008,-0.40807569999999993,1
60571,82,NBN,0.6700000000000002,0.5643601,1
60572,82,CCND3,-0.08000000000000002,0.007263899999999993,1
60573,82,TRIP11,-0.06,-0.0444292,1
60574,82,CNTRL,-0.06,-0.0473364,1
60575,82,PIK3CA,1.2200000000000006,1.0636052999999999,1
60576,82,DDX5,0.13999999999999999,0.19128820000000005,1
60577,82,PICALM,0.029999999999999995,0.029850600000000005,1
60578,82,RARA,-0.060000000000000026,0.0837927,1
60579,82,DDX6,-0.039999999999999966,0.09517150000000002,1
60580,82,COL1A1,0.22999999999999998,0.19418709999999997,1
60581,82,VHL,0.3500000000000001,0.2602082,1
60582,82,MAPK1,1.650000000000001,1.1802667999999998,1
60583,82,SRC,0.2799999999999999,0.3870926000000002,1
60584,82,NFE2L2,0.32999999999999996,0.2415191,1
60585,82,MITF,-0.32999999999999996,-0.09673040000000001,1
60586,82,SMAD3,1.0300000000000007,1.0794648,1
60587,82,RBM15,0.15,0.1249336,1
60588,82,ATR,0.8200000000000003,0.6906024999999999,1
60589,82,EPAS1,0.3,0.33464570000000005,1
60590,82,TPM3,0.2,0.15700080000000002,1
60591,82,RPL10,0.11000000000000001,0.13962070000000001,1
60592,82,STAG1,0.12,0.1612705,1
60593,82,SBDS,-0.08,-0.0263484,1
60594,82,KMT2D,1.0900000000000005,0.8874447999999999,1
60595,82,MED12,0.43,0.36021950000000014,1
60596,82,BCLAF1,-0.04000000000000001,0.038674700000000006,1
60597,82,ASPSCR1,0.019999999999999997,0.0222103,1
60598,82,CDK12,0.5800000000000001,0.4720293,1
60599,82,EWSR1,0.24999999999999997,0.312354,1
60600,82,NDRG1,-0.039999999999999994,-0.0012232000000000007,1
60601,82,PSIP1,0.09,0.0788726,1
60602,82,TRIM33,0.16,0.1397407,1
60603,82,MTOR,0.7900000000000005,0.7156903,1
60604,82,ARHGAP35,0.18000000000000002,0.15816449999999996,1
60605,82,POT1,0.03,0.0288925,1
60606,82,EXT1,0.11,0.08580220000000001,1
60607,82,IL6ST,0.35000000000000003,0.2980098,1
60608,82,IDH2,0.040000000000000036,0.05782519999999999,1
60609,82,SMARCE1,0.44,0.29208389999999995,1
60610,82,CRTC3,0.09,0.0753852,1
60611,82,TSC1,0.26,0.2968758,1
60612,82,BCOR,-0.16999999999999998,0.048674,1
60613,82,SDHA,0.26,0.19509729999999997,1
60614,82,EP300,2.52,2.0995062,1
60615,82,HNRNPA2B1,0.5600000000000002,0.38549979999999995,1
60616,82,CLIP1,-0.13,-0.07477980000000001,1
60617,82,PATZ1,-0.6,-0.1414745,1
60618,82,FUBP1,-0.24,-0.06311340000000001,1
60619,82,HLA-A,-0.06,0.030582,1
60620,82,CCNC,-0.16999999999999998,-0.0744805,1
60621,82,RPN1,-0.15000000000000002,-0.0616452,1
60622,82,TCF7L2,0.10000000000000002,0.1454835,1
60623,82,CANT1,0.03,0.01952600000000001,1
60624,82,RPL5,-0.5599999999999999,-0.150775,1
60625,82,CCDC6,0.06999999999999998,0.09632449999999998,1
60626,82,NCKIPSD,-0.060000000000000005,-0.014724200000000003,1
60627,82,SMARCD1,0.45000000000000007,0.3713428,1
60628,82,BCL10,0.07,0.09298210000000001,1
60629,82,MAX,-0.01999999999999999,0.05560240000000001,1
60630,82,HERPUD1,-0.03,-0.0078648,1
60631,82,RAC1,0.15999999999999998,0.2056037,1
60632,82,FLNA,0.13999999999999999,0.1131634,1
60633,82,TFE3,-0.9299999999999999,-0.28143290000000004,1
60634,82,NCOR2,0.5500000000000002,0.49695239999999996,1
60635,82,PRPF40B,0.04,0.0280092,1
60636,82,BCL3,-0.05000000000000001,0.0030977000000000044,1
60637,82,TFPT,-0.32,-0.1051376,1
60638,82,MLH1,0.8300000000000003,0.7640511999999999,1
60639,82,ARHGAP5,0.12999999999999998,0.1165004,1
60640,82,CIC,0.01,0.0069004,1
60641,82,LYN,0.74,0.5809680999999999,1
60642,82,TCF12,0.37999999999999995,0.3120422,1
60643,82,KLF6,0.05,0.036197900000000005,1
60644,82,KMT2C,1.0000000000000004,0.8451401999999999,1
60645,82,PIM1,-0.08000000000000003,-0.0031714999999999938,1
60646,82,CCND1,0.7700000000000002,0.5653118999999999,1
60647,82,MLLT1,-1.7100000000000002,-0.365237,1
60648,82,MEN1,0.009999999999999995,0.04083189999999999,1
60649,82,CUL3,0.16999999999999998,0.1869728,1
60650,82,RB1,0.7400000000000002,0.6018127000000002,1
60651,82,LPP,-0.13,-0.029398599999999997,1
60652,82,BUB1B,-0.1,-0.008416400000000008,1
60653,82,SMAD4,1.570000000000001,1.2920802,1
60654,82,FGFR1,0.25,0.2646275,1
60655,82,TMSB4X,0.04,0.031657199999999996,1
60656,82,CDK4,1.2500000000000007,0.8743876,1
60657,82,MSI2,0.01,0.0079026,1
60658,82,MSH6,1.1200000000000006,0.9605057,1
60659,82,BRAF,1.2500000000000004,1.1307678,1
60660,82,TCEA1,-0.03000000000000001,0.029282399999999997,1
60661,82,TNFAIP3,0.14,0.11981359999999999,1
60662,82,RABEP1,0.0,0.00042160000000000114,1
60663,82,GMPS,-0.07,-0.0320062,1
60664,82,MDM2,1.2100000000000009,0.9616134000000002,1
60665,82,NSD2,0.26,0.20517249999999998,1
60666,82,CASP8,-0.30999999999999994,0.044056500000000005,1
60667,82,PER1,-0.21000000000000002,-0.0720199,1
60668,82,UBR5,0.049999999999999996,0.0690909,1
60669,82,EIF3E,0.03,0.07125289999999998,1
60670,82,RFWD3,0.030000000000000002,0.032254200000000004,1
60671,82,BRD3,0.13,0.0915422,1
60672,82,PAFAH1B2,0.03,0.027365399999999998,1
60673,82,EXT2,0.009999999999999995,0.018315200000000004,1
60674,82,PLCG1,0.49,0.41770860000000004,1
60675,82,SF3B1,-0.87,-0.40528060000000005,1
60676,82,ARHGEF10L,0.04,0.02194,1
60677,82,NFATC2,0.27,0.20160400000000003,1
60678,82,SDHD,0.31999999999999995,0.2180536,1
60679,82,PABPC1,-0.9899999999999999,-0.2785737,1
60680,82,POLD1,-0.2799999999999999,-0.05520640000000001,1
60681,82,CALR,1.3877787807814457e-17,0.0535811,1
60682,82,PIK3CB,0.6400000000000001,0.5456780000000001,1
60683,82,PPM1D,0.30000000000000004,0.2390362,1
60684,82,ATRX,1.0400000000000005,0.9289686000000001,1
60685,82,DGCR8,0.22000000000000003,0.1722653,1
60686,82,DDX10,0.19,0.1439755,1
60687,82,DROSHA,0.6200000000000001,0.4978332,1
60688,82,TNFRSF14,-0.19,-0.0636313,1
60689,82,BCL9L,0.14,0.10709199999999999,1
60690,82,QKI,0.05,0.037947600000000005,1
60691,82,BAZ1A,0.01,0.0074746000000000005,1
60692,82,CHD4,0.5,0.4096256,1
60693,82,NSD3,0.09,0.11125739999999999,1
60694,82,NT5C2,0.16,0.08717870000000001,1
60695,82,CCNB1IP1,0.13,0.0610091,1
60696,82,PCBP1,-1.29,-0.293169,1
60697,82,RALGDS,-0.08,0.027775000000000008,1
60698,82,ARHGEF12,-0.03,0.0267933,1
60699,82,HSP90AB1,1.1400000000000006,0.7993589999999999,1
60700,82,FOXO3,1.5000000000000009,1.1300774999999998,1
60701,82,HIP1,-0.01,-0.005368000000000001,1
60702,82,CDC73,0.04999999999999999,0.0900158,1
60703,82,NIN,0.0,0.0027688999999999943,1
60704,82,MDM4,0.14,0.1836727,1
60705,82,COL3A1,0.24000000000000002,0.192817,1
60706,82,CTNND1,0.10000000000000002,0.14600270000000004,1
60707,82,SPOP,0.06000000000000001,0.0856154,1
60708,82,TMEM127,-0.01999999999999999,0.009411900000000004,1
60709,82,CREB3L2,0.16,0.1019388,1
60710,82,MSH2,1.0000000000000004,0.8798748,1
60711,82,FNBP1,-0.009999999999999995,0.0312919,1
60712,82,ATF1,0.17,0.11820800000000001,1
60713,82,EIF1AX,-0.55,-0.17083690000000004,1
60714,82,PMS1,0.5599999999999999,0.45017690000000005,1
60715,82,DEK,0.19999999999999998,0.1623959,1
60716,82,ERBB2,0.8900000000000003,0.5667644999999999,1
60717,82,AKT1,0.77,0.5483214999999999,1
60718,82,CHEK2,0.7500000000000002,0.7461133,1
60719,82,SDHB,0.4700000000000001,0.3343342,1
60720,82,NCOA1,0.38999999999999996,0.33163149999999997,1
60721,82,CHIC2,0.08,0.053300600000000004,1
60722,82,RUNX1,-0.010000000000000071,0.5356978,1
60723,82,STAT6,0.34,0.3312895,1
60724,82,FH,-0.09,-0.026692199999999982,1
60725,82,AKT3,1.1000000000000005,0.8019114999999999,1
60726,82,GNAS,0.39,0.2812556,1
60727,82,CTNNB1,1.600000000000001,1.1199853,1
60728,82,NONO,0.36,0.32119349999999997,1
60729,82,SMARCB1,1.1600000000000006,0.9217915999999999,1
60730,82,PRKAR1A,0.23,0.2150491,1
60731,82,ITGAV,0.009999999999999995,0.05252609999999999,1
60732,82,SS18,0.43,0.308394,1
60733,82,MAP2K1,0.9900000000000004,0.6156238,1
60734,82,SIRPA,-0.06,-0.0177909,1
60735,82,PPFIBP1,0.41,0.3021931,1
60736,82,RPL22,-0.14999999999999997,0.112934,1
60737,82,CYLD,0.33,0.2632266,1
60738,82,ARID1B,0.8600000000000001,0.6667519000000001,1
60739,82,SETDB1,0.37000000000000005,0.27055870000000004,1
60740,82,AFDN,-0.41000000000000003,-0.1029496,1
60741,82,ZRSR2,-0.12000000000000002,-0.0947,1
60742,82,PBRM1,1.0700000000000005,0.8161468000000001,1
60743,82,XPC,0.52,0.3382174,1
60744,82,ASXL2,0.30000000000000004,0.2230169,1
60745,82,TRIM24,-0.13000000000000003,0.027645999999999993,1
60746,82,SFPQ,-0.59,-0.19662060000000006,1
60747,82,NCOA2,0.6400000000000001,0.5279628000000001,1
60748,82,FOXO4,0.28,0.18061300000000002,1
60749,82,LEF1,0.29000000000000004,0.2379636,1
60750,82,B2M,-0.36000000000000004,-0.14526630000000001,1
60751,82,DDIT3,-0.28,-0.0968868,1
60752,82,BCL6,0.12999999999999998,0.18396610000000002,1
60753,82,KRAS,-0.1599999999999999,0.10471029999999998,1
60754,82,FAT1,0.13,0.10297089999999999,1
60755,82,ABL2,0.09000000000000001,0.07490430000000001,1
60756,82,NF1,1.280000000000001,1.0669229000000002,1
60757,82,BTG1,-0.07,-0.027969900000000002,1
60758,82,EIF4A2,0.09999999999999999,0.060165300000000005,1
60759,82,SET,0.21000000000000002,0.1663006,1
60760,82,EPS15,0.09999999999999999,0.0876957,1
60761,82,RNF213,0.06,0.0520064,1
60762,82,CTCF,1.0800000000000003,0.7451953000000001,1
60763,82,WDCP,0.22,0.1338178,1
60764,82,KAT7,0.2,0.16706530000000003,1
60765,82,KDM5C,0.2,0.20870079999999996,1
60766,82,TGFBR2,0.17,0.18190040000000005,1
60767,82,ATM,0.9900000000000007,1.0699118,1
60768,82,NUMA1,0.009999999999999998,0.031154099999999997,1
60769,82,STAT3,0.65,0.7302986,1
60770,82,SUB1,-0.06,-0.0241614,1
60771,82,NUP98,0.2799999999999999,0.28427150000000007,1
60772,82,ELL,0.12000000000000001,0.060889300000000014,1
60773,82,MAP3K1,0.31999999999999995,0.2803725,1
60774,82,MALT1,0.13,0.1422551,1
60775,82,XPO1,0.6100000000000002,0.5004244,1
60776,82,SETD1B,0.29000000000000004,0.23017510000000005,1
60777,82,ETV6,0.01999999999999999,0.05465070000000001,1
60778,82,TBL1XR1,0.26,0.1867525,1
60779,82,NUP214,-0.13000000000000003,0.12040409999999999,1
60780,82,TPR,0.13,0.116315,1
60781,82,ATIC,0.18,0.1533912,1
60782,82,NACA,0.22,0.13116000000000003,1
60783,82,MYO5A,0.01,0.008296600000000001,1
60784,82,SMC1A,0.21000000000000002,0.39697240000000006,1
60785,82,LASP1,-0.29000000000000004,-0.1300617,1
60786,82,ERCC5,0.49,0.32657959999999997,1
60787,82,JUN,-1.09,-0.17088509999999993,1
60788,82,THRAP3,0.1,0.07648780000000001,1
60789,82,STAG2,0.27,0.2922764,1
60790,82,RAF1,0.8100000000000003,0.6331726,1
60791,82,ERCC3,0.6699999999999999,0.5677410000000002,1
60792,82,SMAD2,0.40000000000000024,0.5463573000000002,1
60793,82,TAF15,0.25,0.2050007,1
60794,82,ARNT,0.20999999999999996,0.2202309,1
60795,82,CLTC,-0.56,-0.2237981,1
60796,82,IKBKB,0.5000000000000001,0.4935797000000002,1
60797,82,IDH1,-0.36,-0.10259520000000001,1
60798,82,SND1,0.030000000000000006,0.042994899999999996,1
60799,82,KNSTRN,0.03,0.0240981,1
60800,82,RHOA,-3.2300000000000004,-0.695648,1
60801,82,PALB2,0.7100000000000002,0.6251025,1
60802,82,ARID2,0.8900000000000001,0.6947958,1
60803,82,EZR,-0.08000000000000002,0.00017229999999999156,1
60804,82,TP53,0.39000000000000024,0.6245961000000001,1
60805,82,ARAF,0.3800000000000001,0.2213284,1
60806,82,KIF5B,0.55,0.4223806,1
60807,82,KAT6A,0.19000000000000003,0.2276055,1
60808,82,KTN1,-0.08,-0.009424999999999996,1
60809,82,GOLGA5,-0.08,-0.055994100000000005,1
60810,82,KDM5A,0.28,0.2710151,1
60811,82,RAD21,0.6300000000000001,0.5316259,1
60812,82,GNAQ,0.38000000000000006,0.2845594,1
60813,82,CAMTA1,0.08,0.058734800000000004,1
60814,82,ERCC2,0.7600000000000001,0.5990256,1
60815,82,EZH2,1.750000000000001,1.3774156999999998,1
60816,82,TOP1,0.36,0.2889050000000001,1
60817,82,SRSF3,-0.26000000000000006,-0.040419900000000016,1
60818,82,NPM1,0.42000000000000004,0.34944020000000003,1
60819,82,BAX,-0.74,-0.1577326,1
60820,82,NOTCH2,0.32,0.2738545,1
60821,82,TRAF7,0.02,0.014085799999999999,1
60822,82,KDM6A,0.7600000000000003,0.8207295000000001,1
60823,82,SPEN,0.17,0.1361781,1
60824,82,TRIM27,-0.54,-0.1651542,1
60825,82,CRTC1,0.15999999999999998,0.1248582,1
60826,82,EML4,0.30000000000000004,0.3355832000000001,1
60827,82,USP9X,0.09,0.0715676,1
60828,82,PTPRK,0.0,0.0,1
60829,82,CD74,-0.13,0.014309900000000014,1
60830,82,CBL,0.56,0.5248179000000001,1
60831,82,ZNF384,0.04,0.0313876,1
60832,82,NOTCH1,1.1800000000000006,0.8603738999999999,1
60833,82,COX6C,-0.15999999999999998,-0.0454911,1
60834,82,CHCHD7,0.03,0.0200538,1
60835,82,HMGA1,-0.049999999999999996,-0.013031899999999999,1
60836,82,PTEN,1.0000000000000009,1.0482711999999998,1
60837,82,FIP1L1,-0.029999999999999992,-0.0032622,1
60838,82,JAK1,0.8400000000000003,0.7135488000000001,1
60839,82,ZMYM2,0.039999999999999994,0.0341491,1
60840,82,SUZ12,0.8300000000000003,0.6800977,1
60841,82,FUS,-0.77,-0.097169,1
60842,82,BAP1,-0.29,-0.11261400000000002,1
60843,82,ZCCHC8,-0.08,-0.022187199999999997,1
60844,82,CRNKL1,0.04,0.032878,1
60845,82,RAD17,0.22,0.16649830000000002,1
60846,82,ATP1A1,0.03,0.01675,1
60847,82,DNMT3A,1.1100000000000005,0.9246726,1
60848,82,FBXW7,0.9900000000000002,0.8551446,1
60849,82,WWTR1,-0.06,-0.010009299999999995,1
60850,82,CDKN1B,0.41,0.32152850000000005,1
60851,82,KMT2A,0.19000000000000009,0.2765621000000001,1
60852,82,PTPN11,1.2700000000000007,1.0479743999999998,1
60853,82,STAT5B,0.6700000000000003,0.5863428,1
60854,82,CUX1,-0.05,-0.0333119,1
60855,82,ABI1,-0.27,-0.05987800000000001,1
60856,82,BRCA1,1.8100000000000012,1.5043000999999996,1
60857,82,SH2B3,0.12,0.0713391,1
60858,82,AFF4,-0.29999999999999993,-0.16198840000000003,1
60859,82,NF2,0.19,0.1767498,1
60860,82,LMNA,0.09000000000000001,0.06256950000000001,1
60861,82,TSC2,0.8600000000000004,0.7023254000000001,1
60862,82,GOLPH3,-0.04,-0.030308400000000006,1
60863,82,PCM1,-0.030000000000000002,-0.024208,1
60864,82,PPP2R1A,-0.44999999999999996,-0.1146624,1
60865,82,ARID1A,1.7600000000000011,1.4231055000000001,1
60866,82,ABL1,-0.3499999999999999,0.02428000000000001,1
60867,82,AFF1,-0.04999999999999999,0.018211099999999994,1
60868,82,DAXX,-0.5299999999999999,-0.1299989,1
60869,82,CBFB,0.12000000000000001,0.1449366,1
60870,82,CBLB,0.18,0.1576987,1
60871,82,POLR2A,-0.58,-0.02371980000000001,1
60872,82,PRKACA,0.19000000000000014,0.27570700000000004,1
60873,82,DNM2,-0.09,-0.030164899999999994,1
60874,82,RAP1GDS1,0.07,0.07179100000000001,1
60875,82,NCOR1,0.8600000000000002,0.8969251000000001,1
60876,82,NFKBIE,-0.35,-0.10052729999999999,1
60877,82,DDX3X,0.31999999999999995,0.2875437,1
60878,82,ELK4,0.03,0.025792799999999998,1
60879,82,MLLT6,0.029999999999999995,0.0325739,1
60880,82,SRSF2,-3.41,-0.7191358000000002,1
60881,82,CTNNA1,0.17,0.1289236,1
60882,82,RBM10,0.12000000000000001,0.09406280000000003,1
60883,82,PTPRC,-0.010000000000000023,0.0967134,1
60884,82,HSP90AA1,1.1900000000000004,0.8102274999999998,1
60885,82,NSD1,0.25,0.2064105,0
60886,82,DICER1,0.32,0.2886424,0
60887,82,BIRC6,0.05,0.0482038,0
60888,82,SDHC,0.34,0.22673230000000003,0
60889,82,TFG,0.32,0.17981350000000001,0
60890,82,MAP2K2,0.28,0.2193328,0
60891,82,TFRC,-0.27999999999999997,-0.1373676,0
60892,82,CREB1,0.8900000000000005,0.7056901,0
60893,82,POLG,0.01,0.0032613,0
60894,82,SETD2,0.7200000000000002,0.6010161,0
60895,82,NAB2,-0.33,-0.1101719,0
60896,82,HIF1A,1.6200000000000008,1.1783361999999997,0
60897,82,FLCN,0.04,0.0392874,0
60898,82,MAP2K4,0.07,0.11090290000000001,0
60899,82,CNOT3,0.019999999999999997,0.0318658,0
60900,82,CIITA,0.11000000000000001,0.07545049999999999,0
60901,82,LSM14A,0.09,0.07384470000000001,0
60902,82,AKAP9,-0.039999999999999994,0.0020844000000000036,0
60903,82,MSN,-0.33999999999999997,-0.08494209999999999,0
60904,82,BCR,0.04,0.0458766,0
60905,82,TRRAP,0.010000000000000018,0.1394521,0
60906,82,PPP6C,-0.19,-0.0884804,0
60907,82,NCOA4,-0.17,-0.08605900000000002,0
60908,82,BCL9,0.17,0.13341709999999998,0
60909,82,PRCC,0.060000000000000005,0.045475500000000016,0
60910,82,LARP4B,0.01,0.0061019,0
60911,82,CHD2,0.01,0.0078358,0
60912,82,ASXL1,0.3900000000000001,0.4081771,0
60913,82,SMARCA4,1.4000000000000008,1.0383084999999996,0
60914,82,ERC1,-0.02,-0.0154524,0
60915,82,DCTN1,-0.20000000000000004,-0.0956458,0
60916,82,PIK3R1,1.3200000000000007,0.9635545999999998,0
60917,82,EED,-0.13,-0.015742199999999998,0
60918,82,CNBP,0.01,0.0052103,0
60919,82,SGK1,0.3,0.18813139999999998,0
60920,82,MLLT10,-0.13,-0.05538459999999999,0
60921,82,BRD4,0.9600000000000004,0.745063,0
60922,82,RANBP2,0.15999999999999998,0.20933199999999996,0
60923,82,FBXO11,0.05,0.038956599999999994,0
60924,82,PML,0.36999999999999994,0.27602360000000004,0
60925,82,AKT2,0.9600000000000003,0.6755572999999999,0
60926,82,CEP89,0.06,0.0336872,0
60927,82,LZTR1,0.1,0.09499360000000001,0
60928,82,YWHAE,0.32000000000000006,0.20679459999999997,0
60929,82,DNAJB1,-0.06999999999999999,-0.011375200000000002,0
60930,82,PRDM2,0.03,0.0217543,0
60931,82,TPM4,0.49000000000000005,0.3160787,0
60932,82,CREBBP,1.8600000000000012,1.4781631999999998,0
60933,82,PMS2,0.5,0.49207290000000004,0
60934,82,DDR2,0.049999999999999996,0.030862299999999995,0
60935,82,FANCA,0.36,0.2904576,0
60936,82,PDE4DIP,0.04,0.027248,0
60937,82,USP8,-0.07,-0.0367929,0
60938,82,MYH9,-0.27,-0.0615894,0
60939,82,MYC,-1.2000000000000004,-0.4615304000000001,0
60940,82,NBN,0.5800000000000001,0.45372929999999995,0
60941,82,CCND3,-0.08000000000000003,0.009281999999999993,0
60942,82,TRIP11,-0.14,-0.093594,0
60943,82,CNTRL,-0.060000000000000005,-0.0408761,0
60944,82,PIK3CA,1.600000000000001,1.1538949000000005,0
60945,82,DDX5,0.4099999999999999,0.31806350000000005,0
60946,82,PICALM,3.469446951953614e-18,0.0025098000000000065,0
60947,82,RARA,0.45999999999999996,0.3274802,0
60948,82,DDX6,-0.059999999999999984,0.05877550000000001,0
60949,82,COL1A1,0.07999999999999999,0.0920093,0
60950,82,VHL,0.16,0.1171439,0
60951,82,MAPK1,1.6600000000000008,1.0884122,0
60952,82,SRC,-0.3600000000000001,0.07462990000000003,0
60953,82,NFE2L2,0.31999999999999995,0.21114660000000002,0
60954,82,MITF,-0.33,-0.0781273,0
60955,82,SMAD3,1.1200000000000008,0.8919570000000002,0
60956,82,RBM15,0.03,0.0367128,0
60957,82,ATR,0.7000000000000003,0.5953911000000001,0
60958,82,EPAS1,0.45,0.3858072,0
60959,82,TPM3,0.2,0.1444959,0
60960,82,RPL10,0.12,0.10947090000000001,0
60961,82,STAG1,0.19,0.1740868,0
60962,82,SBDS,-0.02,-0.006812200000000001,0
60963,82,KMT2D,0.9500000000000004,0.7043290000000001,0
60964,82,MED12,0.35000000000000003,0.2737666,0
60965,82,BCLAF1,6.938893903907228e-18,0.0411841,0
60966,82,ASPSCR1,1.734723475976807e-18,0.007845700000000008,0
60967,82,CDK12,0.31,0.2315721,0
60968,82,EWSR1,0.4299999999999998,0.3422507,0
60969,82,NDRG1,-0.06,-0.0261896,0
60970,82,PSIP1,-0.2,-0.1025873,0
60971,82,TRIM33,0.04999999999999999,0.045900800000000005,0
60972,82,MTOR,1.0500000000000005,0.8004009,0
60973,82,ARHGAP35,0.11000000000000001,0.1467804,0
60974,82,POT1,-0.019999999999999993,0.008720399999999996,0
60975,82,EXT1,0.1,0.06316100000000001,0
60976,82,IL6ST,0.3,0.23449409999999998,0
60977,82,IDH2,0.16,0.1240514,0
60978,82,SMARCE1,0.4,0.23708320000000002,0
60979,82,CRTC3,0.09,0.0704206,0
60980,82,TSC1,0.3,0.27652940000000004,0
60981,82,BCOR,-0.2899999999999999,-0.022901099999999997,0
60982,82,SDHA,0.27,0.16925079999999995,0
60983,82,EP300,1.8400000000000016,1.4798895,0
60984,82,HNRNPA2B1,0.22999999999999998,0.18359529999999996,0
60985,82,CLIP1,-0.11,-0.0616645,0
60986,82,PATZ1,-0.44,-0.1214529,0
60987,82,FUBP1,-0.17,-0.030558700000000005,0
60988,82,HLA-A,-0.23000000000000004,-0.015951500000000014,0
60989,82,CCNC,-3.469446951953614e-18,0.005789599999999997,0
60990,82,RPN1,-0.27,-0.07615140000000001,0
60991,82,TCF7L2,0.02999999999999998,0.09107989999999999,0
60992,82,CANT1,0.09,0.0497949,0
60993,82,RPL5,-0.65,-0.20334069999999999,0
60994,82,CCDC6,0.0,0.04470400000000003,0
60995,82,NCKIPSD,0.04,0.0228383,0
60996,82,SMARCD1,0.37,0.2565788,0
60997,82,BCL10,0.030000000000000006,0.059202000000000005,0
60998,82,MAX,8.673617379884035e-18,0.023396899999999998,0
60999,82,HERPUD1,0.02,0.0079972,0
61000,82,RAC1,0.07999999999999996,0.14167489999999996,0
61001,82,FLNA,0.049999999999999996,0.06193549999999999,0
61002,82,TFE3,-0.4600000000000001,-0.18700119999999998,0
61003,82,NCOR2,0.7200000000000002,0.5240747999999998,0
61004,82,PRPF40B,-0.020000000000000004,-0.011239100000000002,0
61005,82,BCL3,-0.020000000000000004,0.012954899999999998,0
61006,82,TFPT,-0.26,-0.0887386,0
61007,82,MLH1,0.8000000000000003,0.7039129000000001,0
61008,82,ARHGAP5,0.14,0.1213629,0
61009,82,CIC,-0.01,-0.0062046,0
61010,82,LYN,0.86,0.61521,0
61011,82,TCF12,0.29,0.2196087,0
61012,82,KLF6,0.04,0.0213307,0
61013,82,KMT2C,0.9800000000000004,0.7938002000000001,0
61014,82,PIM1,-0.21,-0.0776045,0
61015,82,CCND1,1.2600000000000007,0.772147,0
61016,82,MLLT1,-1.27,-0.3262798,0
61017,82,MEN1,0.030000000000000006,0.059349900000000004,0
61018,82,CUL3,0.15,0.1286265,0
61019,82,RB1,0.72,0.5729890000000001,0
61020,82,LPP,-0.07999999999999999,-0.020293899999999997,0
61021,82,BUB1B,-0.16,-0.0805788,0
61022,82,SMAD4,1.4600000000000009,1.1075632000000004,0
61023,82,FGFR1,0.21999999999999997,0.1442864,0
61024,82,TMSB4X,0.04,0.0320496,0
61025,82,CDK4,0.5299999999999999,0.36836929999999996,0
61026,82,MSI2,0.01,0.0077557,0
61027,82,MSH6,0.9200000000000005,0.7222581999999999,0
61028,82,BRAF,1.0600000000000005,0.9274743999999996,0
61029,82,TCEA1,-0.030000000000000006,0.0126619,0
61030,82,TNFAIP3,0.13,0.1319678,0
61031,82,RABEP1,0.009999999999999998,0.005115999999999999,0
61032,82,GMPS,-0.07999999999999999,-0.04204030000000001,0
61033,82,MDM2,1.2700000000000007,0.8931106000000001,0
61034,82,NSD2,0.19,0.1273046,0
61035,82,CASP8,-0.13,0.15304949999999998,0
61036,82,PER1,-0.29,-0.0642122,0
61037,82,UBR5,-0.019999999999999997,0.0028145999999999935,0
61038,82,EIF3E,-0.03000000000000001,0.05177119999999999,0
61039,82,RFWD3,0.020000000000000004,0.025333000000000005,0
61040,82,BRD3,0.08000000000000002,0.0772486,0
61041,82,PAFAH1B2,0.02,0.0164332,0
61042,82,EXT2,0.0,0.002567,0
61043,82,PLCG1,0.49999999999999994,0.3796015,0
61044,82,SF3B1,-0.35000000000000003,-0.1612776,0
61045,82,ARHGEF10L,0.02,0.0101582,0
61046,82,NFATC2,0.2,0.1432272,0
61047,82,SDHD,0.29,0.16584839999999998,0
61048,82,PABPC1,-0.8400000000000001,-0.20528739999999998,0
61049,82,POLD1,-0.39,-0.099119,0
61050,82,CALR,0.020000000000000004,0.019760399999999997,0
61051,82,PIK3CB,0.46,0.4165434,0
61052,82,PPM1D,0.23,0.17882580000000003,0
61053,82,ATRX,1.0200000000000007,0.8078753,0
61054,82,DGCR8,0.12000000000000001,0.0773018,0
61055,82,DDX10,0.12,0.0794938,0
61056,82,DROSHA,0.42000000000000004,0.3071575,0
61057,82,TNFRSF14,-0.15,-0.049093500000000005,0
61058,82,BCL9L,0.15,0.10461739999999999,0
61059,82,QKI,-0.06,-0.037496,0
61060,82,BAZ1A,0.02,0.014668200000000001,0
61061,82,CHD4,0.05999999999999999,0.10264859999999999,0
61062,82,NSD3,0.07999999999999999,0.0705266,0
61063,82,NT5C2,0.16,0.0903739,0
61064,82,CCNB1IP1,0.11000000000000001,0.049681,0
61065,82,PCBP1,-1.07,-0.30030799999999996,0
61066,82,RALGDS,0.12,0.09446099999999999,0
61067,82,ARHGEF12,-0.04,-0.004846300000000001,0
61068,82,HSP90AB1,1.2700000000000005,0.8266100000000002,0
61069,82,FOXO3,1.3500000000000005,0.9627532,0
61070,82,HIP1,-0.01,-0.0064694,0
61071,82,CDC73,-0.14,-0.011595499999999998,0
61072,82,NIN,0.03,0.021695100000000002,0
61073,82,MDM4,0.10000000000000002,0.1582251,0
61074,82,COL3A1,0.14,0.12324679999999999,0
61075,82,CTNND1,0.03999999999999998,0.11205839999999999,0
61076,82,SPOP,1.734723475976807e-18,0.018402100000000005,0
61077,82,TMEM127,0.030000000000000013,0.033942799999999995,0
61078,82,CREB3L2,0.10999999999999999,0.0685433,0
61079,82,MSH2,0.9700000000000002,0.7575025999999999,0
61080,82,FNBP1,-0.009999999999999997,-0.0016404999999999996,0
61081,82,ATF1,0.06,0.042122099999999996,0
61082,82,EIF1AX,-0.43,-0.2138624,0
61083,82,PMS1,0.43,0.33894109999999994,0
61084,82,DEK,0.16,0.1304518,0
61085,82,ERBB2,1.1400000000000003,0.7569983000000001,0
61086,82,AKT1,1.1900000000000006,0.7491117999999999,0
61087,82,CHEK2,0.24000000000000013,0.36330320000000005,0
61088,82,SDHB,0.4,0.25581740000000003,0
61089,82,NCOA1,0.43000000000000005,0.30577909999999997,0
61090,82,CHIC2,0.039999999999999994,0.020124399999999997,0
61091,82,RUNX1,0.5600000000000005,0.6576694999999999,0
61092,82,STAT6,0.30000000000000004,0.20462180000000005,0
61093,82,FH,-0.19,-0.04739429999999999,0
61094,82,AKT3,1.0300000000000005,0.7074654,0
61095,82,GNAS,0.25,0.1722957,0
61096,82,CTNNB1,1.3500000000000008,0.9703146000000001,0
61097,82,NONO,0.21999999999999997,0.15090209999999998,0
61098,82,SMARCB1,0.8700000000000003,0.6747509,0
61099,82,PRKAR1A,0.14,0.12221589999999999,0
61100,82,ITGAV,-0.03,0.001822799999999996,0
61101,82,SS18,0.39999999999999997,0.2601303,0
61102,82,MAP2K1,1.1200000000000006,0.6975222000000001,0
61103,82,SIRPA,0.0,0.00032180000000000056,0
61104,82,PPFIBP1,0.38,0.252137,0
61105,82,RPL22,-0.1,0.07158560000000001,0
61106,82,CYLD,0.30000000000000004,0.23719230000000005,0
61107,82,ARID1B,0.7,0.5160927999999999,0
61108,82,SETDB1,0.32,0.2274404,0
61109,82,AFDN,-0.44999999999999996,-0.16968919999999998,0
61110,82,ZRSR2,0.29000000000000004,0.20867400000000003,0
61111,82,PBRM1,0.9500000000000004,0.6971834,0
61112,82,XPC,0.6100000000000001,0.40100520000000006,0
61113,82,ASXL2,0.22,0.1475052,0
61114,82,TRIM24,-0.16,-0.053361,0
61115,82,SFPQ,-0.18,-0.0340499,0
61116,82,NCOA2,0.5100000000000001,0.35405570000000003,0
61117,82,FOXO4,0.44000000000000006,0.28849080000000005,0
61118,82,LEF1,0.17999999999999997,0.1413274,0
61119,82,B2M,-0.4900000000000001,-0.18183149999999995,0
61120,82,DDIT3,-0.41000000000000003,-0.09952330000000001,0
61121,82,BCL6,0.6100000000000002,0.42037420000000003,0
61122,82,KRAS,-1.5600000000000005,-0.4293153,0
61123,82,FAT1,0.06000000000000001,0.049234,0
61124,82,ABL2,0.08,0.0632392,0
61125,82,NF1,0.9300000000000004,0.7349107999999999,0
61126,82,BTG1,-0.03,-0.0148239,0
61127,82,EIF4A2,0.14,0.097407,0
61128,82,SET,0.18,0.1521443,0
61129,82,EPS15,0.03,0.030121300000000007,0
61130,82,RNF213,0.03,0.022528600000000003,0
61131,82,CTCF,0.8700000000000003,0.6389149000000001,0
61132,82,WDCP,0.12,0.0779138,0
61133,82,KAT7,0.13,0.10244149999999999,0
61134,82,KDM5C,0.18,0.1567154,0
61135,82,TGFBR2,0.26,0.1813803,0
61136,82,ATM,1.590000000000001,1.2365039000000002,0
61137,82,NUMA1,1.734723475976807e-18,0.007203799999999993,0
61138,82,STAT3,1.4800000000000009,1.1739526000000002,0
61139,82,SUB1,-0.23,-0.07992840000000001,0
61140,82,NUP98,0.07999999999999997,0.10609210000000004,0
61141,82,ELL,-0.11,-0.03306479999999999,0
61142,82,MAP3K1,0.33999999999999997,0.28440379999999993,0
61143,82,MALT1,0.13,0.1305331,0
61144,82,XPO1,0.37,0.3030297,0
61145,82,SETD1B,0.19,0.13829539999999999,0
61146,82,ETV6,-0.11,-0.0219219,0
61147,82,TBL1XR1,0.22,0.14816020000000002,0
61148,82,NUP214,-0.05000000000000002,0.09769250000000003,0
61149,82,TPR,0.07999999999999999,0.09280839999999999,0
61150,82,ATIC,0.039999999999999994,0.0608962,0
61151,82,NACA,0.23,0.1474771,0
61152,82,MYO5A,0.019999999999999997,0.014709000000000002,0
61153,82,SMC1A,0.4600000000000001,0.4314106000000001,0
61154,82,LASP1,-0.19,-0.11128360000000001,0
61155,82,ERCC5,0.47,0.30086880000000005,0
61156,82,JUN,-0.2499999999999999,0.07776380000000001,0
61157,82,THRAP3,0.10000000000000002,0.08283729999999999,0
61158,82,STAG2,0.45999999999999996,0.3819202,0
61159,82,RAF1,1.0800000000000003,0.7790393999999999,0
61160,82,ERCC3,0.46,0.3794191,0
61161,82,SMAD2,0.53,0.5123321000000001,0
61162,82,TAF15,0.17,0.13849110000000003,0
61163,82,ARNT,0.29000000000000004,0.2396148,0
61164,82,CLTC,-0.5800000000000001,-0.3012409000000001,0
61165,82,IKBKB,0.5100000000000001,0.4399633,0
61166,82,IDH1,-0.6700000000000003,-0.2148097,0
61167,82,SND1,-0.009999999999999997,0.00017919999999999742,0
61168,82,KNSTRN,0.03,0.024075,0
61169,82,RHOA,-1.7700000000000002,-0.46800470000000005,0
61170,82,PALB2,0.59,0.5167400999999999,0
61171,82,ARID2,0.7300000000000002,0.5474801,0
61172,82,EZR,-0.08,-0.004049200000000002,0
61173,82,TP53,-1.0699999999999998,-0.10410560000000005,0
61174,82,ARAF,0.4,0.22442800000000002,0
61175,82,KIF5B,0.43999999999999995,0.3171448,0
61176,82,KAT6A,0.17999999999999994,0.1868593,0
61177,82,KTN1,-0.11,-0.0374656,0
61178,82,GOLGA5,-0.09999999999999999,-0.0712971,0
61179,82,KDM5A,0.21999999999999997,0.19921369999999997,0
61180,82,RAD21,0.41,0.3326064000000001,0
61181,82,GNAQ,0.09,0.0737468,0
61182,82,CAMTA1,0.03,0.0178257,0
61183,82,ERCC2,0.6100000000000001,0.44576910000000003,0
61184,82,EZH2,1.7900000000000011,1.1997302,0
61185,82,TOP1,0.09000000000000001,0.0781453,0
61186,82,SRSF3,-0.29000000000000004,-0.09250429999999997,0
61187,82,NPM1,0.23999999999999996,0.284278,0
61188,82,BAX,-0.69,-0.17654890000000004,0
61189,82,NOTCH2,0.29000000000000004,0.23081410000000002,0
61190,82,TRAF7,0.03,0.0230697,0
61191,82,KDM6A,0.9300000000000003,0.8083781,0
61192,82,SPEN,0.09,0.068982,0
61193,82,TRIM27,-0.45,-0.1611644,0
61194,82,CRTC1,0.13,0.1026656,0
61195,82,EML4,0.16999999999999998,0.1642413,0
61196,82,USP9X,-0.029999999999999992,-0.014223699999999997,0
61197,82,PTPRK,0.01,0.007118600000000001,0
61198,82,CD74,-0.19000000000000003,-0.023854000000000007,0
61199,82,CBL,0.5599999999999999,0.42729550000000016,0
61200,82,ZNF384,-0.08,-0.0442074,0
61201,82,NOTCH1,1.0500000000000005,0.7506005999999998,0
61202,82,COX6C,-0.14,-0.05403670000000001,0
61203,82,CHCHD7,0.02,0.012422800000000001,0
61204,82,HMGA1,-0.12,-0.051233799999999996,0
61205,82,PTEN,1.690000000000001,1.371923900000001,0
61206,82,FIP1L1,-0.03,-0.0199353,0
61207,82,JAK1,0.7800000000000002,0.6180878,0
61208,82,ZMYM2,-0.05999999999999999,-0.040673600000000004,0
61209,82,SUZ12,0.8300000000000003,0.5894927999999999,0
61210,82,FUS,-0.31000000000000005,0.05118640000000001,0
61211,82,BAP1,0.08,0.06557489999999999,0
61212,82,ZCCHC8,-0.05,-0.016235,0
61213,82,CRNKL1,-0.03,-0.018298599999999998,0
61214,82,RAD17,0.11999999999999998,0.08589830000000001,0
61215,82,ATP1A1,-0.009999999999999998,-0.004048400000000001,0
61216,82,DNMT3A,0.7900000000000005,0.6167557,0
61217,82,FBXW7,0.9400000000000004,0.7427205000000001,0
61218,82,WWTR1,-0.05,-0.023592599999999995,0
61219,82,CDKN1B,0.5600000000000002,0.3536117000000001,0
61220,82,KMT2A,0.45999999999999996,0.38706199999999996,0
61221,82,PTPN11,0.9100000000000004,0.7131895,0
61222,82,STAT5B,0.7000000000000003,0.5279182000000001,0
61223,82,CUX1,-0.07,-0.0478262,0
61224,82,ABI1,-0.38,-0.1334284,0
61225,82,BRCA1,1.6000000000000012,1.3033025000000007,0
61226,82,SH2B3,0.010000000000000004,0.016200700000000005,0
61227,82,AFF4,-0.030000000000000006,-0.001180999999999998,0
61228,82,NF2,0.07000000000000002,0.10114059999999998,0
61229,82,LMNA,-0.049999999999999996,0.0020783000000000025,0
61230,82,TSC2,0.5,0.42486680000000004,0
61231,82,GOLPH3,-0.11,-0.0638407,0
61232,82,PCM1,-0.05,-0.0345221,0
61233,82,PPP2R1A,-0.42999999999999994,-0.1496852,0
61234,82,ARID1A,1.8100000000000012,1.3514682999999998,0
61235,82,ABL1,0.27,0.23481720000000003,0
61236,82,AFF1,0.22999999999999998,0.17340890000000003,0
61237,82,DAXX,-0.22,-0.05558540000000001,0
61238,82,CBFB,0.1,0.1111926,0
61239,82,CBLB,0.14,0.1100489,0
61240,82,POLR2A,0.17999999999999997,0.2795536999999999,0
61241,82,PRKACA,0.32000000000000006,0.25844849999999997,0
61242,82,DNM2,-0.11,-0.0464567,0
61243,82,RAP1GDS1,-0.09000000000000002,-0.039441000000000004,0
61244,82,NCOR1,0.9000000000000002,0.7782404,0
61245,82,NFKBIE,-0.30000000000000004,-0.1029369,0
61246,82,DDX3X,0.21999999999999995,0.1739025,0
61247,82,ELK4,0.02,0.0156158,0
61248,82,MLLT6,0.14,0.1037154,0
61249,82,SRSF2,-1.6300000000000003,-0.46180620000000006,0
61250,82,CTNNA1,0.11,0.08447779999999999,0
61251,82,RBM10,0.16,0.1096876,0
61252,82,PTPRC,0.1,0.11239470000000001,0
61253,82,HSP90AA1,1.2200000000000006,0.8170980999999999,0
61254,83,NSD1,0.3,0.2576808,1
61255,83,DICER1,0.23,0.2708648999999999,1
61256,83,BIRC6,0.09999999999999999,0.09980939999999999,1
61257,83,SDHC,0.38999999999999996,0.3093403,1
61258,83,TFG,0.12,0.07722620000000001,1
61259,83,MAP2K2,0.3,0.20901010000000003,1
61260,83,TFRC,-0.28,-0.1209014,1
61261,83,CREB1,0.8600000000000004,0.7394694,1
61262,83,POLG,-0.02,-0.0053262,1
61263,83,SETD2,0.6700000000000002,0.6136791000000001,1
61264,83,NAB2,-0.54,-0.1586918,1
61265,83,HIF1A,1.580000000000001,1.235742,1
61266,83,FLCN,-0.06000000000000001,0.007721499999999985,1
61267,83,MAP2K4,0.12,0.1496062,1
61268,83,CNOT3,0.06999999999999999,0.06330329999999999,1
61269,83,CIITA,0.11,0.0720609,1
61270,83,LSM14A,0.15,0.1221086,1
61271,83,AKAP9,-0.06,0.006649299999999997,1
61272,83,MSN,-0.30999999999999994,-0.10798480000000002,1
61273,83,BCR,-0.030000000000000006,0.03702429999999999,1
61274,83,TRRAP,0.06,0.20306960000000004,1
61275,83,PPP6C,-0.16,-0.0698292,1
61276,83,NCOA4,-0.11,-0.0158311,1
61277,83,BCL9,0.19,0.1530698,1
61278,83,PRCC,0.04999999999999999,0.04796419999999999,1
61279,83,LARP4B,0.03,0.0218076,1
61280,83,CHD2,0.02,0.0177168,1
61281,83,ASXL1,0.22999999999999995,0.30708369999999996,1
61282,83,SMARCA4,1.770000000000001,1.3974491999999998,1
61283,83,ERC1,-0.02,-0.015704,1
61284,83,DCTN1,-0.04000000000000002,0.013428699999999981,1
61285,83,PIK3R1,1.3100000000000007,1.0858515999999998,1
61286,83,EED,0.15000000000000002,0.11630439999999997,1
61287,83,CNBP,0.01,0.0056603,1
61288,83,SGK1,0.45999999999999996,0.312174,1
61289,83,MLLT10,-0.18999999999999997,-0.0949077,1
61290,83,BRD4,1.0200000000000002,0.8906043000000001,1
61291,83,RANBP2,0.27,0.2643837,1
61292,83,FBXO11,0.06,0.0489478,1
61293,83,PML,0.31000000000000005,0.23758909999999997,1
61294,83,AKT2,1.1900000000000006,0.8686006000000001,1
61295,83,CEP89,0.06,0.036816,1
61296,83,LZTR1,0.11,0.1173384,1
61297,83,YWHAE,0.15000000000000002,0.10248800000000001,1
61298,83,DNAJB1,-0.2,-0.0581262,1
61299,83,PRDM2,0.05,0.0413996,1
61300,83,TPM4,0.51,0.3505028,1
61301,83,CREBBP,1.8600000000000012,1.5275532000000003,1
61302,83,PMS2,0.7100000000000002,0.6246769000000001,1
61303,83,DDR2,-3.469446951953614e-18,-0.0034903999999999977,1
61304,83,FANCA,0.39,0.3358313999999999,1
61305,83,PDE4DIP,0.08,0.0637152,1
61306,83,USP8,-0.06999999999999999,-0.0355596,1
61307,83,MYH9,-0.5499999999999999,-0.1524866,1
61308,83,MYC,-1.0200000000000002,-0.18599980000000005,1
61309,83,NBN,0.5900000000000001,0.4839302999999999,1
61310,83,CCND3,-0.12,-0.0005450999999999963,1
61311,83,TRIP11,-0.1,-0.0747174,1
61312,83,CNTRL,-0.09,-0.0677484,1
61313,83,PIK3CA,1.400000000000001,1.1816897,1
61314,83,DDX5,0.19999999999999993,0.2403112,1
61315,83,PICALM,3.469446951953614e-18,0.003167099999999999,1
61316,83,RARA,0.07999999999999997,0.139586,1
61317,83,DDX6,0.040000000000000015,0.10595469999999999,1
61318,83,COL1A1,0.16999999999999998,0.15453760000000002,1
61319,83,VHL,0.31000000000000005,0.24103260000000004,1
61320,83,MAPK1,1.7900000000000011,1.2840185999999998,1
61321,83,SRC,-0.12999999999999998,0.18983969999999997,1
61322,83,NFE2L2,0.29000000000000004,0.2089624,1
61323,83,MITF,-0.14,-0.0007386000000000059,1
61324,83,SMAD3,1.3400000000000007,1.2221642999999998,1
61325,83,RBM15,0.09000000000000001,0.0804301,1
61326,83,ATR,0.7300000000000002,0.6007962,1
61327,83,EPAS1,0.36,0.3552716,1
61328,83,TPM3,0.18000000000000002,0.1543215,1
61329,83,RPL10,0.09000000000000001,0.09797530000000002,1
61330,83,STAG1,0.15000000000000002,0.15361849999999996,1
61331,83,SBDS,-0.02,-0.008359400000000001,1
61332,83,KMT2D,1.0200000000000005,0.8248235,1
61333,83,MED12,0.34,0.2926735,1
61334,83,BCLAF1,-0.06000000000000001,0.013839999999999991,1
61335,83,ASPSCR1,-0.010000000000000002,0.003576899999999994,1
61336,83,CDK12,0.49999999999999994,0.3974819,1
61337,83,EWSR1,0.21999999999999997,0.2545097,1
61338,83,NDRG1,-0.06,-0.016947900000000002,1
61339,83,PSIP1,0.05999999999999999,0.06396390000000003,1
61340,83,TRIM33,0.11000000000000001,0.10198190000000001,1
61341,83,MTOR,1.0200000000000005,0.8523818000000001,1
61342,83,ARHGAP35,0.19999999999999998,0.16846519999999998,1
61343,83,POT1,0.0,0.005375600000000001,1
61344,83,EXT1,0.11,0.0822866,1
61345,83,IL6ST,0.3,0.2545965,1
61346,83,IDH2,0.09000000000000001,0.09825289999999999,1
61347,83,SMARCE1,0.38,0.2563551,1
61348,83,CRTC3,0.09,0.0772998,1
61349,83,TSC1,0.33,0.31875580000000003,1
61350,83,BCOR,-0.13,0.0023860999999999882,1
61351,83,SDHA,0.24999999999999997,0.19619830000000005,1
61352,83,EP300,2.3100000000000005,1.9351350000000003,1
61353,83,HNRNPA2B1,0.44,0.3114369,1
61354,83,CLIP1,-0.13999999999999999,-0.08160880000000001,1
61355,83,PATZ1,-0.47000000000000003,-0.1351676,1
61356,83,FUBP1,-0.13,-0.012799899999999994,1
61357,83,HLA-A,-0.06000000000000001,0.026036,1
61358,83,CCNC,-0.18999999999999997,-0.08559230000000001,1
61359,83,RPN1,-0.25,-0.0748437,1
61360,83,TCF7L2,0.10999999999999999,0.1512392,1
61361,83,CANT1,-0.009999999999999981,0.011174200000000016,1
61362,83,RPL5,-0.66,-0.1987194,1
61363,83,CCDC6,0.09000000000000001,0.10977920000000002,1
61364,83,NCKIPSD,-0.09999999999999999,-0.0184321,1
61365,83,SMARCD1,0.42,0.34427900000000006,1
61366,83,BCL10,0.030000000000000013,0.0655785,1
61367,83,MAX,0.05000000000000001,0.07672740000000002,1
61368,83,HERPUD1,-0.01,-0.0027984,1
61369,83,RAC1,-0.009999999999999992,0.1075852,1
61370,83,FLNA,0.13999999999999999,0.106988,1
61371,83,TFE3,-0.81,-0.29073040000000006,1
61372,83,NCOR2,0.6400000000000001,0.5441490000000001,1
61373,83,PRPF40B,0.04,0.024630000000000003,1
61374,83,BCL3,-0.12999999999999998,-0.021198900000000003,1
61375,83,TFPT,-0.33999999999999997,-0.11282799999999998,1
61376,83,MLH1,0.8100000000000003,0.7285403999999998,1
61377,83,ARHGAP5,0.12999999999999998,0.1183326,1
61378,83,CIC,0.0,0.0,1
61379,83,LYN,0.7000000000000001,0.5510748,1
61380,83,TCF12,0.34,0.2734982,1
61381,83,KLF6,0.05,0.0342663,1
61382,83,KMT2C,1.0300000000000002,0.8594388000000001,1
61383,83,PIM1,-0.08,-0.009967200000000016,1
61384,83,CCND1,1.0800000000000005,0.6790503999999998,1
61385,83,MLLT1,-1.32,-0.3576195999999999,1
61386,83,MEN1,-0.19,-0.07525650000000002,1
61387,83,CUL3,0.08000000000000002,0.14390930000000002,1
61388,83,RB1,0.7100000000000002,0.5582737999999999,1
61389,83,LPP,-0.11000000000000001,-0.023433000000000006,1
61390,83,BUB1B,-0.15,-0.061913700000000016,1
61391,83,SMAD4,1.610000000000001,1.3434254999999995,1
61392,83,FGFR1,0.3,0.2526832,1
61393,83,TMSB4X,0.03,0.023135399999999997,1
61394,83,CDK4,0.9700000000000004,0.7040877000000001,1
61395,83,MSI2,0.01,0.008040199999999999,1
61396,83,MSH6,1.0100000000000005,0.8567339999999998,1
61397,83,BRAF,1.3300000000000007,1.1214249,1
61398,83,TCEA1,-0.1,-0.010573299999999994,1
61399,83,TNFAIP3,0.1,0.11564410000000001,1
61400,83,RABEP1,0.0,0.00024239999999999678,1
61401,83,GMPS,-0.09000000000000002,-0.04336069999999999,1
61402,83,MDM2,1.2900000000000007,0.9791628000000001,1
61403,83,NSD2,0.22,0.16829770000000002,1
61404,83,CASP8,-0.32,0.061685399999999994,1
61405,83,PER1,-0.29,-0.08152020000000001,1
61406,83,UBR5,0.019999999999999993,0.0378734,1
61407,83,EIF3E,-0.01999999999999999,0.0431289,1
61408,83,RFWD3,0.02,0.022116999999999998,1
61409,83,BRD3,0.15,0.1194038,1
61410,83,PAFAH1B2,0.03,0.026302199999999998,1
61411,83,EXT2,0.0,0.011449899999999999,1
61412,83,PLCG1,0.53,0.43799679999999996,1
61413,83,SF3B1,-0.57,-0.28205289999999994,1
61414,83,ARHGEF10L,0.04,0.023348800000000003,1
61415,83,NFATC2,0.19999999999999998,0.1505275,1
61416,83,SDHD,0.32999999999999996,0.2487263,1
61417,83,PABPC1,-0.8400000000000001,-0.22574879999999997,1
61418,83,POLD1,-0.44000000000000006,-0.1005642,1
61419,83,CALR,-0.05999999999999999,0.024791999999999995,1
61420,83,PIK3CB,0.5800000000000001,0.5146136,1
61421,83,PPM1D,0.27,0.21032530000000002,1
61422,83,ATRX,0.9900000000000004,0.8481444999999997,1
61423,83,DGCR8,0.19000000000000003,0.1514241,1
61424,83,DDX10,0.19,0.1460994,1
61425,83,DROSHA,0.54,0.4288712,1
61426,83,TNFRSF14,-0.14,-0.0525868,1
61427,83,BCL9L,0.13,0.09848059999999999,1
61428,83,QKI,0.009999999999999998,0.008912499999999997,1
61429,83,BAZ1A,0.01,0.0076251,1
61430,83,CHD4,0.30000000000000004,0.2880557,1
61431,83,NSD3,0.12,0.1224672,1
61432,83,NT5C2,0.16,0.09209740000000001,1
61433,83,CCNB1IP1,0.13,0.0616623,1
61434,83,PCBP1,-0.8400000000000001,-0.2268566,1
61435,83,RALGDS,-0.06000000000000001,0.04622079999999999,1
61436,83,ARHGEF12,-1.3877787807814457e-17,0.035928899999999986,1
61437,83,HSP90AB1,0.9300000000000002,0.6811589999999997,1
61438,83,FOXO3,1.4800000000000009,1.140274,1
61439,83,HIP1,0.0,0.0008174999999999997,1
61440,83,CDC73,0.060000000000000005,0.08045240000000001,1
61441,83,NIN,-0.010000000000000009,-0.0055731000000000044,1
61442,83,MDM4,0.11,0.17209430000000003,1
61443,83,COL3A1,0.21,0.17387020000000003,1
61444,83,CTNND1,0.14,0.15080090000000002,1
61445,83,SPOP,0.12000000000000001,0.1157281,1
61446,83,TMEM127,0.11000000000000001,0.05909810000000001,1
61447,83,CREB3L2,0.08,0.058115099999999996,1
61448,83,MSH2,1.0100000000000005,0.8714166999999998,1
61449,83,FNBP1,0.019999999999999997,0.0352467,1
61450,83,ATF1,0.12000000000000001,0.08610860000000001,1
61451,83,EIF1AX,-0.55,-0.2310066,1
61452,83,PMS1,0.5,0.3947727,1
61453,83,DEK,0.2,0.16799480000000003,1
61454,83,ERBB2,0.8400000000000003,0.5659871999999999,1
61455,83,AKT1,0.56,0.45397859999999984,1
61456,83,CHEK2,0.4900000000000001,0.5897045999999999,1
61457,83,SDHB,0.37000000000000005,0.2850336,1
61458,83,NCOA1,0.49000000000000005,0.3932719,1
61459,83,CHIC2,0.07,0.045108,1
61460,83,RUNX1,2.7755575615628914e-17,0.5092654999999999,1
61461,83,STAT6,0.37999999999999995,0.36877610000000005,1
61462,83,FH,-0.05,0.004275799999999989,1
61463,83,AKT3,1.1900000000000006,0.8824361999999998,1
61464,83,GNAS,0.36,0.267405,1
61465,83,CTNNB1,1.3400000000000007,0.9947176,1
61466,83,NONO,0.28,0.24789330000000004,1
61467,83,SMARCB1,0.9700000000000004,0.7545818000000002,1
61468,83,PRKAR1A,0.19,0.1817106,1
61469,83,ITGAV,-0.019999999999999987,0.03149220000000001,1
61470,83,SS18,0.38,0.2673952,1
61471,83,MAP2K1,1.0100000000000002,0.6389589000000001,1
61472,83,SIRPA,-0.060000000000000005,-0.023464400000000003,1
61473,83,PPFIBP1,0.37999999999999995,0.2771181,1
61474,83,RPL22,-0.2,0.0803022,1
61475,83,CYLD,0.3,0.24893030000000002,1
61476,83,ARID1B,0.8200000000000001,0.647946,1
61477,83,SETDB1,0.34,0.255694,1
61478,83,AFDN,-0.39,-0.1114579,1
61479,83,ZRSR2,-0.31000000000000005,-0.2059329,1
61480,83,PBRM1,0.9200000000000004,0.7080981999999999,1
61481,83,XPC,0.47000000000000003,0.29458100000000004,1
61482,83,ASXL2,0.25,0.18645240000000002,1
61483,83,TRIM24,-0.22999999999999998,-0.05313279999999999,1
61484,83,SFPQ,-0.44000000000000006,-0.1379941,1
61485,83,NCOA2,0.6100000000000001,0.4950374,1
61486,83,FOXO4,0.36,0.24284309999999998,1
61487,83,LEF1,0.22000000000000006,0.17894729999999998,1
61488,83,B2M,-0.24,-0.09280449999999996,1
61489,83,DDIT3,-0.32000000000000006,-0.11023950000000002,1
61490,83,BCL6,0.36,0.30062620000000007,1
61491,83,KRAS,-0.2500000000000001,0.02781839999999998,1
61492,83,FAT1,0.09999999999999999,0.07294650000000001,1
61493,83,ABL2,0.03,0.04350469999999999,1
61494,83,NF1,1.3000000000000007,1.0686048000000001,1
61495,83,BTG1,-0.05,-0.0247285,1
61496,83,EIF4A2,0.08,0.04846980000000001,1
61497,83,SET,0.17,0.1417323,1
61498,83,EPS15,0.08,0.0696148,1
61499,83,RNF213,0.05,0.0442016,1
61500,83,CTCF,1.0200000000000005,0.732068,1
61501,83,WDCP,0.19,0.11778689999999999,1
61502,83,KAT7,0.15999999999999998,0.1358296,1
61503,83,KDM5C,0.19,0.17237480000000002,1
61504,83,TGFBR2,0.11000000000000001,0.17380090000000006,1
61505,83,ATM,0.7200000000000005,0.8584118000000005,1
61506,83,NUMA1,0.05,0.043474,1
61507,83,STAT3,0.8500000000000004,0.8241291,1
61508,83,SUB1,-0.13,-0.0614778,1
61509,83,NUP98,0.11999999999999998,0.15960489999999997,1
61510,83,ELL,0.11000000000000001,0.05498420000000001,1
61511,83,MAP3K1,0.4199999999999999,0.33649340000000005,1
61512,83,MALT1,0.16000000000000003,0.1701182,1
61513,83,XPO1,0.4800000000000002,0.3985346,1
61514,83,SETD1B,0.25,0.20591679999999998,1
61515,83,ETV6,-0.13,-0.020472299999999992,1
61516,83,TBL1XR1,0.22000000000000003,0.1679704,1
61517,83,NUP214,-0.08,0.1316554,1
61518,83,TPR,0.11,0.0924176,1
61519,83,ATIC,0.13,0.13239440000000002,1
61520,83,NACA,0.22,0.1308825,1
61521,83,MYO5A,0.02,0.0150472,1
61522,83,SMC1A,0.22999999999999998,0.3607732,1
61523,83,LASP1,-0.27,-0.1289873,1
61524,83,ERCC5,0.38,0.22845780000000002,1
61525,83,JUN,-0.51,-0.058207399999999965,1
61526,83,THRAP3,0.049999999999999996,0.04432080000000001,1
61527,83,STAG2,0.28,0.2846112,1
61528,83,RAF1,0.8400000000000003,0.6599938000000003,1
61529,83,ERCC3,0.52,0.4506118,1
61530,83,SMAD2,0.4500000000000003,0.5237144,1
61531,83,TAF15,0.22000000000000003,0.18364870000000003,1
61532,83,ARNT,0.28,0.2422837,1
61533,83,CLTC,-0.7000000000000001,-0.34216269999999993,1
61534,83,IKBKB,0.44000000000000017,0.4396518,1
61535,83,IDH1,-0.7900000000000003,-0.27474040000000005,1
61536,83,SND1,-0.029999999999999992,0.009799699999999995,1
61537,83,KNSTRN,0.02,0.0150162,1
61538,83,RHOA,-2.9700000000000006,-0.7486486000000002,1
61539,83,PALB2,0.5800000000000001,0.5184269999999999,1
61540,83,ARID2,0.8000000000000003,0.6346816,1
61541,83,EZR,-0.26,-0.09060640000000002,1
61542,83,TP53,-0.9099999999999998,-0.0632256000000001,1
61543,83,ARAF,0.41000000000000003,0.23790760000000002,1
61544,83,KIF5B,0.5100000000000001,0.38791,1
61545,83,KAT6A,0.21999999999999997,0.2278094,1
61546,83,KTN1,-0.06999999999999999,-0.0016008999999999971,1
61547,83,GOLGA5,-0.09000000000000001,-0.05847209999999999,1
61548,83,KDM5A,0.28,0.25846089999999994,1
61549,83,RAD21,0.54,0.4515763,1
61550,83,GNAQ,0.24999999999999997,0.22993380000000002,1
61551,83,CAMTA1,0.07,0.0528695,1
61552,83,ERCC2,0.61,0.48135390000000006,1
61553,83,EZH2,1.5600000000000012,1.2438442999999995,1
61554,83,TOP1,0.22000000000000006,0.18162139999999993,1
61555,83,SRSF3,-0.2799999999999999,-0.057117100000000004,1
61556,83,NPM1,0.06999999999999999,0.15089190000000002,1
61557,83,BAX,-0.76,-0.16933320000000002,1
61558,83,NOTCH2,0.29000000000000004,0.2421173,1
61559,83,TRAF7,0.01,0.0067738,1
61560,83,KDM6A,0.8800000000000002,0.8812854000000003,1
61561,83,SPEN,0.11000000000000001,0.0877009,1
61562,83,TRIM27,-0.56,-0.1800147,1
61563,83,CRTC1,0.16,0.12812489999999999,1
61564,83,EML4,0.30000000000000004,0.28779220000000005,1
61565,83,USP9X,-0.03,-0.023377699999999994,1
61566,83,PTPRK,0.0,0.0,1
61567,83,CD74,-0.28,-0.0653446,1
61568,83,CBL,0.6200000000000001,0.5372702,1
61569,83,ZNF384,0.02,0.016379900000000003,1
61570,83,NOTCH1,1.1500000000000006,0.8332683,1
61571,83,COX6C,-0.17,-0.05467150000000001,1
61572,83,CHCHD7,0.02,0.0125032,1
61573,83,HMGA1,-0.07,-0.0299927,1
61574,83,PTEN,1.0700000000000005,1.0788413000000003,1
61575,83,FIP1L1,-0.03,-0.014121600000000002,1
61576,83,JAK1,0.8700000000000003,0.7288013000000002,1
61577,83,ZMYM2,-0.009999999999999997,-0.0059986999999999974,1
61578,83,SUZ12,0.8800000000000003,0.6994899,1
61579,83,FUS,-0.47,-0.014206899999999977,1
61580,83,BAP1,-0.59,-0.238088,1
61581,83,ZCCHC8,-0.07,-0.0212716,1
61582,83,CRNKL1,0.01,0.0067097,1
61583,83,RAD17,0.17,0.1246625,1
61584,83,ATP1A1,0.03,0.0165666,1
61585,83,DNMT3A,1.0000000000000002,0.8583537000000002,1
61586,83,FBXW7,1.0300000000000005,0.8691686000000003,1
61587,83,WWTR1,-0.12000000000000001,-0.0424515,1
61588,83,CDKN1B,0.42000000000000004,0.3424657,1
61589,83,KMT2A,0.49,0.46306820000000015,1
61590,83,PTPN11,1.1700000000000006,0.9467513,1
61591,83,STAT5B,0.7400000000000003,0.6099140000000001,1
61592,83,CUX1,-0.1,-0.0683796,1
61593,83,ABI1,-0.38,-0.0875877,1
61594,83,BRCA1,1.7200000000000013,1.4230568000000001,1
61595,83,SH2B3,0.05999999999999999,0.0375588,1
61596,83,AFF4,-0.13,-0.05886859999999999,1
61597,83,NF2,0.12000000000000001,0.1328076,1
61598,83,LMNA,1.734723475976807e-18,0.014373300000000002,1
61599,83,TSC2,0.8400000000000003,0.6824090000000002,1
61600,83,GOLPH3,-0.049999999999999996,-0.0374411,1
61601,83,PCM1,-0.030000000000000002,-0.023932900000000003,1
61602,83,PPP2R1A,-0.42,-0.1375067,1
61603,83,ARID1A,1.8600000000000012,1.4833740000000004,1
61604,83,ABL1,-0.19000000000000006,0.07419010000000001,1
61605,83,AFF1,0.12,0.1222929,1
61606,83,DAXX,-0.57,-0.15387010000000004,1
61607,83,CBFB,0.05,0.09911539999999999,1
61608,83,CBLB,0.17,0.1509725,1
61609,83,POLR2A,-0.31,0.06450630000000002,1
61610,83,PRKACA,0.21000000000000008,0.2532055,1
61611,83,DNM2,-0.1,-0.040542999999999996,1
61612,83,RAP1GDS1,-0.019999999999999976,0.02295470000000001,1
61613,83,NCOR1,1.0400000000000003,0.9601249000000001,1
61614,83,NFKBIE,-0.37,-0.112033,1
61615,83,DDX3X,0.28,0.23694840000000003,1
61616,83,ELK4,0.02,0.016845600000000002,1
61617,83,MLLT6,0.05,0.0483173,1
61618,83,SRSF2,-3.1199999999999997,-0.7457005,1
61619,83,CTNNA1,0.12000000000000001,0.092851,1
61620,83,RBM10,0.13999999999999999,0.10247210000000001,1
61621,83,PTPRC,0.04000000000000003,0.1179935,1
61622,83,HSP90AA1,0.68,0.5052072000000001,1
61623,83,NSD1,0.26,0.2190766,0
61624,83,DICER1,0.35000000000000003,0.3079301,0
61625,83,BIRC6,0.09,0.0782464,0
61626,83,SDHC,0.33000000000000007,0.2190388,0
61627,83,TFG,0.31,0.1717203,0
61628,83,MAP2K2,0.35000000000000003,0.2469598,0
61629,83,TFRC,-0.33999999999999997,-0.1509386,0
61630,83,CREB1,0.8800000000000004,0.6935846999999998,0
61631,83,POLG,0.01,0.0035275000000000003,0
61632,83,SETD2,0.7400000000000002,0.6326521000000003,0
61633,83,NAB2,-0.38000000000000006,-0.1157093,0
61634,83,HIF1A,1.640000000000001,1.1908157000000001,0
61635,83,FLCN,0.04,0.04053,0
61636,83,MAP2K4,0.04,0.09384010000000001,0
61637,83,CNOT3,0.030000000000000006,0.03507949999999999,0
61638,83,CIITA,0.08,0.049097800000000004,0
61639,83,LSM14A,0.12,0.09793769999999999,0
61640,83,AKAP9,-0.07,-0.012532100000000004,0
61641,83,MSN,-0.47,-0.12217529999999999,0
61642,83,BCR,0.049999999999999996,0.0569396,0
61643,83,TRRAP,0.02000000000000004,0.14928600000000003,0
61644,83,PPP6C,-0.14,-0.0716794,0
61645,83,NCOA4,-0.17,-0.08956700000000001,0
61646,83,BCL9,0.16,0.1267435,0
61647,83,PRCC,0.05000000000000002,0.0387083,0
61648,83,LARP4B,0.01,0.0061461,0
61649,83,CHD2,0.02,0.015996,0
61650,83,ASXL1,0.44000000000000006,0.4425327,0
61651,83,SMARCA4,1.2500000000000007,0.9496391,0
61652,83,ERC1,-0.01,-0.007611400000000001,0
61653,83,DCTN1,-0.22000000000000003,-0.10291830000000003,0
61654,83,PIK3R1,1.3700000000000008,1.0227922,0
61655,83,EED,-2.42861286636753e-17,0.032008299999999996,0
61656,83,CNBP,0.01,0.0056692,0
61657,83,SGK1,0.35000000000000003,0.2012541,0
61658,83,MLLT10,-0.27,-0.1277324,0
61659,83,BRD4,0.9400000000000004,0.7399565,0
61660,83,RANBP2,0.14999999999999997,0.2312999,0
61661,83,FBXO11,0.05,0.042453000000000005,0
61662,83,PML,0.32,0.259666,0
61663,83,AKT2,0.9800000000000003,0.6749568999999999,0
61664,83,CEP89,0.06,0.035112199999999996,0
61665,83,LZTR1,0.07999999999999999,0.08683229999999999,0
61666,83,YWHAE,0.36000000000000004,0.2283443,0
61667,83,DNAJB1,-0.1,-0.0284098,0
61668,83,PRDM2,0.04,0.0306854,0
61669,83,TPM4,0.47000000000000003,0.2989411,0
61670,83,CREBBP,1.9300000000000013,1.5572153000000004,0
61671,83,PMS2,0.5800000000000001,0.5421020000000001,0
61672,83,DDR2,0.08,0.0579357,0
61673,83,FANCA,0.37,0.2941887999999999,0
61674,83,PDE4DIP,0.04,0.0269072,0
61675,83,USP8,-0.060000000000000005,-0.0308029,0
61676,83,MYH9,-0.30000000000000004,-0.0695673,0
61677,83,MYC,-0.8600000000000001,-0.2993973000000001,0
61678,83,NBN,0.5700000000000001,0.45601109999999995,0
61679,83,CCND3,-0.08000000000000002,0.006176599999999998,0
61680,83,TRIP11,-0.12,-0.0796052,0
61681,83,CNTRL,-0.060000000000000005,-0.041387600000000004,0
61682,83,PIK3CA,1.3100000000000007,0.9944816000000002,0
61683,83,DDX5,0.44999999999999996,0.3333084,0
61684,83,PICALM,0.010000000000000002,0.011717700000000005,0
61685,83,RARA,0.4600000000000001,0.32886039999999994,0
61686,83,DDX6,-0.11,0.05624209999999998,0
61687,83,COL1A1,0.09,0.10856779999999999,0
61688,83,VHL,0.22,0.1591883,0
61689,83,MAPK1,1.7600000000000011,1.1613044,0
61690,83,SRC,-0.39,0.05317669999999998,0
61691,83,NFE2L2,0.30999999999999994,0.21147649999999996,0
61692,83,MITF,-0.19,-0.018837899999999998,0
61693,83,SMAD3,1.2000000000000008,0.931322,0
61694,83,RBM15,0.060000000000000005,0.0556656,0
61695,83,ATR,0.6800000000000003,0.5994581000000001,0
61696,83,EPAS1,0.51,0.42964110000000005,0
61697,83,TPM3,0.13000000000000003,0.10427709999999998,0
61698,83,RPL10,0.11,0.0971938,0
61699,83,STAG1,0.18000000000000002,0.1665809,0
61700,83,SBDS,-0.02,-0.008319400000000001,0
61701,83,KMT2D,0.9700000000000004,0.7359458000000001,0
61702,83,MED12,0.29000000000000004,0.23862660000000002,0
61703,83,BCLAF1,-0.020000000000000004,0.02799090000000001,0
61704,83,ASPSCR1,0.009999999999999997,0.01190960000000001,0
61705,83,CDK12,0.38999999999999996,0.29121430000000004,0
61706,83,EWSR1,0.4099999999999999,0.3486709,0
61707,83,NDRG1,-0.060000000000000005,-0.019237,0
61708,83,PSIP1,-0.16,-0.0796993,0
61709,83,TRIM33,0.019999999999999997,0.028965499999999998,0
61710,83,MTOR,0.9800000000000005,0.7522169000000002,0
61711,83,ARHGAP35,0.11000000000000001,0.1463415,0
61712,83,POT1,-3.469446951953614e-18,0.020641099999999996,0
61713,83,EXT1,0.1,0.069421,0
61714,83,IL6ST,0.32,0.2597498,0
61715,83,IDH2,0.12000000000000001,0.09735650000000001,0
61716,83,SMARCE1,0.41000000000000003,0.2492641,0
61717,83,CRTC3,0.09,0.07077939999999999,0
61718,83,TSC1,0.24999999999999997,0.26321639999999996,0
61719,83,BCOR,-0.24999999999999997,-0.019650099999999997,0
61720,83,SDHA,0.25,0.16599300000000003,0
61721,83,EP300,1.8400000000000014,1.5308718999999997,0
61722,83,HNRNPA2B1,0.23,0.1721091,0
61723,83,CLIP1,-0.06999999999999999,-0.034819199999999995,0
61724,83,PATZ1,-0.55,-0.1356631,0
61725,83,FUBP1,-0.23000000000000004,-0.04438310000000001,0
61726,83,HLA-A,-0.3,-0.022502300000000017,0
61727,83,CCNC,-0.039999999999999994,-0.0131831,0
61728,83,RPN1,-0.26,-0.0804644,0
61729,83,TCF7L2,0.12000000000000001,0.1324978,0
61730,83,CANT1,0.09,0.05185939999999999,0
61731,83,RPL5,-0.63,-0.20726499999999998,0
61732,83,CCDC6,0.04000000000000001,0.06714800000000001,0
61733,83,NCKIPSD,0.05,0.028505299999999997,0
61734,83,SMARCD1,0.45,0.3060015,0
61735,83,BCL10,-0.010000000000000009,0.0343898,0
61736,83,MAX,0.010000000000000007,0.034571300000000006,0
61737,83,HERPUD1,0.01,0.0038136,0
61738,83,RAC1,0.14999999999999997,0.17771939999999997,0
61739,83,FLNA,0.07,0.0647607,0
61740,83,TFE3,-0.45000000000000007,-0.19679349999999998,0
61741,83,NCOR2,0.7400000000000002,0.5498111000000001,0
61742,83,PRPF40B,-0.010000000000000002,0.001484699999999995,0
61743,83,BCL3,0.019999999999999997,0.029256900000000002,0
61744,83,TFPT,-0.27999999999999997,-0.0917788,0
61745,83,MLH1,0.8,0.6904417999999997,0
61746,83,ARHGAP5,0.12000000000000001,0.11070970000000002,0
61747,83,CIC,0.0,0.0,0
61748,83,LYN,0.8800000000000002,0.6377416000000001,0
61749,83,TCF12,0.31,0.2390402,0
61750,83,KLF6,0.04,0.0220603,0
61751,83,KMT2C,1.0200000000000002,0.8500376999999998,0
61752,83,PIM1,-0.18000000000000002,-0.0625443,0
61753,83,CCND1,1.3600000000000008,0.8258179,0
61754,83,MLLT1,-1.3800000000000003,-0.3514582,0
61755,83,MEN1,0.08999999999999998,0.0943805,0
61756,83,CUL3,0.11,0.1280651,0
61757,83,RB1,0.6400000000000001,0.5083080999999999,0
61758,83,LPP,-0.07,-0.017964099999999997,0
61759,83,BUB1B,-0.15000000000000002,-0.06592440000000001,0
61760,83,SMAD4,1.4800000000000009,1.1517622,0
61761,83,FGFR1,0.23,0.1627912,0
61762,83,TMSB4X,0.04,0.031574399999999996,0
61763,83,CDK4,0.63,0.4250263,0
61764,83,MSI2,0.01,0.007853599999999999,0
61765,83,MSH6,0.9000000000000005,0.7034727999999999,0
61766,83,BRAF,1.0100000000000005,0.9611460999999998,0
61767,83,TCEA1,-0.03999999999999999,0.012963400000000007,0
61768,83,TNFAIP3,0.11,0.1133162,0
61769,83,RABEP1,0.02,0.012985200000000002,0
61770,83,GMPS,-0.07,-0.03631869999999999,0
61771,83,MDM2,1.2000000000000006,0.8675023000000002,0
61772,83,NSD2,0.19,0.1309975,0
61773,83,CASP8,-0.2,0.11590189999999999,0
61774,83,PER1,-0.27999999999999997,-0.0524238,0
61775,83,UBR5,6.938893903907228e-18,0.024028700000000007,0
61776,83,EIF3E,-0.010000000000000021,0.04563690000000001,0
61777,83,RFWD3,0.030000000000000002,0.0299876,0
61778,83,BRD3,0.11000000000000001,0.09210270000000001,0
61779,83,PAFAH1B2,0.02,0.0163138,0
61780,83,EXT2,0.010000000000000009,0.008564799999999997,0
61781,83,PLCG1,0.4799999999999999,0.3776984,0
61782,83,SF3B1,-0.31,-0.1298954,0
61783,83,ARHGEF10L,0.02,0.0098984,0
61784,83,NFATC2,0.19,0.1347227,0
61785,83,SDHD,0.3,0.17514230000000003,0
61786,83,PABPC1,-0.94,-0.23500929999999998,0
61787,83,POLD1,-0.47000000000000003,-0.1007197,0
61788,83,CALR,3.469446951953614e-18,0.010266,0
61789,83,PIK3CB,0.4800000000000001,0.43564880000000006,0
61790,83,PPM1D,0.23,0.17679070000000002,0
61791,83,ATRX,1.0100000000000007,0.8376438,0
61792,83,DGCR8,0.16000000000000003,0.10459199999999999,0
61793,83,DDX10,0.14,0.0925465,0
61794,83,DROSHA,0.5,0.387152,0
61795,83,TNFRSF14,-0.13,-0.045181500000000006,0
61796,83,BCL9L,0.13999999999999999,0.0984795,0
61797,83,QKI,-0.06999999999999999,-0.0440691,0
61798,83,BAZ1A,0.01,0.007053500000000001,0
61799,83,CHD4,0.14999999999999997,0.14478669999999996,0
61800,83,NSD3,0.09,0.08885670000000001,0
61801,83,NT5C2,0.16,0.09505530000000001,0
61802,83,CCNB1IP1,0.1,0.0450623,0
61803,83,PCBP1,-1.05,-0.2892514,0
61804,83,RALGDS,0.12,0.0892209,0
61805,83,ARHGEF12,-0.04,-0.0005188000000000033,0
61806,83,HSP90AB1,1.2100000000000004,0.8067847,0
61807,83,FOXO3,1.3500000000000005,0.9639833,0
61808,83,HIP1,-0.01,-0.0065091,0
61809,83,CDC73,-0.19,-0.03344919999999999,0
61810,83,NIN,0.03,0.022038600000000002,0
61811,83,MDM4,0.060000000000000026,0.1480641,0
61812,83,COL3A1,0.16,0.14340760000000002,0
61813,83,CTNND1,0.010000000000000009,0.10016400000000003,0
61814,83,SPOP,0.030000000000000006,0.037968299999999996,0
61815,83,TMEM127,0.05000000000000002,0.04634500000000001,0
61816,83,CREB3L2,0.08,0.050110699999999994,0
61817,83,MSH2,0.9100000000000004,0.6946876999999999,0
61818,83,FNBP1,-0.009999999999999998,0.0057521,0
61819,83,ATF1,0.09000000000000001,0.05930509999999999,0
61820,83,EIF1AX,-0.46,-0.2135898,0
61821,83,PMS1,0.44,0.34612719999999997,0
61822,83,DEK,0.16,0.1232714,0
61823,83,ERBB2,1.0400000000000005,0.6918705999999999,0
61824,83,AKT1,1.1800000000000006,0.7351719,0
61825,83,CHEK2,0.17000000000000007,0.32639480000000004,0
61826,83,SDHB,0.39,0.2465155,0
61827,83,NCOA1,0.46,0.3362988,0
61828,83,CHIC2,0.049999999999999996,0.026600699999999998,0
61829,83,RUNX1,0.6500000000000005,0.6807883000000002,0
61830,83,STAT6,0.29000000000000004,0.20238710000000001,0
61831,83,FH,-0.2,-0.0626218,0
61832,83,AKT3,1.0200000000000005,0.7173429000000002,0
61833,83,GNAS,0.27,0.1905111,0
61834,83,CTNNB1,1.2100000000000004,0.8714683000000002,0
61835,83,NONO,0.21999999999999997,0.15683090000000002,0
61836,83,SMARCB1,0.9100000000000004,0.6966390000000002,0
61837,83,PRKAR1A,0.13,0.11673980000000002,0
61838,83,ITGAV,0.030000000000000006,0.044581100000000005,0
61839,83,SS18,0.4,0.2623085,0
61840,83,MAP2K1,1.1400000000000006,0.6898021000000001,0
61841,83,SIRPA,0.02,0.0112935,0
61842,83,PPFIBP1,0.38,0.2540517,0
61843,83,RPL22,-0.07999999999999999,0.07486289999999998,0
61844,83,CYLD,0.29000000000000004,0.23093450000000001,0
61845,83,ARID1B,0.73,0.549925,0
61846,83,SETDB1,0.33,0.2332766,0
61847,83,AFDN,-0.45999999999999996,-0.16271170000000004,0
61848,83,ZRSR2,0.24,0.18802710000000003,0
61849,83,PBRM1,0.9800000000000004,0.7263232000000001,0
61850,83,XPC,0.5800000000000001,0.38566110000000003,0
61851,83,ASXL2,0.27,0.18619480000000002,0
61852,83,TRIM24,-0.15999999999999998,-0.048946699999999996,0
61853,83,SFPQ,-0.12000000000000001,-0.015642900000000008,0
61854,83,NCOA2,0.5700000000000001,0.4211292,0
61855,83,FOXO4,0.45000000000000007,0.29525280000000004,0
61856,83,LEF1,0.08000000000000002,0.09481240000000002,0
61857,83,B2M,-0.6200000000000001,-0.21821020000000005,0
61858,83,DDIT3,-0.42999999999999994,-0.1030911,0
61859,83,BCL6,0.5800000000000001,0.40408060000000007,0
61860,83,KRAS,-1.6200000000000006,-0.43666800000000017,0
61861,83,FAT1,0.06000000000000001,0.056273,0
61862,83,ABL2,0.08,0.05817919999999999,0
61863,83,NF1,1.0700000000000005,0.8617157,0
61864,83,BTG1,-0.03,-0.015207,0
61865,83,EIF4A2,0.15999999999999998,0.10524370000000001,0
61866,83,SET,0.17,0.1438999,0
61867,83,EPS15,0.04,0.0373382,0
61868,83,RNF213,0.03,0.0229696,0
61869,83,CTCF,0.9800000000000004,0.6992354000000002,0
61870,83,WDCP,0.13,0.08107800000000001,0
61871,83,KAT7,0.11999999999999998,0.0979257,0
61872,83,KDM5C,0.16999999999999998,0.1539974,0
61873,83,TGFBR2,0.29000000000000004,0.1949144,0
61874,83,ATM,1.4000000000000008,1.1359073,0
61875,83,NUMA1,0.010000000000000002,0.014608999999999997,0
61876,83,STAT3,1.4500000000000008,1.1512265000000004,0
61877,83,SUB1,-0.22,-0.08573230000000001,0
61878,83,NUP98,0.13,0.14127209999999996,0
61879,83,ELL,-0.1,-0.029613700000000007,0
61880,83,MAP3K1,0.18999999999999992,0.2118297,0
61881,83,MALT1,0.09000000000000001,0.1261972,0
61882,83,XPO1,0.41000000000000003,0.3386394,0
61883,83,SETD1B,0.19999999999999998,0.1465821,0
61884,83,ETV6,-0.19,-0.0493171,0
61885,83,TBL1XR1,0.22000000000000003,0.1503335,0
61886,83,NUP214,-0.009999999999999936,0.1265054,0
61887,83,TPR,0.1,0.10545179999999998,0
61888,83,ATIC,0.08,0.0810292,0
61889,83,NACA,0.2,0.12276800000000002,0
61890,83,MYO5A,0.019999999999999997,0.014761499999999999,0
61891,83,SMC1A,0.5000000000000001,0.45471340000000005,0
61892,83,LASP1,-0.23,-0.1263465,0
61893,83,ERCC5,0.45,0.29028580000000004,0
61894,83,JUN,-0.5400000000000001,-0.04987820000000003,0
61895,83,THRAP3,0.09000000000000001,0.07495650000000001,0
61896,83,STAG2,0.44999999999999996,0.3785624,0
61897,83,RAF1,1.0400000000000005,0.7493783999999999,0
61898,83,ERCC3,0.45,0.3856966,0
61899,83,SMAD2,0.3500000000000001,0.41559239999999986,0
61900,83,TAF15,0.17,0.1349809,0
61901,83,ARNT,0.29000000000000004,0.24897680000000003,0
61902,83,CLTC,-0.55,-0.2859987,0
61903,83,IKBKB,0.4500000000000002,0.42814569999999985,0
61904,83,IDH1,-0.8500000000000003,-0.2599596,0
61905,83,SND1,-0.009999999999999998,0.0022422000000000006,0
61906,83,KNSTRN,0.04,0.0342176,0
61907,83,RHOA,-2.1400000000000006,-0.5351052,0
61908,83,PALB2,0.5099999999999999,0.46788090000000004,0
61909,83,ARID2,0.77,0.5797692000000001,0
61910,83,EZR,-0.09000000000000001,-0.019548500000000003,0
61911,83,TP53,-0.6199999999999999,0.11094789999999986,0
61912,83,ARAF,0.43999999999999995,0.2509089,0
61913,83,KIF5B,0.45,0.3187856,0
61914,83,KAT6A,0.15,0.16756749999999998,0
61915,83,KTN1,-0.12,-0.0375986,0
61916,83,GOLGA5,-0.11000000000000001,-0.0716987,0
61917,83,KDM5A,0.22,0.2081178,0
61918,83,RAD21,0.48000000000000004,0.39470740000000004,0
61919,83,GNAQ,0.14000000000000004,0.1015838,0
61920,83,CAMTA1,0.02,0.011621600000000001,0
61921,83,ERCC2,0.67,0.4952229000000001,0
61922,83,EZH2,1.730000000000001,1.16357,0
61923,83,TOP1,0.13,0.0990414,0
61924,83,SRSF3,-0.26,-0.0860793,0
61925,83,NPM1,0.21999999999999997,0.2762226,0
61926,83,BAX,-0.69,-0.17546630000000002,0
61927,83,NOTCH2,0.27,0.2120597,0
61928,83,TRAF7,0.03,0.0235266,0
61929,83,KDM6A,0.9200000000000003,0.811459,0
61930,83,SPEN,0.11,0.0827813,0
61931,83,TRIM27,-0.52,-0.1758035,0
61932,83,CRTC1,0.15000000000000002,0.1188796,0
61933,83,EML4,0.2900000000000001,0.25114509999999995,0
61934,83,USP9X,-3.469446951953614e-18,0.004571099999999998,0
61935,83,PTPRK,0.01,0.007041500000000001,0
61936,83,CD74,-0.13,0.0005949999999999914,0
61937,83,CBL,0.56,0.43490799999999996,0
61938,83,ZNF384,-0.06,-0.033017399999999995,0
61939,83,NOTCH1,1.0800000000000005,0.7787954,0
61940,83,COX6C,-0.14,-0.057322899999999996,0
61941,83,CHCHD7,0.02,0.0129888,0
61942,83,HMGA1,-0.10999999999999999,-0.0506793,0
61943,83,PTEN,1.400000000000001,1.2078539,0
61944,83,FIP1L1,-0.030000000000000013,-0.01681760000000001,0
61945,83,JAK1,0.8400000000000003,0.6731853,0
61946,83,ZMYM2,-0.05,-0.0354791,0
61947,83,SUZ12,0.7800000000000002,0.5583501,0
61948,83,FUS,-0.21000000000000002,0.11466279999999997,0
61949,83,BAP1,0.039999999999999994,0.04578789999999999,0
61950,83,ZCCHC8,-0.08,-0.023181600000000004,0
61951,83,CRNKL1,-0.02,-0.010381,0
61952,83,RAD17,0.18,0.13499190000000003,0
61953,83,ATP1A1,-0.01,-0.0052276,0
61954,83,DNMT3A,0.8400000000000003,0.6922728000000001,0
61955,83,FBXW7,0.9900000000000004,0.7874534999999996,0
61956,83,WWTR1,-0.1,-0.051677,0
61957,83,CDKN1B,0.56,0.3628972999999999,0
61958,83,KMT2A,0.37000000000000005,0.3393024,0
61959,83,PTPN11,1.0100000000000005,0.7534134000000001,0
61960,83,STAT5B,0.6800000000000002,0.5221840999999999,0
61961,83,CUX1,-0.06999999999999999,-0.0456681,0
61962,83,ABI1,-0.33,-0.11911050000000001,0
61963,83,BRCA1,1.500000000000001,1.2538442000000003,0
61964,83,SH2B3,0.04,0.0313576,0
61965,83,AFF4,-0.010000000000000009,0.006168400000000001,0
61966,83,NF2,0.009999999999999992,0.07382390000000003,0
61967,83,LMNA,6.938893903907228e-18,0.027231899999999993,0
61968,83,TSC2,0.5800000000000001,0.4705342,0
61969,83,GOLPH3,-0.09,-0.056654800000000005,0
61970,83,PCM1,-0.05,-0.035443600000000006,0
61971,83,PPP2R1A,-0.41000000000000003,-0.1350714,0
61972,83,ARID1A,1.8100000000000012,1.3585391999999998,0
61973,83,ABL1,0.25999999999999995,0.2306935999999999,0
61974,83,AFF1,0.16,0.13237400000000002,0
61975,83,DAXX,-0.27,-0.0715174,0
61976,83,CBFB,0.09999999999999998,0.099743,0
61977,83,CBLB,0.16000000000000003,0.1287,0
61978,83,POLR2A,0.08000000000000002,0.24689629999999996,0
61979,83,PRKACA,0.31,0.24384230000000004,0
61980,83,DNM2,-0.11,-0.046155299999999996,0
61981,83,RAP1GDS1,-0.06000000000000001,-0.021482799999999993,0
61982,83,NCOR1,0.8400000000000002,0.7988788999999998,0
61983,83,NFKBIE,-0.36,-0.11089750000000001,0
61984,83,DDX3X,0.21999999999999997,0.1768814,0
61985,83,ELK4,0.02,0.0155242,0
61986,83,MLLT6,0.12000000000000001,0.0943598,0
61987,83,SRSF2,-1.7,-0.46311759999999996,0
61988,83,CTNNA1,0.13,0.0951902,0
61989,83,RBM10,0.16999999999999998,0.11592190000000001,0
61990,83,PTPRC,0.15,0.1384266,0
61991,83,HSP90AA1,1.2500000000000007,0.8267762,0
61992,84,NSD1,0.35000000000000003,0.3050931,1
61993,84,DICER1,0.18,0.2355115,1
61994,84,BIRC6,0.12,0.1253278,1
61995,84,SDHC,0.42,0.3040626,1
61996,84,TFG,0.06999999999999999,0.0568551,1
61997,84,MAP2K2,0.34,0.2553732,1
61998,84,TFRC,-0.27,-0.10043679999999999,1
61999,84,CREB1,0.7700000000000004,0.7087982,1
62000,84,POLG,-0.04,-0.010662000000000001,1
62001,84,SETD2,0.6100000000000004,0.5825879999999999,1
62002,84,NAB2,-0.47000000000000003,-0.1441817,1
62003,84,HIF1A,1.8000000000000012,1.3699328000000008,1
62004,84,FLCN,-0.060000000000000005,0.0143864,1
62005,84,MAP2K4,0.14,0.1615355,1
62006,84,CNOT3,0.07,0.058638499999999996,1
62007,84,CIITA,0.09000000000000001,0.0572125,1
62008,84,LSM14A,0.15,0.1204583,1
62009,84,AKAP9,0.03,0.053627400000000006,1
62010,84,MSN,-0.34,-0.10493670000000001,1
62011,84,BCR,-0.11999999999999998,0.033033,1
62012,84,TRRAP,0.12000000000000001,0.22261050000000004,1
62013,84,PPP6C,-0.15,-0.06358730000000001,1
62014,84,NCOA4,-0.05000000000000001,0.004225899999999991,1
62015,84,BCL9,0.19,0.1398573,1
62016,84,PRCC,0.16000000000000003,0.1292668,1
62017,84,LARP4B,0.03,0.0222072,1
62018,84,CHD2,0.02,0.0177666,1
62019,84,ASXL1,0.38999999999999996,0.395385,1
62020,84,SMARCA4,1.740000000000001,1.4153431999999997,1
62021,84,ERC1,-0.01,-0.007685600000000001,1
62022,84,DCTN1,0.02000000000000001,0.07053180000000003,1
62023,84,PIK3R1,1.2700000000000007,1.0266913999999998,1
62024,84,EED,0.04000000000000001,0.056638,1
62025,84,CNBP,0.0,0.0,1
62026,84,SGK1,0.5299999999999999,0.34830750000000005,1
62027,84,MLLT10,-0.21,-0.11874699999999999,1
62028,84,BRD4,0.9900000000000004,0.8587961999999997,1
62029,84,RANBP2,0.29999999999999993,0.2900984,1
62030,84,FBXO11,0.07,0.054868400000000005,1
62031,84,PML,0.43999999999999995,0.3076586,1
62032,84,AKT2,1.1200000000000006,0.8183358000000001,1
62033,84,CEP89,0.02,0.0167908,1
62034,84,LZTR1,0.04000000000000001,0.08709160000000002,1
62035,84,YWHAE,0.22000000000000003,0.1384336,1
62036,84,DNAJB1,-0.05,-0.0099337,1
62037,84,PRDM2,0.07,0.0568336,1
62038,84,TPM4,0.51,0.3529893,1
62039,84,CREBBP,2.240000000000001,1.8495321000000005,1
62040,84,PMS2,0.7600000000000002,0.6525946,1
62041,84,DDR2,0.020000000000000004,0.012256899999999994,1
62042,84,FANCA,0.42,0.355257,1
62043,84,PDE4DIP,0.06999999999999999,0.0572767,1
62044,84,USP8,-0.04,-0.0188796,1
62045,84,MYH9,-0.74,-0.1854056,1
62046,84,MYC,-1.3900000000000003,-0.19701390000000002,1
62047,84,NBN,0.6200000000000001,0.5041464,1
62048,84,CCND3,-0.009999999999999992,0.012727999999999996,1
62049,84,TRIP11,-0.11,-0.0788337,1
62050,84,CNTRL,-0.03,-0.0297945,1
62051,84,PIK3CA,1.370000000000001,1.1919529000000002,1
62052,84,DDX5,0.04999999999999997,0.1440764,1
62053,84,PICALM,0.009999999999999995,0.015071499999999991,1
62054,84,RARA,0.18000000000000002,0.1983521,1
62055,84,DDX6,0.030000000000000013,0.1101442,1
62056,84,COL1A1,0.25,0.2145035,1
62057,84,VHL,0.29999999999999993,0.21331129999999998,1
62058,84,MAPK1,1.810000000000001,1.3141585999999998,1
62059,84,SRC,0.6900000000000002,0.5654022,1
62060,84,NFE2L2,0.4,0.27127940000000006,1
62061,84,MITF,-0.19,-0.04527170000000001,1
62062,84,SMAD3,1.3000000000000007,1.1727157000000001,1
62063,84,RBM15,0.12000000000000001,0.0997039,1
62064,84,ATR,0.7500000000000002,0.6116159,1
62065,84,EPAS1,0.38999999999999996,0.3714569000000001,1
62066,84,TPM3,0.13000000000000006,0.13492390000000004,1
62067,84,RPL10,0.11000000000000001,0.12281650000000002,1
62068,84,STAG1,0.08000000000000002,0.12427440000000001,1
62069,84,SBDS,-0.07,-0.0232431,1
62070,84,KMT2D,1.1000000000000005,0.9087422000000003,1
62071,84,MED12,0.39,0.33296169999999997,1
62072,84,BCLAF1,-0.07999999999999999,0.012684300000000003,1
62073,84,ASPSCR1,0.010000000000000002,0.018852099999999997,1
62074,84,CDK12,0.53,0.40261369999999996,1
62075,84,EWSR1,0.29999999999999993,0.3120251,1
62076,84,NDRG1,-0.12,-0.034890199999999996,1
62077,84,PSIP1,0.04000000000000001,0.0471863,1
62078,84,TRIM33,0.1,0.0925943,1
62079,84,MTOR,0.8300000000000003,0.7337383,1
62080,84,ARHGAP35,0.21999999999999997,0.1827993,1
62081,84,POT1,3.469446951953614e-18,0.009519300000000001,1
62082,84,EXT1,0.11,0.0845218,1
62083,84,IL6ST,0.34,0.28824079999999996,1
62084,84,IDH2,0.18,0.15387130000000004,1
62085,84,SMARCE1,0.44000000000000006,0.304529,1
62086,84,CRTC3,0.09999999999999999,0.0862226,1
62087,84,TSC1,0.33,0.32207589999999997,1
62088,84,BCOR,-0.14,0.024246399999999994,1
62089,84,SDHA,0.28,0.20987630000000002,1
62090,84,EP300,2.4099999999999997,2.0538041000000002,1
62091,84,HNRNPA2B1,0.44,0.3158496,1
62092,84,CLIP1,-0.11000000000000001,-0.0568844,1
62093,84,PATZ1,-0.53,-0.14030520000000002,1
62094,84,FUBP1,-0.16999999999999998,-0.04537340000000001,1
62095,84,HLA-A,-0.10000000000000002,0.022292699999999988,1
62096,84,CCNC,-0.26,-0.10591710000000001,1
62097,84,RPN1,-0.14,-0.057703399999999995,1
62098,84,TCF7L2,0.08,0.11606349999999999,1
62099,84,CANT1,-0.04000000000000001,0.0020831999999999865,1
62100,84,RPL5,-0.7599999999999999,-0.22854440000000004,1
62101,84,CCDC6,0.05999999999999997,0.0812001,1
62102,84,NCKIPSD,-0.020000000000000004,0.0013101000000000015,1
62103,84,SMARCD1,0.42000000000000004,0.3838283,1
62104,84,BCL10,0.030000000000000006,0.0680562,1
62105,84,MAX,0.04000000000000001,0.07616039999999999,1
62106,84,HERPUD1,-0.05,-0.011006000000000002,1
62107,84,RAC1,-0.08000000000000004,0.09924279999999998,1
62108,84,FLNA,0.15999999999999998,0.12847299999999998,1
62109,84,TFE3,-0.66,-0.252847,1
62110,84,NCOR2,0.6700000000000003,0.5789924,1
62111,84,PRPF40B,-0.010000000000000002,0.010655299999999996,1
62112,84,BCL3,-0.06,-0.008625699999999993,1
62113,84,TFPT,-0.33999999999999997,-0.1144822,1
62114,84,MLH1,0.9,0.7749969999999999,1
62115,84,ARHGAP5,0.17,0.1439725,1
62116,84,CIC,0.0,0.0,1
62117,84,LYN,0.8400000000000002,0.6326640000000001,1
62118,84,TCF12,0.33,0.2557691,1
62119,84,KLF6,0.06,0.04192,1
62120,84,KMT2C,1.0500000000000003,0.8907758,1
62121,84,PIM1,-0.14999999999999997,-0.021487599999999996,1
62122,84,CCND1,1.1500000000000006,0.7697397999999999,1
62123,84,MLLT1,-1.4600000000000002,-0.35850180000000004,1
62124,84,MEN1,0.009999999999999995,0.04626990000000001,1
62125,84,CUL3,0.040000000000000036,0.10543810000000002,1
62126,84,RB1,0.77,0.5932775000000001,1
62127,84,LPP,-0.07,-0.0149234,1
62128,84,BUB1B,-0.16,-0.039090299999999994,1
62129,84,SMAD4,1.610000000000001,1.2910838,1
62130,84,FGFR1,0.31,0.2807149,1
62131,84,TMSB4X,0.04,0.0313068,1
62132,84,CDK4,1.1000000000000005,0.7687454000000002,1
62133,84,MSI2,0.01,0.0076115,1
62134,84,MSH6,0.9700000000000004,0.8512209,1
62135,84,BRAF,1.2500000000000007,1.1036687,1
62136,84,TCEA1,-0.10999999999999999,-0.01240669999999999,1
62137,84,TNFAIP3,0.12000000000000001,0.0992924,1
62138,84,RABEP1,-0.010000000000000002,-0.007140400000000002,1
62139,84,GMPS,-0.12,-0.0566423,1
62140,84,MDM2,1.1400000000000008,0.9695941000000002,1
62141,84,NSD2,0.24999999999999997,0.18563260000000004,1
62142,84,CASP8,-0.4,-0.006431900000000001,1
62143,84,PER1,-0.24,-0.0682001,1
62144,84,UBR5,0.010000000000000005,0.032249200000000006,1
62145,84,EIF3E,0.010000000000000009,0.04693170000000001,1
62146,84,RFWD3,0.030000000000000002,0.032019900000000004,1
62147,84,BRD3,0.12000000000000001,0.0856594,1
62148,84,PAFAH1B2,0.03,0.027067799999999996,1
62149,84,EXT2,0.020000000000000004,0.021866499999999997,1
62150,84,PLCG1,0.51,0.4358734,1
62151,84,SF3B1,-0.9,-0.41571940000000007,1
62152,84,ARHGEF10L,0.04,0.0215608,1
62153,84,NFATC2,0.23,0.166519,1
62154,84,SDHD,0.31000000000000005,0.22537600000000005,1
62155,84,PABPC1,-0.87,-0.25066669999999996,1
62156,84,POLD1,-0.21,-0.0246534,1
62157,84,CALR,-0.04000000000000001,0.04219129999999999,1
62158,84,PIK3CB,0.6799999999999999,0.5482324,1
62159,84,PPM1D,0.27,0.2102685,1
62160,84,ATRX,0.9700000000000004,0.85631,1
62161,84,DGCR8,0.16999999999999998,0.12651990000000002,1
62162,84,DDX10,0.16999999999999998,0.1308455,1
62163,84,DROSHA,0.45999999999999996,0.35040760000000004,1
62164,84,TNFRSF14,-0.11,-0.037266,1
62165,84,BCL9L,0.13,0.0923073,1
62166,84,QKI,0.04,0.029762900000000002,1
62167,84,BAZ1A,0.01,0.007351,1
62168,84,CHD4,0.41000000000000014,0.3453957,1
62169,84,NSD3,0.13,0.1223033,1
62170,84,NT5C2,0.15000000000000002,0.08338240000000001,1
62171,84,CCNB1IP1,0.14,0.0636097,1
62172,84,PCBP1,-0.8,-0.21333450000000004,1
62173,84,RALGDS,-0.05,0.04277680000000001,1
62174,84,ARHGEF12,-0.02000000000000001,0.02377949999999999,1
62175,84,HSP90AB1,1.0100000000000005,0.766762,1
62176,84,FOXO3,1.4600000000000009,1.0799485000000002,1
62177,84,HIP1,-0.02,-0.0121916,1
62178,84,CDC73,0.06,0.07891900000000002,1
62179,84,NIN,-0.06,-0.035265000000000005,1
62180,84,MDM4,0.16000000000000003,0.17382119999999998,1
62181,84,COL3A1,0.2,0.1634961,1
62182,84,CTNND1,0.1,0.1429001,1
62183,84,SPOP,0.06000000000000001,0.0718299,1
62184,84,TMEM127,0.07,0.04203840000000001,1
62185,84,CREB3L2,0.12000000000000002,0.0750576,1
62186,84,MSH2,1.0200000000000005,0.8863094000000001,1
62187,84,FNBP1,1.734723475976807e-18,0.0213971,1
62188,84,ATF1,0.16,0.1083634,1
62189,84,EIF1AX,-0.6400000000000001,-0.19406479999999998,1
62190,84,PMS1,0.6,0.46763590000000005,1
62191,84,DEK,0.19,0.1562316,1
62192,84,ERBB2,1.0000000000000004,0.7040932999999999,1
62193,84,AKT1,1.1700000000000006,0.8052617000000003,1
62194,84,CHEK2,0.6700000000000003,0.7010649000000001,1
62195,84,SDHB,0.42000000000000004,0.3095942,1
62196,84,NCOA1,0.41,0.3330779,1
62197,84,CHIC2,0.09,0.0612627,1
62198,84,RUNX1,0.05000000000000007,0.5415593000000001,1
62199,84,STAT6,0.42000000000000004,0.363878,1
62200,84,FH,-0.04000000000000002,0.011208900000000008,1
62201,84,AKT3,1.1200000000000003,0.8227705,1
62202,84,GNAS,0.4,0.2823249,1
62203,84,CTNNB1,1.3000000000000007,0.9632923999999998,1
62204,84,NONO,0.38,0.3308429,1
62205,84,SMARCB1,1.1900000000000006,0.9356872,1
62206,84,PRKAR1A,0.18000000000000002,0.1728751,1
62207,84,ITGAV,0.010000000000000004,0.04407790000000002,1
62208,84,SS18,0.44,0.31565280000000007,1
62209,84,MAP2K1,0.8500000000000003,0.5504409,1
62210,84,SIRPA,-0.05,-0.014590800000000001,1
62211,84,PPFIBP1,0.38,0.2725946,1
62212,84,RPL22,-0.12999999999999998,0.09132059999999997,1
62213,84,CYLD,0.30000000000000004,0.23491600000000004,1
62214,84,ARID1B,0.8600000000000001,0.6805634,1
62215,84,SETDB1,0.36000000000000004,0.2680475,1
62216,84,AFDN,-0.25,-0.0832682,1
62217,84,ZRSR2,-6.938893903907228e-18,-0.004262400000000013,1
62218,84,PBRM1,0.9400000000000004,0.7050163999999998,1
62219,84,XPC,0.45,0.2744684,1
62220,84,ASXL2,0.24000000000000002,0.17497439999999997,1
62221,84,TRIM24,-0.17,-0.03317370000000001,1
62222,84,SFPQ,-0.33999999999999997,-0.08612199999999999,1
62223,84,NCOA2,0.6600000000000001,0.5388230999999999,1
62224,84,FOXO4,0.33000000000000007,0.22094729999999999,1
62225,84,LEF1,0.33000000000000007,0.24964870000000006,1
62226,84,B2M,-0.39000000000000007,-0.15089289999999997,1
62227,84,DDIT3,-0.33999999999999997,-0.11244710000000001,1
62228,84,BCL6,0.27,0.24703889999999998,1
62229,84,KRAS,-0.9700000000000003,-0.19624419999999998,1
62230,84,FAT1,0.12000000000000001,0.0896766,1
62231,84,ABL2,0.06999999999999999,0.05876490000000001,1
62232,84,NF1,1.4000000000000006,1.1041568,1
62233,84,BTG1,-0.04,-0.0182856,1
62234,84,EIF4A2,0.039999999999999994,0.0243731,1
62235,84,SET,0.16,0.13047050000000002,1
62236,84,EPS15,0.09,0.0824573,1
62237,84,RNF213,0.06,0.0529076,1
62238,84,CTCF,1.0100000000000002,0.7088760000000001,1
62239,84,WDCP,0.19999999999999996,0.11448769999999998,1
62240,84,KAT7,0.15,0.125521,1
62241,84,KDM5C,0.19,0.1962037,1
62242,84,TGFBR2,-1.734723475976807e-17,0.12665530000000005,1
62243,84,ATM,0.8900000000000006,0.9709969000000002,1
62244,84,NUMA1,3.469446951953614e-18,0.014541699999999998,1
62245,84,STAT3,0.5600000000000002,0.7010899999999998,1
62246,84,SUB1,-0.15000000000000002,-0.0557188,1
62247,84,NUP98,0.22,0.22400069999999997,1
62248,84,ELL,0.12000000000000001,0.06649930000000003,1
62249,84,MAP3K1,0.4199999999999999,0.3351558,1
62250,84,MALT1,0.13,0.13617279999999998,1
62251,84,XPO1,0.6000000000000002,0.4732436,1
62252,84,SETD1B,0.27,0.21211330000000003,1
62253,84,ETV6,-0.04,0.0078441,1
62254,84,TBL1XR1,0.2,0.1407639,1
62255,84,NUP214,-0.020000000000000028,0.1510477,1
62256,84,TPR,0.11,0.0941339,1
62257,84,ATIC,0.09999999999999996,0.11592409999999997,1
62258,84,NACA,0.2,0.1192357,1
62259,84,MYO5A,0.02,0.015947700000000002,1
62260,84,SMC1A,0.29000000000000004,0.41620290000000004,1
62261,84,LASP1,-0.26,-0.12909900000000002,1
62262,84,ERCC5,0.38000000000000006,0.25439670000000003,1
62263,84,JUN,-1.03,-0.1660635,1
62264,84,THRAP3,0.07,0.054270299999999994,1
62265,84,STAG2,0.36000000000000004,0.3293231,1
62266,84,RAF1,0.8500000000000003,0.6466896000000001,1
62267,84,ERCC3,0.66,0.5575506,1
62268,84,SMAD2,0.5100000000000002,0.5372595999999998,1
62269,84,TAF15,0.21000000000000002,0.166142,1
62270,84,ARNT,0.31,0.25779719999999995,1
62271,84,CLTC,-0.66,-0.30600990000000006,1
62272,84,IKBKB,0.45000000000000023,0.4416964000000001,1
62273,84,IDH1,-0.16,-0.0378496,1
62274,84,SND1,1.734723475976807e-18,0.009871900000000001,1
62275,84,KNSTRN,0.03,0.0241149,1
62276,84,RHOA,-3.3800000000000012,-0.7566865,1
62277,84,PALB2,0.7200000000000002,0.6024206000000001,1
62278,84,ARID2,0.8700000000000001,0.6866804000000001,1
62279,84,EZR,-0.38,-0.1275969,1
62280,84,TP53,0.3600000000000003,0.6454650000000002,1
62281,84,ARAF,0.37000000000000005,0.2168475,1
62282,84,KIF5B,0.55,0.423217,1
62283,84,KAT6A,0.18000000000000002,0.20626490000000003,1
62284,84,KTN1,-0.07,-0.0154165,1
62285,84,GOLGA5,-0.08,-0.0482758,1
62286,84,KDM5A,0.22,0.2292891,1
62287,84,RAD21,0.5900000000000001,0.4700939000000001,1
62288,84,GNAQ,0.39,0.2861622,1
62289,84,CAMTA1,0.06,0.042128099999999995,1
62290,84,ERCC2,0.7400000000000001,0.5669418,1
62291,84,EZH2,1.7700000000000014,1.3780818000000004,1
62292,84,TOP1,0.30000000000000004,0.2534526,1
62293,84,SRSF3,-0.2999999999999999,-0.05272740000000002,1
62294,84,NPM1,0.2799999999999999,0.2630589,1
62295,84,BAX,-0.68,-0.1702244,1
62296,84,NOTCH2,0.31,0.2675155,1
62297,84,TRAF7,0.02,0.0145034,1
62298,84,KDM6A,0.9700000000000002,0.9686107,1
62299,84,SPEN,0.16,0.1308975,1
62300,84,TRIM27,-0.62,-0.1829406,1
62301,84,CRTC1,0.16999999999999998,0.1355188,1
62302,84,EML4,0.28,0.28279590000000004,1
62303,84,USP9X,0.009999999999999998,0.0102445,1
62304,84,PTPRK,0.0,0.0,1
62305,84,CD74,-0.09000000000000001,0.029177800000000004,1
62306,84,CBL,0.6500000000000001,0.5549474000000001,1
62307,84,ZNF384,0.05,0.0394955,1
62308,84,NOTCH1,1.2500000000000007,0.9462409,1
62309,84,COX6C,-0.16,-0.0570011,1
62310,84,CHCHD7,0.03,0.0193668,1
62311,84,HMGA1,-0.09,-0.0273177,1
62312,84,PTEN,1.0100000000000007,1.0272932000000001,1
62313,84,FIP1L1,-0.039999999999999994,-0.012901899999999994,1
62314,84,JAK1,0.8600000000000003,0.7298831,1
62315,84,ZMYM2,3.469446951953614e-18,0.0029043000000000038,1
62316,84,SUZ12,0.8900000000000003,0.7087689999999999,1
62317,84,FUS,-0.5899999999999999,-0.0705572,1
62318,84,BAP1,-0.33,-0.1286025,1
62319,84,ZCCHC8,-0.07,-0.0215369,1
62320,84,CRNKL1,0.009999999999999998,0.0092788,1
62321,84,RAD17,0.21000000000000002,0.1542561,1
62322,84,ATP1A1,0.0,0.0048806000000000006,1
62323,84,DNMT3A,1.0200000000000005,0.8962252,1
62324,84,FBXW7,0.8900000000000003,0.7937778,1
62325,84,WWTR1,-0.15999999999999998,-0.07397139999999999,1
62326,84,CDKN1B,0.4100000000000001,0.30822359999999993,1
62327,84,KMT2A,0.32000000000000006,0.3722971,1
62328,84,PTPN11,1.2000000000000006,0.9494769999999999,1
62329,84,STAT5B,0.7700000000000004,0.6454816,1
62330,84,CUX1,-0.10000000000000002,-0.06361040000000001,1
62331,84,ABI1,-0.30000000000000004,-0.08747480000000002,1
62332,84,BRCA1,1.8800000000000012,1.5433842999999998,1
62333,84,SH2B3,0.08,0.047814499999999996,1
62334,84,AFF4,-0.25,-0.12456870000000002,1
62335,84,NF2,0.09999999999999999,0.1420582,1
62336,84,LMNA,0.04000000000000001,0.031581899999999996,1
62337,84,TSC2,0.8800000000000003,0.6997674,1
62338,84,GOLPH3,-0.039999999999999994,-0.0278432,1
62339,84,PCM1,-0.05,-0.038572300000000004,1
62340,84,PPP2R1A,-0.2899999999999999,-0.052162799999999995,1
62341,84,ARID1A,1.880000000000001,1.4771584999999996,1
62342,84,ABL1,-0.2900000000000001,0.02473129999999997,1
62343,84,AFF1,-0.029999999999999992,0.03102290000000001,1
62344,84,DAXX,-0.6599999999999999,-0.1518685,1
62345,84,CBFB,0.13,0.14254860000000003,1
62346,84,CBLB,0.17,0.1471088,1
62347,84,POLR2A,-0.45999999999999996,0.014678400000000022,1
62348,84,PRKACA,0.14000000000000018,0.2501433999999999,1
62349,84,DNM2,-0.08,-0.03280780000000001,1
62350,84,RAP1GDS1,0.030000000000000013,0.04875690000000002,1
62351,84,NCOR1,0.9500000000000002,0.9295114,1
62352,84,NFKBIE,-0.38,-0.1175309,1
62353,84,DDX3X,0.35000000000000003,0.31053099999999995,1
62354,84,ELK4,0.03,0.0262395,1
62355,84,MLLT6,0.12,0.0851662,1
62356,84,SRSF2,-3.3000000000000003,-0.7399368000000001,1
62357,84,CTNNA1,0.18,0.13844430000000002,1
62358,84,RBM10,0.12999999999999998,0.09812030000000001,1
62359,84,PTPRC,0.04,0.112811,1
62360,84,HSP90AA1,0.8900000000000003,0.6324212,1
62361,84,NSD1,0.27,0.2204401,0
62362,84,DICER1,0.26999999999999996,0.2532517,0
62363,84,BIRC6,0.09,0.07568659999999999,0
62364,84,SDHC,0.31000000000000005,0.20474699999999998,0
62365,84,TFG,0.33,0.1860612,0
62366,84,MAP2K2,0.28,0.19434530000000003,0
62367,84,TFRC,-0.25,-0.12258599999999999,0
62368,84,CREB1,0.9600000000000004,0.7276401,0
62369,84,POLG,0.01,0.0037453,0
62370,84,SETD2,0.7000000000000002,0.5913984,0
62371,84,NAB2,-0.35000000000000003,-0.1144329,0
62372,84,HIF1A,1.6100000000000008,1.1494057000000002,0
62373,84,FLCN,0.02,0.023302200000000002,0
62374,84,MAP2K4,-0.04000000000000001,0.06348409999999999,0
62375,84,CNOT3,0.0,0.014908200000000005,0
62376,84,CIITA,0.09000000000000001,0.05567079999999999,0
62377,84,LSM14A,0.1,0.08680290000000002,0
62378,84,AKAP9,-0.09,-0.026148700000000004,0
62379,84,MSN,-0.33999999999999997,-0.08755499999999998,0
62380,84,BCR,0.05,0.04815719999999999,0
62381,84,TRRAP,0.010000000000000018,0.1270019,0
62382,84,PPP6C,-0.14,-0.0725002,0
62383,84,NCOA4,-0.18,-0.1001158,0
62384,84,BCL9,0.15,0.1179498,0
62385,84,PRCC,0.09000000000000001,0.06541590000000001,0
62386,84,LARP4B,0.0,0.0,0
62387,84,CHD2,0.01,0.0078014,0
62388,84,ASXL1,0.44000000000000006,0.4261649999999999,0
62389,84,SMARCA4,1.3500000000000008,1.0059479999999998,0
62390,84,ERC1,-0.02,-0.015026600000000001,0
62391,84,DCTN1,-0.18,-0.08447160000000001,0
62392,84,PIK3R1,1.3200000000000007,0.9607499,0
62393,84,EED,0.09999999999999999,0.09279259999999999,0
62394,84,CNBP,0.0,0.0,0
62395,84,SGK1,0.31,0.18273439999999996,0
62396,84,MLLT10,-0.09999999999999999,-0.03066990000000002,0
62397,84,BRD4,0.9000000000000005,0.6843418,0
62398,84,RANBP2,0.19999999999999998,0.21290870000000003,0
62399,84,FBXO11,0.04,0.0316104,0
62400,84,PML,0.39,0.25857869999999994,0
62401,84,AKT2,0.9400000000000003,0.6383184,0
62402,84,CEP89,0.060000000000000005,0.038136500000000004,0
62403,84,LZTR1,0.06999999999999999,0.07893330000000001,0
62404,84,YWHAE,0.3,0.1885678,0
62405,84,DNAJB1,-0.04000000000000001,-0.003971600000000002,0
62406,84,PRDM2,0.04,0.0303678,0
62407,84,TPM4,0.47000000000000003,0.29833009999999993,0
62408,84,CREBBP,1.8700000000000012,1.4854652999999995,0
62409,84,PMS2,0.6600000000000001,0.5831012999999998,0
62410,84,DDR2,0.049999999999999996,0.0292219,0
62411,84,FANCA,0.36,0.2893354,0
62412,84,PDE4DIP,0.04,0.0266324,0
62413,84,USP8,-0.08,-0.0341529,0
62414,84,MYH9,-0.19999999999999998,-0.02949330000000001,0
62415,84,MYC,-1.3400000000000005,-0.5279642000000001,0
62416,84,NBN,0.51,0.3835586,0
62417,84,CCND3,-0.04999999999999999,0.0151774,0
62418,84,TRIP11,-0.12000000000000002,-0.08278950000000002,0
62419,84,CNTRL,-0.06,-0.041655000000000005,0
62420,84,PIK3CA,1.5100000000000011,1.1186508999999998,0
62421,84,DDX5,0.3500000000000001,0.27829809999999994,0
62422,84,PICALM,3.469446951953614e-18,0.0042793,0
62423,84,RARA,0.4900000000000001,0.3329494,0
62424,84,DDX6,-0.010000000000000005,0.07753800000000001,0
62425,84,COL1A1,0.07999999999999999,0.10209189999999999,0
62426,84,VHL,0.23,0.16922860000000003,0
62427,84,MAPK1,1.4100000000000008,0.8965175999999998,0
62428,84,SRC,-0.24000000000000002,0.11516460000000003,0
62429,84,NFE2L2,0.22,0.15776240000000002,0
62430,84,MITF,-0.32,-0.057732000000000006,0
62431,84,SMAD3,1.2000000000000008,0.9170414,0
62432,84,RBM15,0.06000000000000001,0.0514454,0
62433,84,ATR,0.6600000000000001,0.5437387,0
62434,84,EPAS1,0.39000000000000007,0.3413837,0
62435,84,TPM3,0.17,0.1253312,0
62436,84,RPL10,0.12,0.10380530000000002,0
62437,84,STAG1,0.16,0.1557453,0
62438,84,SBDS,-0.03,-0.011702,0
62439,84,KMT2D,0.9500000000000004,0.6998263,0
62440,84,MED12,0.27999999999999997,0.2197957,0
62441,84,BCLAF1,-0.04,0.030619599999999997,0
62442,84,ASPSCR1,1.734723475976807e-18,0.008154300000000003,0
62443,84,CDK12,0.35,0.2630546,0
62444,84,EWSR1,0.4199999999999999,0.3398889,0
62445,84,NDRG1,-0.09,-0.0348773,0
62446,84,PSIP1,-0.17,-0.08170850000000002,0
62447,84,TRIM33,0.019999999999999997,0.02879659999999999,0
62448,84,MTOR,1.2600000000000007,0.9010427000000002,0
62449,84,ARHGAP35,0.09000000000000001,0.1253149,0
62450,84,POT1,-0.04,-0.0017400000000000037,0
62451,84,EXT1,0.1,0.062217,0
62452,84,IL6ST,0.3,0.2321875,0
62453,84,IDH2,0.19999999999999998,0.14514459999999998,0
62454,84,SMARCE1,0.41,0.24972860000000002,0
62455,84,CRTC3,0.08,0.062012300000000006,0
62456,84,TSC1,0.32,0.2811305,0
62457,84,BCOR,-0.19999999999999998,-0.022766900000000003,0
62458,84,SDHA,0.23,0.13132620000000003,0
62459,84,EP300,1.7200000000000013,1.3900073000000002,0
62460,84,HNRNPA2B1,0.19,0.17252559999999997,0
62461,84,CLIP1,-0.13,-0.071534,0
62462,84,PATZ1,-0.42000000000000004,-0.1187376,0
62463,84,FUBP1,-0.14,-0.0128481,0
62464,84,HLA-A,-0.16000000000000003,-0.004832899999999987,0
62465,84,CCNC,-0.08,-0.027815699999999995,0
62466,84,RPN1,-0.29999999999999993,-0.07718209999999999,0
62467,84,TCF7L2,0.05,0.09571889999999997,0
62468,84,CANT1,0.07,0.038574100000000014,0
62469,84,RPL5,-0.6599999999999999,-0.19160099999999997,0
62470,84,CCDC6,0.010000000000000009,0.04945520000000001,0
62471,84,NCKIPSD,0.03,0.0164615,0
62472,84,SMARCD1,0.42,0.2837097,0
62473,84,BCL10,-6.938893903907228e-18,0.0375645,0
62474,84,MAX,0.0,0.015199199999999996,0
62475,84,HERPUD1,0.01,0.0039453,0
62476,84,RAC1,0.040000000000000036,0.1096595,0
62477,84,FLNA,0.060000000000000005,0.0830336,0
62478,84,TFE3,-0.48,-0.18794889999999997,0
62479,84,NCOR2,0.7200000000000002,0.5221866,0
62480,84,PRPF40B,-0.03,-0.017705199999999997,0
62481,84,BCL3,-0.060000000000000005,-0.0121706,0
62482,84,TFPT,-0.25,-0.08216530000000001,0
62483,84,MLH1,0.8800000000000001,0.7306589,0
62484,84,ARHGAP5,0.09,0.0936958,0
62485,84,CIC,0.0,0.0,0
62486,84,LYN,0.8700000000000001,0.6155786000000001,0
62487,84,TCF12,0.27,0.2076275,0
62488,84,KLF6,0.03,0.0160296,0
62489,84,KMT2C,1.0600000000000003,0.8422343000000001,0
62490,84,PIM1,-0.21000000000000005,-0.0809576,0
62491,84,CCND1,1.3400000000000007,0.7960859000000001,0
62492,84,MLLT1,-0.9600000000000002,-0.2790779,0
62493,84,MEN1,-0.07,-0.0022442000000000026,0
62494,84,CUL3,0.14999999999999997,0.130273,0
62495,84,RB1,0.6699999999999999,0.5144659,0
62496,84,LPP,-0.07,-0.0208888,0
62497,84,BUB1B,-0.16,-0.08272040000000001,0
62498,84,SMAD4,1.4400000000000008,1.0628639,0
62499,84,FGFR1,0.21999999999999997,0.13877490000000003,0
62500,84,TMSB4X,0.04,0.0327236,0
62501,84,CDK4,0.5200000000000001,0.3581181999999999,0
62502,84,MSI2,0.01,0.0072456,0
62503,84,MSH6,0.8400000000000003,0.6465703999999999,0
62504,84,BRAF,0.9600000000000005,0.8435964,0
62505,84,TCEA1,-0.04000000000000001,0.011711399999999997,0
62506,84,TNFAIP3,0.13,0.12250639999999999,0
62507,84,RABEP1,0.0,-0.0012042000000000025,0
62508,84,GMPS,-0.07,-0.04035690000000001,0
62509,84,MDM2,1.1700000000000006,0.8379355999999999,0
62510,84,NSD2,0.17,0.1142118,0
62511,84,CASP8,0.010000000000000007,0.19672080000000003,0
62512,84,PER1,-0.20999999999999996,-0.0429958,0
62513,84,UBR5,-0.059999999999999984,-0.0237953,0
62514,84,EIF3E,-0.03,0.05285730000000001,0
62515,84,RFWD3,0.030000000000000002,0.030431900000000005,0
62516,84,BRD3,0.12,0.0999299,0
62517,84,PAFAH1B2,0.02,0.0160816,0
62518,84,EXT2,0.0,0.0015009999999999954,0
62519,84,PLCG1,0.5299999999999999,0.384028,0
62520,84,SF3B1,-0.38,-0.16908530000000002,0
62521,84,ARHGEF10L,0.02,0.0102708,0
62522,84,NFATC2,0.19,0.13141519999999998,0
62523,84,SDHD,0.25,0.13452080000000005,0
62524,84,PABPC1,-0.8800000000000001,-0.21227780000000002,0
62525,84,POLD1,-0.29000000000000004,-0.0625605,0
62526,84,CALR,0.04999999999999999,0.040456000000000006,0
62527,84,PIK3CB,0.48000000000000004,0.4159645,0
62528,84,PPM1D,0.18000000000000002,0.13638429999999999,0
62529,84,ATRX,0.8800000000000006,0.7141319999999999,0
62530,84,DGCR8,0.16,0.10469819999999999,0
62531,84,DDX10,0.09999999999999999,0.0670735,0
62532,84,DROSHA,0.42000000000000004,0.30957680000000004,0
62533,84,TNFRSF14,-0.11,-0.0444555,0
62534,84,BCL9L,0.13999999999999999,0.10077889999999999,0
62535,84,QKI,-0.05,-0.032277600000000004,0
62536,84,BAZ1A,0.01,0.0071469,0
62537,84,CHD4,0.16999999999999998,0.1616717,0
62538,84,NSD3,0.039999999999999994,0.042783,0
62539,84,NT5C2,0.17,0.0900949,0
62540,84,CCNB1IP1,0.09,0.0381966,0
62541,84,PCBP1,-0.75,-0.22962139999999998,0
62542,84,RALGDS,0.16999999999999998,0.1091497,0
62543,84,ARHGEF12,-0.049999999999999996,-0.007922199999999996,0
62544,84,HSP90AB1,1.1300000000000006,0.7419599,0
62545,84,FOXO3,1.3200000000000005,0.9109098999999999,0
62546,84,HIP1,-0.02,-0.0125754,0
62547,84,CDC73,-0.06000000000000001,0.017033200000000005,0
62548,84,NIN,0.03,0.0224609,0
62549,84,MDM4,0.13,0.1704295,0
62550,84,COL3A1,0.13999999999999999,0.1295439,0
62551,84,CTNND1,0.09000000000000001,0.1267237,0
62552,84,SPOP,-0.029999999999999992,0.0043516,0
62553,84,TMEM127,0.039999999999999994,0.04729030000000001,0
62554,84,CREB3L2,0.06,0.0365559,0
62555,84,MSH2,0.8800000000000003,0.6426391000000001,0
62556,84,FNBP1,-0.02,-0.0024075999999999993,0
62557,84,ATF1,0.030000000000000006,0.0190658,0
62558,84,EIF1AX,-0.5800000000000001,-0.2548191,0
62559,84,PMS1,0.51,0.38525750000000003,0
62560,84,DEK,0.13,0.1100678,0
62561,84,ERBB2,0.9900000000000004,0.6476107000000001,0
62562,84,AKT1,0.9500000000000005,0.6075839000000005,0
62563,84,CHEK2,0.31,0.3633417,0
62564,84,SDHB,0.37,0.23100530000000002,0
62565,84,NCOA1,0.39,0.2785768,0
62566,84,CHIC2,0.039999999999999994,0.0195756,0
62567,84,RUNX1,0.6000000000000005,0.6463075999999999,0
62568,84,STAT6,0.24000000000000002,0.1651559,0
62569,84,FH,-0.22000000000000003,-0.08225160000000001,0
62570,84,AKT3,1.0100000000000005,0.7040092999999997,0
62571,84,GNAS,0.22999999999999998,0.1539935,0
62572,84,CTNNB1,1.2200000000000006,0.8341753999999998,0
62573,84,NONO,0.11,0.0830308,0
62574,84,SMARCB1,0.8700000000000003,0.6418950999999998,0
62575,84,PRKAR1A,0.1,0.09537010000000001,0
62576,84,ITGAV,3.469446951953614e-18,0.016604599999999997,0
62577,84,SS18,0.4,0.2624008,0
62578,84,MAP2K1,1.0600000000000005,0.6545221999999999,0
62579,84,SIRPA,-0.01,-0.004715899999999999,0
62580,84,PPFIBP1,0.38,0.2479219,0
62581,84,RPL22,-0.13999999999999999,0.066252,0
62582,84,CYLD,0.31,0.24335949999999998,0
62583,84,ARID1B,0.6399999999999999,0.4689526,0
62584,84,SETDB1,0.32,0.230405,0
62585,84,AFDN,-0.43999999999999995,-0.16750850000000006,0
62586,84,ZRSR2,0.28,0.19770960000000004,0
62587,84,PBRM1,0.9400000000000004,0.6872218999999999,0
62588,84,XPC,0.5800000000000001,0.37997309999999995,0
62589,84,ASXL2,0.23,0.1532637,0
62590,84,TRIM24,-0.19999999999999998,-0.0769047,0
62591,84,SFPQ,-0.11000000000000001,0.004616099999999991,0
62592,84,NCOA2,0.5300000000000001,0.3783714,0
62593,84,FOXO4,0.44000000000000006,0.2770585,0
62594,84,LEF1,0.12999999999999998,0.1061527,0
62595,84,B2M,-0.5100000000000001,-0.20151249999999998,0
62596,84,DDIT3,-0.41000000000000003,-0.1074473,0
62597,84,BCL6,0.49,0.3406705,0
62598,84,KRAS,-1.3800000000000006,-0.38457780000000014,0
62599,84,FAT1,0.06000000000000001,0.049543500000000004,0
62600,84,ABL2,0.08,0.0620195,0
62601,84,NF1,0.7800000000000005,0.6575801999999998,0
62602,84,BTG1,-0.04,-0.018158,0
62603,84,EIF4A2,0.08,0.06516169999999999,0
62604,84,SET,0.17,0.1413891,0
62605,84,EPS15,0.019999999999999997,0.02579390000000001,0
62606,84,RNF213,0.04,0.0318435,0
62607,84,CTCF,0.9400000000000004,0.6721742,0
62608,84,WDCP,0.09999999999999999,0.06750129999999999,0
62609,84,KAT7,0.09999999999999999,0.07973000000000001,0
62610,84,KDM5C,0.13,0.1312225,0
62611,84,TGFBR2,0.24999999999999997,0.1804004,0
62612,84,ATM,1.4200000000000008,1.1331822,0
62613,84,NUMA1,-0.009999999999999997,0.0031340000000000005,0
62614,84,STAT3,1.640000000000001,1.2428958000000006,0
62615,84,SUB1,-0.22,-0.0790351,0
62616,84,NUP98,0.06999999999999999,0.09547400000000006,0
62617,84,ELL,-0.08,-0.018881000000000002,0
62618,84,MAP3K1,0.32999999999999996,0.2779815,0
62619,84,MALT1,0.1,0.12775530000000002,0
62620,84,XPO1,0.32000000000000006,0.2574444,0
62621,84,SETD1B,0.18000000000000002,0.1309536,0
62622,84,ETV6,-0.12000000000000001,-0.02987510000000001,0
62623,84,TBL1XR1,0.23,0.1581062,0
62624,84,NUP214,0.020000000000000007,0.11190790000000003,0
62625,84,TPR,0.09,0.10605310000000001,0
62626,84,ATIC,0.04000000000000001,0.04701000000000001,0
62627,84,NACA,0.23,0.1519508,0
62628,84,MYO5A,0.009999999999999998,0.0087657,0
62629,84,SMC1A,0.5700000000000002,0.4741779,0
62630,84,LASP1,-0.22,-0.121699,0
62631,84,ERCC5,0.5,0.3232663,0
62632,84,JUN,-0.15999999999999992,0.12538500000000002,0
62633,84,THRAP3,0.11000000000000001,0.09002869999999999,0
62634,84,STAG2,0.47,0.37664130000000007,0
62635,84,RAF1,1.1000000000000003,0.7772978,0
62636,84,ERCC3,0.51,0.4082394000000001,0
62637,84,SMAD2,0.54,0.5063277,0
62638,84,TAF15,0.16000000000000003,0.13282729999999998,0
62639,84,ARNT,0.28,0.2457713,0
62640,84,CLTC,-0.6300000000000001,-0.34514969999999995,0
62641,84,IKBKB,0.55,0.4525868,0
62642,84,IDH1,-0.8600000000000001,-0.25302030000000003,0
62643,84,SND1,-0.009999999999999997,-0.003075099999999998,0
62644,84,KNSTRN,0.03,0.025128,0
62645,84,RHOA,-1.5299999999999998,-0.3887308000000001,0
62646,84,PALB2,0.5599999999999999,0.48882260000000005,0
62647,84,ARID2,0.7200000000000002,0.5387143,0
62648,84,EZR,-0.13,-0.019611399999999994,0
62649,84,TP53,-0.8999999999999998,-0.06774729999999998,0
62650,84,ARAF,0.43000000000000005,0.2437328,0
62651,84,KIF5B,0.4299999999999999,0.305813,0
62652,84,KAT6A,0.19999999999999996,0.1865474,0
62653,84,KTN1,-0.12,-0.0375412,0
62654,84,GOLGA5,-0.11,-0.0748439,0
62655,84,KDM5A,0.22999999999999998,0.209889,0
62656,84,RAD21,0.45000000000000007,0.3399855,0
62657,84,GNAQ,0.08,0.07064170000000002,0
62658,84,CAMTA1,0.03,0.017689700000000003,0
62659,84,ERCC2,0.6300000000000001,0.43947,0
62660,84,EZH2,1.8600000000000012,1.2007267999999998,0
62661,84,TOP1,0.17000000000000004,0.1300382,0
62662,84,SRSF3,-0.3100000000000001,-0.0859626,0
62663,84,NPM1,0.09000000000000002,0.195142,0
62664,84,BAX,-0.52,-0.1559828,0
62665,84,NOTCH2,0.26,0.20270090000000002,0
62666,84,TRAF7,0.03,0.0228534,0
62667,84,KDM6A,0.9200000000000003,0.7716683000000001,0
62668,84,SPEN,0.09999999999999999,0.0758156,0
62669,84,TRIM27,-0.43,-0.1518359,0
62670,84,CRTC1,0.15000000000000002,0.11564640000000001,0
62671,84,EML4,0.2900000000000001,0.23561349999999998,0
62672,84,USP9X,-0.09,-0.058645199999999995,0
62673,84,PTPRK,0.01,0.0067284,0
62674,84,CD74,-0.15000000000000002,-0.0183525,0
62675,84,CBL,0.6000000000000001,0.4350437000000001,0
62676,84,ZNF384,-0.07,-0.0334817,0
62677,84,NOTCH1,1.0200000000000005,0.7138168000000001,0
62678,84,COX6C,-0.14,-0.059038400000000005,0
62679,84,CHCHD7,0.03,0.0203559,0
62680,84,HMGA1,-0.09,-0.0421661,0
62681,84,PTEN,1.430000000000001,1.1872177000000006,0
62682,84,FIP1L1,-0.05,-0.028219099999999997,0
62683,84,JAK1,0.7800000000000002,0.6144212000000001,0
62684,84,ZMYM2,-0.1,-0.0662191,0
62685,84,SUZ12,0.7500000000000002,0.5412274,0
62686,84,FUS,-0.05000000000000007,0.15293739999999997,0
62687,84,BAP1,0.03,0.0448917,0
62688,84,ZCCHC8,-0.06,-0.020247599999999998,0
62689,84,CRNKL1,-0.02,-0.010950999999999999,0
62690,84,RAD17,0.14,0.0965661,0
62691,84,ATP1A1,0.0,0.002488500000000001,0
62692,84,DNMT3A,0.8000000000000005,0.6151630000000001,0
62693,84,FBXW7,1.0600000000000003,0.8069605000000001,0
62694,84,WWTR1,-0.049999999999999996,-0.018101999999999993,0
62695,84,CDKN1B,0.5700000000000001,0.35145979999999993,0
62696,84,KMT2A,0.5200000000000001,0.43217239999999996,0
62697,84,PTPN11,0.9500000000000002,0.6956797000000002,0
62698,84,STAT5B,0.7300000000000002,0.5357814,0
62699,84,CUX1,-0.12000000000000001,-0.0799548,0
62700,84,ABI1,-0.39,-0.1394245,0
62701,84,BRCA1,1.700000000000001,1.3436577000000003,0
62702,84,SH2B3,0.020000000000000004,0.0202188,0
62703,84,AFF4,0.10999999999999999,0.0885438,0
62704,84,NF2,0.030000000000000006,0.0857007,0
62705,84,LMNA,0.009999999999999995,0.027295900000000005,0
62706,84,TSC2,0.6000000000000001,0.4815968,0
62707,84,GOLPH3,-0.1,-0.059568,0
62708,84,PCM1,-0.06,-0.0414435,0
62709,84,PPP2R1A,-0.29000000000000004,-0.08428010000000004,0
62710,84,ARID1A,1.8300000000000012,1.3393222000000005,0
62711,84,ABL1,0.08999999999999998,0.15103210000000003,0
62712,84,AFF1,0.19,0.1576781,0
62713,84,DAXX,-0.22000000000000006,-0.0404085,0
62714,84,CBFB,0.09999999999999998,0.0895541,0
62715,84,CBLB,0.14,0.1078557,0
62716,84,POLR2A,0.15999999999999986,0.2660176000000001,0
62717,84,PRKACA,0.24999999999999997,0.20344090000000004,0
62718,84,DNM2,-0.11,-0.04636189999999999,0
62719,84,RAP1GDS1,-0.07,-0.030303200000000002,0
62720,84,NCOR1,0.8800000000000003,0.7539965,0
62721,84,NFKBIE,-0.32,-0.1084907,0
62722,84,DDX3X,0.1,0.09977670000000001,0
62723,84,ELK4,0.02,0.0155182,0
62724,84,MLLT6,0.12000000000000001,0.102025,0
62725,84,SRSF2,-1.28,-0.3662966000000001,0
62726,84,CTNNA1,0.1,0.0753295,0
62727,84,RBM10,0.2,0.14000680000000004,0
62728,84,PTPRC,0.09999999999999998,0.10904040000000001,0
62729,84,HSP90AA1,1.0600000000000007,0.6961589999999998,0
62730,85,NSD1,0.32,0.2813445,1
62731,85,DICER1,0.21,0.2573324,1
62732,85,BIRC6,0.13,0.13148220000000002,1
62733,85,SDHC,0.41000000000000003,0.30838100000000007,1
62734,85,TFG,0.18000000000000002,0.12305760000000002,1
62735,85,MAP2K2,0.24000000000000002,0.17216420000000002,1
62736,85,TFRC,-0.22,-0.0690777,1
62737,85,CREB1,0.8800000000000004,0.7652298999999999,1
62738,85,POLG,-0.02,-0.005629800000000001,1
62739,85,SETD2,0.6100000000000004,0.5675060000000001,1
62740,85,NAB2,-0.5,-0.14908140000000003,1
62741,85,HIF1A,1.720000000000001,1.3045988999999996,1
62742,85,FLCN,-0.08000000000000002,0.011079699999999998,1
62743,85,MAP2K4,0.04,0.09801510000000001,1
62744,85,CNOT3,0.05,0.0460583,1
62745,85,CIITA,0.1,0.062382,1
62746,85,LSM14A,0.14,0.11539640000000001,1
62747,85,AKAP9,-0.039999999999999994,0.009696800000000012,1
62748,85,MSN,-0.21000000000000008,-0.04558270000000001,1
62749,85,BCR,-0.09000000000000001,0.0230263,1
62750,85,TRRAP,0.00999999999999997,0.18477559999999998,1
62751,85,PPP6C,-0.13999999999999999,-0.0539536,1
62752,85,NCOA4,-0.1,-0.019147899999999985,1
62753,85,BCL9,0.18,0.1463793,1
62754,85,PRCC,0.05,0.04418309999999999,1
62755,85,LARP4B,0.02,0.0139802,1
62756,85,CHD2,0.02,0.01795,1
62757,85,ASXL1,0.28,0.3502668,1
62758,85,SMARCA4,1.9800000000000013,1.5113071999999999,1
62759,85,ERC1,-0.01,-0.0074189999999999985,1
62760,85,DCTN1,1.3877787807814457e-17,0.043287200000000026,1
62761,85,PIK3R1,1.1900000000000006,0.9803685,1
62762,85,EED,0.15999999999999998,0.1298936,1
62763,85,CNBP,0.01,0.005832,1
62764,85,SGK1,0.49,0.31877820000000007,1
62765,85,MLLT10,-0.17,-0.0732066,1
62766,85,BRD4,0.9800000000000004,0.8621799000000002,1
62767,85,RANBP2,0.28,0.28035790000000005,1
62768,85,FBXO11,0.06,0.0485996,1
62769,85,PML,0.26999999999999996,0.19513979999999997,1
62770,85,AKT2,1.05,0.7658338,1
62771,85,CEP89,0.07,0.0453575,1
62772,85,LZTR1,0.09,0.1172867,1
62773,85,YWHAE,0.3,0.1940658,1
62774,85,DNAJB1,-0.08,-0.026191800000000005,1
62775,85,PRDM2,0.07,0.05708100000000001,1
62776,85,TPM4,0.5000000000000001,0.3453986,1
62777,85,CREBBP,1.980000000000001,1.6312836000000004,1
62778,85,PMS2,0.77,0.6672387,1
62779,85,DDR2,-0.009999999999999998,-0.007522299999999999,1
62780,85,FANCA,0.4,0.3368609,1
62781,85,PDE4DIP,0.07,0.0537729,1
62782,85,USP8,-0.06999999999999999,-0.0237287,1
62783,85,MYH9,-0.44999999999999996,-0.11979550000000003,1
62784,85,MYC,-1.4000000000000001,-0.2705468,1
62785,85,NBN,0.6200000000000001,0.49847080000000005,1
62786,85,CCND3,-0.16000000000000003,-0.017650600000000013,1
62787,85,TRIP11,-0.08,-0.05748150000000001,1
62788,85,CNTRL,-0.05,-0.03999389999999999,1
62789,85,PIK3CA,1.350000000000001,1.1215103,1
62790,85,DDX5,0.2900000000000001,0.2985291999999999,1
62791,85,PICALM,0.019999999999999997,0.02370149999999999,1
62792,85,RARA,-0.2,0.0210489,1
62793,85,DDX6,0.0,0.1081072,1
62794,85,COL1A1,0.18,0.1595339,1
62795,85,VHL,0.29,0.20731920000000004,1
62796,85,MAPK1,1.660000000000001,1.1637224000000002,1
62797,85,SRC,0.5900000000000003,0.47876840000000004,1
62798,85,NFE2L2,0.33,0.2260173,1
62799,85,MITF,-0.23,-0.0492669,1
62800,85,SMAD3,1.120000000000001,1.1245354000000003,1
62801,85,RBM15,0.08,0.06558810000000001,1
62802,85,ATR,0.7600000000000002,0.6330499000000002,1
62803,85,EPAS1,0.3399999999999999,0.371552,1
62804,85,TPM3,0.18999999999999997,0.15125500000000003,1
62805,85,RPL10,0.11000000000000001,0.1190379,1
62806,85,STAG1,0.13,0.15439469999999997,1
62807,85,SBDS,-0.03,-0.011254300000000002,1
62808,85,KMT2D,0.9800000000000003,0.7897968,1
62809,85,MED12,0.36000000000000004,0.30346670000000003,1
62810,85,BCLAF1,-0.01999999999999999,0.0387752,1
62811,85,ASPSCR1,0.009999999999999995,0.016451300000000002,1
62812,85,CDK12,0.51,0.41678470000000006,1
62813,85,EWSR1,0.36,0.3542867000000001,1
62814,85,NDRG1,-0.03,-0.001979599999999997,1
62815,85,PSIP1,0.07,0.061819500000000006,1
62816,85,TRIM33,0.14,0.11911070000000003,1
62817,85,MTOR,1.0900000000000005,0.8811044000000003,1
62818,85,ARHGAP35,0.15000000000000002,0.13879039999999998,1
62819,85,POT1,0.03,0.0215138,1
62820,85,EXT1,0.11,0.0793265,1
62821,85,IL6ST,0.34,0.28658300000000003,1
62822,85,IDH2,-0.050000000000000024,0.027143999999999995,1
62823,85,SMARCE1,0.39,0.2667227,1
62824,85,CRTC3,0.09,0.0716349,1
62825,85,TSC1,0.29,0.30896489999999993,1
62826,85,BCOR,-0.08,0.03100670000000001,1
62827,85,SDHA,0.23,0.18078500000000003,1
62828,85,EP300,2.3100000000000005,1.9349608000000003,1
62829,85,HNRNPA2B1,0.56,0.39882219999999996,1
62830,85,CLIP1,-0.14,-0.0753591,1
62831,85,PATZ1,-0.52,-0.1336367,1
62832,85,FUBP1,-0.15,-0.008972400000000004,1
62833,85,HLA-A,-0.039999999999999994,0.0436225,1
62834,85,CCNC,-0.22999999999999995,-0.09563429999999999,1
62835,85,RPN1,-0.19,-0.06577920000000001,1
62836,85,TCF7L2,-0.04000000000000005,0.06603840000000002,1
62837,85,CANT1,-0.05000000000000002,0.006148799999999989,1
62838,85,RPL5,-0.51,-0.1289055,1
62839,85,CCDC6,0.010000000000000037,0.0587081,1
62840,85,NCKIPSD,-0.06,-0.01902,1
62841,85,SMARCD1,0.38,0.31264159999999996,1
62842,85,BCL10,0.05,0.071894,1
62843,85,MAX,0.03,0.07690860000000001,1
62844,85,HERPUD1,-0.02,-0.006174,1
62845,85,RAC1,-0.06000000000000004,0.0950108,1
62846,85,FLNA,0.07999999999999997,0.07731110000000001,1
62847,85,TFE3,-0.8700000000000001,-0.29125199999999996,1
62848,85,NCOR2,0.5300000000000001,0.4765594,1
62849,85,PRPF40B,0.03,0.017567100000000002,1
62850,85,BCL3,-0.09000000000000001,-0.01290810000000001,1
62851,85,TFPT,-0.36000000000000004,-0.11127800000000002,1
62852,85,MLH1,0.8400000000000003,0.7558238,1
62853,85,ARHGAP5,0.14,0.11506670000000001,1
62854,85,CIC,0.0,0.0,1
62855,85,LYN,0.8500000000000001,0.6395154999999999,1
62856,85,TCF12,0.34,0.27446750000000003,1
62857,85,KLF6,0.05,0.0351461,1
62858,85,KMT2C,0.9000000000000004,0.7679616999999999,1
62859,85,PIM1,-0.13999999999999999,-0.021255999999999997,1
62860,85,CCND1,1.1000000000000005,0.7080903,1
62861,85,MLLT1,-1.1700000000000004,-0.31627930000000004,1
62862,85,MEN1,-0.18,-0.05603119999999999,1
62863,85,CUL3,0.21000000000000002,0.19258150000000004,1
62864,85,RB1,0.5800000000000001,0.48025919999999994,1
62865,85,LPP,-0.09,-0.022912199999999997,1
62866,85,BUB1B,-0.12999999999999995,-0.028432900000000007,1
62867,85,SMAD4,1.600000000000001,1.3078576000000002,1
62868,85,FGFR1,0.32,0.2769331,1
62869,85,TMSB4X,0.03,0.023432699999999997,1
62870,85,CDK4,1.1600000000000006,0.8094572999999999,1
62871,85,MSI2,0.01,0.007776,1
62872,85,MSH6,1.0900000000000005,0.9068706000000001,1
62873,85,BRAF,1.3100000000000007,1.1211034,1
62874,85,TCEA1,-0.09000000000000001,0.001898499999999994,1
62875,85,TNFAIP3,0.16999999999999998,0.1362958,1
62876,85,RABEP1,0.0,0.0008036000000000015,1
62877,85,GMPS,-0.08000000000000002,-0.0471009,1
62878,85,MDM2,1.1100000000000008,0.8483742999999999,1
62879,85,NSD2,0.21,0.16206230000000002,1
62880,85,CASP8,-0.19,0.0959656,1
62881,85,PER1,-0.25,-0.07957349999999999,1
62882,85,UBR5,0.05,0.056512599999999996,1
62883,85,EIF3E,-0.009999999999999995,0.060673000000000005,1
62884,85,RFWD3,0.030000000000000002,0.0318999,1
62885,85,BRD3,0.13,0.0951533,1
62886,85,PAFAH1B2,0.03,0.026598899999999998,1
62887,85,EXT2,0.009999999999999995,0.01563049999999999,1
62888,85,PLCG1,0.49999999999999994,0.4182388999999999,1
62889,85,SF3B1,-0.6000000000000001,-0.2755279,1
62890,85,ARHGEF10L,0.03,0.016413,1
62891,85,NFATC2,0.25,0.1895868,1
62892,85,SDHD,0.28,0.20427460000000006,1
62893,85,PABPC1,-0.7300000000000002,-0.1848225,1
62894,85,POLD1,-0.34,-0.07649249999999998,1
62895,85,CALR,0.03000000000000002,0.069508,1
62896,85,PIK3CB,0.7400000000000002,0.6080000000000001,1
62897,85,PPM1D,0.28,0.2157223,1
62898,85,ATRX,1.0500000000000005,0.8981535000000003,1
62899,85,DGCR8,0.19,0.1474057,1
62900,85,DDX10,0.16,0.1255031,1
62901,85,DROSHA,0.5300000000000001,0.4184526000000001,1
62902,85,TNFRSF14,-0.22,-0.0629706,1
62903,85,BCL9L,0.15,0.10852709999999999,1
62904,85,QKI,0.03,0.0226746,1
62905,85,BAZ1A,0.01,0.0074756,1
62906,85,CHD4,0.3400000000000001,0.3077756,1
62907,85,NSD3,0.12,0.11762339999999999,1
62908,85,NT5C2,0.14,0.0818082,1
62909,85,CCNB1IP1,0.14,0.06454000000000001,1
62910,85,PCBP1,-1.07,-0.2674604,1
62911,85,RALGDS,-0.10999999999999999,0.029507099999999994,1
62912,85,ARHGEF12,0.0,0.0264136,1
62913,85,HSP90AB1,1.0800000000000003,0.7510178000000001,1
62914,85,FOXO3,1.4400000000000008,1.067761,1
62915,85,HIP1,-0.01,-0.0048919,1
62916,85,CDC73,0.09,0.1015482,1
62917,85,NIN,0.0,0.0007008000000000014,1
62918,85,MDM4,0.11,0.1624871,1
62919,85,COL3A1,0.21,0.16906090000000001,1
62920,85,CTNND1,0.16999999999999998,0.17221029999999998,1
62921,85,SPOP,0.1,0.0954674,1
62922,85,TMEM127,-0.010000000000000009,0.012601600000000004,1
62923,85,CREB3L2,0.14,0.08918680000000001,1
62924,85,MSH2,1.0000000000000004,0.8445632,1
62925,85,FNBP1,-0.01,0.024155,1
62926,85,ATF1,0.13,0.0885012,1
62927,85,EIF1AX,-0.43999999999999995,-0.1779832,1
62928,85,PMS1,0.5,0.3993829,1
62929,85,DEK,0.12,0.1327821,1
62930,85,ERBB2,0.7500000000000002,0.4801153,1
62931,85,AKT1,0.2100000000000001,0.2701292,1
62932,85,CHEK2,0.6300000000000001,0.6339423,1
62933,85,SDHB,0.43000000000000005,0.32015010000000005,1
62934,85,NCOA1,0.36999999999999994,0.30296460000000003,1
62935,85,CHIC2,0.09,0.058485199999999994,1
62936,85,RUNX1,-0.03999999999999998,0.5368292,1
62937,85,STAT6,0.37,0.32777330000000005,1
62938,85,FH,-0.029999999999999985,0.013561999999999998,1
62939,85,AKT3,1.0900000000000005,0.7885232,1
62940,85,GNAS,0.41000000000000003,0.28196010000000005,1
62941,85,CTNNB1,1.680000000000001,1.1859084000000004,1
62942,85,NONO,0.32000000000000006,0.28115350000000006,1
62943,85,SMARCB1,1.0700000000000005,0.8265507,1
62944,85,PRKAR1A,0.18000000000000002,0.1850935,1
62945,85,ITGAV,0.019999999999999997,0.041115500000000006,1
62946,85,SS18,0.4,0.27744219999999997,1
62947,85,MAP2K1,1.0400000000000005,0.6222203,1
62948,85,SIRPA,-0.04000000000000001,-0.007260699999999997,1
62949,85,PPFIBP1,0.41,0.2984145000000001,1
62950,85,RPL22,-0.24,0.10646150000000001,1
62951,85,CYLD,0.33,0.2608413,1
62952,85,ARID1B,0.8400000000000001,0.6401332000000001,1
62953,85,SETDB1,0.35000000000000003,0.257163,1
62954,85,AFDN,-0.3400000000000001,-0.10520549999999998,1
62955,85,ZRSR2,-0.2,-0.1319824,1
62956,85,PBRM1,0.9900000000000004,0.7397504,1
62957,85,XPC,0.49000000000000005,0.32492780000000004,1
62958,85,ASXL2,0.27,0.1981545,1
62959,85,TRIM24,-0.13999999999999999,-0.018705899999999998,1
62960,85,SFPQ,-0.32999999999999996,-0.06933519999999999,1
62961,85,NCOA2,0.6000000000000001,0.48900779999999994,1
62962,85,FOXO4,0.4,0.2602245,1
62963,85,LEF1,0.26,0.215283,1
62964,85,B2M,-0.29,-0.11730180000000001,1
62965,85,DDIT3,-0.26,-0.093676,1
62966,85,BCL6,0.24999999999999994,0.22973039999999995,1
62967,85,KRAS,0.010000000000000068,0.18235380000000004,1
62968,85,FAT1,0.13,0.09948649999999999,1
62969,85,ABL2,0.05,0.052013,1
62970,85,NF1,1.2600000000000007,1.0435396999999997,1
62971,85,BTG1,-0.06,-0.025660199999999998,1
62972,85,EIF4A2,0.08,0.047611900000000006,1
62973,85,SET,0.2,0.1642083,1
62974,85,EPS15,0.09,0.08182729999999999,1
62975,85,RNF213,0.05,0.0431767,1
62976,85,CTCF,1.0000000000000004,0.6907921,1
62977,85,WDCP,0.24000000000000002,0.14879509999999999,1
62978,85,KAT7,0.15000000000000002,0.1273381,1
62979,85,KDM5C,0.19000000000000003,0.180954,1
62980,85,TGFBR2,0.24,0.20714539999999998,1
62981,85,ATM,0.8000000000000004,0.8945116,1
62982,85,NUMA1,0.029999999999999995,0.036560300000000004,1
62983,85,STAT3,0.7700000000000005,0.8326900000000002,1
62984,85,SUB1,-0.1,-0.0452007,1
62985,85,NUP98,0.14999999999999997,0.18517850000000002,1
62986,85,ELL,0.030000000000000006,0.017204999999999998,1
62987,85,MAP3K1,0.36,0.30926560000000003,1
62988,85,MALT1,0.21,0.1865324,1
62989,85,XPO1,0.5900000000000002,0.4764108999999999,1
62990,85,SETD1B,0.27,0.21115210000000004,1
62991,85,ETV6,-0.12000000000000001,-0.022773899999999993,1
62992,85,TBL1XR1,0.23,0.1580621,1
62993,85,NUP214,-0.17,0.12592799999999998,1
62994,85,TPR,0.15,0.11748639999999999,1
62995,85,ATIC,0.06999999999999999,0.11619819999999999,1
62996,85,NACA,0.22999999999999998,0.1453214,1
62997,85,MYO5A,0.02,0.015229200000000002,1
62998,85,SMC1A,0.33999999999999997,0.43658699999999995,1
62999,85,LASP1,-0.28,-0.136364,1
63000,85,ERCC5,0.37000000000000005,0.23646620000000007,1
63001,85,JUN,-1.0499999999999998,-0.16692329999999997,1
63002,85,THRAP3,0.05999999999999999,0.0463161,1
63003,85,STAG2,0.30000000000000004,0.30912080000000003,1
63004,85,RAF1,0.9500000000000004,0.7357889,1
63005,85,ERCC3,0.53,0.4640196,1
63006,85,SMAD2,0.5800000000000003,0.5796848000000002,1
63007,85,TAF15,0.23000000000000004,0.18848340000000002,1
63008,85,ARNT,0.22,0.20898169999999996,1
63009,85,CLTC,-0.7200000000000001,-0.3144068,1
63010,85,IKBKB,0.5500000000000003,0.4849963000000001,1
63011,85,IDH1,-0.28,-0.0720091,1
63012,85,SND1,-0.010000000000000007,0.014874399999999994,1
63013,85,KNSTRN,0.02,0.015249,1
63014,85,RHOA,-2.580000000000001,-0.6270100000000001,1
63015,85,PALB2,0.6900000000000002,0.5904072,1
63016,85,ARID2,0.8700000000000001,0.6758647,1
63017,85,EZR,-0.13,-0.0330707,1
63018,85,TP53,0.11000000000000004,0.4452553000000001,1
63019,85,ARAF,0.33,0.1876756,1
63020,85,KIF5B,0.5200000000000001,0.38810409999999995,1
63021,85,KAT6A,0.21999999999999997,0.2310682,1
63022,85,KTN1,-0.060000000000000005,-0.006563199999999999,1
63023,85,GOLGA5,-0.07,-0.0449759,1
63024,85,KDM5A,0.30000000000000004,0.2820977,1
63025,85,RAD21,0.5900000000000001,0.49323920000000004,1
63026,85,GNAQ,0.28,0.21836509999999995,1
63027,85,CAMTA1,0.07,0.0518009,1
63028,85,ERCC2,0.6900000000000001,0.5419364999999999,1
63029,85,EZH2,1.6600000000000013,1.2957292,1
63030,85,TOP1,0.39000000000000007,0.3078723,1
63031,85,SRSF3,-0.21999999999999997,-0.03083989999999999,1
63032,85,NPM1,0.23999999999999996,0.2789638,1
63033,85,BAX,-0.64,-0.1487453,1
63034,85,NOTCH2,0.3,0.2561242,1
63035,85,TRAF7,0.01,0.0067971,1
63036,85,KDM6A,0.8400000000000003,0.8655372,1
63037,85,SPEN,0.13,0.10269600000000001,1
63038,85,TRIM27,-0.42000000000000004,-0.1350334,1
63039,85,CRTC1,0.16,0.12183279999999999,1
63040,85,EML4,0.2799999999999999,0.30893560000000003,1
63041,85,USP9X,-0.009999999999999998,-0.009333799999999996,1
63042,85,PTPRK,0.0,0.0,1
63043,85,CD74,-0.22,-0.021503499999999995,1
63044,85,CBL,0.3800000000000001,0.40144840000000004,1
63045,85,ZNF384,0.05,0.0404618,1
63046,85,NOTCH1,1.1700000000000006,0.8533786999999999,1
63047,85,COX6C,-0.14,-0.049976599999999996,1
63048,85,CHCHD7,0.03,0.020013899999999998,1
63049,85,HMGA1,-0.08,-0.03126620000000001,1
63050,85,PTEN,1.4200000000000008,1.257278,1
63051,85,FIP1L1,-0.03,-0.008559600000000004,1
63052,85,JAK1,0.8800000000000001,0.7306544000000003,1
63053,85,ZMYM2,0.010000000000000004,0.010731100000000004,1
63054,85,SUZ12,0.8500000000000003,0.6625158999999999,1
63055,85,FUS,-0.47,0.03458629999999999,1
63056,85,BAP1,-0.42,-0.1624017,1
63057,85,ZCCHC8,-0.11,-0.0264561,1
63058,85,CRNKL1,0.019999999999999997,0.0160849,1
63059,85,RAD17,0.19,0.13968719999999998,1
63060,85,ATP1A1,-0.01,-0.002969000000000001,1
63061,85,DNMT3A,1.0900000000000003,0.8849298,1
63062,85,FBXW7,0.8800000000000001,0.779921,1
63063,85,WWTR1,-0.05999999999999999,-0.013680899999999989,1
63064,85,CDKN1B,0.4799999999999999,0.3460477,1
63065,85,KMT2A,0.3400000000000001,0.3786377,1
63066,85,PTPN11,1.0500000000000005,0.8988175,1
63067,85,STAT5B,0.6800000000000002,0.5704779,1
63068,85,CUX1,-0.1,-0.0652961,1
63069,85,ABI1,-0.29999999999999993,-0.0814184,1
63070,85,BRCA1,1.670000000000001,1.3751054999999996,1
63071,85,SH2B3,0.09,0.053101100000000005,1
63072,85,AFF4,-0.040000000000000015,-0.003136300000000005,1
63073,85,NF2,0.13999999999999999,0.1401863,1
63074,85,LMNA,0.060000000000000005,0.043111399999999994,1
63075,85,TSC2,0.8700000000000003,0.7036462999999998,1
63076,85,GOLPH3,-0.060000000000000005,-0.041932000000000004,1
63077,85,PCM1,-0.05,-0.03926479999999999,1
63078,85,PPP2R1A,-0.58,-0.1541702,1
63079,85,ARID1A,1.7900000000000011,1.4388100000000001,1
63080,85,ABL1,-0.64,-0.08069519999999995,1
63081,85,AFF1,0.049999999999999996,0.0829529,1
63082,85,DAXX,-0.43999999999999995,-0.1079174,1
63083,85,CBFB,0.060000000000000005,0.11242970000000002,1
63084,85,CBLB,0.17,0.1476898,1
63085,85,POLR2A,-0.19,0.14256780000000005,1
63086,85,PRKACA,0.1900000000000001,0.25577819999999996,1
63087,85,DNM2,-0.09,-0.0375111,1
63088,85,RAP1GDS1,0.009999999999999995,0.031203,1
63089,85,NCOR1,0.8000000000000002,0.8300727000000001,1
63090,85,NFKBIE,-0.26,-0.0787872,1
63091,85,DDX3X,0.29000000000000004,0.2572785000000001,1
63092,85,ELK4,0.03,0.0245199,1
63093,85,MLLT6,0.07,0.0603879,1
63094,85,SRSF2,-2.87,-0.6807314,1
63095,85,CTNNA1,0.16,0.12598679999999998,1
63096,85,RBM10,0.15000000000000002,0.11074009999999998,1
63097,85,PTPRC,-0.03000000000000002,0.0853273,1
63098,85,HSP90AA1,1.1300000000000006,0.7397662999999997,1
63099,85,NSD1,0.26,0.21403629999999998,0
63100,85,DICER1,0.24999999999999997,0.24436360000000001,0
63101,85,BIRC6,0.09000000000000001,0.07852500000000001,0
63102,85,SDHC,0.31000000000000005,0.2171671,0
63103,85,TFG,0.24,0.1328693,0
63104,85,MAP2K2,0.23000000000000004,0.1992919,0
63105,85,TFRC,-0.26999999999999996,-0.1321156,0
63106,85,CREB1,0.7100000000000004,0.5561861,0
63107,85,POLG,0.02,0.0071524,0
63108,85,SETD2,0.6600000000000001,0.5673206,0
63109,85,NAB2,-0.32,-0.1150186,0
63110,85,HIF1A,1.5300000000000007,1.1253521000000002,0
63111,85,FLCN,0.05,0.0441345,0
63112,85,MAP2K4,0.019999999999999997,0.08347100000000002,0
63113,85,CNOT3,0.0,0.01161740000000001,0
63114,85,CIITA,0.11000000000000001,0.0722544,0
63115,85,LSM14A,0.09,0.07979649999999999,0
63116,85,AKAP9,-0.1,-0.0332524,0
63117,85,MSN,-0.2899999999999999,-0.06194799999999999,0
63118,85,BCR,0.019999999999999997,0.0336129,0
63119,85,TRRAP,0.04999999999999999,0.13726609999999997,0
63120,85,PPP6C,-0.15000000000000002,-0.07533410000000001,0
63121,85,NCOA4,-0.15,-0.07886049999999999,0
63122,85,BCL9,0.12,0.09765379999999999,0
63123,85,PRCC,0.05,0.03516470000000001,0
63124,85,LARP4B,0.0,0.0,0
63125,85,CHD2,0.01,0.0080467,0
63126,85,ASXL1,0.55,0.4870731,0
63127,85,SMARCA4,1.4000000000000008,1.0454397,0
63128,85,ERC1,-0.02,-0.015294799999999999,0
63129,85,DCTN1,-0.29,-0.1354527,0
63130,85,PIK3R1,1.4900000000000009,1.0477741,0
63131,85,EED,0.019999999999999987,0.051101799999999996,0
63132,85,CNBP,0.01,0.0051444,0
63133,85,SGK1,0.33999999999999997,0.2013647,0
63134,85,MLLT10,-0.15999999999999998,-0.07572790000000001,0
63135,85,BRD4,1.0300000000000002,0.7941983,0
63136,85,RANBP2,0.15000000000000005,0.19134880000000004,0
63137,85,FBXO11,0.060000000000000005,0.0489906,0
63138,85,PML,0.36,0.25819200000000003,0
63139,85,AKT2,0.9400000000000003,0.6578340000000001,0
63140,85,CEP89,0.08,0.0516447,0
63141,85,LZTR1,0.05,0.0673053,0
63142,85,YWHAE,0.30999999999999994,0.20475110000000002,0
63143,85,DNAJB1,-0.049999999999999996,-0.0116719,0
63144,85,PRDM2,0.01,0.0074336,0
63145,85,TPM4,0.48000000000000004,0.32106229999999997,0
63146,85,CREBBP,1.8100000000000012,1.4846526,0
63147,85,PMS2,0.6000000000000001,0.5636722000000001,0
63148,85,DDR2,0.04,0.027516,0
63149,85,FANCA,0.35000000000000003,0.28937880000000005,0
63150,85,PDE4DIP,0.060000000000000005,0.042601900000000005,0
63151,85,USP8,-0.060000000000000005,-0.029848600000000003,0
63152,85,MYH9,-0.36,-0.0740222,0
63153,85,MYC,-1.5100000000000007,-0.6049491999999999,0
63154,85,NBN,0.51,0.38486200000000004,0
63155,85,CCND3,-0.08000000000000002,0.006660399999999995,0
63156,85,TRIP11,-0.14,-0.0918276,0
63157,85,CNTRL,-0.06999999999999999,-0.048014499999999995,0
63158,85,PIK3CA,1.620000000000001,1.175029,0
63159,85,DDX5,0.3899999999999999,0.31637219999999994,0
63160,85,PICALM,0.0,0.005904100000000002,0
63161,85,RARA,0.4500000000000001,0.3407853,0
63162,85,DDX6,-0.04999999999999999,0.0501316,0
63163,85,COL1A1,0.10999999999999999,0.1209656,0
63164,85,VHL,0.19999999999999998,0.1467331,0
63165,85,MAPK1,1.5100000000000007,0.9561917,0
63166,85,SRC,-0.8399999999999999,-0.07069430000000002,0
63167,85,NFE2L2,0.26,0.16160670000000002,0
63168,85,MITF,-0.32999999999999996,-0.0658033,0
63169,85,SMAD3,1.1800000000000008,0.9046797,0
63170,85,RBM15,0.08,0.0680304,0
63171,85,ATR,0.7200000000000003,0.6193586999999999,0
63172,85,EPAS1,0.39999999999999997,0.3692000000000001,0
63173,85,TPM3,0.24000000000000005,0.17738680000000004,0
63174,85,RPL10,0.11000000000000001,0.11827490000000002,0
63175,85,STAG1,0.14,0.1482019,0
63176,85,SBDS,-0.09,-0.028973699999999998,0
63177,85,KMT2D,0.9800000000000004,0.7264381,0
63178,85,MED12,0.32,0.25297600000000003,0
63179,85,BCLAF1,-0.01999999999999999,0.0342037,0
63180,85,ASPSCR1,-3.469446951953614e-18,0.005850700000000004,0
63181,85,CDK12,0.3,0.2179205,0
63182,85,EWSR1,0.3999999999999999,0.3438351,0
63183,85,NDRG1,-0.05,-0.01764480000000001,0
63184,85,PSIP1,-0.17,-0.07755859999999999,0
63185,85,TRIM33,0.08,0.0671831,0
63186,85,MTOR,1.2300000000000004,0.9006803999999999,0
63187,85,ARHGAP35,0.14,0.14794920000000003,0
63188,85,POT1,-0.04,-0.0023913000000000007,0
63189,85,EXT1,0.1,0.06592,0
63190,85,IL6ST,0.29000000000000004,0.21988159999999998,0
63191,85,IDH2,0.11999999999999998,0.10503110000000002,0
63192,85,SMARCE1,0.5,0.3232325,0
63193,85,CRTC3,0.09,0.0658231,0
63194,85,TSC1,0.35000000000000003,0.2982072,0
63195,85,BCOR,-0.16999999999999998,-0.006379000000000003,0
63196,85,SDHA,0.25,0.15678950000000003,0
63197,85,EP300,1.6800000000000015,1.3755115999999996,0
63198,85,HNRNPA2B1,0.3399999999999999,0.25853689999999996,0
63199,85,CLIP1,-0.11,-0.05621770000000001,0
63200,85,PATZ1,-0.5,-0.1323138,0
63201,85,FUBP1,-0.12,0.002370300000000004,0
63202,85,HLA-A,-0.17000000000000004,0.0031982999999999873,0
63203,85,CCNC,-0.06,-0.023215399999999994,0
63204,85,RPN1,-0.31999999999999995,-0.08036539999999999,0
63205,85,TCF7L2,0.019999999999999983,0.06680549999999996,0
63206,85,CANT1,0.12,0.06988250000000001,0
63207,85,RPL5,-0.7,-0.1885247,0
63208,85,CCDC6,-0.03,0.04268780000000003,0
63209,85,NCKIPSD,0.04,0.0229813,0
63210,85,SMARCD1,0.44,0.3018401,0
63211,85,BCL10,6.938893903907228e-18,0.0358436,0
63212,85,MAX,0.019999999999999993,0.027898299999999997,0
63213,85,HERPUD1,0.02,0.0079024,0
63214,85,RAC1,-0.18,0.029535599999999995,0
63215,85,FLNA,0.04,0.0708344,0
63216,85,TFE3,-0.42000000000000004,-0.1716883,0
63217,85,NCOR2,0.7600000000000002,0.5801559000000001,0
63218,85,PRPF40B,-0.01,-0.005537000000000001,0
63219,85,BCL3,-0.05999999999999999,-0.0104964,0
63220,85,TFPT,-0.24000000000000002,-0.08831280000000001,0
63221,85,MLH1,0.8000000000000003,0.6860807000000001,0
63222,85,ARHGAP5,0.15000000000000002,0.12845890000000001,0
63223,85,CIC,0.0,0.0,0
63224,85,LYN,0.8300000000000003,0.5893349,0
63225,85,TCF12,0.3,0.23968250000000002,0
63226,85,KLF6,0.03,0.0160811,0
63227,85,KMT2C,1.0900000000000003,0.8588016,0
63228,85,PIM1,-0.15,-0.0511418,0
63229,85,CCND1,1.1600000000000006,0.7235265000000001,0
63230,85,MLLT1,-1.01,-0.29380120000000004,0
63231,85,MEN1,0.040000000000000015,0.0698408,0
63232,85,CUL3,0.14,0.1255199,0
63233,85,RB1,0.6599999999999999,0.5023941000000001,0
63234,85,LPP,-0.09,-0.024669999999999997,0
63235,85,BUB1B,-0.13,-0.06093679999999999,0
63236,85,SMAD4,1.4000000000000008,1.0746338000000002,0
63237,85,FGFR1,0.27,0.1834406,0
63238,85,TMSB4X,0.04,0.030915599999999998,0
63239,85,CDK4,0.4900000000000001,0.35847870000000004,0
63240,85,MSI2,0.01,0.0072595,0
63241,85,MSH6,0.9000000000000005,0.7244278,0
63242,85,BRAF,0.9500000000000004,0.8424631,0
63243,85,TCEA1,-0.05,-0.00045890000000000167,0
63244,85,TNFAIP3,0.10999999999999999,0.1167696,0
63245,85,RABEP1,-0.010000000000000002,-0.007248400000000002,0
63246,85,GMPS,-0.06,-0.0370434,0
63247,85,MDM2,1.2800000000000007,0.8645167,0
63248,85,NSD2,0.19999999999999998,0.1420553,0
63249,85,CASP8,-0.05000000000000001,0.1815492,0
63250,85,PER1,-0.2,-0.0483758,0
63251,85,UBR5,-0.019999999999999997,0.005265200000000005,0
63252,85,EIF3E,-0.09999999999999995,0.040311700000000006,0
63253,85,RFWD3,0.03,0.027894000000000002,0
63254,85,BRD3,0.1,0.0965986,0
63255,85,PAFAH1B2,0.02,0.0164446,0
63256,85,EXT2,0.0,0.002912999999999999,0
63257,85,PLCG1,0.57,0.39932599999999996,0
63258,85,SF3B1,-0.27999999999999997,-0.1045496,0
63259,85,ARHGEF10L,0.02,0.0111816,0
63260,85,NFATC2,0.21000000000000002,0.14526039999999998,0
63261,85,SDHD,0.3,0.17265640000000002,0
63262,85,PABPC1,-0.81,-0.20880149999999997,0
63263,85,POLD1,-0.41,-0.1016025,0
63264,85,CALR,0.009999999999999992,0.0222013,0
63265,85,PIK3CB,0.49,0.42592030000000003,0
63266,85,PPM1D,0.19000000000000003,0.14319260000000003,0
63267,85,ATRX,0.9800000000000006,0.7897003000000002,0
63268,85,DGCR8,0.14,0.08811669999999999,0
63269,85,DDX10,0.11,0.0736601,0
63270,85,DROSHA,0.39,0.28571199999999997,0
63271,85,TNFRSF14,-0.13999999999999999,-0.053124399999999995,0
63272,85,BCL9L,0.13999999999999999,0.096949,0
63273,85,QKI,-0.060000000000000005,-0.0385003,0
63274,85,BAZ1A,0.01,0.0072795,0
63275,85,CHD4,0.18999999999999992,0.18151449999999997,0
63276,85,NSD3,0.07999999999999999,0.0689486,0
63277,85,NT5C2,0.15,0.0924201,0
63278,85,CCNB1IP1,0.08,0.033451100000000004,0
63279,85,PCBP1,-0.81,-0.25022209999999995,0
63280,85,RALGDS,0.13999999999999999,0.0989178,0
63281,85,ARHGEF12,-0.019999999999999997,-0.0018738000000000019,0
63282,85,HSP90AB1,1.0900000000000005,0.7291315999999999,0
63283,85,FOXO3,1.2000000000000006,0.8300363000000002,0
63284,85,HIP1,-0.01,-0.005875,0
63285,85,CDC73,-0.12999999999999998,-0.011600699999999995,0
63286,85,NIN,0.019999999999999997,0.0153712,0
63287,85,MDM4,0.15000000000000002,0.1752165,0
63288,85,COL3A1,0.16,0.1452376,0
63289,85,CTNND1,0.08000000000000002,0.11875640000000001,0
63290,85,SPOP,-0.029999999999999995,0.008223399999999992,0
63291,85,TMEM127,0.07,0.06046270000000001,0
63292,85,CREB3L2,0.11,0.06217390000000001,0
63293,85,MSH2,0.8800000000000003,0.7002733000000001,0
63294,85,FNBP1,0.01,0.012956900000000002,0
63295,85,ATF1,0.06,0.0374571,0
63296,85,EIF1AX,-0.53,-0.2315816,0
63297,85,PMS1,0.46,0.3600300000000001,0
63298,85,DEK,0.08000000000000002,0.0855323,0
63299,85,ERBB2,1.0400000000000005,0.6677894000000001,0
63300,85,AKT1,0.9700000000000004,0.6381996000000001,0
63301,85,CHEK2,0.2800000000000001,0.3421918000000001,0
63302,85,SDHB,0.38999999999999996,0.25378759999999995,0
63303,85,NCOA1,0.4099999999999999,0.2903427,0
63304,85,CHIC2,0.049999999999999996,0.027085500000000002,0
63305,85,RUNX1,0.4800000000000002,0.6852902999999998,0
63306,85,STAT6,0.31000000000000005,0.22219350000000002,0
63307,85,FH,-0.16999999999999998,-0.057273,0
63308,85,AKT3,1.0300000000000005,0.6919018000000001,0
63309,85,GNAS,0.22000000000000003,0.1400313,0
63310,85,CTNNB1,1.4400000000000006,0.9954436,0
63311,85,NONO,0.16,0.1155049,0
63312,85,SMARCB1,0.9200000000000004,0.6823824,0
63313,85,PRKAR1A,0.09,0.0985023,0
63314,85,ITGAV,0.010000000000000005,0.037958200000000004,0
63315,85,SS18,0.38,0.24779050000000002,0
63316,85,MAP2K1,1.1300000000000006,0.7358805999999998,0
63317,85,SIRPA,0.0,0.0012960000000000003,0
63318,85,PPFIBP1,0.38,0.25658390000000003,0
63319,85,RPL22,-0.24999999999999997,0.07934120000000003,0
63320,85,CYLD,0.28,0.21923620000000002,0
63321,85,ARID1B,0.6499999999999999,0.48821040000000004,0
63322,85,SETDB1,0.32,0.2325368,0
63323,85,AFDN,-0.3999999999999999,-0.15124869999999999,0
63324,85,ZRSR2,0.23000000000000004,0.17193889999999998,0
63325,85,PBRM1,0.9700000000000004,0.7191677999999999,0
63326,85,XPC,0.6000000000000001,0.4206983000000001,0
63327,85,ASXL2,0.23,0.15258739999999998,0
63328,85,TRIM24,-0.21,-0.0857985,0
63329,85,SFPQ,-0.05,0.03640080000000001,0
63330,85,NCOA2,0.5300000000000001,0.38270380000000004,0
63331,85,FOXO4,0.38,0.246108,0
63332,85,LEF1,0.10000000000000002,0.0749939,0
63333,85,B2M,-0.56,-0.2192985,0
63334,85,DDIT3,-0.42,-0.1093996,0
63335,85,BCL6,0.6500000000000001,0.4647617000000001,0
63336,85,KRAS,-1.4200000000000004,-0.4032235000000001,0
63337,85,FAT1,0.060000000000000005,0.05613380000000001,0
63338,85,ABL2,0.09000000000000001,0.06555290000000001,0
63339,85,NF1,0.8600000000000003,0.7137585000000003,0
63340,85,BTG1,-0.02,-0.010209999999999999,0
63341,85,EIF4A2,0.13,0.0983608,0
63342,85,SET,0.19,0.15484599999999998,0
63343,85,EPS15,0.04,0.03948410000000001,0
63344,85,RNF213,0.04,0.031990199999999996,0
63345,85,CTCF,0.8900000000000003,0.6440207000000001,0
63346,85,WDCP,0.13,0.08249049999999998,0
63347,85,KAT7,0.13,0.1009063,0
63348,85,KDM5C,0.12,0.1295484,0
63349,85,TGFBR2,0.2899999999999999,0.21326310000000004,0
63350,85,ATM,1.4000000000000008,1.1215172000000007,0
63351,85,NUMA1,0.010000000000000002,0.014745399999999999,0
63352,85,STAT3,1.4200000000000006,1.1393677999999998,0
63353,85,SUB1,-0.22999999999999998,-0.0901916,0
63354,85,NUP98,0.08,0.10511479999999997,0
63355,85,ELL,-0.019999999999999987,0.018295400000000003,0
63356,85,MAP3K1,0.43,0.329767,0
63357,85,MALT1,0.10000000000000002,0.1285133,0
63358,85,XPO1,0.3400000000000001,0.2833967,0
63359,85,SETD1B,0.15,0.1075993,0
63360,85,ETV6,-0.16999999999999998,-0.06111299999999999,0
63361,85,TBL1XR1,0.22,0.15167219999999998,0
63362,85,NUP214,1.9081958235744878e-17,0.09629450000000002,0
63363,85,TPR,0.09000000000000002,0.09213999999999999,0
63364,85,ATIC,-0.009999999999999995,0.0067672999999999935,0
63365,85,NACA,0.23,0.1507047,0
63366,85,MYO5A,0.030000000000000002,0.025056500000000002,0
63367,85,SMC1A,0.5800000000000001,0.5091978,0
63368,85,LASP1,-0.2,-0.1157162,0
63369,85,ERCC5,0.47000000000000003,0.314411,0
63370,85,JUN,0.1,0.26138250000000013,0
63371,85,THRAP3,0.09000000000000001,0.0762807,0
63372,85,STAG2,0.52,0.40148029999999996,0
63373,85,RAF1,1.1100000000000003,0.7942195,0
63374,85,ERCC3,0.47000000000000003,0.4070924,0
63375,85,SMAD2,0.4600000000000002,0.45441170000000003,0
63376,85,TAF15,0.16000000000000003,0.14221200000000003,0
63377,85,ARNT,0.33999999999999997,0.28068000000000004,0
63378,85,CLTC,-0.48,-0.26242309999999996,0
63379,85,IKBKB,0.5400000000000003,0.45896410000000004,0
63380,85,IDH1,-0.5099999999999999,-0.1370499,0
63381,85,SND1,-0.03,-0.013367499999999997,0
63382,85,KNSTRN,0.03,0.0237183,0
63383,85,RHOA,-1.3100000000000003,-0.3561507,0
63384,85,PALB2,0.5599999999999999,0.4844484,0
63385,85,ARID2,0.7300000000000002,0.5479021000000001,0
63386,85,EZR,-0.07000000000000002,0.009090799999999996,0
63387,85,TP53,-0.75,0.06480230000000003,0
63388,85,ARAF,0.38,0.2134888,0
63389,85,KIF5B,0.38,0.2768541,0
63390,85,KAT6A,0.18999999999999997,0.1873823,0
63391,85,KTN1,-0.08,-0.0234745,0
63392,85,GOLGA5,-0.13,-0.0851746,0
63393,85,KDM5A,0.26,0.23208630000000002,0
63394,85,RAD21,0.46000000000000013,0.3660093,0
63395,85,GNAQ,0.15,0.1001514,0
63396,85,CAMTA1,0.0,0.001394600000000001,0
63397,85,ERCC2,0.6000000000000001,0.4434237000000001,0
63398,85,EZH2,1.8000000000000012,1.1932588,0
63399,85,TOP1,0.14,0.12331279999999999,0
63400,85,SRSF3,-0.33000000000000007,-0.1053937,0
63401,85,NPM1,0.07,0.19186310000000004,0
63402,85,BAX,-0.54,-0.15466739999999998,0
63403,85,NOTCH2,0.28,0.22378139999999996,0
63404,85,TRAF7,0.03,0.023496899999999998,0
63405,85,KDM6A,0.7800000000000002,0.6827756,0
63406,85,SPEN,0.09,0.06863620000000001,0
63407,85,TRIM27,-0.38,-0.1430628,0
63408,85,CRTC1,0.14,0.10776659999999999,0
63409,85,EML4,0.21999999999999995,0.1899225999999999,0
63410,85,USP9X,-0.049999999999999996,-0.0322249,0
63411,85,PTPRK,0.01,0.0071577,0
63412,85,CD74,-0.11000000000000001,0.004001599999999988,0
63413,85,CBL,0.5900000000000001,0.4421869000000001,0
63414,85,ZNF384,-0.06,-0.0286646,0
63415,85,NOTCH1,1.1100000000000005,0.8224689000000003,0
63416,85,COX6C,-0.16,-0.0627338,0
63417,85,CHCHD7,0.02,0.0130622,0
63418,85,HMGA1,-0.17,-0.0665085,0
63419,85,PTEN,1.600000000000001,1.2723592,0
63420,85,FIP1L1,-0.05000000000000001,-0.0294841,0
63421,85,JAK1,0.7800000000000002,0.6224485999999999,0
63422,85,ZMYM2,-0.08000000000000002,-0.05576389999999999,0
63423,85,SUZ12,0.7300000000000001,0.5532708,0
63424,85,FUS,-0.27,0.0647638,0
63425,85,BAP1,0.019999999999999997,0.0444075,0
63426,85,ZCCHC8,-0.08,-0.021764000000000002,0
63427,85,CRNKL1,-0.04,-0.022959400000000005,0
63428,85,RAD17,0.09999999999999999,0.07652959999999999,0
63429,85,ATP1A1,0.0,0.0005129999999999978,0
63430,85,DNMT3A,0.8600000000000003,0.6413772,0
63431,85,FBXW7,1.0100000000000005,0.7839315000000002,0
63432,85,WWTR1,-0.06,-0.028905100000000003,0
63433,85,CDKN1B,0.5700000000000001,0.3542502,0
63434,85,KMT2A,0.4600000000000001,0.38276350000000003,0
63435,85,PTPN11,0.9400000000000004,0.7019842000000001,0
63436,85,STAT5B,0.6200000000000001,0.4900929,0
63437,85,CUX1,-0.11000000000000001,-0.07359249999999999,0
63438,85,ABI1,-0.42999999999999994,-0.1397865,0
63439,85,BRCA1,1.630000000000001,1.3316245000000002,0
63440,85,SH2B3,0.04,0.033129599999999995,0
63441,85,AFF4,0.039999999999999994,0.044989299999999996,0
63442,85,NF2,0.01999999999999999,0.0753646,0
63443,85,LMNA,0.08,0.06431959999999999,0
63444,85,TSC2,0.5900000000000001,0.47919319999999993,0
63445,85,GOLPH3,-0.13999999999999999,-0.07871020000000001,0
63446,85,PCM1,-0.060000000000000005,-0.0401966,0
63447,85,PPP2R1A,-0.54,-0.1804655,0
63448,85,ARID1A,1.7600000000000011,1.2842836,0
63449,85,ABL1,0.13000000000000012,0.17220930000000004,0
63450,85,AFF1,0.27,0.2053474,0
63451,85,DAXX,-0.27,-0.07315119999999999,0
63452,85,CBFB,0.12999999999999998,0.1003754,0
63453,85,CBLB,0.14,0.10897970000000001,0
63454,85,POLR2A,-2.7755575615628914e-17,0.16648380000000002,0
63455,85,PRKACA,0.35000000000000003,0.2633484000000001,0
63456,85,DNM2,-0.12000000000000001,-0.04381610000000001,0
63457,85,RAP1GDS1,-0.04,-0.015266000000000012,0
63458,85,NCOR1,0.8800000000000002,0.7792042,0
63459,85,NFKBIE,-0.3,-0.0950986,0
63460,85,DDX3X,0.09,0.11443619999999999,0
63461,85,ELK4,0.02,0.015007,0
63462,85,MLLT6,0.13,0.0955011,0
63463,85,SRSF2,-1.32,-0.39569509999999997,0
63464,85,CTNNA1,0.09999999999999999,0.0722132,0
63465,85,RBM10,0.21000000000000002,0.1437122,0
63466,85,PTPRC,0.09,0.11219870000000001,0
63467,85,HSP90AA1,1.0900000000000007,0.7262334000000001,0
63468,86,NSD1,0.34,0.30035680000000003,1
63469,86,DICER1,0.26,0.28992380000000006,1
63470,86,BIRC6,0.12000000000000001,0.1130845,1
63471,86,SDHC,0.43999999999999995,0.3332979999999999,1
63472,86,TFG,0.22,0.13935200000000003,1
63473,86,MAP2K2,0.33,0.2262421,1
63474,86,TFRC,-0.28,-0.11416930000000002,1
63475,86,CREB1,0.8500000000000004,0.7723374,1
63476,86,POLG,0.0,0.0,1
63477,86,SETD2,0.7000000000000002,0.6497021000000001,1
63478,86,NAB2,-0.54,-0.1499798,1
63479,86,HIF1A,1.680000000000001,1.3165003000000004,1
63480,86,FLCN,-0.029999999999999992,0.0237099,1
63481,86,MAP2K4,0.010000000000000009,0.09664990000000001,1
63482,86,CNOT3,0.06000000000000001,0.0588393,1
63483,86,CIITA,0.06999999999999999,0.0417178,1
63484,86,LSM14A,0.15,0.1268626,1
63485,86,AKAP9,-0.07,0.00977589999999999,1
63486,86,MSN,-0.22000000000000003,-0.06889870000000002,1
63487,86,BCR,-0.08000000000000002,0.03552089999999999,1
63488,86,TRRAP,-0.07,0.21164590000000003,1
63489,86,PPP6C,-0.13,-0.058119699999999996,1
63490,86,NCOA4,-0.11000000000000001,-0.02770310000000001,1
63491,86,BCL9,0.2,0.17017,1
63492,86,PRCC,0.10999999999999999,0.08528619999999999,1
63493,86,LARP4B,0.03,0.022545,1
63494,86,CHD2,0.02,0.018059600000000002,1
63495,86,ASXL1,0.3500000000000001,0.40234999999999993,1
63496,86,SMARCA4,2.0000000000000013,1.5983661,1
63497,86,ERC1,-0.03,-0.023329199999999998,1
63498,86,DCTN1,-0.010000000000000016,0.021347999999999992,1
63499,86,PIK3R1,1.1500000000000006,0.9741174000000001,1
63500,86,EED,0.16,0.1180059,1
63501,86,CNBP,0.02,0.012310399999999999,1
63502,86,SGK1,0.49,0.3459141,1
63503,86,MLLT10,-0.29,-0.17971169999999997,1
63504,86,BRD4,0.9300000000000004,0.8650400999999998,1
63505,86,RANBP2,0.32000000000000006,0.3078013,1
63506,86,FBXO11,0.06,0.0520628,1
63507,86,PML,0.3600000000000001,0.24037749999999997,1
63508,86,AKT2,1.1500000000000006,0.8563569000000001,1
63509,86,CEP89,0.06,0.0382318,1
63510,86,LZTR1,0.1,0.12104849999999998,1
63511,86,YWHAE,0.28,0.1808467,1
63512,86,DNAJB1,-0.09,-0.027257100000000006,1
63513,86,PRDM2,0.05,0.0416606,1
63514,86,TPM4,0.51,0.3629968,1
63515,86,CREBBP,2.0900000000000007,1.7517879,1
63516,86,PMS2,0.74,0.6547203999999999,1
63517,86,DDR2,0.03,0.021756599999999997,1
63518,86,FANCA,0.39000000000000007,0.33654740000000005,1
63519,86,PDE4DIP,0.08,0.0631822,1
63520,86,USP8,-0.04000000000000001,-0.012437000000000004,1
63521,86,MYH9,-0.32000000000000006,-0.07524039999999999,1
63522,86,MYC,-0.9400000000000002,-0.1430976,1
63523,86,NBN,0.6200000000000001,0.5145839,1
63524,86,CCND3,-0.09999999999999999,-0.005111799999999996,1
63525,86,TRIP11,-0.08,-0.061270099999999994,1
63526,86,CNTRL,-0.07,-0.057005400000000005,1
63527,86,PIK3CA,1.130000000000001,1.0288654999999998,1
63528,86,DDX5,0.26999999999999996,0.2815232,1
63529,86,PICALM,0.009999999999999995,0.014364299999999997,1
63530,86,RARA,-0.08000000000000003,0.05541099999999999,1
63531,86,DDX6,-0.009999999999999988,0.1024765,1
63532,86,COL1A1,0.19999999999999998,0.17560450000000005,1
63533,86,VHL,0.3,0.22468510000000003,1
63534,86,MAPK1,1.750000000000001,1.2898074000000004,1
63535,86,SRC,0.40000000000000013,0.4093810000000001,1
63536,86,NFE2L2,0.35,0.26719269999999995,1
63537,86,MITF,-0.25,-0.0656727,1
63538,86,SMAD3,1.300000000000001,1.2065767000000003,1
63539,86,RBM15,0.09,0.0818874,1
63540,86,ATR,0.7200000000000002,0.6157511000000001,1
63541,86,EPAS1,0.39999999999999997,0.3897832,1
63542,86,TPM3,0.19000000000000003,0.14243990000000004,1
63543,86,RPL10,0.13,0.12399290000000002,1
63544,86,STAG1,0.15000000000000002,0.1657828,1
63545,86,SBDS,-0.02,-0.0084136,1
63546,86,KMT2D,1.0300000000000002,0.8537804000000001,1
63547,86,MED12,0.35000000000000003,0.315034,1
63548,86,BCLAF1,-0.039999999999999994,0.03564810000000001,1
63549,86,ASPSCR1,-0.02000000000000001,-0.005921500000000007,1
63550,86,CDK12,0.54,0.45357749999999997,1
63551,86,EWSR1,0.23,0.3022735,1
63552,86,NDRG1,-0.04,-0.0070189000000000015,1
63553,86,PSIP1,0.07999999999999997,0.0821565,1
63554,86,TRIM33,0.13,0.11348369999999999,1
63555,86,MTOR,0.9900000000000003,0.8489638000000003,1
63556,86,ARHGAP35,0.16000000000000003,0.15862590000000001,1
63557,86,POT1,1.734723475976807e-18,0.010028900000000002,1
63558,86,EXT1,0.1,0.07581500000000001,1
63559,86,IL6ST,0.34,0.29274140000000004,1
63560,86,IDH2,-0.08999999999999996,0.0146943,1
63561,86,SMARCE1,0.38,0.2640251,1
63562,86,CRTC3,0.09999999999999999,0.0850898,1
63563,86,TSC1,0.35,0.3371668,1
63564,86,BCOR,-0.11000000000000001,0.013606200000000006,1
63565,86,SDHA,0.25000000000000006,0.19551169999999998,1
63566,86,EP300,2.2900000000000005,1.9994023,1
63567,86,HNRNPA2B1,0.45,0.31749130000000003,1
63568,86,CLIP1,-0.13,-0.07493970000000001,1
63569,86,PATZ1,-0.62,-0.1514626,1
63570,86,FUBP1,-0.14,-0.013954600000000006,1
63571,86,HLA-A,-0.11,0.003920100000000003,1
63572,86,CCNC,-0.26,-0.10527770000000002,1
63573,86,RPN1,-0.17,-0.0686823,1
63574,86,TCF7L2,-0.02000000000000002,0.0697977,1
63575,86,CANT1,-0.009999999999999981,0.011370500000000006,1
63576,86,RPL5,-0.58,-0.1879838,1
63577,86,CCDC6,0.09,0.10243920000000001,1
63578,86,NCKIPSD,-0.07,-0.021126000000000002,1
63579,86,SMARCD1,0.46,0.38504379999999994,1
63580,86,BCL10,-0.08000000000000002,0.029826000000000002,1
63581,86,MAX,0.1,0.11785270000000002,1
63582,86,HERPUD1,-0.04,-0.0099468,1
63583,86,RAC1,0.03999999999999998,0.1340182,1
63584,86,FLNA,0.16,0.12230280000000002,1
63585,86,TFE3,-0.7300000000000001,-0.27903010000000006,1
63586,86,NCOR2,0.6600000000000001,0.5584840999999999,1
63587,86,PRPF40B,0.030000000000000002,0.023929200000000005,1
63588,86,BCL3,-0.15,-0.041051500000000005,1
63589,86,TFPT,-0.44,-0.116502,1
63590,86,MLH1,0.8200000000000001,0.7590163000000001,1
63591,86,ARHGAP5,0.09999999999999999,0.1127852,1
63592,86,CIC,0.01,0.007271,1
63593,86,LYN,0.75,0.5856673,1
63594,86,TCF12,0.35000000000000003,0.2931106,1
63595,86,KLF6,0.05,0.03271569999999999,1
63596,86,KMT2C,0.9200000000000004,0.8045846000000002,1
63597,86,PIM1,-0.07999999999999997,0.00040390000000000564,1
63598,86,CCND1,1.3900000000000008,0.8782273000000005,1
63599,86,MLLT1,-1.6300000000000001,-0.4022103,1
63600,86,MEN1,-0.11000000000000001,-0.023697900000000004,1
63601,86,CUL3,0.1,0.15929880000000002,1
63602,86,RB1,0.6500000000000001,0.561286,1
63603,86,LPP,-0.14,-0.027324799999999996,1
63604,86,BUB1B,-0.15999999999999998,-0.0381909,1
63605,86,SMAD4,1.630000000000001,1.336775,1
63606,86,FGFR1,0.25999999999999995,0.2442196,1
63607,86,TMSB4X,0.03,0.0227289,1
63608,86,CDK4,0.9300000000000004,0.6502734,1
63609,86,MSI2,0.01,0.0080707,1
63610,86,MSH6,1.0000000000000004,0.8753279,1
63611,86,BRAF,1.2900000000000007,1.1610824,1
63612,86,TCEA1,-0.14,-0.028407499999999985,1
63613,86,TNFAIP3,0.13,0.12453600000000001,1
63614,86,RABEP1,0.010000000000000002,0.008384000000000003,1
63615,86,GMPS,-0.08000000000000003,-0.0388394,1
63616,86,MDM2,0.9700000000000006,0.8326115000000002,1
63617,86,NSD2,0.24,0.1955724,1
63618,86,CASP8,-0.15000000000000002,0.116594,1
63619,86,PER1,-0.18,-0.06856400000000001,1
63620,86,UBR5,0.04,0.05870510000000001,1
63621,86,EIF3E,0.02000000000000001,0.05728600000000002,1
63622,86,RFWD3,0.04,0.03852900000000001,1
63623,86,BRD3,0.12000000000000001,0.09109769999999999,1
63624,86,PAFAH1B2,0.03,0.0276219,1
63625,86,EXT2,0.020000000000000004,0.018091000000000003,1
63626,86,PLCG1,0.41,0.3967017,1
63627,86,SF3B1,-0.54,-0.25593180000000004,1
63628,86,ARHGEF10L,0.04,0.0215008,1
63629,86,NFATC2,0.24000000000000002,0.1827799,1
63630,86,SDHD,0.29000000000000004,0.21658940000000002,1
63631,86,PABPC1,-1.07,-0.29034439999999995,1
63632,86,POLD1,-0.32999999999999996,-0.08152090000000001,1
63633,86,CALR,0.07,0.0760485,1
63634,86,PIK3CB,0.7200000000000002,0.6173206000000001,1
63635,86,PPM1D,0.30000000000000004,0.2436255,1
63636,86,ATRX,1.0400000000000005,0.9208742999999999,1
63637,86,DGCR8,0.18,0.1426331,1
63638,86,DDX10,0.16,0.12804710000000002,1
63639,86,DROSHA,0.52,0.4256467,1
63640,86,TNFRSF14,-0.19,-0.061199,1
63641,86,BCL9L,0.15000000000000002,0.1185683,1
63642,86,QKI,0.05,0.0388238,1
63643,86,BAZ1A,0.01,0.0080828,1
63644,86,CHD4,0.37,0.33072290000000004,1
63645,86,NSD3,0.11,0.1226082,1
63646,86,NT5C2,0.17,0.0991077,1
63647,86,CCNB1IP1,0.15000000000000002,0.0701824,1
63648,86,PCBP1,-0.9700000000000001,-0.24797370000000002,1
63649,86,RALGDS,-0.06999999999999999,0.03707970000000001,1
63650,86,ARHGEF12,-0.020000000000000004,0.0286846,1
63651,86,HSP90AB1,1.0800000000000003,0.7532842000000001,1
63652,86,FOXO3,1.4600000000000009,1.1328858999999998,1
63653,86,HIP1,-0.01,-0.006646,1
63654,86,CDC73,0.029999999999999995,0.07482619999999998,1
63655,86,NIN,3.469446951953614e-18,-0.0021482999999999954,1
63656,86,MDM4,0.07,0.1613073,1
63657,86,COL3A1,0.22,0.18349800000000002,1
63658,86,CTNND1,0.14,0.16768260000000001,1
63659,86,SPOP,0.1,0.10610010000000002,1
63660,86,TMEM127,0.060000000000000005,0.04270760000000001,1
63661,86,CREB3L2,0.13000000000000003,0.08469670000000001,1
63662,86,MSH2,0.9400000000000004,0.8404981,1
63663,86,FNBP1,0.03,0.043117699999999995,1
63664,86,ATF1,0.17,0.1207232,1
63665,86,EIF1AX,-0.52,-0.20432390000000003,1
63666,86,PMS1,0.5299999999999999,0.4217639,1
63667,86,DEK,0.18999999999999997,0.1573315,1
63668,86,ERBB2,0.9300000000000004,0.6221608,1
63669,86,AKT1,0.9500000000000004,0.6218748000000001,1
63670,86,CHEK2,0.6900000000000002,0.6544763000000001,1
63671,86,SDHB,0.4100000000000001,0.3058556,1
63672,86,NCOA1,0.41000000000000003,0.34205230000000003,1
63673,86,CHIC2,0.08,0.0548424,1
63674,86,RUNX1,0.2500000000000001,0.6358505,1
63675,86,STAT6,0.41000000000000003,0.3576308,1
63676,86,FH,-0.01999999999999999,0.03127200000000002,1
63677,86,AKT3,1.0800000000000003,0.8251496000000003,1
63678,86,GNAS,0.38,0.27318900000000007,1
63679,86,CTNNB1,1.4900000000000009,1.0697107999999995,1
63680,86,NONO,0.3,0.26942760000000004,1
63681,86,SMARCB1,1.0000000000000004,0.8098620999999999,1
63682,86,PRKAR1A,0.21,0.20375130000000002,1
63683,86,ITGAV,-0.03,0.043012800000000004,1
63684,86,SS18,0.41000000000000003,0.301283,1
63685,86,MAP2K1,1.0200000000000002,0.6326848,1
63686,86,SIRPA,-0.08000000000000002,-0.020501600000000005,1
63687,86,PPFIBP1,0.41,0.30674900000000005,1
63688,86,RPL22,-0.09999999999999998,0.09772750000000002,1
63689,86,CYLD,0.31000000000000005,0.25324670000000005,1
63690,86,ARID1B,0.8300000000000001,0.6616299999999999,1
63691,86,SETDB1,0.32,0.2430135,1
63692,86,AFDN,-0.42000000000000004,-0.12553430000000002,1
63693,86,ZRSR2,-0.12,-0.07891139999999999,1
63694,86,PBRM1,1.0400000000000005,0.8211963,1
63695,86,XPC,0.49000000000000005,0.32194100000000003,1
63696,86,ASXL2,0.29000000000000004,0.22036,1
63697,86,TRIM24,-0.12000000000000001,0.017505599999999986,1
63698,86,SFPQ,-0.41000000000000003,-0.12946349999999998,1
63699,86,NCOA2,0.6100000000000001,0.5248113,1
63700,86,FOXO4,0.41000000000000003,0.2598172,1
63701,86,LEF1,0.14999999999999997,0.1613134,1
63702,86,B2M,-0.36999999999999994,-0.17002830000000005,1
63703,86,DDIT3,-0.35000000000000003,-0.1110382,1
63704,86,BCL6,0.31000000000000005,0.26820000000000005,1
63705,86,KRAS,-0.2899999999999999,0.05580189999999999,1
63706,86,FAT1,0.11,0.0888761,1
63707,86,ABL2,0.11,0.08893870000000001,1
63708,86,NF1,1.3200000000000005,1.1109722000000002,1
63709,86,BTG1,-0.07,-0.029467200000000002,1
63710,86,EIF4A2,0.07,0.0453287,1
63711,86,SET,0.16999999999999998,0.14154280000000002,1
63712,86,EPS15,0.10999999999999999,0.098947,1
63713,86,RNF213,0.05,0.0442211,1
63714,86,CTCF,1.1100000000000005,0.8040865,1
63715,86,WDCP,0.22,0.1367774,1
63716,86,KAT7,0.16999999999999998,0.14610350000000003,1
63717,86,KDM5C,0.16999999999999998,0.1712671,1
63718,86,TGFBR2,0.17000000000000004,0.1817455,1
63719,86,ATM,1.0700000000000005,1.0536812,1
63720,86,NUMA1,0.03,0.0337402,1
63721,86,STAT3,0.7400000000000003,0.7738366000000001,1
63722,86,SUB1,-0.1,-0.048608200000000004,1
63723,86,NUP98,0.22999999999999995,0.23330889999999999,1
63724,86,ELL,0.08000000000000003,0.0368725,1
63725,86,MAP3K1,0.31999999999999995,0.2890755,1
63726,86,MALT1,0.04000000000000001,0.115568,1
63727,86,XPO1,0.5700000000000002,0.47927149999999996,1
63728,86,SETD1B,0.28,0.23044479999999998,1
63729,86,ETV6,-0.16,-0.05202280000000002,1
63730,86,TBL1XR1,0.24,0.178828,1
63731,86,NUP214,-0.16,0.12350280000000001,1
63732,86,TPR,0.11000000000000001,0.1011717,1
63733,86,ATIC,0.15999999999999998,0.1731965,1
63734,86,NACA,0.2,0.11770610000000001,1
63735,86,MYO5A,0.03,0.0230319,1
63736,86,SMC1A,0.29000000000000004,0.4100785,1
63737,86,LASP1,-0.25,-0.12709189999999998,1
63738,86,ERCC5,0.43999999999999995,0.2788737,1
63739,86,JUN,-1.2600000000000002,-0.23111999999999994,1
63740,86,THRAP3,0.08,0.06325529999999999,1
63741,86,STAG2,0.12,0.22458540000000002,1
63742,86,RAF1,0.8200000000000003,0.6476524,1
63743,86,ERCC3,0.55,0.4851206,1
63744,86,SMAD2,0.4700000000000002,0.5310316999999999,1
63745,86,TAF15,0.22000000000000003,0.1796492,1
63746,86,ARNT,0.25,0.23427190000000003,1
63747,86,CLTC,-0.7600000000000001,-0.32211369999999995,1
63748,86,IKBKB,0.42000000000000004,0.4538406000000002,1
63749,86,IDH1,-0.7000000000000002,-0.22696520000000006,1
63750,86,SND1,-1.734723475976807e-18,0.0222635,1
63751,86,KNSTRN,0.02,0.0153376,1
63752,86,RHOA,-3.2700000000000005,-0.7697202999999998,1
63753,86,PALB2,0.6600000000000001,0.5783412,1
63754,86,ARID2,0.8400000000000001,0.6809656000000001,1
63755,86,EZR,-0.17,-0.05222900000000001,1
63756,86,TP53,3.122502256758253e-17,0.3704723999999998,1
63757,86,ARAF,0.47000000000000003,0.2721449,1
63758,86,KIF5B,0.5300000000000001,0.4093049,1
63759,86,KAT6A,0.12,0.1855617,1
63760,86,KTN1,-0.12000000000000001,-0.016773200000000002,1
63761,86,GOLGA5,-0.07,-0.0527422,1
63762,86,KDM5A,0.30000000000000004,0.2813564,1
63763,86,RAD21,0.5900000000000001,0.49969529999999995,1
63764,86,GNAQ,0.31999999999999995,0.24887189999999995,1
63765,86,CAMTA1,0.06,0.044039,1
63766,86,ERCC2,0.67,0.522751,1
63767,86,EZH2,1.450000000000001,1.182092,1
63768,86,TOP1,0.25,0.20592199999999997,1
63769,86,SRSF3,-0.2899999999999999,-0.07378929999999999,1
63770,86,NPM1,0.18999999999999995,0.201999,1
63771,86,BAX,-0.7699999999999999,-0.1733353,1
63772,86,NOTCH2,0.29000000000000004,0.2493345,1
63773,86,TRAF7,0.02,0.0146404,1
63774,86,KDM6A,0.8600000000000002,0.8997411,1
63775,86,SPEN,0.12000000000000001,0.09501889999999999,1
63776,86,TRIM27,-0.5700000000000001,-0.1803074,1
63777,86,CRTC1,0.13999999999999999,0.11472479999999999,1
63778,86,EML4,0.31999999999999995,0.33117459999999993,1
63779,86,USP9X,0.02,0.0135159,1
63780,86,PTPRK,0.0,0.0,1
63781,86,CD74,-0.22000000000000003,-0.019314399999999995,1
63782,86,CBL,0.5800000000000002,0.5218084,1
63783,86,ZNF384,0.04,0.0329747,1
63784,86,NOTCH1,1.1100000000000003,0.8330023999999999,1
63785,86,COX6C,-0.19,-0.050353600000000005,1
63786,86,CHCHD7,0.03,0.0200925,1
63787,86,HMGA1,-0.07,-0.029948000000000002,1
63788,86,PTEN,1.1800000000000006,1.1798350999999996,1
63789,86,FIP1L1,-0.03,-0.005663699999999994,1
63790,86,JAK1,0.8500000000000003,0.7232169,1
63791,86,ZMYM2,0.020000000000000004,0.018570800000000002,1
63792,86,SUZ12,0.8400000000000003,0.6895476,1
63793,86,FUS,-0.47999999999999987,-0.006450500000000001,1
63794,86,BAP1,-0.45999999999999996,-0.1894499,1
63795,86,ZCCHC8,-0.07,-0.021644,1
63796,86,CRNKL1,0.019999999999999997,0.0159044,1
63797,86,RAD17,0.19,0.146751,1
63798,86,ATP1A1,0.01,0.006073700000000001,1
63799,86,DNMT3A,0.9900000000000002,0.8425798999999998,1
63800,86,FBXW7,1.0300000000000005,0.8728726,1
63801,86,WWTR1,-0.09999999999999999,-0.044327899999999996,1
63802,86,CDKN1B,0.4700000000000001,0.32562,1
63803,86,KMT2A,0.30999999999999994,0.37129369999999995,1
63804,86,PTPN11,1.1200000000000008,0.9549940999999998,1
63805,86,STAT5B,0.7800000000000001,0.6492563,1
63806,86,CUX1,-0.08,-0.055366,1
63807,86,ABI1,-0.25,-0.06075040000000001,1
63808,86,BRCA1,1.620000000000001,1.3719380999999997,1
63809,86,SH2B3,0.09999999999999999,0.0628081,1
63810,86,AFF4,-0.21000000000000002,-0.116782,1
63811,86,NF2,0.12000000000000002,0.14424210000000004,1
63812,86,LMNA,0.049999999999999996,0.040536699999999995,1
63813,86,TSC2,0.8600000000000003,0.7026829,1
63814,86,GOLPH3,-0.07,-0.0513751,1
63815,86,PCM1,-0.04,-0.034201999999999996,1
63816,86,PPP2R1A,-0.30000000000000004,-0.0883699,1
63817,86,ARID1A,1.9400000000000013,1.6017234000000002,1
63818,86,ABL1,-0.09999999999999995,0.08337000000000003,1
63819,86,AFF1,-0.009999999999999995,0.035373299999999996,1
63820,86,DAXX,-0.5,-0.1398453,1
63821,86,CBFB,0.060000000000000005,0.1179892,1
63822,86,CBLB,0.17,0.1498353,1
63823,86,POLR2A,-0.29000000000000004,0.11722049999999995,1
63824,86,PRKACA,0.10000000000000006,0.23432470000000002,1
63825,86,DNM2,-0.11000000000000001,-0.0423245,1
63826,86,RAP1GDS1,0.020000000000000004,0.05847530000000003,1
63827,86,NCOR1,0.8700000000000002,0.9271443,1
63828,86,NFKBIE,-0.5700000000000001,-0.15325550000000002,1
63829,86,DDX3X,0.27,0.2477945,1
63830,86,ELK4,0.03,0.0265206,1
63831,86,MLLT6,0.019999999999999997,0.025032699999999998,1
63832,86,SRSF2,-3.129999999999999,-0.7127856999999999,1
63833,86,CTNNA1,0.18000000000000002,0.1454491,1
63834,86,RBM10,0.12000000000000001,0.0931969,1
63835,86,PTPRC,0.06999999999999999,0.132117,1
63836,86,HSP90AA1,0.9200000000000004,0.6348101,1
63837,86,NSD1,0.25,0.2085706,0
63838,86,DICER1,0.26,0.24582439999999994,0
63839,86,BIRC6,0.08,0.069396,0
63840,86,SDHC,0.26,0.1852219,0
63841,86,TFG,0.32,0.17732599999999998,0
63842,86,MAP2K2,0.29,0.20749559999999995,0
63843,86,TFRC,-0.31999999999999995,-0.14344080000000003,0
63844,86,CREB1,0.7500000000000006,0.5630695000000001,0
63845,86,POLG,0.01,0.0036517,0
63846,86,SETD2,0.7400000000000003,0.6050470999999998,0
63847,86,NAB2,-0.29,-0.10505620000000002,0
63848,86,HIF1A,1.4900000000000007,1.0483483000000002,0
63849,86,FLCN,0.05,0.0431608,0
63850,86,MAP2K4,0.0,0.07493729999999998,0
63851,86,CNOT3,0.02000000000000001,0.022725400000000003,0
63852,86,CIITA,0.1,0.0686862,0
63853,86,LSM14A,0.07,0.069049,0
63854,86,AKAP9,-0.11,-0.0377069,0
63855,86,MSN,-0.38,-0.08718719999999998,0
63856,86,BCR,0.05000000000000001,0.046619100000000004,0
63857,86,TRRAP,0.07000000000000003,0.14770049999999998,0
63858,86,PPP6C,-0.17,-0.0806703,0
63859,86,NCOA4,-0.16999999999999998,-0.09256149999999999,0
63860,86,BCL9,0.16,0.1188488,0
63861,86,PRCC,0.07,0.0522736,0
63862,86,LARP4B,0.0,0.0,0
63863,86,CHD2,0.01,0.007708500000000001,0
63864,86,ASXL1,0.48,0.4573194,0
63865,86,SMARCA4,1.2500000000000007,0.952446,0
63866,86,ERC1,-0.02,-0.014796400000000001,0
63867,86,DCTN1,-0.26,-0.09003140000000001,0
63868,86,PIK3R1,1.3900000000000008,0.9714231999999998,0
63869,86,EED,0.04999999999999999,0.0655925,0
63870,86,CNBP,0.01,0.0050714,0
63871,86,SGK1,0.28,0.1543066,0
63872,86,MLLT10,-0.15,-0.04735109999999999,0
63873,86,BRD4,1.0900000000000005,0.8279740000000001,0
63874,86,RANBP2,0.13999999999999999,0.18762999999999996,0
63875,86,FBXO11,0.060000000000000005,0.0484489,0
63876,86,PML,0.45,0.30920860000000006,0
63877,86,AKT2,0.8700000000000001,0.5833546,0
63878,86,CEP89,0.05,0.0285585,0
63879,86,LZTR1,0.05000000000000001,0.0746075,0
63880,86,YWHAE,0.23999999999999996,0.15423380000000003,0
63881,86,DNAJB1,-0.04000000000000001,-0.0047225000000000045,0
63882,86,PRDM2,0.02,0.014438100000000002,0
63883,86,TPM4,0.4700000000000001,0.2953644,0
63884,86,CREBBP,1.8500000000000012,1.5076346000000005,0
63885,86,PMS2,0.54,0.4915124,0
63886,86,DDR2,0.049999999999999996,0.031759499999999996,0
63887,86,FANCA,0.37,0.28849469999999994,0
63888,86,PDE4DIP,0.07,0.05027620000000001,0
63889,86,USP8,-0.060000000000000005,-0.0242548,0
63890,86,MYH9,-0.38999999999999996,-0.07392310000000002,0
63891,86,MYC,-0.8400000000000001,-0.2973525000000002,0
63892,86,NBN,0.54,0.40802910000000003,0
63893,86,CCND3,-0.02,0.044843400000000005,0
63894,86,TRIP11,-0.13,-0.08249390000000001,0
63895,86,CNTRL,-0.060000000000000005,-0.0400268,0
63896,86,PIK3CA,1.590000000000001,1.0974351999999996,0
63897,86,DDX5,0.2899999999999999,0.2693738,0
63898,86,PICALM,0.010000000000000002,0.012605700000000004,0
63899,86,RARA,0.45000000000000007,0.32666419999999996,0
63900,86,DDX6,0.009999999999999983,0.0838908,0
63901,86,COL1A1,0.11,0.1255254,0
63902,86,VHL,0.21,0.14152560000000003,0
63903,86,MAPK1,1.4500000000000008,0.8838099000000003,0
63904,86,SRC,-0.8799999999999999,-0.07107409999999999,0
63905,86,NFE2L2,0.22999999999999998,0.14736180000000001,0
63906,86,MITF,-0.29,-0.061814999999999995,0
63907,86,SMAD3,1.2500000000000009,0.9415574,0
63908,86,RBM15,0.09,0.0725057,0
63909,86,ATR,0.7100000000000003,0.5816411,0
63910,86,EPAS1,0.46,0.40083280000000004,0
63911,86,TPM3,0.32000000000000006,0.2180248,0
63912,86,RPL10,0.12000000000000001,0.1096242,0
63913,86,STAG1,0.14,0.13171729999999998,0
63914,86,SBDS,-0.07,-0.0232813,0
63915,86,KMT2D,0.9900000000000004,0.7228673000000003,0
63916,86,MED12,0.32,0.2598697,0
63917,86,BCLAF1,-0.05999999999999999,0.0174109,0
63918,86,ASPSCR1,0.05000000000000001,0.03529360000000001,0
63919,86,CDK12,0.31,0.22582419999999997,0
63920,86,EWSR1,0.45999999999999996,0.3661022000000001,0
63921,86,NDRG1,-0.05,-0.0106935,0
63922,86,PSIP1,-0.13999999999999999,-0.06203659999999998,0
63923,86,TRIM33,0.06000000000000001,0.058466000000000004,0
63924,86,MTOR,1.1700000000000006,0.8434058999999998,0
63925,86,ARHGAP35,0.06,0.1162296,0
63926,86,POT1,-0.020000000000000004,0.002310900000000003,0
63927,86,EXT1,0.11,0.0711502,0
63928,86,IL6ST,0.29,0.2248874,0
63929,86,IDH2,0.24000000000000005,0.1580043,0
63930,86,SMARCE1,0.41,0.23934319999999998,0
63931,86,CRTC3,0.09,0.06923750000000001,0
63932,86,TSC1,0.31,0.27868729999999997,0
63933,86,BCOR,-0.12999999999999998,-0.015560899999999989,0
63934,86,SDHA,0.26,0.15455170000000001,0
63935,86,EP300,1.690000000000001,1.3284421,0
63936,86,HNRNPA2B1,0.27,0.21719979999999997,0
63937,86,CLIP1,-0.09000000000000001,-0.0422853,0
63938,86,PATZ1,-0.46,-0.1259162,0
63939,86,FUBP1,-0.13,0.0030799000000000026,0
63940,86,HLA-A,-0.05,0.0389331,0
63941,86,CCNC,-0.10999999999999999,-0.044320899999999996,0
63942,86,RPN1,-0.22,-0.0605615,0
63943,86,TCF7L2,0.08000000000000002,0.11314380000000003,0
63944,86,CANT1,0.08000000000000002,0.0603388,0
63945,86,RPL5,-0.61,-0.1693847,0
63946,86,CCDC6,0.010000000000000009,0.05677069999999999,0
63947,86,NCKIPSD,0.03,0.0184246,0
63948,86,SMARCD1,0.4,0.25987020000000005,0
63949,86,BCL10,-0.03,0.009465199999999993,0
63950,86,MAX,0.02,0.0353093,0
63951,86,HERPUD1,0.0,0.0,0
63952,86,RAC1,-0.060000000000000026,0.0903977,0
63953,86,FLNA,0.05,0.0733724,0
63954,86,TFE3,-0.39,-0.1543486,0
63955,86,NCOR2,0.7600000000000002,0.5641666,0
63956,86,PRPF40B,-0.01,-0.004937299999999997,0
63957,86,BCL3,-0.03999999999999999,-0.007953699999999998,0
63958,86,TFPT,-0.22999999999999998,-0.087147,0
63959,86,MLH1,0.7600000000000002,0.6458084,0
63960,86,ARHGAP5,0.14,0.10553629999999999,0
63961,86,CIC,0.0,0.0,0
63962,86,LYN,0.9800000000000004,0.6750088,0
63963,86,TCF12,0.2899999999999999,0.2182421,0
63964,86,KLF6,0.04,0.0210827,0
63965,86,KMT2C,0.9000000000000001,0.7217339,0
63966,86,PIM1,-0.10999999999999999,-0.02236440000000001,0
63967,86,CCND1,1.0300000000000007,0.6592864999999998,0
63968,86,MLLT1,-0.9200000000000002,-0.2734765,0
63969,86,MEN1,-0.029999999999999992,0.016327300000000003,0
63970,86,CUL3,0.1,0.1213375,0
63971,86,RB1,0.6200000000000001,0.4575119999999999,0
63972,86,LPP,-0.04,-0.013289899999999997,0
63973,86,BUB1B,-0.19,-0.08916429999999996,0
63974,86,SMAD4,1.3400000000000007,1.0138844999999999,0
63975,86,FGFR1,0.21000000000000002,0.1408564,0
63976,86,TMSB4X,0.04,0.0301148,0
63977,86,CDK4,0.6000000000000002,0.38658570000000003,0
63978,86,MSI2,0.01,0.0071931,0
63979,86,MSH6,0.8600000000000003,0.6565920999999999,0
63980,86,BRAF,0.8700000000000003,0.7810973,0
63981,86,TCEA1,0.030000000000000006,0.04118170000000001,0
63982,86,TNFAIP3,0.1,0.1066868,0
63983,86,RABEP1,0.0,-0.001831199999999998,0
63984,86,GMPS,-0.08000000000000002,-0.04083260000000001,0
63985,86,MDM2,1.1800000000000006,0.7785982999999999,0
63986,86,NSD2,0.19,0.1280357,0
63987,86,CASP8,0.12000000000000002,0.2431681,0
63988,86,PER1,-0.22999999999999998,-0.043816600000000004,0
63989,86,UBR5,-0.039999999999999994,0.0005996000000000057,0
63990,86,EIF3E,-0.06000000000000001,0.05166609999999999,0
63991,86,RFWD3,0.030000000000000002,0.029943000000000004,0
63992,86,BRD3,0.12,0.10177040000000001,0
63993,86,PAFAH1B2,0.02,0.0145796,0
63994,86,EXT2,0.0,0.007586700000000002,0
63995,86,PLCG1,0.5800000000000001,0.39579450000000005,0
63996,86,SF3B1,-0.35999999999999993,-0.13621149999999999,0
63997,86,ARHGEF10L,0.02,0.0106616,0
63998,86,NFATC2,0.2,0.1347485,0
63999,86,SDHD,0.27999999999999997,0.1585899,0
64000,86,PABPC1,-0.81,-0.1992181,0
64001,86,POLD1,-0.39,-0.07522879999999998,0
64002,86,CALR,0.00999999999999999,0.019985600000000003,0
64003,86,PIK3CB,0.54,0.45434900000000006,0
64004,86,PPM1D,0.20000000000000004,0.15029,0
64005,86,ATRX,1.1000000000000005,0.8649338,0
64006,86,DGCR8,0.16,0.0972786,0
64007,86,DDX10,0.12,0.07953500000000001,0
64008,86,DROSHA,0.44000000000000006,0.32553820000000006,0
64009,86,TNFRSF14,-0.09000000000000001,-0.0315575,0
64010,86,BCL9L,0.14,0.09558140000000001,0
64011,86,QKI,-0.06,-0.036381,0
64012,86,BAZ1A,0.02,0.015058,0
64013,86,CHD4,0.25000000000000006,0.22525810000000004,0
64014,86,NSD3,0.06,0.0542806,0
64015,86,NT5C2,0.17,0.10685410000000001,0
64016,86,CCNB1IP1,0.11000000000000001,0.046168200000000006,0
64017,86,PCBP1,-0.69,-0.20756819999999998,0
64018,86,RALGDS,0.13,0.0976718,0
64019,86,ARHGEF12,-0.05,-0.011742800000000001,0
64020,86,HSP90AB1,0.9500000000000004,0.6531112999999998,0
64021,86,FOXO3,1.2900000000000007,0.8585109000000002,0
64022,86,HIP1,-0.02,-0.0124679,0
64023,86,CDC73,-0.18000000000000002,-0.020799100000000008,0
64024,86,NIN,0.0,0.003194299999999997,0
64025,86,MDM4,0.16000000000000003,0.18498910000000002,0
64026,86,COL3A1,0.16,0.1463816,0
64027,86,CTNND1,0.07000000000000003,0.1106655,0
64028,86,SPOP,0.019999999999999983,0.0366539,0
64029,86,TMEM127,0.04000000000000001,0.0488608,0
64030,86,CREB3L2,0.07999999999999999,0.051611899999999995,0
64031,86,MSH2,0.8700000000000003,0.6016620999999999,0
64032,86,FNBP1,0.03,0.028698599999999998,0
64033,86,ATF1,0.01999999999999999,0.015213299999999999,0
64034,86,EIF1AX,-0.61,-0.23019080000000003,0
64035,86,PMS1,0.45,0.33977029999999997,0
64036,86,DEK,0.09,0.1003752,0
64037,86,ERBB2,0.9000000000000005,0.5675161,0
64038,86,AKT1,1.1700000000000006,0.7282183999999998,0
64039,86,CHEK2,0.19000000000000009,0.2909081,0
64040,86,SDHB,0.44,0.2821693,0
64041,86,NCOA1,0.45,0.307613,0
64042,86,CHIC2,0.04,0.018643800000000002,0
64043,86,RUNX1,0.4600000000000001,0.5665744999999999,0
64044,86,STAT6,0.25,0.17192810000000003,0
64045,86,FH,-0.12,-0.032848899999999986,0
64046,86,AKT3,1.0500000000000003,0.6866451,0
64047,86,GNAS,0.24999999999999997,0.1514601,0
64048,86,CTNNB1,1.3000000000000007,0.8678485000000001,0
64049,86,NONO,0.12000000000000001,0.08394309999999999,0
64050,86,SMARCB1,0.9500000000000004,0.6890168999999998,0
64051,86,PRKAR1A,0.12000000000000001,0.10997939999999998,0
64052,86,ITGAV,0.049999999999999996,0.0563579,0
64053,86,SS18,0.4,0.2495067,0
64054,86,MAP2K1,0.9600000000000004,0.5925265999999999,0
64055,86,SIRPA,1.734723475976807e-18,0.005170900000000001,0
64056,86,PPFIBP1,0.37,0.2353812,0
64057,86,RPL22,-0.15,0.07677530000000002,0
64058,86,CYLD,0.29000000000000004,0.219773,0
64059,86,ARID1B,0.6699999999999999,0.47966800000000004,0
64060,86,SETDB1,0.31,0.21660440000000003,0
64061,86,AFDN,-0.37,-0.1165401,0
64062,86,ZRSR2,0.31000000000000005,0.22301139999999997,0
64063,86,PBRM1,0.9500000000000004,0.6668403000000002,0
64064,86,XPC,0.5700000000000001,0.37637270000000006,0
64065,86,ASXL2,0.26,0.17018310000000003,0
64066,86,TRIM24,-0.21,-0.09167410000000001,0
64067,86,SFPQ,-0.07999999999999999,0.023237200000000003,0
64068,86,NCOA2,0.5800000000000001,0.42263619999999996,0
64069,86,FOXO4,0.41000000000000003,0.25651820000000003,0
64070,86,LEF1,0.08999999999999998,0.09264780000000002,0
64071,86,B2M,-0.5100000000000001,-0.1819503,0
64072,86,DDIT3,-0.31000000000000005,-0.0938289,0
64073,86,BCL6,0.4900000000000001,0.3495326000000001,0
64074,86,KRAS,-1.5700000000000003,-0.3630881,0
64075,86,FAT1,0.06,0.053688200000000005,0
64076,86,ABL2,0.08,0.05795220000000001,0
64077,86,NF1,0.8500000000000003,0.6791181000000002,0
64078,86,BTG1,-0.01,-0.0054559000000000005,0
64079,86,EIF4A2,0.09,0.06334139999999999,0
64080,86,SET,0.16,0.14306460000000001,0
64081,86,EPS15,0.010000000000000002,0.0207067,0
64082,86,RNF213,0.04,0.030573899999999998,0
64083,86,CTCF,0.9000000000000004,0.6367066000000001,0
64084,86,WDCP,0.060000000000000026,0.04668940000000001,0
64085,86,KAT7,0.09,0.07859390000000001,0
64086,86,KDM5C,0.11999999999999997,0.13710160000000002,0
64087,86,TGFBR2,0.18999999999999997,0.1467469,0
64088,86,ATM,1.3200000000000007,1.0531068999999995,0
64089,86,NUMA1,-0.05999999999999998,-0.022447300000000003,0
64090,86,STAT3,1.280000000000001,1.0541609,0
64091,86,SUB1,-0.19,-0.0725112,0
64092,86,NUP98,0.07999999999999996,0.09914469999999999,0
64093,86,ELL,-0.11000000000000001,-0.022358600000000006,0
64094,86,MAP3K1,0.36999999999999994,0.29099970000000003,0
64095,86,MALT1,0.14,0.13680420000000004,0
64096,86,XPO1,0.33999999999999997,0.2748458,0
64097,86,SETD1B,0.12999999999999998,0.0913559,0
64098,86,ETV6,-0.16999999999999998,-0.0527209,0
64099,86,TBL1XR1,0.2,0.1267718,0
64100,86,NUP214,0.09000000000000002,0.13164720000000002,0
64101,86,TPR,0.09,0.09727540000000001,0
64102,86,ATIC,-0.009999999999999997,0.015522700000000014,0
64103,86,NACA,0.22000000000000003,0.14319,0
64104,86,MYO5A,0.0,0.0030088000000000024,0
64105,86,SMC1A,0.65,0.5165454,0
64106,86,LASP1,-0.22,-0.12093670000000001,0
64107,86,ERCC5,0.46,0.30493050000000005,0
64108,86,JUN,0.15999999999999995,0.269427,0
64109,86,THRAP3,0.08,0.06517269999999999,0
64110,86,STAG2,0.5700000000000001,0.42896880000000004,0
64111,86,RAF1,1.0600000000000003,0.7358729999999998,0
64112,86,ERCC3,0.47000000000000003,0.3877524,0
64113,86,SMAD2,0.4200000000000001,0.42672279999999996,0
64114,86,TAF15,0.16000000000000003,0.1322259,0
64115,86,ARNT,0.33999999999999997,0.2701093,0
64116,86,CLTC,-0.51,-0.28203940000000005,0
64117,86,IKBKB,0.6000000000000001,0.47078870000000006,0
64118,86,IDH1,-0.53,-0.1396473,0
64119,86,SND1,0.010000000000000002,0.013052200000000003,0
64120,86,KNSTRN,0.04,0.0333888,0
64121,86,RHOA,-1.1800000000000002,-0.2718529,0
64122,86,PALB2,0.51,0.4455257,0
64123,86,ARID2,0.7300000000000002,0.5297327000000001,0
64124,86,EZR,-0.12000000000000001,-0.008474500000000003,0
64125,86,TP53,-0.9099999999999998,-0.15466170000000007,0
64126,86,ARAF,0.39,0.2054426,0
64127,86,KIF5B,0.37,0.26987569999999994,0
64128,86,KAT6A,0.22999999999999998,0.21173800000000004,0
64129,86,KTN1,-0.08,-0.022256800000000004,0
64130,86,GOLGA5,-0.15000000000000002,-0.0960539,0
64131,86,KDM5A,0.25,0.22073299999999998,0
64132,86,RAD21,0.49000000000000005,0.3798869,0
64133,86,GNAQ,0.16,0.1017671,0
64134,86,CAMTA1,0.0,0.0019508000000000008,0
64135,86,ERCC2,0.61,0.4364102,0
64136,86,EZH2,1.8100000000000012,1.1585382000000002,0
64137,86,TOP1,0.18999999999999997,0.1460944,0
64138,86,SRSF3,-0.36000000000000004,-0.09928239999999999,0
64139,86,NPM1,0.040000000000000036,0.16801750000000001,0
64140,86,BAX,-0.44999999999999996,-0.13735319999999998,0
64141,86,NOTCH2,0.27,0.2141034,0
64142,86,TRAF7,0.03,0.0221523,0
64143,86,KDM6A,0.7700000000000001,0.6631415999999999,0
64144,86,SPEN,0.12,0.0897116,0
64145,86,TRIM27,-0.4,-0.14713330000000002,0
64146,86,CRTC1,0.15000000000000002,0.11875730000000001,0
64147,86,EML4,0.28000000000000014,0.2154105,0
64148,86,USP9X,-0.039999999999999994,-0.0206089,0
64149,86,PTPRK,0.01,0.0067888,0
64150,86,CD74,-0.08000000000000003,0.02363440000000001,0
64151,86,CBL,0.6100000000000001,0.4422691,0
64152,86,ZNF384,-0.08,-0.0362032,0
64153,86,NOTCH1,0.9200000000000005,0.6934507999999999,0
64154,86,COX6C,-0.12,-0.0546812,0
64155,86,CHCHD7,0.01,0.005915200000000001,0
64156,86,HMGA1,-0.14,-0.059800000000000006,0
64157,86,PTEN,1.540000000000001,1.1853907000000001,0
64158,86,FIP1L1,-0.039999999999999994,-0.02655649999999999,0
64159,86,JAK1,0.8000000000000003,0.6248475000000001,0
64160,86,ZMYM2,-0.08000000000000002,-0.0537778,0
64161,86,SUZ12,0.6800000000000002,0.4643569000000001,0
64162,86,FUS,-0.14,0.13533530000000002,0
64163,86,BAP1,0.09000000000000001,0.08676869999999999,0
64164,86,ZCCHC8,-0.08,-0.0209896,0
64165,86,CRNKL1,-0.04,-0.022119100000000003,0
64166,86,RAD17,0.14,0.10661029999999999,0
64167,86,ATP1A1,0.019999999999999997,0.010150999999999999,0
64168,86,DNMT3A,0.8800000000000006,0.6509796999999999,0
64169,86,FBXW7,0.9400000000000004,0.7245750999999999,0
64170,86,WWTR1,-0.11,-0.0510021,0
64171,86,CDKN1B,0.6500000000000001,0.3968280000000001,0
64172,86,KMT2A,0.5800000000000001,0.4704072999999999,0
64173,86,PTPN11,0.9000000000000004,0.6639321999999999,0
64174,86,STAT5B,0.7000000000000003,0.5244871,0
64175,86,CUX1,-0.09,-0.059216200000000004,0
64176,86,ABI1,-0.43,-0.1147919,0
64177,86,BRCA1,1.5800000000000012,1.2493532000000003,0
64178,86,SH2B3,0.03,0.025738400000000005,0
64179,86,AFF4,0.09999999999999999,0.074948,0
64180,86,NF2,0.04000000000000001,0.0787544,0
64181,86,LMNA,0.05000000000000001,0.0468984,0
64182,86,TSC2,0.43,0.38655010000000006,0
64183,86,GOLPH3,-0.09,-0.0552176,0
64184,86,PCM1,-0.07,-0.0430556,0
64185,86,PPP2R1A,-0.5100000000000001,-0.17501200000000003,0
64186,86,ARID1A,1.7700000000000011,1.2580142,0
64187,86,ABL1,0.14000000000000004,0.16590230000000009,0
64188,86,AFF1,0.25,0.19483599999999998,0
64189,86,DAXX,-0.16000000000000003,-0.015464700000000001,0
64190,86,CBFB,0.16,0.11757369999999999,0
64191,86,CBLB,0.14,0.1086693,0
64192,86,POLR2A,0.029999999999999943,0.19794139999999996,0
64193,86,PRKACA,0.31,0.2397051,0
64194,86,DNM2,-0.09999999999999999,-0.035350599999999996,0
64195,86,RAP1GDS1,-0.07,-0.032283799999999994,0
64196,86,NCOR1,0.9700000000000004,0.8222445,0
64197,86,NFKBIE,-0.22000000000000003,-0.07883430000000001,0
64198,86,DDX3X,0.05999999999999999,0.092432,0
64199,86,ELK4,0.02,0.014406000000000002,0
64200,86,MLLT6,0.12,0.0909866,0
64201,86,SRSF2,-1.03,-0.27593639999999997,0
64202,86,CTNNA1,0.12,0.0841929,0
64203,86,RBM10,0.24000000000000002,0.1627695,0
64204,86,PTPRC,0.18000000000000002,0.1609601,0
64205,86,HSP90AA1,1.2500000000000007,0.8100481000000005,0
64206,87,NSD1,0.31,0.26663790000000004,1
64207,87,DICER1,0.09000000000000007,0.17609490000000003,1
64208,87,BIRC6,0.15000000000000002,0.1270966,1
64209,87,SDHC,0.44,0.3417574,1
64210,87,TFG,0.25,0.1553728,1
64211,87,MAP2K2,0.23000000000000004,0.1894497,1
64212,87,TFRC,-0.30000000000000004,-0.1068203,1
64213,87,CREB1,1.0400000000000005,0.7780178000000001,1
64214,87,POLG,-0.01,-0.0031289,1
64215,87,SETD2,0.4900000000000002,0.4789158,1
64216,87,NAB2,-0.49,-0.1459462,1
64217,87,HIF1A,1.680000000000001,1.2557789000000001,1
64218,87,FLCN,-0.06999999999999999,0.008633000000000002,1
64219,87,MAP2K4,-6.938893903907228e-18,0.06463630000000001,1
64220,87,CNOT3,0.04,0.038189200000000006,1
64221,87,CIITA,0.1,0.0647134,1
64222,87,LSM14A,0.12,0.0967125,1
64223,87,AKAP9,-0.09,-0.020687499999999998,1
64224,87,MSN,-0.14000000000000004,-0.01600380000000001,1
64225,87,BCR,-0.019999999999999997,0.028781100000000004,1
64226,87,TRRAP,0.04999999999999996,0.1815649,1
64227,87,PPP6C,-0.18,-0.0706499,1
64228,87,NCOA4,-0.09,-0.028647099999999988,1
64229,87,BCL9,0.21000000000000002,0.1575936,1
64230,87,PRCC,0.10999999999999999,0.09216039999999999,1
64231,87,LARP4B,0.02,0.013289200000000001,1
64232,87,CHD2,0.02,0.0173868,1
64233,87,ASXL1,0.47,0.4389686,1
64234,87,SMARCA4,1.8200000000000012,1.3861884999999998,1
64235,87,ERC1,-0.03,-0.0211289,1
64236,87,DCTN1,-0.030000000000000016,0.013719499999999989,1
64237,87,PIK3R1,1.3200000000000007,1.0372082,1
64238,87,EED,0.3,0.2032687,1
64239,87,CNBP,0.02,0.0118466,1
64240,87,SGK1,0.48999999999999994,0.3156427,1
64241,87,MLLT10,-0.13,-0.0525804,1
64242,87,BRD4,1.1200000000000006,0.9221774000000001,1
64243,87,RANBP2,0.26,0.2501344,1
64244,87,FBXO11,0.08,0.0622901,1
64245,87,PML,0.28,0.21237650000000005,1
64246,87,AKT2,1.0300000000000002,0.7080095000000001,1
64247,87,CEP89,0.06,0.038975600000000006,1
64248,87,LZTR1,0.029999999999999985,0.08781489999999999,1
64249,87,YWHAE,0.26000000000000006,0.1668446,1
64250,87,DNAJB1,-0.020000000000000004,-0.0024773999999999977,1
64251,87,PRDM2,0.07,0.05579089999999999,1
64252,87,TPM4,0.4800000000000001,0.3280048,1
64253,87,CREBBP,2.0200000000000014,1.5701060000000002,1
64254,87,PMS2,0.8200000000000003,0.6890298,1
64255,87,DDR2,-0.019999999999999997,-0.014682100000000003,1
64256,87,FANCA,0.4,0.3277023,1
64257,87,PDE4DIP,0.07,0.0494104,1
64258,87,USP8,-0.11,-0.044437899999999995,1
64259,87,MYH9,-0.55,-0.15816170000000002,1
64260,87,MYC,-1.4200000000000002,-0.2182681,1
64261,87,NBN,0.6200000000000001,0.4880736,1
64262,87,CCND3,0.03999999999999998,0.0572564,1
64263,87,TRIP11,-0.11000000000000001,-0.0747932,1
64264,87,CNTRL,-0.06,-0.04929120000000001,1
64265,87,PIK3CA,1.3600000000000008,1.0686662999999998,1
64266,87,DDX5,0.2399999999999999,0.25465390000000004,1
64267,87,PICALM,-0.009999999999999998,-0.001649699999999997,1
64268,87,RARA,0.04000000000000001,0.11851089999999995,1
64269,87,DDX6,0.009999999999999995,0.09424020000000001,1
64270,87,COL1A1,0.11999999999999998,0.121175,1
64271,87,VHL,0.25,0.17655980000000004,1
64272,87,MAPK1,1.4800000000000009,1.0309124000000003,1
64273,87,SRC,0.43000000000000016,0.4509392999999998,1
64274,87,NFE2L2,0.35,0.24966719999999998,1
64275,87,MITF,-0.28,-0.07306879999999999,1
64276,87,SMAD3,1.2100000000000009,1.0779052999999996,1
64277,87,RBM15,0.07,0.061910099999999996,1
64278,87,ATR,0.7900000000000003,0.6411679000000001,1
64279,87,EPAS1,0.3499999999999999,0.35020500000000004,1
64280,87,TPM3,0.22,0.16058730000000004,1
64281,87,RPL10,0.09999999999999999,0.109929,1
64282,87,STAG1,0.13,0.13757250000000001,1
64283,87,SBDS,-0.06,-0.0219303,1
64284,87,KMT2D,1.0400000000000003,0.8377758000000002,1
64285,87,MED12,0.34,0.2714658,1
64286,87,BCLAF1,-0.06999999999999999,0.020036500000000006,1
64287,87,ASPSCR1,0.03999999999999999,0.0363364,1
64288,87,CDK12,0.47,0.35675930000000006,1
64289,87,EWSR1,0.3299999999999999,0.3194726000000001,1
64290,87,NDRG1,-0.05,-0.012330700000000002,1
64291,87,PSIP1,0.1,0.0914833,1
64292,87,TRIM33,0.09999999999999999,0.09272739999999999,1
64293,87,MTOR,1.1900000000000006,0.9413015999999997,1
64294,87,ARHGAP35,0.22,0.17955910000000003,1
64295,87,POT1,0.05,0.0342396,1
64296,87,EXT1,0.11,0.0781979,1
64297,87,IL6ST,0.32,0.26496640000000005,1
64298,87,IDH2,-0.08999999999999998,0.007123100000000002,1
64299,87,SMARCE1,0.44,0.2936444,1
64300,87,CRTC3,0.08,0.06637780000000001,1
64301,87,TSC1,0.22,0.26250060000000003,1
64302,87,BCOR,-0.11,0.020735800000000006,1
64303,87,SDHA,0.28,0.2207747,1
64304,87,EP300,2.3500000000000005,1.8601157,1
64305,87,HNRNPA2B1,0.5900000000000002,0.4203127,1
64306,87,CLIP1,-0.13,-0.0725587,1
64307,87,PATZ1,-0.39,-0.1170421,1
64308,87,FUBP1,-0.14999999999999997,-0.0033658000000000073,1
64309,87,HLA-A,0.0,0.04992990000000001,1
64310,87,CCNC,-0.16,-0.068067,1
64311,87,RPN1,-0.22,-0.061506,1
64312,87,TCF7L2,-0.12000000000000004,0.0373552,1
64313,87,CANT1,-0.06999999999999998,0.008617100000000003,1
64314,87,RPL5,-0.6000000000000001,-0.1418711,1
64315,87,CCDC6,0.04999999999999999,0.0802157,1
64316,87,NCKIPSD,-0.09999999999999999,-0.0163688,1
64317,87,SMARCD1,0.4,0.35038310000000006,1
64318,87,BCL10,0.06999999999999999,0.075349,1
64319,87,MAX,0.020000000000000004,0.05939890000000002,1
64320,87,HERPUD1,-0.01,-0.0034199,1
64321,87,RAC1,0.059999999999999984,0.188791,1
64322,87,FLNA,0.01999999999999999,0.0435145,1
64323,87,TFE3,-0.7100000000000001,-0.2629433,1
64324,87,NCOR2,0.5000000000000001,0.44379460000000004,1
64325,87,PRPF40B,0.05,0.031125100000000003,1
64326,87,BCL3,-0.06999999999999998,-0.011809500000000004,1
64327,87,TFPT,-0.33,-0.1071589,1
64328,87,MLH1,0.8700000000000001,0.7640971999999999,1
64329,87,ARHGAP5,0.14,0.12237109999999998,1
64330,87,CIC,-0.01,-0.0057099,1
64331,87,LYN,0.8400000000000002,0.6206357,1
64332,87,TCF12,0.32,0.2486583,1
64333,87,KLF6,0.060000000000000005,0.0415234,1
64334,87,KMT2C,0.9500000000000002,0.7810533,1
64335,87,PIM1,-0.13999999999999999,-0.021502099999999996,1
64336,87,CCND1,1.3700000000000008,0.8812620000000001,1
64337,87,MLLT1,-1.0100000000000002,-0.28769809999999996,1
64338,87,MEN1,-0.09999999999999999,-0.018046800000000016,1
64339,87,CUL3,0.19000000000000003,0.1886121,1
64340,87,RB1,0.6399999999999999,0.4824658,1
64341,87,LPP,-0.09999999999999999,-0.028311700000000002,1
64342,87,BUB1B,-0.13999999999999996,-0.03533309999999998,1
64343,87,SMAD4,1.580000000000001,1.2420870000000002,1
64344,87,FGFR1,0.27999999999999997,0.22669050000000002,1
64345,87,TMSB4X,0.03,0.0221028,1
64346,87,CDK4,1.0500000000000005,0.7165683,1
64347,87,MSI2,0.01,0.0073328,1
64348,87,MSH6,1.1000000000000005,0.8806732999999999,1
64349,87,BRAF,1.1400000000000006,0.9903761,1
64350,87,TCEA1,-0.06999999999999998,-0.000678100000000007,1
64351,87,TNFAIP3,0.15,0.12090390000000001,1
64352,87,RABEP1,0.0,-0.0006868000000000013,1
64353,87,GMPS,-0.09000000000000002,-0.05121269999999999,1
64354,87,MDM2,1.0000000000000007,0.7862436999999999,1
64355,87,NSD2,0.19,0.1367858,1
64356,87,CASP8,-0.44,0.08656649999999999,1
64357,87,PER1,-0.19,-0.0597329,1
64358,87,UBR5,-8.673617379884035e-18,0.0310986,1
64359,87,EIF3E,0.009999999999999988,0.0768895,1
64360,87,RFWD3,0.05,0.043231500000000006,1
64361,87,BRD3,0.13999999999999999,0.10609769999999999,1
64362,87,PAFAH1B2,0.03,0.025892099999999998,1
64363,87,EXT2,0.009999999999999995,0.016315899999999994,1
64364,87,PLCG1,0.5700000000000001,0.4261311,1
64365,87,SF3B1,-0.5,-0.2170093,1
64366,87,ARHGEF10L,0.04,0.0270628,1
64367,87,NFATC2,0.23,0.17226129999999998,1
64368,87,SDHD,0.36,0.255093,1
64369,87,PABPC1,-0.64,-0.1562572,1
64370,87,POLD1,-0.21000000000000002,-0.0345158,1
64371,87,CALR,0.05999999999999998,0.0800075,1
64372,87,PIK3CB,0.7500000000000002,0.6108465,1
64373,87,PPM1D,0.28,0.210692,1
64374,87,ATRX,0.9700000000000004,0.8156336000000002,1
64375,87,DGCR8,0.18,0.1353517,1
64376,87,DDX10,0.16,0.1267518,1
64377,87,DROSHA,0.52,0.4007179000000001,1
64378,87,TNFRSF14,-0.12,-0.0460344,1
64379,87,BCL9L,0.13,0.0867188,1
64380,87,QKI,0.01,0.006996500000000002,1
64381,87,BAZ1A,0.01,0.0074146,1
64382,87,CHD4,0.31000000000000005,0.2909893,1
64383,87,NSD3,0.06,0.083508,1
64384,87,NT5C2,0.16000000000000003,0.09566250000000001,1
64385,87,CCNB1IP1,0.13,0.0666177,1
64386,87,PCBP1,-0.7799999999999999,-0.20984699999999998,1
64387,87,RALGDS,-0.08000000000000002,0.038502299999999996,1
64388,87,ARHGEF12,0.020000000000000004,0.026145300000000003,1
64389,87,HSP90AB1,1.2300000000000004,0.8481265,1
64390,87,FOXO3,1.2800000000000005,0.9105579999999999,1
64391,87,HIP1,-0.01,-0.0064878,1
64392,87,CDC73,0.16,0.1360415,1
64393,87,NIN,-0.039999999999999994,-0.026197700000000008,1
64394,87,MDM4,0.1,0.1584158,1
64395,87,COL3A1,0.19999999999999998,0.1611933,1
64396,87,CTNND1,0.19,0.1761992,1
64397,87,SPOP,0.07,0.07465,1
64398,87,TMEM127,0.07,0.04718230000000001,1
64399,87,CREB3L2,0.13,0.0844574,1
64400,87,MSH2,1.0100000000000005,0.8370266000000002,1
64401,87,FNBP1,-0.030000000000000002,0.007767999999999997,1
64402,87,ATF1,0.14,0.09679120000000001,1
64403,87,EIF1AX,-0.42999999999999994,-0.17846239999999997,1
64404,87,PMS1,0.5399999999999999,0.41931470000000004,1
64405,87,DEK,0.18999999999999997,0.16794689999999998,1
64406,87,ERBB2,0.6000000000000002,0.42311940000000003,1
64407,87,AKT1,-0.19999999999999998,0.16687769999999993,1
64408,87,CHEK2,0.6700000000000002,0.6452238000000001,1
64409,87,SDHB,0.44000000000000006,0.34655670000000005,1
64410,87,NCOA1,0.43,0.343391,1
64411,87,CHIC2,0.06999999999999999,0.0406124,1
64412,87,RUNX1,0.10999999999999989,0.5716273000000002,1
64413,87,STAT6,0.36,0.3240160999999999,1
64414,87,FH,-0.019999999999999976,0.02554240000000002,1
64415,87,AKT3,1.0200000000000002,0.7220686000000001,1
64416,87,GNAS,0.3500000000000001,0.2364157,1
64417,87,CTNNB1,1.610000000000001,1.1042877000000002,1
64418,87,NONO,0.32,0.2691802,1
64419,87,SMARCB1,1.0900000000000005,0.8232755,1
64420,87,PRKAR1A,0.19,0.1791076,1
64421,87,ITGAV,0.030000000000000002,0.039357600000000006,1
64422,87,SS18,0.39,0.2598533,1
64423,87,MAP2K1,0.9200000000000004,0.5729862,1
64424,87,SIRPA,-0.009999999999999998,0.0004537000000000013,1
64425,87,PPFIBP1,0.38999999999999996,0.27807919999999997,1
64426,87,RPL22,-0.29,0.09763350000000001,1
64427,87,CYLD,0.32,0.25093980000000005,1
64428,87,ARID1B,0.8300000000000001,0.6383256,1
64429,87,SETDB1,0.32,0.23856480000000002,1
64430,87,AFDN,-0.31999999999999995,-0.1110369,1
64431,87,ZRSR2,-0.12000000000000001,-0.05967820000000001,1
64432,87,PBRM1,0.9700000000000004,0.7115301000000002,1
64433,87,XPC,0.53,0.34263540000000003,1
64434,87,ASXL2,0.3,0.2072485,1
64435,87,TRIM24,-0.12,-0.0354092,1
64436,87,SFPQ,-0.29999999999999993,-0.05069649999999997,1
64437,87,NCOA2,0.5900000000000001,0.4660603000000001,1
64438,87,FOXO4,0.42000000000000004,0.29218510000000003,1
64439,87,LEF1,0.22,0.19461800000000004,1
64440,87,B2M,-0.3,-0.12858209999999998,1
64441,87,DDIT3,-0.22,-0.08417659999999999,1
64442,87,BCL6,0.30000000000000004,0.2526506,1
64443,87,KRAS,-0.3599999999999998,0.08769980000000001,1
64444,87,FAT1,0.10999999999999999,0.0752613,1
64445,87,ABL2,0.03,0.0417884,1
64446,87,NF1,1.3200000000000007,1.0629037999999997,1
64447,87,BTG1,-0.01,-0.0057334,1
64448,87,EIF4A2,0.15000000000000002,0.0971533,1
64449,87,SET,0.2,0.16451230000000003,1
64450,87,EPS15,0.07,0.0630297,1
64451,87,RNF213,0.05,0.0435079,1
64452,87,CTCF,1.1100000000000003,0.7906353,1
64453,87,WDCP,0.28,0.1753086,1
64454,87,KAT7,0.14,0.11279800000000001,1
64455,87,KDM5C,0.19000000000000003,0.1745865,1
64456,87,TGFBR2,0.33,0.27639539999999996,1
64457,87,ATM,0.7700000000000005,0.8650838999999999,1
64458,87,NUMA1,0.03,0.0341435,1
64459,87,STAT3,0.9800000000000004,0.9248299000000001,1
64460,87,SUB1,-0.07999999999999999,-0.035286,1
64461,87,NUP98,0.1,0.14115200000000003,1
64462,87,ELL,0.03999999999999998,0.024205899999999995,1
64463,87,MAP3K1,0.53,0.3768869999999999,1
64464,87,MALT1,0.22999999999999998,0.1938091,1
64465,87,XPO1,0.5500000000000003,0.45063230000000004,1
64466,87,SETD1B,0.24999999999999997,0.19342700000000002,1
64467,87,ETV6,-0.13,-0.0007160000000000014,1
64468,87,TBL1XR1,0.23,0.15728989999999998,1
64469,87,NUP214,1.734723475976807e-17,0.14882630000000002,1
64470,87,TPR,0.12000000000000001,0.0869181,1
64471,87,ATIC,0.07999999999999999,0.1349622,1
64472,87,NACA,0.22999999999999998,0.1493503,1
64473,87,MYO5A,0.01,0.0075547999999999995,1
64474,87,SMC1A,0.3600000000000001,0.4292282,1
64475,87,LASP1,-0.29000000000000004,-0.1380303,1
64476,87,ERCC5,0.4100000000000001,0.25212520000000005,1
64477,87,JUN,-1.5000000000000002,-0.26963420000000016,1
64478,87,THRAP3,0.05,0.038106,1
64479,87,STAG2,0.44,0.36183849999999995,1
64480,87,RAF1,1.0000000000000004,0.7476611999999999,1
64481,87,ERCC3,0.59,0.4845049,1
64482,87,SMAD2,0.5800000000000002,0.5169181,1
64483,87,TAF15,0.22000000000000003,0.1769274,1
64484,87,ARNT,0.16,0.177565,1
64485,87,CLTC,-0.7400000000000001,-0.3195759000000001,1
64486,87,IKBKB,0.5500000000000002,0.4236269,1
64487,87,IDH1,-0.6400000000000001,-0.18218070000000003,1
64488,87,SND1,5.204170427930421e-18,0.0164083,1
64489,87,KNSTRN,0.02,0.0149268,1
64490,87,RHOA,-1.9900000000000007,-0.5173237999999998,1
64491,87,PALB2,0.7000000000000002,0.5783982999999999,1
64492,87,ARID2,0.8800000000000001,0.6732373,1
64493,87,EZR,-0.12999999999999998,-0.026044799999999993,1
64494,87,TP53,0.15000000000000022,0.5140112000000006,1
64495,87,ARAF,0.36,0.20883009999999996,1
64496,87,KIF5B,0.5300000000000001,0.3853900999999999,1
64497,87,KAT6A,0.26999999999999996,0.2513665,1
64498,87,KTN1,-0.049999999999999996,-0.001990899999999997,1
64499,87,GOLGA5,-0.12000000000000001,-0.07276579999999999,1
64500,87,KDM5A,0.22,0.21880919999999998,1
64501,87,RAD21,0.52,0.4213388,1
64502,87,GNAQ,0.26000000000000006,0.19744509999999998,1
64503,87,CAMTA1,0.05,0.037621,1
64504,87,ERCC2,0.66,0.5109144,1
64505,87,EZH2,1.6200000000000012,1.2847903999999994,1
64506,87,TOP1,0.31000000000000005,0.25431570000000003,1
64507,87,SRSF3,-0.24000000000000002,-0.012790400000000009,1
64508,87,NPM1,0.10999999999999999,0.204832,1
64509,87,BAX,-0.76,-0.15797160000000002,1
64510,87,NOTCH2,0.28,0.22887010000000002,1
64511,87,TRAF7,0.02,0.0136794,1
64512,87,KDM6A,0.7400000000000002,0.7840491000000002,1
64513,87,SPEN,0.13,0.0988301,1
64514,87,TRIM27,-0.29000000000000004,-0.10961640000000002,1
64515,87,CRTC1,0.16,0.12295410000000001,1
64516,87,EML4,0.19,0.23423699999999997,1
64517,87,USP9X,-0.07,-0.050380600000000005,1
64518,87,PTPRK,0.0,0.0,1
64519,87,CD74,-0.31000000000000005,-0.0540401,1
64520,87,CBL,0.42000000000000004,0.40291370000000004,1
64521,87,ZNF384,0.03,0.023459900000000002,1
64522,87,NOTCH1,1.1900000000000006,0.8590975,1
64523,87,COX6C,-0.13,-0.0442667,1
64524,87,CHCHD7,0.02,0.012066200000000001,1
64525,87,HMGA1,-0.04,-0.015533100000000001,1
64526,87,PTEN,1.7100000000000009,1.3890532000000002,1
64527,87,FIP1L1,-0.030000000000000006,-0.019814500000000006,1
64528,87,JAK1,0.8800000000000003,0.7103585000000001,1
64529,87,ZMYM2,-0.019999999999999997,-0.015296999999999998,1
64530,87,SUZ12,0.8400000000000003,0.6433627,1
64531,87,FUS,-0.31999999999999995,0.04829969999999999,1
64532,87,BAP1,-0.30000000000000004,-0.12164600000000002,1
64533,87,ZCCHC8,-0.1,-0.025235000000000004,1
64534,87,CRNKL1,0.0,0.0006811999999999999,1
64535,87,RAD17,0.18,0.1207409,1
64536,87,ATP1A1,0.02,0.011603700000000002,1
64537,87,DNMT3A,1.0800000000000003,0.8778772000000001,1
64538,87,FBXW7,0.8200000000000003,0.7218711999999999,1
64539,87,WWTR1,-0.08,-0.028540800000000005,1
64540,87,CDKN1B,0.54,0.39353910000000014,1
64541,87,KMT2A,0.4000000000000002,0.3878379,1
64542,87,PTPN11,1.1200000000000003,0.8137595000000002,1
64543,87,STAT5B,0.62,0.5170859,1
64544,87,CUX1,-0.08,-0.0526061,1
64545,87,ABI1,-0.39,-0.0994439,1
64546,87,BRCA1,1.5900000000000012,1.3345032,1
64547,87,SH2B3,0.09000000000000001,0.057453699999999996,1
64548,87,AFF4,0.010000000000000023,0.03301580000000001,1
64549,87,NF2,0.18,0.15636839999999996,1
64550,87,LMNA,0.14,0.0977177,1
64551,87,TSC2,0.7800000000000002,0.6122354000000002,1
64552,87,GOLPH3,-0.04,-0.0295811,1
64553,87,PCM1,-0.03,-0.0233633,1
64554,87,PPP2R1A,-0.44000000000000017,-0.09700980000000002,1
64555,87,ARID1A,1.910000000000001,1.4793977000000003,1
64556,87,ABL1,-0.3499999999999999,0.004424099999999931,1
64557,87,AFF1,0.2,0.1669468,1
64558,87,DAXX,-0.29000000000000004,-0.04646340000000001,1
64559,87,CBFB,0.09999999999999999,0.10305060000000002,1
64560,87,CBLB,0.17,0.1445972,1
64561,87,POLR2A,0.01999999999999999,0.231389,1
64562,87,PRKACA,0.2800000000000001,0.28724549999999993,1
64563,87,DNM2,-0.09,-0.0374178,1
64564,87,RAP1GDS1,0.0,0.0352175,1
64565,87,NCOR1,0.9000000000000002,0.8145827999999997,1
64566,87,NFKBIE,-0.21999999999999997,-0.07607829999999999,1
64567,87,DDX3X,0.22999999999999998,0.2061492,1
64568,87,ELK4,0.03,0.024872699999999998,1
64569,87,MLLT6,0.13,0.0929667,1
64570,87,SRSF2,-2.39,-0.6077518000000001,1
64571,87,CTNNA1,0.14,0.11088849999999999,1
64572,87,RBM10,0.18,0.12982440000000003,1
64573,87,PTPRC,-0.09000000000000001,0.051210900000000004,1
64574,87,HSP90AA1,1.0700000000000005,0.7420462999999999,1
64575,87,NSD1,0.27,0.21797290000000002,0
64576,87,DICER1,0.18,0.21069380000000004,0
64577,87,BIRC6,0.08,0.0660143,0
64578,87,SDHC,0.30000000000000004,0.20568369999999997,0
64579,87,TFG,0.32999999999999996,0.1829797,0
64580,87,MAP2K2,0.22000000000000003,0.1840081,0
64581,87,TFRC,-0.21000000000000002,-0.1058437,0
64582,87,CREB1,0.8900000000000003,0.6724978000000001,0
64583,87,POLG,0.02,0.0073542,0
64584,87,SETD2,0.7100000000000002,0.6013105999999999,0
64585,87,NAB2,-0.33999999999999997,-0.11889430000000001,0
64586,87,HIF1A,1.6000000000000008,1.1649387999999998,0
64587,87,FLCN,0.04,0.035225,0
64588,87,MAP2K4,-0.08,0.048994800000000005,0
64589,87,CNOT3,-0.010000000000000002,0.011659000000000006,0
64590,87,CIITA,0.08,0.0487235,0
64591,87,LSM14A,0.1,0.08601719999999999,0
64592,87,AKAP9,-0.08000000000000002,-0.022434299999999997,0
64593,87,MSN,-0.35,-0.08710989999999999,0
64594,87,BCR,0.040000000000000015,0.0598439,0
64595,87,TRRAP,0.040000000000000036,0.14600909999999998,0
64596,87,PPP6C,-0.15000000000000002,-0.0766101,0
64597,87,NCOA4,-0.18,-0.10081300000000001,0
64598,87,BCL9,0.16,0.1270461,0
64599,87,PRCC,0.06000000000000001,0.0444851,0
64600,87,LARP4B,-0.01,-0.0052613,0
64601,87,CHD2,0.01,0.0077666,0
64602,87,ASXL1,0.5199999999999999,0.47423509999999997,0
64603,87,SMARCA4,1.3600000000000008,1.0428648999999999,0
64604,87,ERC1,-0.02,-0.0152436,0
64605,87,DCTN1,-0.2699999999999999,-0.12283869999999998,0
64606,87,PIK3R1,1.2900000000000007,0.9413637000000002,0
64607,87,EED,-0.06,0.01956909999999999,0
64608,87,CNBP,0.01,0.0052935,0
64609,87,SGK1,0.26,0.152484,0
64610,87,MLLT10,-0.09000000000000001,-0.028797100000000003,0
64611,87,BRD4,1.0300000000000002,0.7983495,0
64612,87,RANBP2,0.18,0.2124098,0
64613,87,FBXO11,0.07,0.0547629,0
64614,87,PML,0.42000000000000004,0.2800152,0
64615,87,AKT2,0.9500000000000003,0.6582422000000001,0
64616,87,CEP89,0.07,0.0450744,0
64617,87,LZTR1,0.09000000000000001,0.08941099999999999,0
64618,87,YWHAE,0.25,0.15878130000000001,0
64619,87,DNAJB1,-0.09,-0.0226127,0
64620,87,PRDM2,0.05,0.0385987,0
64621,87,TPM4,0.49000000000000005,0.31930020000000003,0
64622,87,CREBBP,1.8200000000000012,1.4959513000000006,0
64623,87,PMS2,0.6200000000000001,0.5625928000000001,0
64624,87,DDR2,0.04,0.023347,0
64625,87,FANCA,0.35,0.28647219999999995,0
64626,87,PDE4DIP,0.05,0.03354700000000001,0
64627,87,USP8,-0.09000000000000001,-0.0386719,0
64628,87,MYH9,-0.2,-0.010993100000000006,0
64629,87,MYC,-1.830000000000001,-0.6958761999999998,0
64630,87,NBN,0.51,0.3780329,0
64631,87,CCND3,-0.09000000000000002,0.0088312,0
64632,87,TRIP11,-0.11000000000000001,-0.078658,0
64633,87,CNTRL,-0.060000000000000005,-0.042903800000000006,0
64634,87,PIK3CA,1.610000000000001,1.1880611999999997,0
64635,87,DDX5,0.4,0.31945330000000005,0
64636,87,PICALM,3.469446951953614e-18,0.003442800000000003,0
64637,87,RARA,0.45000000000000007,0.31243340000000003,0
64638,87,DDX6,-0.02,0.0762204,0
64639,87,COL1A1,0.09,0.09571650000000001,0
64640,87,VHL,0.23,0.16092220000000004,0
64641,87,MAPK1,1.4500000000000008,0.9285932000000001,0
64642,87,SRC,-0.5499999999999999,0.016518199999999955,0
64643,87,NFE2L2,0.19999999999999998,0.15420229999999996,0
64644,87,MITF,-0.35,-0.0872108,0
64645,87,SMAD3,1.2300000000000009,0.9550525,0
64646,87,RBM15,0.08,0.07012650000000001,0
64647,87,ATR,0.7100000000000003,0.5984373000000001,0
64648,87,EPAS1,0.42,0.3608198,0
64649,87,TPM3,0.21000000000000002,0.15096110000000001,0
64650,87,RPL10,0.14,0.12490490000000001,0
64651,87,STAG1,0.10999999999999999,0.13036750000000003,0
64652,87,SBDS,-0.03,-0.0113211,0
64653,87,KMT2D,0.9700000000000004,0.7205663,0
64654,87,MED12,0.28,0.2252198,0
64655,87,BCLAF1,0.0,0.05373629999999999,0
64656,87,ASPSCR1,-0.009999999999999998,0.002928700000000001,0
64657,87,CDK12,0.3,0.22417520000000002,0
64658,87,EWSR1,0.44999999999999996,0.3559942,0
64659,87,NDRG1,-0.04000000000000001,-0.012838000000000002,0
64660,87,PSIP1,-0.13,-0.0572956,0
64661,87,TRIM33,0.04999999999999999,0.04605240000000001,0
64662,87,MTOR,1.1900000000000006,0.8670371000000001,0
64663,87,ARHGAP35,0.11000000000000001,0.1308673,0
64664,87,POT1,-0.029999999999999992,-0.0001121999999999998,0
64665,87,EXT1,0.11,0.0756602,0
64666,87,IL6ST,0.29,0.22397250000000002,0
64667,87,IDH2,0.15,0.1274038,0
64668,87,SMARCE1,0.43,0.2650045,0
64669,87,CRTC3,0.09,0.0645433,0
64670,87,TSC1,0.31,0.2768841,0
64671,87,BCOR,-0.13,-0.0020618000000000025,0
64672,87,SDHA,0.24000000000000002,0.1444485,0
64673,87,EP300,1.7100000000000013,1.3500818,0
64674,87,HNRNPA2B1,0.22,0.19678079999999998,0
64675,87,CLIP1,-0.09999999999999999,-0.05702999999999999,0
64676,87,PATZ1,-0.51,-0.1309262,0
64677,87,FUBP1,-0.12,-0.00022520000000001393,0
64678,87,HLA-A,-0.18000000000000005,-0.0065225000000000075,0
64679,87,CCNC,-0.06999999999999999,-0.0210758,0
64680,87,RPN1,-0.28,-0.07454430000000001,0
64681,87,TCF7L2,0.060000000000000026,0.10087910000000001,0
64682,87,CANT1,0.09000000000000001,0.056728600000000004,0
64683,87,RPL5,-0.6000000000000001,-0.15535970000000004,0
64684,87,CCDC6,-0.010000000000000009,0.047287,0
64685,87,NCKIPSD,0.04,0.0224438,0
64686,87,SMARCD1,0.44,0.31119060000000004,0
64687,87,BCL10,0.04000000000000001,0.05051320000000001,0
64688,87,MAX,5.204170427930421e-18,0.017054800000000005,0
64689,87,HERPUD1,0.02,0.0080598,0
64690,87,RAC1,0.059999999999999984,0.1294185,0
64691,87,FLNA,0.039999999999999994,0.0788179,0
64692,87,TFE3,-0.45,-0.18952339999999998,0
64693,87,NCOR2,0.7100000000000002,0.5411891999999999,0
64694,87,PRPF40B,-0.020000000000000004,-0.005523200000000006,0
64695,87,BCL3,-0.07,-0.0193146,0
64696,87,TFPT,-0.25,-0.0868381,0
64697,87,MLH1,0.8300000000000002,0.6951734,0
64698,87,ARHGAP5,0.1,0.0985811,0
64699,87,CIC,0.0,0.0,0
64700,87,LYN,0.8800000000000001,0.6305117,0
64701,87,TCF12,0.27999999999999997,0.21911219999999995,0
64702,87,KLF6,0.04,0.023271999999999998,0
64703,87,KMT2C,1.0400000000000003,0.8249701,0
64704,87,PIM1,-0.18000000000000002,-0.06420970000000001,0
64705,87,CCND1,1.2100000000000006,0.7429023,0
64706,87,MLLT1,-0.9100000000000001,-0.2810156,0
64707,87,MEN1,0.04,0.0584256,0
64708,87,CUL3,0.11,0.13485079999999997,0
64709,87,RB1,0.63,0.49835970000000007,0
64710,87,LPP,-0.07,-0.017462000000000012,0
64711,87,BUB1B,-0.15000000000000002,-0.0763454,0
64712,87,SMAD4,1.4200000000000008,1.056095,0
64713,87,FGFR1,0.25,0.1732089,0
64714,87,TMSB4X,0.04,0.0314572,0
64715,87,CDK4,0.5700000000000001,0.3812257000000001,0
64716,87,MSI2,0.01,0.0071051,0
64717,87,MSH6,0.9100000000000005,0.6971648000000001,0
64718,87,BRAF,0.9300000000000005,0.8301915999999998,0
64719,87,TCEA1,-0.039999999999999994,0.014134899999999999,0
64720,87,TNFAIP3,0.14,0.1223606,0
64721,87,RABEP1,0.0,-0.0018722999999999969,0
64722,87,GMPS,-0.04999999999999999,-0.0314022,0
64723,87,MDM2,1.2300000000000006,0.8655503999999998,0
64724,87,NSD2,0.2,0.1412095,0
64725,87,CASP8,-0.02999999999999997,0.1699088,0
64726,87,PER1,-0.24,-0.05089540000000001,0
64727,87,UBR5,-0.04,-0.009198299999999993,0
64728,87,EIF3E,-0.05,0.0553258,0
64729,87,RFWD3,0.030000000000000002,0.031130400000000003,0
64730,87,BRD3,0.10999999999999999,0.09267639999999999,0
64731,87,PAFAH1B2,0.02,0.0163764,0
64732,87,EXT2,0.0,0.00805199999999999,0
64733,87,PLCG1,0.5599999999999999,0.4078312,0
64734,87,SF3B1,-0.30000000000000004,-0.1221512,0
64735,87,ARHGEF10L,0.02,0.0102708,0
64736,87,NFATC2,0.19,0.1338988,0
64737,87,SDHD,0.24,0.1279776,0
64738,87,PABPC1,-0.81,-0.1898195,0
64739,87,POLD1,-0.33,-0.07855779999999998,0
64740,87,CALR,0.06999999999999999,0.0535929,0
64741,87,PIK3CB,0.49,0.41539850000000006,0
64742,87,PPM1D,0.19000000000000003,0.1442732,0
64743,87,ATRX,0.9800000000000004,0.7993967000000001,0
64744,87,DGCR8,0.18,0.1184729,0
64745,87,DDX10,0.13,0.0888303,0
64746,87,DROSHA,0.41000000000000003,0.30777030000000005,0
64747,87,TNFRSF14,-0.16,-0.0514032,0
64748,87,BCL9L,0.14,0.10297880000000001,0
64749,87,QKI,-0.04,-0.0260282,0
64750,87,BAZ1A,0.01,0.0072317,0
64751,87,CHD4,0.15999999999999998,0.16721300000000003,0
64752,87,NSD3,0.04999999999999999,0.0594381,0
64753,87,NT5C2,0.16,0.09463700000000001,0
64754,87,CCNB1IP1,0.11,0.049248,0
64755,87,PCBP1,-0.78,-0.23685260000000002,0
64756,87,RALGDS,0.16999999999999998,0.1183376,0
64757,87,ARHGEF12,-0.03,-0.0031513999999999986,0
64758,87,HSP90AB1,1.1500000000000006,0.7527970999999999,0
64759,87,FOXO3,1.3500000000000005,0.9346456999999999,0
64760,87,HIP1,-0.02,-0.0125074,0
64761,87,CDC73,-0.13,-0.006868,0
64762,87,NIN,0.02,0.015462600000000002,0
64763,87,MDM4,0.15000000000000002,0.1759172,0
64764,87,COL3A1,0.13,0.11446610000000002,0
64765,87,CTNND1,0.1,0.1281869,0
64766,87,SPOP,0.029999999999999992,0.0384616,0
64767,87,TMEM127,0.08,0.06473010000000001,0
64768,87,CREB3L2,0.1,0.05844519999999999,0
64769,87,MSH2,0.9400000000000004,0.6903377,0
64770,87,FNBP1,3.469446951953614e-18,0.006359299999999998,0
64771,87,ATF1,0.020000000000000004,0.013845600000000003,0
64772,87,EIF1AX,-0.48000000000000004,-0.21904969999999999,0
64773,87,PMS1,0.47000000000000003,0.36044650000000006,0
64774,87,DEK,0.15000000000000002,0.1302564,0
64775,87,ERBB2,1.0500000000000005,0.6743466,0
64776,87,AKT1,1.2600000000000007,0.7859663999999998,0
64777,87,CHEK2,0.33999999999999997,0.41223430000000005,0
64778,87,SDHB,0.4,0.2517166,0
64779,87,NCOA1,0.41999999999999993,0.2983072,0
64780,87,CHIC2,0.04000000000000001,0.024408100000000002,0
64781,87,RUNX1,0.41000000000000014,0.6321208999999998,0
64782,87,STAT6,0.3,0.2195424,0
64783,87,FH,-0.18000000000000002,-0.06322029999999998,0
64784,87,AKT3,1.0900000000000003,0.7410309000000002,0
64785,87,GNAS,0.23,0.1547769,0
64786,87,CTNNB1,1.3900000000000008,0.9352596999999998,0
64787,87,NONO,0.09,0.07051779999999999,0
64788,87,SMARCB1,0.9100000000000004,0.6740718,0
64789,87,PRKAR1A,0.09999999999999999,0.09395140000000002,0
64790,87,ITGAV,0.029999999999999995,0.0331124,0
64791,87,SS18,0.39,0.25070289999999995,0
64792,87,MAP2K1,1.0900000000000005,0.6937072000000001,0
64793,87,SIRPA,-0.01,-0.0038550999999999985,0
64794,87,PPFIBP1,0.38,0.25010590000000005,0
64795,87,RPL22,-0.23999999999999996,0.07250400000000001,0
64796,87,CYLD,0.32,0.2492731,0
64797,87,ARID1B,0.69,0.5151013999999999,0
64798,87,SETDB1,0.30999999999999994,0.2279197,0
64799,87,AFDN,-0.3,-0.10496879999999999,0
64800,87,ZRSR2,0.27,0.20043320000000003,0
64801,87,PBRM1,0.9200000000000004,0.6697829999999999,0
64802,87,XPC,0.6100000000000001,0.41497080000000003,0
64803,87,ASXL2,0.23,0.1549428,0
64804,87,TRIM24,-0.16999999999999998,-0.0633319,0
64805,87,SFPQ,-0.1,0.013074500000000024,0
64806,87,NCOA2,0.53,0.37680710000000006,0
64807,87,FOXO4,0.3500000000000001,0.22057189999999996,0
64808,87,LEF1,0.14,0.1170713,0
64809,87,B2M,-0.61,-0.23364860000000004,0
64810,87,DDIT3,-0.39,-0.1031437,0
64811,87,BCL6,0.5800000000000002,0.4141062,0
64812,87,KRAS,-1.2800000000000007,-0.33511870000000005,0
64813,87,FAT1,0.06999999999999999,0.06303879999999999,0
64814,87,ABL2,0.11000000000000001,0.07870840000000001,0
64815,87,NF1,0.8200000000000003,0.6652045000000001,0
64816,87,BTG1,-0.03,-0.015079799999999999,0
64817,87,EIF4A2,0.08,0.0652792,0
64818,87,SET,0.16000000000000003,0.14154640000000002,0
64819,87,EPS15,0.019999999999999997,0.0248109,0
64820,87,RNF213,0.04,0.0311561,0
64821,87,CTCF,0.9900000000000004,0.7212905999999999,0
64822,87,WDCP,0.12,0.07502720000000002,0
64823,87,KAT7,0.10999999999999997,0.08648729999999999,0
64824,87,KDM5C,0.15,0.1390315,0
64825,87,TGFBR2,0.24000000000000002,0.1713822,0
64826,87,ATM,1.560000000000001,1.2038320999999998,0
64827,87,NUMA1,0.02,0.027447999999999997,0
64828,87,STAT3,1.4700000000000009,1.1743879,0
64829,87,SUB1,-0.23,-0.0897713,0
64830,87,NUP98,0.06999999999999997,0.09285610000000001,0
64831,87,ELL,-0.020000000000000025,0.011574099999999983,0
64832,87,MAP3K1,0.36999999999999994,0.30296160000000005,0
64833,87,MALT1,0.14,0.14038470000000003,0
64834,87,XPO1,0.3400000000000001,0.2706688,0
64835,87,SETD1B,0.18,0.13145469999999998,0
64836,87,ETV6,-0.08,0.002145899999999995,0
64837,87,TBL1XR1,0.21000000000000002,0.1428942,0
64838,87,NUP214,-0.029999999999999978,0.09114760000000002,0
64839,87,TPR,0.1,0.1070527,0
64840,87,ATIC,-0.03,0.005797899999999998,0
64841,87,NACA,0.23,0.1548481,0
64842,87,MYO5A,0.0,0.002730099999999999,0
64843,87,SMC1A,0.5400000000000001,0.4621285,0
64844,87,LASP1,-0.2,-0.11401370000000001,0
64845,87,ERCC5,0.47000000000000003,0.31224820000000003,0
64846,87,JUN,-0.09000000000000002,0.14780159999999998,0
64847,87,THRAP3,0.11000000000000001,0.09195600000000001,0
64848,87,STAG2,0.48,0.3831356,0
64849,87,RAF1,1.0600000000000005,0.7499228999999998,0
64850,87,ERCC3,0.51,0.42176480000000005,0
64851,87,SMAD2,0.51,0.49024969999999984,0
64852,87,TAF15,0.17,0.1388183,0
64853,87,ARNT,0.28,0.24143190000000003,0
64854,87,CLTC,-0.53,-0.28660280000000005,0
64855,87,IKBKB,0.5300000000000002,0.44451649999999987,0
64856,87,IDH1,-0.6300000000000001,-0.1805257,0
64857,87,SND1,3.469446951953614e-18,0.0036783999999999975,0
64858,87,KNSTRN,0.03,0.0243129,0
64859,87,RHOA,-1.5900000000000003,-0.40801030000000005,0
64860,87,PALB2,0.6,0.5063005,0
64861,87,ARID2,0.76,0.5732503,0
64862,87,EZR,-0.09,-0.00545600000000002,0
64863,87,TP53,-1.2999999999999996,-0.13400839999999997,0
64864,87,ARAF,0.42000000000000004,0.23416410000000001,0
64865,87,KIF5B,0.44,0.31497460000000005,0
64866,87,KAT6A,0.23,0.20395050000000003,0
64867,87,KTN1,-0.12000000000000001,-0.0332301,0
64868,87,GOLGA5,-0.10999999999999999,-0.0771967,0
64869,87,KDM5A,0.19,0.18093579999999998,0
64870,87,RAD21,0.4599999999999999,0.3616276,0
64871,87,GNAQ,0.14,0.0937633,0
64872,87,CAMTA1,-0.01,-0.0052668,0
64873,87,ERCC2,0.5900000000000001,0.4234133000000001,0
64874,87,EZH2,1.8500000000000012,1.1935799000000005,0
64875,87,TOP1,0.23000000000000004,0.16920159999999998,0
64876,87,SRSF3,-0.30000000000000004,-0.08962460000000004,0
64877,87,NPM1,-0.03000000000000001,0.1301176,0
64878,87,BAX,-0.56,-0.1659726,0
64879,87,NOTCH2,0.26,0.2059938,0
64880,87,TRAF7,0.03,0.023419199999999998,0
64881,87,KDM6A,0.8300000000000004,0.7222524,0
64882,87,SPEN,0.12,0.09052840000000001,0
64883,87,TRIM27,-0.47,-0.1619098,0
64884,87,CRTC1,0.15000000000000002,0.10978950000000001,0
64885,87,EML4,0.2900000000000001,0.24272069999999996,0
64886,87,USP9X,-0.09,-0.05856019999999999,0
64887,87,PTPRK,0.01,0.0068394,0
64888,87,CD74,-0.16,-0.020545599999999997,0
64889,87,CBL,0.6100000000000001,0.4594732,0
64890,87,ZNF384,-0.04,-0.0201088,0
64891,87,NOTCH1,1.0000000000000004,0.7344985,0
64892,87,COX6C,-0.14,-0.05720810000000001,0
64893,87,CHCHD7,0.03,0.0208197,0
64894,87,HMGA1,-0.12,-0.0552333,0
64895,87,PTEN,1.420000000000001,1.1666663,0
64896,87,FIP1L1,-0.019999999999999997,-0.011503799999999998,0
64897,87,JAK1,0.7800000000000002,0.6289169,0
64898,87,ZMYM2,-0.05999999999999999,-0.04269920000000001,0
64899,87,SUZ12,0.7600000000000002,0.5411265000000001,0
64900,87,FUS,-0.11000000000000004,0.1388572,0
64901,87,BAP1,0.019999999999999997,0.0374233,0
64902,87,ZCCHC8,-0.06,-0.018605399999999998,0
64903,87,CRNKL1,-0.02,-0.010277399999999999,0
64904,87,RAD17,0.13,0.08967550000000002,0
64905,87,ATP1A1,0.0,0.001990500000000001,0
64906,87,DNMT3A,0.9500000000000004,0.7387384,0
64907,87,FBXW7,1.0700000000000005,0.8284110999999998,0
64908,87,WWTR1,-0.02,-0.006902499999999997,0
64909,87,CDKN1B,0.6100000000000001,0.36315790000000003,0
64910,87,KMT2A,0.5800000000000002,0.4799612999999999,0
64911,87,PTPN11,0.8900000000000001,0.7047727999999998,0
64912,87,STAT5B,0.7100000000000003,0.5449226999999999,0
64913,87,CUX1,-0.09999999999999999,-0.06855870000000001,0
64914,87,ABI1,-0.39,-0.14008310000000002,0
64915,87,BRCA1,1.7100000000000013,1.352831,0
64916,87,SH2B3,0.060000000000000005,0.0411867,0
64917,87,AFF4,0.10999999999999999,0.0869306,0
64918,87,NF2,0.049999999999999996,0.09567999999999999,0
64919,87,LMNA,-0.019999999999999997,0.010346400000000002,0
64920,87,TSC2,0.5700000000000002,0.4666233999999999,0
64921,87,GOLPH3,-0.09999999999999999,-0.0620885,0
64922,87,PCM1,-0.06,-0.0400737,0
64923,87,PPP2R1A,-0.4600000000000001,-0.15413859999999996,0
64924,87,ARID1A,1.840000000000001,1.3499796,0
64925,87,ABL1,0.09999999999999999,0.13189259999999997,0
64926,87,AFF1,0.25,0.1960068,0
64927,87,DAXX,-0.26999999999999996,-0.06368149999999999,0
64928,87,CBFB,0.10999999999999999,0.0945297,0
64929,87,CBLB,0.13,0.10156119999999999,0
64930,87,POLR2A,0.07000000000000003,0.2135593,0
64931,87,PRKACA,0.29999999999999993,0.25828819999999997,0
64932,87,DNM2,-0.12000000000000001,-0.048621,0
64933,87,RAP1GDS1,-0.04000000000000002,-0.013363000000000007,0
64934,87,NCOR1,0.9200000000000004,0.8236309999999998,0
64935,87,NFKBIE,-0.23,-0.0819403,0
64936,87,DDX3X,0.15,0.1354243,0
64937,87,ELK4,0.02,0.0154924,0
64938,87,MLLT6,0.14,0.1120571,0
64939,87,SRSF2,-1.4600000000000002,-0.4118538999999999,0
64940,87,CTNNA1,0.11,0.0827187,0
64941,87,RBM10,0.21,0.14677959999999998,0
64942,87,PTPRC,0.13,0.12436870000000001,0
64943,87,HSP90AA1,1.2700000000000005,0.8356124000000003,0
64944,88,NSD1,0.35000000000000003,0.3046485,1
64945,88,DICER1,0.19999999999999996,0.2582475,1
64946,88,BIRC6,0.11000000000000001,0.1210629,1
64947,88,SDHC,0.43999999999999995,0.3263336000000001,1
64948,88,TFG,0.1,0.08225890000000001,1
64949,88,MAP2K2,0.29000000000000004,0.2114242,1
64950,88,TFRC,-0.22,-0.0662369,1
64951,88,CREB1,1.0000000000000004,0.8430983999999998,1
64952,88,POLG,-0.01,-0.0029863000000000003,1
64953,88,SETD2,0.6200000000000004,0.5707781000000001,1
64954,88,NAB2,-0.56,-0.1558505,1
64955,88,HIF1A,1.560000000000001,1.2062078000000003,1
64956,88,FLCN,-0.009999999999999995,0.0327558,1
64957,88,MAP2K4,0.08000000000000002,0.1262313,1
64958,88,CNOT3,0.05,0.0521582,1
64959,88,CIITA,0.11,0.0692168,1
64960,88,LSM14A,0.15000000000000002,0.12483179999999999,1
64961,88,AKAP9,-0.1,-0.006166100000000001,1
64962,88,MSN,-0.20000000000000007,-0.053331699999999996,1
64963,88,BCR,-0.06000000000000001,0.05108130000000001,1
64964,88,TRRAP,0.09000000000000001,0.23048579999999996,1
64965,88,PPP6C,-0.13,-0.038453600000000004,1
64966,88,NCOA4,-0.060000000000000005,-0.0127945,1
64967,88,BCL9,0.2,0.1668943,1
64968,88,PRCC,0.14,0.10448369999999997,1
64969,88,LARP4B,0.03,0.0214806,1
64970,88,CHD2,0.02,0.017898,1
64971,88,ASXL1,0.29000000000000004,0.3580933,1
64972,88,SMARCA4,2.080000000000001,1.6199463000000003,1
64973,88,ERC1,-0.03,-0.0221331,1
64974,88,DCTN1,0.010000000000000002,0.043550900000000024,1
64975,88,PIK3R1,1.2100000000000006,0.9822618999999998,1
64976,88,EED,0.08000000000000002,0.07147060000000001,1
64977,88,CNBP,0.02,0.0128104,1
64978,88,SGK1,0.53,0.35693080000000005,1
64979,88,MLLT10,-0.19999999999999998,-0.10543580000000002,1
64980,88,BRD4,0.9500000000000004,0.8590789999999999,1
64981,88,RANBP2,0.2799999999999999,0.27996679999999996,1
64982,88,FBXO11,0.09,0.0723815,1
64983,88,PML,0.54,0.3532411000000001,1
64984,88,AKT2,1.1200000000000006,0.8401777000000002,1
64985,88,CEP89,0.04,0.0252584,1
64986,88,LZTR1,0.14,0.1423333,1
64987,88,YWHAE,0.21000000000000002,0.1410457,1
64988,88,DNAJB1,-0.11,-0.0274954,1
64989,88,PRDM2,0.08,0.0642368,1
64990,88,TPM4,0.4800000000000001,0.3291842,1
64991,88,CREBBP,1.760000000000001,1.4938978,1
64992,88,PMS2,0.72,0.6370833,1
64993,88,DDR2,-0.010000000000000002,-0.0012687000000000045,1
64994,88,FANCA,0.38000000000000006,0.3244059,1
64995,88,PDE4DIP,0.09,0.0703497,1
64996,88,USP8,-0.039999999999999994,-0.012811999999999997,1
64997,88,MYH9,-0.47000000000000003,-0.10912060000000001,1
64998,88,MYC,-1.6100000000000003,-0.3335211000000002,1
64999,88,NBN,0.6400000000000001,0.5179586999999999,1
65000,88,CCND3,-0.09000000000000001,-0.0037143999999999927,1
65001,88,TRIP11,-0.09,-0.0667827,1
65002,88,CNTRL,-0.05,-0.042139600000000006,1
65003,88,PIK3CA,1.3600000000000008,1.1683444999999997,1
65004,88,DDX5,0.24999999999999997,0.28644759999999997,1
65005,88,PICALM,0.02,0.0195646,1
65006,88,RARA,-0.13,0.0589934,1
65007,88,DDX6,0.08000000000000002,0.14803820000000004,1
65008,88,COL1A1,0.27,0.23329900000000003,1
65009,88,VHL,0.32000000000000006,0.24176160000000002,1
65010,88,MAPK1,1.7700000000000011,1.2685799000000002,1
65011,88,SRC,0.05,0.31172330000000004,1
65012,88,NFE2L2,0.38,0.2752196,1
65013,88,MITF,-0.22,-0.04559239999999999,1
65014,88,SMAD3,1.300000000000001,1.1791063,1
65015,88,RBM15,0.13,0.11207260000000001,1
65016,88,ATR,0.8100000000000003,0.6822086999999999,1
65017,88,EPAS1,0.35999999999999993,0.39375530000000003,1
65018,88,TPM3,0.18,0.1418665,1
65019,88,RPL10,0.19,0.15986670000000003,1
65020,88,STAG1,0.13999999999999999,0.16292189999999998,1
65021,88,SBDS,0.0,-0.0005051000000000005,1
65022,88,KMT2D,1.0100000000000005,0.8181735,1
65023,88,MED12,0.42999999999999994,0.3621923000000001,1
65024,88,BCLAF1,-0.14,-0.0011365999999999946,1
65025,88,ASPSCR1,-0.03,-0.0042244,1
65026,88,CDK12,0.5700000000000001,0.45821100000000003,1
65027,88,EWSR1,0.3499999999999999,0.3455180000000001,1
65028,88,NDRG1,-0.11,-0.034612699999999996,1
65029,88,PSIP1,0.07999999999999999,0.0792043,1
65030,88,TRIM33,0.12000000000000004,0.10648350000000002,1
65031,88,MTOR,1.0600000000000005,0.8745924,1
65032,88,ARHGAP35,0.16999999999999998,0.1500553,1
65033,88,POT1,0.02,0.0208608,1
65034,88,EXT1,0.1,0.07047,1
65035,88,IL6ST,0.34,0.2833323,1
65036,88,IDH2,-0.02999999999999996,0.0547577,1
65037,88,SMARCE1,0.38,0.26675640000000006,1
65038,88,CRTC3,0.09,0.0784797,1
65039,88,TSC1,0.31,0.3133385,1
65040,88,BCOR,-0.11,0.0354236,1
65041,88,SDHA,0.27,0.2013732,1
65042,88,EP300,2.2500000000000004,1.9378851999999995,1
65043,88,HNRNPA2B1,0.51,0.3479705,1
65044,88,CLIP1,-0.12000000000000001,-0.06601660000000001,1
65045,88,PATZ1,-0.62,-0.139939,1
65046,88,FUBP1,-0.08,0.0175996,1
65047,88,HLA-A,-0.08,0.02663390000000001,1
65048,88,CCNC,-0.25999999999999995,-0.09875980000000001,1
65049,88,RPN1,-0.17,-0.0583289,1
65050,88,TCF7L2,0.06000000000000001,0.12111610000000003,1
65051,88,CANT1,0.0,0.01872030000000001,1
65052,88,RPL5,-0.6900000000000001,-0.1613047,1
65053,88,CCDC6,0.09,0.09592139999999999,1
65054,88,NCKIPSD,-0.03,-0.0107937,1
65055,88,SMARCD1,0.42000000000000004,0.34465540000000006,1
65056,88,BCL10,-0.010000000000000002,0.05697139999999999,1
65057,88,MAX,0.030000000000000006,0.0808147,1
65058,88,HERPUD1,-0.01,-0.0029227999999999997,1
65059,88,RAC1,-0.33999999999999986,-0.0069468000000000255,1
65060,88,FLNA,0.17,0.1362797,1
65061,88,TFE3,-0.61,-0.22409749999999998,1
65062,88,NCOR2,0.6300000000000002,0.5668316999999999,1
65063,88,PRPF40B,0.049999999999999996,0.035514800000000006,1
65064,88,BCL3,-0.11000000000000004,-0.021505600000000007,1
65065,88,TFPT,-0.33,-0.1075256,1
65066,88,MLH1,0.6400000000000001,0.6384715000000001,1
65067,88,ARHGAP5,0.15,0.1269501,1
65068,88,CIC,0.0,0.0,1
65069,88,LYN,0.76,0.5911569,1
65070,88,TCF12,0.35000000000000003,0.2810161,1
65071,88,KLF6,0.060000000000000005,0.0420475,1
65072,88,KMT2C,0.9600000000000002,0.8252915000000001,1
65073,88,PIM1,-0.1,-0.009594200000000011,1
65074,88,CCND1,1.2400000000000007,0.7857748000000003,1
65075,88,MLLT1,-1.3600000000000003,-0.33823080000000005,1
65076,88,MEN1,0.0,0.034158799999999996,1
65077,88,CUL3,0.15,0.18282770000000004,1
65078,88,RB1,0.72,0.5731775,1
65079,88,LPP,-0.13,-0.035191700000000006,1
65080,88,BUB1B,-0.2,-0.07019029999999998,1
65081,88,SMAD4,1.530000000000001,1.2757480999999997,1
65082,88,FGFR1,0.21999999999999997,0.23328790000000002,1
65083,88,TMSB4X,0.04,0.0315676,1
65084,88,CDK4,1.0800000000000005,0.7320785,1
65085,88,MSI2,0.01,0.0080497,1
65086,88,MSH6,1.0400000000000005,0.8961075999999999,1
65087,88,BRAF,1.2400000000000007,1.0995724,1
65088,88,TCEA1,-0.14,-0.021459200000000005,1
65089,88,TNFAIP3,0.13,0.1324554,1
65090,88,RABEP1,0.0,0.0010752000000000018,1
65091,88,GMPS,-0.09,-0.044572499999999994,1
65092,88,MDM2,1.170000000000001,0.9227141000000001,1
65093,88,NSD2,0.24999999999999997,0.1913428,1
65094,88,CASP8,-0.27999999999999997,0.07276069999999998,1
65095,88,PER1,-0.24,-0.07586679999999998,1
65096,88,UBR5,0.05,0.0562293,1
65097,88,EIF3E,-0.020000000000000004,0.0632786,1
65098,88,RFWD3,0.030000000000000002,0.0327973,1
65099,88,BRD3,0.08,0.0648181,1
65100,88,PAFAH1B2,0.03,0.0277461,1
65101,88,EXT2,0.010000000000000009,0.009452700000000008,1
65102,88,PLCG1,0.49999999999999994,0.4136988,1
65103,88,SF3B1,-0.65,-0.27950400000000003,1
65104,88,ARHGEF10L,0.04,0.0233072,1
65105,88,NFATC2,0.25,0.1835232,1
65106,88,SDHD,0.28,0.2081528,1
65107,88,PABPC1,-0.6100000000000001,-0.15702909999999998,1
65108,88,POLD1,-0.43000000000000005,-0.08935459999999999,1
65109,88,CALR,0.030000000000000006,0.07097569999999999,1
65110,88,PIK3CB,0.7300000000000002,0.6102440000000001,1
65111,88,PPM1D,0.31000000000000005,0.23599840000000002,1
65112,88,ATRX,0.9200000000000005,0.816093,1
65113,88,DGCR8,0.2,0.15202739999999998,1
65114,88,DDX10,0.16999999999999998,0.1338394,1
65115,88,DROSHA,0.5700000000000002,0.45579970000000003,1
65116,88,TNFRSF14,-0.17,-0.056491,1
65117,88,BCL9L,0.16000000000000003,0.12470759999999999,1
65118,88,QKI,0.009999999999999998,0.0080708,1
65119,88,BAZ1A,0.01,0.0079757,1
65120,88,CHD4,0.26,0.3108803,1
65121,88,NSD3,0.1,0.11689939999999999,1
65122,88,NT5C2,0.16,0.0943911,1
65123,88,CCNB1IP1,0.11000000000000001,0.0490554,1
65124,88,PCBP1,-0.8099999999999999,-0.22225690000000003,1
65125,88,RALGDS,-0.15000000000000002,0.016426699999999995,1
65126,88,ARHGEF12,-1.3877787807814457e-17,0.0345655,1
65127,88,HSP90AB1,0.8,0.6023815000000001,1
65128,88,FOXO3,1.560000000000001,1.1665258000000003,1
65129,88,HIP1,-0.03,-0.0144035,1
65130,88,CDC73,0.039999999999999994,0.0813508,1
65131,88,NIN,0.010000000000000002,0.010135199999999999,1
65132,88,MDM4,-0.029999999999999985,0.11608940000000001,1
65133,88,COL3A1,0.23,0.1890985,1
65134,88,CTNND1,0.15000000000000002,0.16412210000000002,1
65135,88,SPOP,0.03,0.0632248,1
65136,88,TMEM127,0.04,0.035002899999999997,1
65137,88,CREB3L2,0.15,0.0953153,1
65138,88,MSH2,1.1000000000000005,0.9185634,1
65139,88,FNBP1,0.03,0.040783,1
65140,88,ATF1,0.12,0.082618,1
65141,88,EIF1AX,-0.47,-0.17277920000000002,1
65142,88,PMS1,0.41000000000000003,0.3301275,1
65143,88,DEK,0.14,0.13338160000000002,1
65144,88,ERBB2,0.9100000000000004,0.5578970999999998,1
65145,88,AKT1,0.9600000000000004,0.6427411000000001,1
65146,88,CHEK2,0.5500000000000002,0.5912921000000002,1
65147,88,SDHB,0.4600000000000001,0.3307888,1
65148,88,NCOA1,0.47,0.3642093,1
65149,88,CHIC2,0.09,0.061551,1
65150,88,RUNX1,-0.08000000000000011,0.5125254000000001,1
65151,88,STAT6,0.38000000000000006,0.3686942,1
65152,88,FH,-0.03999999999999999,0.0036005000000000134,1
65153,88,AKT3,1.1700000000000006,0.8568775,1
65154,88,GNAS,0.39,0.2617864,1
65155,88,CTNNB1,1.6400000000000008,1.1477881000000003,1
65156,88,NONO,0.35,0.27426550000000005,1
65157,88,SMARCB1,1.0100000000000005,0.7776563000000003,1
65158,88,PRKAR1A,0.21000000000000002,0.1931058,1
65159,88,ITGAV,0.009999999999999998,0.0437386,1
65160,88,SS18,0.44,0.32098649999999995,1
65161,88,MAP2K1,1.0300000000000002,0.6494443,1
65162,88,SIRPA,-0.04,-0.006345499999999999,1
65163,88,PPFIBP1,0.38,0.2774956,1
65164,88,RPL22,-0.20000000000000004,0.10651600000000001,1
65165,88,CYLD,0.32,0.2573303,1
65166,88,ARID1B,0.8700000000000001,0.664253,1
65167,88,SETDB1,0.33999999999999997,0.2464529,1
65168,88,AFDN,-0.30999999999999994,-0.0824689,1
65169,88,ZRSR2,-0.21,-0.13986839999999998,1
65170,88,PBRM1,1.0700000000000005,0.8131071000000001,1
65171,88,XPC,0.5,0.32232020000000006,1
65172,88,ASXL2,0.31,0.22696910000000003,1
65173,88,TRIM24,-0.26,-0.030289,1
65174,88,SFPQ,-0.52,-0.17884029999999998,1
65175,88,NCOA2,0.6300000000000001,0.5113226,1
65176,88,FOXO4,0.31000000000000005,0.20898640000000002,1
65177,88,LEF1,0.22000000000000003,0.20339900000000002,1
65178,88,B2M,-0.40000000000000013,-0.158473,1
65179,88,DDIT3,-0.3400000000000001,-0.1107556,1
65180,88,BCL6,0.33,0.286296,1
65181,88,KRAS,-0.32999999999999996,0.070195,1
65182,88,FAT1,0.14,0.1167637,1
65183,88,ABL2,0.08,0.0708333,1
65184,88,NF1,1.3700000000000006,1.1189030999999998,1
65185,88,BTG1,-0.06,-0.025501199999999998,1
65186,88,EIF4A2,0.07,0.039519000000000006,1
65187,88,SET,0.2,0.16032860000000002,1
65188,88,EPS15,0.11000000000000001,0.09485070000000001,1
65189,88,RNF213,0.06,0.051567600000000005,1
65190,88,CTCF,0.9800000000000004,0.6658411,1
65191,88,WDCP,0.19999999999999998,0.12014570000000001,1
65192,88,KAT7,0.19,0.1581423,1
65193,88,KDM5C,0.23000000000000004,0.2233034,1
65194,88,TGFBR2,0.13999999999999999,0.16881529999999997,1
65195,88,ATM,0.7400000000000005,0.860792,1
65196,88,NUMA1,0.030000000000000006,0.0373121,1
65197,88,STAT3,0.46000000000000013,0.6538057,1
65198,88,SUB1,-0.16,-0.061496999999999996,1
65199,88,NUP98,0.26,0.2543858,1
65200,88,ELL,0.1,0.05031290000000001,1
65201,88,MAP3K1,0.38,0.32271170000000005,1
65202,88,MALT1,0.08,0.1273634,1
65203,88,XPO1,0.6000000000000002,0.48396000000000006,1
65204,88,SETD1B,0.26,0.205525,1
65205,88,ETV6,-0.09000000000000002,-0.0025226999999999992,1
65206,88,TBL1XR1,0.26,0.18736880000000003,1
65207,88,NUP214,-0.09,0.1540777,1
65208,88,TPR,0.15999999999999998,0.13947620000000002,1
65209,88,ATIC,0.15,0.1451723,1
65210,88,NACA,0.22,0.13847500000000001,1
65211,88,MYO5A,0.02,0.014948700000000002,1
65212,88,SMC1A,0.32999999999999996,0.42480299999999993,1
65213,88,LASP1,-0.26,-0.1287143,1
65214,88,ERCC5,0.37,0.2304242,1
65215,88,JUN,-0.8,-0.043970299999999976,1
65216,88,THRAP3,0.06,0.04749780000000001,1
65217,88,STAG2,0.23999999999999994,0.2765555,1
65218,88,RAF1,0.8700000000000003,0.6721370000000001,1
65219,88,ERCC3,0.46,0.4161617999999999,1
65220,88,SMAD2,0.5200000000000002,0.5878336,1
65221,88,TAF15,0.20000000000000004,0.16763290000000003,1
65222,88,ARNT,0.24999999999999997,0.22670300000000002,1
65223,88,CLTC,-0.59,-0.25194220000000006,1
65224,88,IKBKB,0.39,0.4094301,1
65225,88,IDH1,-0.27,-0.048911,1
65226,88,SND1,0.03,0.03516,1
65227,88,KNSTRN,0.02,0.014616400000000002,1
65228,88,RHOA,-2.9200000000000013,-0.6845147,1
65229,88,PALB2,0.6900000000000002,0.593339,1
65230,88,ARID2,0.8500000000000001,0.6633093999999999,1
65231,88,EZR,-0.16999999999999998,-0.03379520000000002,1
65232,88,TP53,-0.12000000000000005,0.44635509999999995,1
65233,88,ARAF,0.46,0.26448590000000005,1
65234,88,KIF5B,0.5400000000000001,0.40598790000000007,1
65235,88,KAT6A,0.21999999999999997,0.23623689999999997,1
65236,88,KTN1,-0.05,0.002695199999999995,1
65237,88,GOLGA5,-0.08,-0.054787899999999994,1
65238,88,KDM5A,0.30000000000000004,0.27815559999999995,1
65239,88,RAD21,0.5900000000000001,0.49910060000000006,1
65240,88,GNAQ,0.34,0.2665839,1
65241,88,CAMTA1,0.07,0.0526874,1
65242,88,ERCC2,0.64,0.5101227,1
65243,88,EZH2,1.2100000000000009,1.0516221999999997,1
65244,88,TOP1,0.27,0.21539780000000003,1
65245,88,SRSF3,-0.66,-0.17899549999999997,1
65246,88,NPM1,0.22999999999999993,0.22954989999999997,1
65247,88,BAX,-0.64,-0.1520374,1
65248,88,NOTCH2,0.31,0.265489,1
65249,88,TRAF7,0.02,0.0134552,1
65250,88,KDM6A,0.8000000000000003,0.8657461999999998,1
65251,88,SPEN,0.15,0.11844609999999998,1
65252,88,TRIM27,-0.5800000000000001,-0.1606551,1
65253,88,CRTC1,0.16,0.12969090000000003,1
65254,88,EML4,0.25,0.2761051,1
65255,88,USP9X,1.734723475976807e-18,-0.0016361999999999982,1
65256,88,PTPRK,0.0,0.0,1
65257,88,CD74,-0.11,0.017325200000000013,1
65258,88,CBL,0.54,0.5049479000000001,1
65259,88,ZNF384,0.04,0.0316249,1
65260,88,NOTCH1,1.1300000000000006,0.8373051999999997,1
65261,88,COX6C,-0.16,-0.0528038,1
65262,88,CHCHD7,0.03,0.0197637,1
65263,88,HMGA1,-0.09,-0.031194499999999997,1
65264,88,PTEN,1.270000000000001,1.1761519,1
65265,88,FIP1L1,-0.04000000000000001,-0.006777000000000005,1
65266,88,JAK1,0.8600000000000001,0.7226728999999998,1
65267,88,ZMYM2,0.03,0.025866800000000002,1
65268,88,SUZ12,0.8000000000000003,0.6270205999999998,1
65269,88,FUS,-0.7299999999999999,-0.07156350000000002,1
65270,88,BAP1,-0.33,-0.12727429999999998,1
65271,88,ZCCHC8,-0.12,-0.027363600000000002,1
65272,88,CRNKL1,0.01,0.006881599999999999,1
65273,88,RAD17,0.21999999999999997,0.16282980000000002,1
65274,88,ATP1A1,0.0,0.0024047999999999995,1
65275,88,DNMT3A,1.0300000000000007,0.8342746,1
65276,88,FBXW7,0.8300000000000003,0.7506782000000001,1
65277,88,WWTR1,-0.09999999999999999,-0.029180900000000003,1
65278,88,CDKN1B,0.4000000000000001,0.3223585,1
65279,88,KMT2A,0.41000000000000014,0.4278688999999999,1
65280,88,PTPN11,1.2200000000000006,0.9861485999999998,1
65281,88,STAT5B,0.7200000000000002,0.5926077999999999,1
65282,88,CUX1,-0.09000000000000001,-0.057982700000000005,1
65283,88,ABI1,-0.27,-0.0756337,1
65284,88,BRCA1,1.8700000000000012,1.5147229000000002,1
65285,88,SH2B3,0.11,0.0659805,1
65286,88,AFF4,-0.049999999999999996,-0.010831199999999996,1
65287,88,NF2,0.12000000000000001,0.1422385,1
65288,88,LMNA,0.04,0.0421008,1
65289,88,TSC2,0.8200000000000003,0.6764861000000002,1
65290,88,GOLPH3,-0.060000000000000005,-0.0424112,1
65291,88,PCM1,-0.03,-0.024285,1
65292,88,PPP2R1A,-0.4799999999999999,-0.10476390000000001,1
65293,88,ARID1A,1.8100000000000012,1.4513515999999997,1
65294,88,ABL1,-0.49000000000000005,-0.02843330000000003,1
65295,88,AFF1,0.15,0.1439368,1
65296,88,DAXX,-0.8600000000000001,-0.2221449,1
65297,88,CBFB,0.08000000000000002,0.11371299999999998,1
65298,88,CBLB,0.18,0.1579975,1
65299,88,POLR2A,-0.31,0.07691370000000003,1
65300,88,PRKACA,0.1700000000000001,0.23550479999999993,1
65301,88,DNM2,-0.15000000000000002,-0.05126880000000001,1
65302,88,RAP1GDS1,0.07000000000000003,0.06806290000000001,1
65303,88,NCOR1,0.8300000000000003,0.8831889999999999,1
65304,88,NFKBIE,-0.43000000000000005,-0.11355860000000001,1
65305,88,DDX3X,0.27999999999999997,0.26540430000000004,1
65306,88,ELK4,0.03,0.0256419,1
65307,88,MLLT6,0.06,0.055725,1
65308,88,SRSF2,-3.0900000000000003,-0.7006614999999999,1
65309,88,CTNNA1,0.16000000000000003,0.1228761,1
65310,88,RBM10,0.11000000000000001,0.08389630000000001,1
65311,88,PTPRC,0.009999999999999992,0.10311709999999999,1
65312,88,HSP90AA1,0.9900000000000004,0.6662382999999998,1
65313,88,NSD1,0.27,0.2282439,0
65314,88,DICER1,0.27,0.2619583,0
65315,88,BIRC6,0.11,0.0922824,0
65316,88,SDHC,0.35000000000000003,0.24796189999999999,0
65317,88,TFG,0.34,0.20188040000000002,0
65318,88,MAP2K2,0.24000000000000002,0.18428740000000002,0
65319,88,TFRC,-0.21,-0.10570310000000001,0
65320,88,CREB1,0.9700000000000004,0.7600406000000001,0
65321,88,POLG,0.0,0.0,0
65322,88,SETD2,0.7300000000000002,0.6283213,0
65323,88,NAB2,-0.34,-0.1174026,0
65324,88,HIF1A,1.5800000000000007,1.1660934000000003,0
65325,88,FLCN,0.019999999999999997,0.027312999999999997,0
65326,88,MAP2K4,0.009999999999999974,0.0858641,0
65327,88,CNOT3,0.0,0.0156752,0
65328,88,CIITA,0.08,0.050034600000000005,0
65329,88,LSM14A,0.1,0.08978159999999999,0
65330,88,AKAP9,-0.04,-0.0045419000000000015,0
65331,88,MSN,-0.41999999999999993,-0.1272982,0
65332,88,BCR,0.02000000000000001,0.0499534,0
65333,88,TRRAP,-0.06999999999999998,0.11641000000000006,0
65334,88,PPP6C,-0.13,-0.0673316,0
65335,88,NCOA4,-0.14,-0.0674237,0
65336,88,BCL9,0.15,0.12125520000000001,0
65337,88,PRCC,0.030000000000000002,0.025654400000000004,0
65338,88,LARP4B,0.0,0.0,0
65339,88,CHD2,0.01,0.0078844,0
65340,88,ASXL1,0.33,0.37981229999999994,0
65341,88,SMARCA4,1.4700000000000009,1.1229381,0
65342,88,ERC1,-0.02,-0.0159738,0
65343,88,DCTN1,-0.21000000000000002,-0.10385889999999999,0
65344,88,PIK3R1,1.2800000000000007,0.9562358999999999,0
65345,88,EED,-0.10999999999999999,-0.009742500000000008,0
65346,88,CNBP,0.0,0.0,0
65347,88,SGK1,0.25,0.15248909999999996,0
65348,88,MLLT10,-0.12000000000000001,-0.0577709,0
65349,88,BRD4,0.9500000000000004,0.7599535,0
65350,88,RANBP2,0.18,0.22135080000000001,0
65351,88,FBXO11,0.06,0.0465861,0
65352,88,PML,0.41000000000000003,0.2790311,0
65353,88,AKT2,0.9300000000000002,0.6582034999999999,0
65354,88,CEP89,0.06,0.0361322,0
65355,88,LZTR1,0.05,0.0744384,0
65356,88,YWHAE,0.27,0.1734544,0
65357,88,DNAJB1,-0.06,-0.009753199999999997,0
65358,88,PRDM2,0.04,0.029774300000000004,0
65359,88,TPM4,0.4700000000000001,0.3074786,0
65360,88,CREBBP,1.6800000000000013,1.4597459,0
65361,88,PMS2,0.5200000000000001,0.500741,0
65362,88,DDR2,0.03,0.015386399999999998,0
65363,88,FANCA,0.33999999999999997,0.28338589999999997,0
65364,88,PDE4DIP,0.060000000000000005,0.0415477,0
65365,88,USP8,-0.07,-0.027452899999999995,0
65366,88,MYH9,-0.29000000000000004,-0.06804239999999999,0
65367,88,MYC,-1.2800000000000005,-0.4990088,0
65368,88,NBN,0.52,0.3945852000000001,0
65369,88,CCND3,-0.23,-0.03293510000000001,0
65370,88,TRIP11,-0.12000000000000001,-0.0850822,0
65371,88,CNTRL,-0.08000000000000002,-0.05447539999999999,0
65372,88,PIK3CA,1.6600000000000013,1.2320547000000004,0
65373,88,DDX5,0.36,0.2975203,0
65374,88,PICALM,3.469446951953614e-18,0.003302199999999998,0
65375,88,RARA,0.44999999999999996,0.3157659,0
65376,88,DDX6,0.009999999999999988,0.08631359999999998,0
65377,88,COL1A1,0.11,0.1042029,0
65378,88,VHL,0.18,0.13414729999999997,0
65379,88,MAPK1,1.6600000000000008,1.087952,0
65380,88,SRC,-0.61,-0.024040900000000018,0
65381,88,NFE2L2,0.31000000000000005,0.2075568,0
65382,88,MITF,-0.35,-0.0854384,0
65383,88,SMAD3,1.1600000000000008,0.9545483,0
65384,88,RBM15,0.05,0.047913300000000006,0
65385,88,ATR,0.7000000000000003,0.5865481000000001,0
65386,88,EPAS1,0.39999999999999997,0.36231199999999997,0
65387,88,TPM3,0.21000000000000002,0.14748720000000004,0
65388,88,RPL10,0.14,0.1276547,0
65389,88,STAG1,0.17,0.1672192,0
65390,88,SBDS,-0.03,-0.0116358,0
65391,88,KMT2D,0.9600000000000004,0.7309371000000001,0
65392,88,MED12,0.29000000000000004,0.23263670000000003,0
65393,88,BCLAF1,0.0,0.04754119999999999,0
65394,88,ASPSCR1,-0.019999999999999993,-0.003743399999999994,0
65395,88,CDK12,0.33999999999999997,0.25393950000000004,0
65396,88,EWSR1,0.43999999999999995,0.3639877999999999,0
65397,88,NDRG1,-0.06,-0.021248400000000004,0
65398,88,PSIP1,-0.2,-0.10123420000000002,0
65399,88,TRIM33,0.04,0.04195909999999999,0
65400,88,MTOR,1.2100000000000006,0.9096486999999999,0
65401,88,ARHGAP35,0.1,0.1398281,0
65402,88,POT1,-0.05,-0.003173199999999996,0
65403,88,EXT1,0.1,0.068775,0
65404,88,IL6ST,0.29,0.2304444,0
65405,88,IDH2,0.16000000000000006,0.1059215,0
65406,88,SMARCE1,0.41,0.2536318000000001,0
65407,88,CRTC3,0.09,0.0718385,0
65408,88,TSC1,0.31000000000000005,0.2919191,0
65409,88,BCOR,-0.22,-0.0183663,0
65410,88,SDHA,0.23,0.13979880000000003,0
65411,88,EP300,1.7400000000000013,1.4511781999999998,0
65412,88,HNRNPA2B1,0.18999999999999997,0.16685279999999997,0
65413,88,CLIP1,-0.13,-0.0781693,0
65414,88,PATZ1,-0.47,-0.1268466,0
65415,88,FUBP1,-0.13,-0.0019914999999999976,0
65416,88,HLA-A,-0.26,-0.02689329999999998,0
65417,88,CCNC,-0.039999999999999994,-0.015579100000000002,0
65418,88,RPN1,-0.22,-0.06309880000000001,0
65419,88,TCF7L2,0.09000000000000001,0.10375329999999998,0
65420,88,CANT1,0.06000000000000001,0.0397233,0
65421,88,RPL5,-0.62,-0.18587960000000003,0
65422,88,CCDC6,0.010000000000000009,0.05235570000000001,0
65423,88,NCKIPSD,0.04,0.0227266,0
65424,88,SMARCD1,0.44,0.30950489999999997,0
65425,88,BCL10,0.03,0.051361199999999996,0
65426,88,MAX,-1.734723475976807e-18,0.016459,0
65427,88,HERPUD1,0.02,0.007912200000000001,0
65428,88,RAC1,0.09999999999999996,0.1306806,0
65429,88,FLNA,0.06999999999999999,0.07008349999999999,0
65430,88,TFE3,-0.45999999999999996,-0.19125950000000003,0
65431,88,NCOR2,0.6900000000000002,0.5146252,0
65432,88,PRPF40B,-0.010000000000000002,-0.0011105000000000004,0
65433,88,BCL3,-0.039999999999999994,-0.008151400000000003,0
65434,88,TFPT,-0.32999999999999996,-0.09899509999999999,0
65435,88,MLH1,0.78,0.6798866000000002,0
65436,88,ARHGAP5,0.14,0.11687010000000002,0
65437,88,CIC,-0.01,-0.006260099999999999,0
65438,88,LYN,0.8500000000000001,0.6165333000000001,0
65439,88,TCF12,0.29,0.2251509,0
65440,88,KLF6,0.05,0.0281975,0
65441,88,KMT2C,0.9200000000000004,0.7819157000000001,0
65442,88,PIM1,-0.2,-0.08014260000000002,0
65443,88,CCND1,1.3300000000000007,0.8166975000000001,0
65444,88,MLLT1,-1.1700000000000002,-0.33610399999999996,0
65445,88,MEN1,-0.02999999999999999,0.019996399999999998,0
65446,88,CUL3,0.10999999999999996,0.12787679999999998,0
65447,88,RB1,0.7,0.5443807999999999,0
65448,88,LPP,-0.1,-0.020573499999999998,0
65449,88,BUB1B,-0.13,-0.066403,0
65450,88,SMAD4,1.3800000000000008,1.0628426,0
65451,88,FGFR1,0.26,0.175287,0
65452,88,TMSB4X,0.04,0.031233200000000003,0
65453,88,CDK4,0.6300000000000001,0.4176152999999999,0
65454,88,MSI2,0.01,0.0076043000000000005,0
65455,88,MSH6,0.8800000000000004,0.7031696000000003,0
65456,88,BRAF,0.8700000000000003,0.8229429,0
65457,88,TCEA1,-0.009999999999999993,0.0255053,0
65458,88,TNFAIP3,0.13,0.1196682,0
65459,88,RABEP1,0.0,-0.0010611000000000023,0
65460,88,GMPS,-0.04999999999999999,-0.028993599999999987,0
65461,88,MDM2,1.2300000000000006,0.9089708000000001,0
65462,88,NSD2,0.17999999999999997,0.1342954,0
65463,88,CASP8,-0.24000000000000013,0.1048513,0
65464,88,PER1,-0.25999999999999995,-0.05746909999999999,0
65465,88,UBR5,-0.05999999999999999,-0.02669490000000001,0
65466,88,EIF3E,-0.019999999999999983,0.05767220000000001,0
65467,88,RFWD3,0.030000000000000002,0.0319663,0
65468,88,BRD3,0.14,0.1174131,0
65469,88,PAFAH1B2,0.02,0.0162062,0
65470,88,EXT2,0.0,0.0026479999999999976,0
65471,88,PLCG1,0.4300000000000001,0.3496549,0
65472,88,SF3B1,-0.34,-0.1526461,0
65473,88,ARHGEF10L,0.02,0.0097372,0
65474,88,NFATC2,0.21000000000000002,0.1506026,0
65475,88,SDHD,0.26,0.14692660000000002,0
65476,88,PABPC1,-0.79,-0.20504300000000003,0
65477,88,POLD1,-0.38,-0.08887400000000001,0
65478,88,CALR,-1.3877787807814457e-17,0.016183199999999995,0
65479,88,PIK3CB,0.4600000000000001,0.40757760000000004,0
65480,88,PPM1D,0.21,0.1639054,0
65481,88,ATRX,0.8800000000000006,0.7418428000000001,0
65482,88,DGCR8,0.17,0.1147616,0
65483,88,DDX10,0.13,0.08591749999999998,0
65484,88,DROSHA,0.4600000000000001,0.34301309999999996,0
65485,88,TNFRSF14,-0.15,-0.049839,0
65486,88,BCL9L,0.13999999999999999,0.100818,0
65487,88,QKI,-0.03,-0.020273199999999998,0
65488,88,BAZ1A,0.02,0.0152142,0
65489,88,CHD4,0.16,0.1511228,0
65490,88,NSD3,0.05,0.054931900000000006,0
65491,88,NT5C2,0.17,0.0967953,0
65492,88,CCNB1IP1,0.11000000000000001,0.0501982,0
65493,88,PCBP1,-0.9699999999999999,-0.2887583,0
65494,88,RALGDS,0.12,0.0868491,0
65495,88,ARHGEF12,-0.05,-0.004192199999999997,0
65496,88,HSP90AB1,1.1500000000000004,0.7670278999999999,0
65497,88,FOXO3,1.3200000000000005,0.9435339000000003,0
65498,88,HIP1,-0.02,-0.0123674,0
65499,88,CDC73,-0.18,-0.023273000000000005,0
65500,88,NIN,0.019999999999999997,0.0172357,0
65501,88,MDM4,0.08000000000000002,0.1465657,0
65502,88,COL3A1,0.13,0.11412320000000001,0
65503,88,CTNND1,0.1,0.1353674,0
65504,88,SPOP,0.009999999999999997,0.027245400000000003,0
65505,88,TMEM127,0.03,0.0402949,0
65506,88,CREB3L2,0.08,0.0509307,0
65507,88,MSH2,0.9800000000000004,0.7499477000000001,0
65508,88,FNBP1,-0.009999999999999998,0.002959700000000001,0
65509,88,ATF1,0.060000000000000005,0.03664970000000001,0
65510,88,EIF1AX,-0.47,-0.22213259999999999,0
65511,88,PMS1,0.44,0.34307410000000005,0
65512,88,DEK,0.16000000000000003,0.1365065,0
65513,88,ERBB2,1.1100000000000005,0.7481614000000001,0
65514,88,AKT1,0.9900000000000004,0.6382081999999998,0
65515,88,CHEK2,0.24000000000000007,0.3448316,0
65516,88,SDHB,0.42,0.2781753,0
65517,88,NCOA1,0.41,0.30067740000000004,0
65518,88,CHIC2,0.030000000000000002,0.0141096,0
65519,88,RUNX1,0.42000000000000015,0.6371580999999997,0
65520,88,STAT6,0.24000000000000002,0.17759710000000004,0
65521,88,FH,-0.25,-0.08654790000000001,0
65522,88,AKT3,1.1000000000000005,0.7600994000000002,0
65523,88,GNAS,0.24000000000000002,0.16208460000000002,0
65524,88,CTNNB1,1.3200000000000007,0.9169033999999999,0
65525,88,NONO,0.13,0.0907431,0
65526,88,SMARCB1,0.9200000000000004,0.6996329,0
65527,88,PRKAR1A,0.11999999999999998,0.11345129999999999,0
65528,88,ITGAV,-0.010000000000000005,0.01456679999999999,0
65529,88,SS18,0.39,0.2547667,0
65530,88,MAP2K1,1.0500000000000005,0.6581295000000001,0
65531,88,SIRPA,-0.01,-0.004508099999999999,0
65532,88,PPFIBP1,0.39,0.2637007,0
65533,88,RPL22,-0.21999999999999995,0.07778030000000002,0
65534,88,CYLD,0.31000000000000005,0.2440065,0
65535,88,ARID1B,0.71,0.5276310999999999,0
65536,88,SETDB1,0.32,0.22953630000000003,0
65537,88,AFDN,-0.44999999999999996,-0.1576695,0
65538,88,ZRSR2,0.27,0.19999660000000005,0
65539,88,PBRM1,0.9200000000000004,0.6772236000000001,0
65540,88,XPC,0.6000000000000001,0.3935765,0
65541,88,ASXL2,0.21000000000000002,0.1442698,0
65542,88,TRIM24,-0.16,-0.0507979,0
65543,88,SFPQ,-0.19,-0.0406512,0
65544,88,NCOA2,0.52,0.37216060000000006,0
65545,88,FOXO4,0.37,0.24220809999999998,0
65546,88,LEF1,0.13999999999999999,0.10656090000000001,0
65547,88,B2M,-0.5800000000000002,-0.22371430000000003,0
65548,88,DDIT3,-0.43,-0.10460749999999999,0
65549,88,BCL6,0.6200000000000001,0.4358021,0
65550,88,KRAS,-1.6800000000000004,-0.48053860000000004,0
65551,88,FAT1,0.04999999999999999,0.0526469,0
65552,88,ABL2,0.12000000000000001,0.08525769999999999,0
65553,88,NF1,0.8600000000000003,0.705574,0
65554,88,BTG1,-0.04,-0.0187276,0
65555,88,EIF4A2,0.09999999999999999,0.0714283,0
65556,88,SET,0.17,0.14690240000000002,0
65557,88,EPS15,0.030000000000000002,0.0330473,0
65558,88,RNF213,0.04,0.0325306,0
65559,88,CTCF,1.0100000000000005,0.7330962000000002,0
65560,88,WDCP,0.059999999999999984,0.05666979999999999,0
65561,88,KAT7,0.12000000000000001,0.0959866,0
65562,88,KDM5C,0.16999999999999998,0.1553339,0
65563,88,TGFBR2,0.19999999999999998,0.15816950000000005,0
65564,88,ATM,1.3300000000000007,1.0796838999999998,0
65565,88,NUMA1,-0.030000000000000006,-0.011146900000000008,0
65566,88,STAT3,1.3600000000000008,1.1207354000000003,0
65567,88,SUB1,-0.21,-0.0814937,0
65568,88,NUP98,0.1,0.11496809999999996,0
65569,88,ELL,-0.05000000000000002,-0.01411180000000001,0
65570,88,MAP3K1,0.29000000000000004,0.25847190000000003,0
65571,88,MALT1,0.09999999999999999,0.1224885,0
65572,88,XPO1,0.35,0.2807901,0
65573,88,SETD1B,0.15,0.1152522,0
65574,88,ETV6,-0.14,-0.04048909999999999,0
65575,88,TBL1XR1,0.23,0.16078320000000001,0
65576,88,NUP214,0.01999999999999999,0.11469299999999999,0
65577,88,TPR,0.09,0.09828559999999997,0
65578,88,ATIC,-0.029999999999999992,0.02246870000000001,0
65579,88,NACA,0.23,0.1522172,0
65580,88,MYO5A,0.009999999999999998,0.0081116,0
65581,88,SMC1A,0.5500000000000002,0.4937794,0
65582,88,LASP1,-0.22,-0.1226316,0
65583,88,ERCC5,0.45999999999999996,0.2943456,0
65584,88,JUN,-0.13,0.09567179999999996,0
65585,88,THRAP3,0.11000000000000001,0.09102800000000001,0
65586,88,STAG2,0.37000000000000005,0.3453657999999999,0
65587,88,RAF1,1.0400000000000003,0.7487528,0
65588,88,ERCC3,0.48000000000000004,0.395021,0
65589,88,SMAD2,0.5000000000000001,0.5051587000000001,0
65590,88,TAF15,0.17,0.1407351,0
65591,88,ARNT,0.28,0.24628110000000003,0
65592,88,CLTC,-0.56,-0.291354,0
65593,88,IKBKB,0.5400000000000001,0.4774788,0
65594,88,IDH1,-0.6900000000000003,-0.21379080000000003,0
65595,88,SND1,-0.019999999999999997,-0.010520100000000001,0
65596,88,KNSTRN,0.03,0.024896099999999997,0
65597,88,RHOA,-1.8000000000000003,-0.49183289999999996,0
65598,88,PALB2,0.5499999999999999,0.48717140000000003,0
65599,88,ARID2,0.7500000000000002,0.5691748999999999,0
65600,88,EZR,-0.14,-0.0314744,0
65601,88,TP53,-1.1099999999999999,-0.1548362000000001,0
65602,88,ARAF,0.38,0.21401919999999997,0
65603,88,KIF5B,0.4399999999999999,0.31795710000000005,0
65604,88,KAT6A,0.16,0.17816249999999997,0
65605,88,KTN1,-0.11,-0.03705409999999999,0
65606,88,GOLGA5,-0.11,-0.0756288,0
65607,88,KDM5A,0.23,0.2202214,0
65608,88,RAD21,0.4500000000000001,0.360458,0
65609,88,GNAQ,0.16,0.11549310000000002,0
65610,88,CAMTA1,0.03,0.0178711,0
65611,88,ERCC2,0.64,0.4576831,0
65612,88,EZH2,1.9900000000000013,1.3260774000000002,0
65613,88,TOP1,0.15000000000000002,0.12266460000000004,0
65614,88,SRSF3,-0.33000000000000007,-0.11091849999999998,0
65615,88,NPM1,0.05000000000000002,0.1828692,0
65616,88,BAX,-0.6299999999999999,-0.17458610000000002,0
65617,88,NOTCH2,0.26,0.20950470000000002,0
65618,88,TRAF7,0.03,0.0233808,0
65619,88,KDM6A,0.9300000000000003,0.8145358999999998,0
65620,88,SPEN,0.13,0.1020534,0
65621,88,TRIM27,-0.54,-0.17134390000000002,0
65622,88,CRTC1,0.15000000000000002,0.1148026,0
65623,88,EML4,0.3000000000000001,0.24673669999999998,0
65624,88,USP9X,-0.039999999999999994,-0.024352700000000005,0
65625,88,PTPRK,0.01,0.0070756,0
65626,88,CD74,-0.13,-0.003778699999999989,0
65627,88,CBL,0.5900000000000001,0.449033,0
65628,88,ZNF384,-0.05,-0.0286778,0
65629,88,NOTCH1,1.1000000000000005,0.8157981000000003,0
65630,88,COX6C,-0.16,-0.0553206,0
65631,88,CHCHD7,0.02,0.012604599999999999,0
65632,88,HMGA1,-0.08,-0.0386779,0
65633,88,PTEN,1.270000000000001,1.1437817999999997,0
65634,88,FIP1L1,-0.029999999999999995,-0.0208566,0
65635,88,JAK1,0.7700000000000002,0.6191706,0
65636,88,ZMYM2,-0.05999999999999999,-0.042103999999999996,0
65637,88,SUZ12,0.8300000000000003,0.5778357,0
65638,88,FUS,-0.25,0.08794420000000004,0
65639,88,BAP1,0.06,0.06033100000000001,0
65640,88,ZCCHC8,-0.06,-0.0194772,0
65641,88,CRNKL1,-0.019999999999999997,-0.012523299999999998,0
65642,88,RAD17,0.14,0.0985547,0
65643,88,ATP1A1,-0.02,-0.0075435999999999975,0
65644,88,DNMT3A,0.8500000000000005,0.6608631999999999,0
65645,88,FBXW7,0.9500000000000004,0.7773562,0
65646,88,WWTR1,-0.05,-0.0257352,0
65647,88,CDKN1B,0.5700000000000001,0.3615899,0
65648,88,KMT2A,0.4800000000000001,0.4187277,0
65649,88,PTPN11,0.9100000000000004,0.7363084,0
65650,88,STAT5B,0.6800000000000002,0.5206528000000001,0
65651,88,CUX1,-0.08,-0.0552682,0
65652,88,ABI1,-0.35000000000000003,-0.13616880000000003,0
65653,88,BRCA1,1.7100000000000013,1.3667354999999994,0
65654,88,SH2B3,0.04000000000000001,0.03202610000000001,0
65655,88,AFF4,0.06,0.0496818,0
65656,88,NF2,0.04,0.0918988,0
65657,88,LMNA,-0.029999999999999995,-0.0017328999999999973,0
65658,88,TSC2,0.55,0.45882129999999993,0
65659,88,GOLPH3,-0.1,-0.060392,0
65660,88,PCM1,-0.060000000000000005,-0.0410225,0
65661,88,PPP2R1A,-0.43,-0.15169170000000004,0
65662,88,ARID1A,1.7200000000000009,1.2907998,0
65663,88,ABL1,0.31000000000000005,0.24259550000000005,0
65664,88,AFF1,0.2,0.1607514,0
65665,88,DAXX,-0.5299999999999999,-0.13789150000000003,0
65666,88,CBFB,0.10999999999999999,0.106835,0
65667,88,CBLB,0.13,0.10218350000000001,0
65668,88,POLR2A,0.21999999999999997,0.2917970000000001,0
65669,88,PRKACA,0.2800000000000001,0.24271750000000003,0
65670,88,DNM2,-0.13999999999999999,-0.0530441,0
65671,88,RAP1GDS1,-0.09000000000000002,-0.04104600000000001,0
65672,88,NCOR1,0.8800000000000002,0.8028624999999998,0
65673,88,NFKBIE,-0.32,-0.1090024,0
65674,88,DDX3X,0.16999999999999996,0.14712440000000002,0
65675,88,ELK4,0.02,0.0150258,0
65676,88,MLLT6,0.13,0.10215389999999999,0
65677,88,SRSF2,-1.5499999999999998,-0.4578719000000001,0
65678,88,CTNNA1,0.13,0.0986673,0
65679,88,RBM10,0.13999999999999999,0.09794180000000001,0
65680,88,PTPRC,0.16,0.1446527,0
65681,88,HSP90AA1,1.0900000000000005,0.7233733999999998,0
65682,89,NSD1,0.32,0.2838541,1
65683,89,DICER1,0.29000000000000004,0.3154572,1
65684,89,BIRC6,0.14,0.1259224,1
65685,89,SDHC,0.42,0.3060800000000001,1
65686,89,TFG,0.19000000000000003,0.1123953,1
65687,89,MAP2K2,0.3,0.21375709999999998,1
65688,89,TFRC,-0.29000000000000004,-0.10704119999999999,1
65689,89,CREB1,0.7300000000000002,0.6695153000000004,1
65690,89,POLG,-0.02,-0.0055674,1
65691,89,SETD2,0.6300000000000003,0.5957597000000001,1
65692,89,NAB2,-0.54,-0.14964480000000002,1
65693,89,HIF1A,1.630000000000001,1.2734076000000003,1
65694,89,FLCN,-0.060000000000000005,0.0225961,1
65695,89,MAP2K4,0.05,0.11432110000000001,1
65696,89,CNOT3,0.05,0.04918320000000001,1
65697,89,CIITA,0.08,0.0489167,1
65698,89,LSM14A,0.15,0.1230348,1
65699,89,AKAP9,-0.009999999999999995,0.029785400000000004,1
65700,89,MSN,-0.24,-0.0758789,1
65701,89,BCR,-0.04999999999999999,0.0534149,1
65702,89,TRRAP,-0.009999999999999995,0.1613127,1
65703,89,PPP6C,-0.12,-0.04969799999999999,1
65704,89,NCOA4,-0.1,-0.021132600000000005,1
65705,89,BCL9,0.21999999999999997,0.17688179999999998,1
65706,89,PRCC,0.14,0.11611049999999998,1
65707,89,LARP4B,0.03,0.0230085,1
65708,89,CHD2,0.02,0.0181762,1
65709,89,ASXL1,0.31,0.3573815,1
65710,89,SMARCA4,2.010000000000001,1.5724787999999994,1
65711,89,ERC1,-0.019999999999999997,-0.015501000000000001,1
65712,89,DCTN1,-0.030000000000000006,0.011902299999999984,1
65713,89,PIK3R1,1.1500000000000008,0.9726056000000003,1
65714,89,EED,0.04999999999999999,0.058009300000000014,1
65715,89,CNBP,0.01,0.0057879,1
65716,89,SGK1,0.51,0.3457247,1
65717,89,MLLT10,-0.23999999999999996,-0.14895380000000003,1
65718,89,BRD4,0.8500000000000003,0.8066405,1
65719,89,RANBP2,0.35,0.3292293,1
65720,89,FBXO11,0.08,0.0675377,1
65721,89,PML,0.45999999999999996,0.3188813,1
65722,89,AKT2,1.1800000000000004,0.8600738,1
65723,89,CEP89,0.060000000000000005,0.0421143,1
65724,89,LZTR1,0.09,0.1128976,1
65725,89,YWHAE,0.21000000000000002,0.1371346,1
65726,89,DNAJB1,-0.07,-0.013470800000000002,1
65727,89,PRDM2,0.06,0.04996199999999999,1
65728,89,TPM4,0.47000000000000003,0.3350269,1
65729,89,CREBBP,2.210000000000001,1.8561010000000004,1
65730,89,PMS2,0.8100000000000003,0.7119441,1
65731,89,DDR2,0.020000000000000004,0.01348410000000001,1
65732,89,FANCA,0.39000000000000007,0.3355535,1
65733,89,PDE4DIP,0.08,0.0636476,1
65734,89,USP8,-0.06,-0.032844,1
65735,89,MYH9,-0.37000000000000005,-0.090532,1
65736,89,MYC,-1.0300000000000002,-0.12429620000000005,1
65737,89,NBN,0.6300000000000001,0.5266061,1
65738,89,CCND3,-0.12000000000000001,-0.019442900000000003,1
65739,89,TRIP11,-0.08,-0.059671,1
65740,89,CNTRL,-0.06,-0.048996700000000004,1
65741,89,PIK3CA,1.020000000000001,1.0060052000000002,1
65742,89,DDX5,0.21000000000000005,0.23538269999999997,1
65743,89,PICALM,3.469446951953614e-18,0.004221300000000008,1
65744,89,RARA,0.14,0.1597743,1
65745,89,DDX6,-0.029999999999999992,0.07986189999999999,1
65746,89,COL1A1,0.24,0.2000698,1
65747,89,VHL,0.27,0.2051328,1
65748,89,MAPK1,1.840000000000001,1.3417509000000005,1
65749,89,SRC,0.53,0.46486370000000005,1
65750,89,NFE2L2,0.35999999999999993,0.27119439999999995,1
65751,89,MITF,-0.29000000000000004,-0.08306650000000002,1
65752,89,SMAD3,1.2300000000000009,1.1832472000000003,1
65753,89,RBM15,0.12000000000000001,0.0995848,1
65754,89,ATR,0.7700000000000002,0.6566039999999999,1
65755,89,EPAS1,0.43,0.40794090000000005,1
65756,89,TPM3,0.20000000000000004,0.1732964,1
65757,89,RPL10,0.09,0.11635600000000001,1
65758,89,STAG1,0.13,0.1463138,1
65759,89,SBDS,-0.07,-0.0229983,1
65760,89,KMT2D,1.0300000000000002,0.832226,1
65761,89,MED12,0.37000000000000005,0.31544830000000007,1
65762,89,BCLAF1,-0.06999999999999999,0.024433500000000004,1
65763,89,ASPSCR1,-6.938893903907228e-18,0.011266699999999998,1
65764,89,CDK12,0.54,0.4399968,1
65765,89,EWSR1,0.23999999999999996,0.2977482,1
65766,89,NDRG1,-0.07999999999999999,-0.0315912,1
65767,89,PSIP1,0.08,0.08293369999999997,1
65768,89,TRIM33,0.16,0.13637780000000002,1
65769,89,MTOR,0.8000000000000005,0.7152550999999999,1
65770,89,ARHGAP35,0.17,0.15591359999999996,1
65771,89,POT1,0.03,0.02547,1
65772,89,EXT1,0.12,0.0960936,1
65773,89,IL6ST,0.34,0.2866378,1
65774,89,IDH2,-0.049999999999999996,0.006035900000000005,1
65775,89,SMARCE1,0.51,0.3621573,1
65776,89,CRTC3,0.09,0.0764079,1
65777,89,TSC1,0.31,0.31811480000000003,1
65778,89,BCOR,-0.16000000000000003,0.036969699999999994,1
65779,89,SDHA,0.24000000000000002,0.19313389999999997,1
65780,89,EP300,2.33,1.9729705000000006,1
65781,89,HNRNPA2B1,0.51,0.3674172,1
65782,89,CLIP1,-0.09000000000000001,-0.0573763,1
65783,89,PATZ1,-0.6100000000000001,-0.1488857,1
65784,89,FUBP1,-0.21000000000000002,-0.0545764,1
65785,89,HLA-A,-0.12999999999999998,-0.014922199999999993,1
65786,89,CCNC,-0.25,-0.1098288,1
65787,89,RPN1,-0.13,-0.05720540000000001,1
65788,89,TCF7L2,0.09000000000000005,0.1386596,1
65789,89,CANT1,0.010000000000000009,0.01653630000000001,1
65790,89,RPL5,-0.65,-0.21356189999999997,1
65791,89,CCDC6,0.08000000000000002,0.10322009999999998,1
65792,89,NCKIPSD,-0.03,-0.007560300000000002,1
65793,89,SMARCD1,0.48000000000000004,0.4070572,1
65794,89,BCL10,0.009999999999999995,0.0542783,1
65795,89,MAX,0.04,0.08231730000000001,1
65796,89,HERPUD1,-0.03,-0.007674299999999999,1
65797,89,RAC1,0.30000000000000004,0.2505705,1
65798,89,FLNA,0.19999999999999998,0.1292577,1
65799,89,TFE3,-0.8,-0.2798165,1
65800,89,NCOR2,0.6500000000000001,0.5521978000000001,1
65801,89,PRPF40B,0.019999999999999997,0.013368500000000002,1
65802,89,BCL3,-0.06999999999999999,-0.008781899999999988,1
65803,89,TFPT,-0.37,-0.11692730000000001,1
65804,89,MLH1,0.7600000000000002,0.7256372,1
65805,89,ARHGAP5,0.11,0.10704759999999998,1
65806,89,CIC,0.01,0.0072008,1
65807,89,LYN,0.78,0.5936131,1
65808,89,TCF12,0.37000000000000005,0.2988405,1
65809,89,KLF6,0.06,0.043632000000000004,1
65810,89,KMT2C,1.0300000000000002,0.87371,1
65811,89,PIM1,-0.15,-0.03262229999999999,1
65812,89,CCND1,1.1900000000000006,0.7674620000000001,1
65813,89,MLLT1,-1.6500000000000001,-0.3904834,1
65814,89,MEN1,-0.09,-0.01751409999999999,1
65815,89,CUL3,0.12000000000000001,0.15199939999999998,1
65816,89,RB1,0.6500000000000001,0.5741063,1
65817,89,LPP,-0.16999999999999998,-0.02785879999999999,1
65818,89,BUB1B,-0.19,-0.05303830000000001,1
65819,89,SMAD4,1.650000000000001,1.3568642999999996,1
65820,89,FGFR1,0.3,0.2716903,1
65821,89,TMSB4X,0.04,0.0307372,1
65822,89,CDK4,1.0700000000000005,0.7515815000000003,1
65823,89,MSI2,0.01,0.007845,1
65824,89,MSH6,1.0100000000000005,0.8640826000000001,1
65825,89,BRAF,1.3300000000000005,1.1777928999999998,1
65826,89,TCEA1,-0.07,0.008971200000000006,1
65827,89,TNFAIP3,0.12,0.1108391,1
65828,89,RABEP1,0.0,0.00046799999999999967,1
65829,89,GMPS,-0.08000000000000002,-0.0446405,1
65830,89,MDM2,1.0500000000000007,0.8438071999999999,1
65831,89,NSD2,0.21999999999999997,0.17411699999999997,1
65832,89,CASP8,-0.22,0.07061450000000001,1
65833,89,PER1,-0.22000000000000003,-0.0731247,1
65834,89,UBR5,0.07,0.075564,1
65835,89,EIF3E,0.020000000000000004,0.0617853,1
65836,89,RFWD3,0.030000000000000002,0.0329173,1
65837,89,BRD3,0.15,0.1180471,1
65838,89,PAFAH1B2,0.03,0.0272367,1
65839,89,EXT2,0.009999999999999995,0.023784,1
65840,89,PLCG1,0.37000000000000005,0.3596113000000001,1
65841,89,SF3B1,-0.89,-0.4411314,1
65842,89,ARHGEF10L,0.03,0.0148287,1
65843,89,NFATC2,0.25,0.183899,1
65844,89,SDHD,0.25,0.17259629999999998,1
65845,89,PABPC1,-0.97,-0.2757055,1
65846,89,POLD1,-0.29999999999999993,-0.06944640000000002,1
65847,89,CALR,-0.020000000000000007,0.0353117,1
65848,89,PIK3CB,0.6000000000000001,0.5295135000000001,1
65849,89,PPM1D,0.30000000000000004,0.2384879,1
65850,89,ATRX,1.0300000000000005,0.9344233000000001,1
65851,89,DGCR8,0.19000000000000003,0.1481709,1
65852,89,DDX10,0.16,0.1231624,1
65853,89,DROSHA,0.5700000000000001,0.45819770000000004,1
65854,89,TNFRSF14,-0.18000000000000002,-0.061485200000000004,1
65855,89,BCL9L,0.14,0.10441349999999999,1
65856,89,QKI,0.04,0.030599700000000004,1
65857,89,BAZ1A,0.0,0.0,1
65858,89,CHD4,0.38,0.33195189999999997,1
65859,89,NSD3,0.13999999999999999,0.13295590000000002,1
65860,89,NT5C2,0.16,0.08986300000000001,1
65861,89,CCNB1IP1,0.13,0.060362500000000006,1
65862,89,PCBP1,-1.11,-0.29290380000000005,1
65863,89,RALGDS,-0.030000000000000002,0.0512879,1
65864,89,ARHGEF12,-0.020000000000000004,0.03295440000000001,1
65865,89,HSP90AB1,1.2700000000000005,0.8673614000000001,1
65866,89,FOXO3,1.4700000000000009,1.1178970999999998,1
65867,89,HIP1,-0.01,-0.005629900000000001,1
65868,89,CDC73,0.02000000000000001,0.06506010000000001,1
65869,89,NIN,-0.030000000000000002,-0.0202002,1
65870,89,MDM4,0.13999999999999999,0.18936729999999993,1
65871,89,COL3A1,0.24000000000000002,0.19750610000000002,1
65872,89,CTNND1,0.04000000000000001,0.11978330000000002,1
65873,89,SPOP,0.09999999999999999,0.10241499999999998,1
65874,89,TMEM127,0.009999999999999995,0.0104653,1
65875,89,CREB3L2,0.17,0.10858350000000001,1
65876,89,MSH2,0.9800000000000004,0.8794972000000001,1
65877,89,FNBP1,0.009999999999999997,0.025014999999999996,1
65878,89,ATF1,0.16000000000000003,0.1123513,1
65879,89,EIF1AX,-0.71,-0.2351728,1
65880,89,PMS1,0.5199999999999999,0.416335,1
65881,89,DEK,0.22999999999999998,0.18085449999999997,1
65882,89,ERBB2,0.9500000000000004,0.6360410000000002,1
65883,89,AKT1,0.8300000000000003,0.5900978000000001,1
65884,89,CHEK2,0.6000000000000001,0.6448126999999999,1
65885,89,SDHB,0.41000000000000003,0.2811675,1
65886,89,NCOA1,0.44,0.3571558,1
65887,89,CHIC2,0.07,0.04618320000000001,1
65888,89,RUNX1,0.07999999999999982,0.5598249000000001,1
65889,89,STAT6,0.39,0.3518735,1
65890,89,FH,-0.15000000000000002,-0.054112800000000016,1
65891,89,AKT3,1.0700000000000005,0.8010642000000001,1
65892,89,GNAS,0.33999999999999997,0.25668320000000006,1
65893,89,CTNNB1,1.4700000000000009,1.0932246000000003,1
65894,89,NONO,0.37999999999999995,0.33143140000000004,1
65895,89,SMARCB1,1.0900000000000005,0.8819425,1
65896,89,PRKAR1A,0.23,0.2096106,1
65897,89,ITGAV,-0.009999999999999995,0.042121900000000004,1
65898,89,SS18,0.42,0.3051312,1
65899,89,MAP2K1,0.9600000000000004,0.5785853,1
65900,89,SIRPA,-0.06,-0.0120946,1
65901,89,PPFIBP1,0.39999999999999997,0.2914657,1
65902,89,RPL22,-0.14999999999999997,0.0805689,1
65903,89,CYLD,0.30000000000000004,0.2366491,1
65904,89,ARID1B,0.8300000000000001,0.6584325000000001,1
65905,89,SETDB1,0.35000000000000003,0.2614676,1
65906,89,AFDN,-0.5200000000000001,-0.14710090000000003,1
65907,89,ZRSR2,-0.11000000000000001,-0.08808559999999999,1
65908,89,PBRM1,1.0300000000000005,0.7988128000000001,1
65909,89,XPC,0.52,0.3480842,1
65910,89,ASXL2,0.29000000000000004,0.21359630000000002,1
65911,89,TRIM24,-0.15,-0.0113404,1
65912,89,SFPQ,-0.51,-0.1727874,1
65913,89,NCOA2,0.6700000000000002,0.5442703999999999,1
65914,89,FOXO4,0.48,0.308602,1
65915,89,LEF1,0.12999999999999995,0.153079,1
65916,89,B2M,-0.3700000000000001,-0.15605360000000001,1
65917,89,DDIT3,-0.32,-0.1051757,1
65918,89,BCL6,0.29,0.27280429999999994,1
65919,89,KRAS,-0.07999999999999996,0.10650529999999998,1
65920,89,FAT1,0.1,0.0767647,1
65921,89,ABL2,0.11,0.0836384,1
65922,89,NF1,1.3600000000000005,1.1177986999999998,1
65923,89,BTG1,-0.07,-0.028887600000000003,1
65924,89,EIF4A2,0.12000000000000001,0.0707269,1
65925,89,SET,0.18,0.1470237,1
65926,89,EPS15,0.08,0.07133610000000001,1
65927,89,RNF213,0.05,0.0429113,1
65928,89,CTCF,1.1500000000000004,0.8196091000000001,1
65929,89,WDCP,0.21999999999999995,0.13986220000000005,1
65930,89,KAT7,0.16,0.13322550000000002,1
65931,89,KDM5C,0.17,0.175444,1
65932,89,TGFBR2,0.22,0.2045969,1
65933,89,ATM,1.300000000000001,1.2614103999999995,1
65934,89,NUMA1,-0.04999999999999999,-0.006691600000000006,1
65935,89,STAT3,0.9300000000000005,0.8750881000000004,1
65936,89,SUB1,-0.14,-0.056979600000000005,1
65937,89,NUP98,0.2199999999999999,0.21554729999999997,1
65938,89,ELL,0.16000000000000003,0.08182690000000001,1
65939,89,MAP3K1,0.30000000000000004,0.2626677,1
65940,89,MALT1,0.1,0.12496550000000001,1
65941,89,XPO1,0.6000000000000002,0.4958278,1
65942,89,SETD1B,0.27,0.21381789999999998,1
65943,89,ETV6,-0.12000000000000004,-0.031082400000000007,1
65944,89,TBL1XR1,0.23,0.16789,1
65945,89,NUP214,-0.07,0.15445240000000002,1
65946,89,TPR,0.09,0.09052279999999999,1
65947,89,ATIC,0.16000000000000003,0.145163,1
65948,89,NACA,0.21000000000000002,0.1313415,1
65949,89,MYO5A,0.0,0.001129699999999999,1
65950,89,SMC1A,0.22000000000000003,0.3962927,1
65951,89,LASP1,-0.24,-0.12378619999999999,1
65952,89,ERCC5,0.43999999999999995,0.29034889999999997,1
65953,89,JUN,-1.6500000000000004,-0.3727328,1
65954,89,THRAP3,0.1,0.07705300000000001,1
65955,89,STAG2,0.22000000000000003,0.263914,1
65956,89,RAF1,0.7000000000000002,0.5806448,1
65957,89,ERCC3,0.67,0.5729416,1
65958,89,SMAD2,0.27000000000000024,0.43460909999999997,1
65959,89,TAF15,0.22000000000000003,0.1826222,1
65960,89,ARNT,0.23000000000000004,0.2265093,1
65961,89,CLTC,-0.5900000000000001,-0.267281,1
65962,89,IKBKB,0.3800000000000001,0.4232242,1
65963,89,IDH1,-0.5500000000000002,-0.1779642,1
65964,89,SND1,0.02,0.024880700000000002,1
65965,89,KNSTRN,0.03,0.024,1
65966,89,RHOA,-3.5200000000000005,-0.7824408999999999,1
65967,89,PALB2,0.65,0.5812681999999998,1
65968,89,ARID2,0.8700000000000001,0.6971652,1
65969,89,EZR,-0.1,-0.027957299999999997,1
65970,89,TP53,4.163336342344337e-17,0.38795990000000014,1
65971,89,ARAF,0.38999999999999996,0.23611020000000002,1
65972,89,KIF5B,0.5700000000000001,0.44238569999999994,1
65973,89,KAT6A,0.14,0.19001579999999998,1
65974,89,KTN1,-0.10000000000000002,-0.01445860000000001,1
65975,89,GOLGA5,-0.08000000000000002,-0.05470610000000001,1
65976,89,KDM5A,0.30000000000000004,0.2839019,1
65977,89,RAD21,0.5900000000000001,0.4934023,1
65978,89,GNAQ,0.26,0.23621099999999995,1
65979,89,CAMTA1,0.07,0.051251000000000005,1
65980,89,ERCC2,0.68,0.5404171,1
65981,89,EZH2,1.460000000000001,1.1840283999999999,1
65982,89,TOP1,0.24000000000000002,0.2138534,1
65983,89,SRSF3,-0.3199999999999999,-0.07729309999999999,1
65984,89,NPM1,-0.02000000000000003,0.0799462,1
65985,89,BAX,-0.82,-0.1731595,1
65986,89,NOTCH2,0.29000000000000004,0.2459885,1
65987,89,TRAF7,0.02,0.0143002,1
65988,89,KDM6A,0.8900000000000002,0.9147859000000002,1
65989,89,SPEN,0.15,0.1235155,1
65990,89,TRIM27,-0.49000000000000005,-0.1625861,1
65991,89,CRTC1,0.15999999999999998,0.1254264,1
65992,89,EML4,0.38,0.3559548000000001,1
65993,89,USP9X,0.05,0.040206500000000006,1
65994,89,PTPRK,0.0,0.0,1
65995,89,CD74,-0.15,-0.008380399999999996,1
65996,89,CBL,0.5800000000000001,0.5388143000000001,1
65997,89,ZNF384,0.05,0.0392397,1
65998,89,NOTCH1,1.1600000000000006,0.8836946,1
65999,89,COX6C,-0.22,-0.058671100000000004,1
66000,89,CHCHD7,0.02,0.013289599999999999,1
66001,89,HMGA1,-0.07,-0.026079400000000006,1
66002,89,PTEN,1.1400000000000006,1.0976961,1
66003,89,FIP1L1,-0.039999999999999994,-0.017099299999999998,1
66004,89,JAK1,0.8800000000000003,0.7387291000000001,1
66005,89,ZMYM2,-0.009999999999999998,-0.005277399999999998,1
66006,89,SUZ12,0.7200000000000002,0.6196193999999999,1
66007,89,FUS,-0.8500000000000001,-0.13763780000000006,1
66008,89,BAP1,-0.39000000000000007,-0.1518122,1
66009,89,ZCCHC8,-0.06,-0.018985199999999997,1
66010,89,CRNKL1,0.03,0.024514599999999998,1
66011,89,RAD17,0.2,0.14931020000000003,1
66012,89,ATP1A1,-0.01,-0.0029836999999999997,1
66013,89,DNMT3A,1.0100000000000005,0.881235,1
66014,89,FBXW7,1.0600000000000005,0.8975158000000002,1
66015,89,WWTR1,-0.09,-0.0323783,1
66016,89,CDKN1B,0.35000000000000003,0.28535109999999997,1
66017,89,KMT2A,0.24000000000000007,0.29243660000000005,1
66018,89,PTPN11,1.1700000000000006,0.9785200000000001,1
66019,89,STAT5B,0.8000000000000003,0.6604862000000002,1
66020,89,CUX1,-0.08,-0.0526476,1
66021,89,ABI1,-0.22999999999999998,-0.06122770000000001,1
66022,89,BRCA1,1.580000000000001,1.3647333000000004,1
66023,89,SH2B3,0.08,0.0464897,1
66024,89,AFF4,-0.13,-0.06827,1
66025,89,NF2,0.15,0.1566538,1
66026,89,LMNA,0.049999999999999996,0.0370274,1
66027,89,TSC2,0.8800000000000003,0.7118565,1
66028,89,GOLPH3,-0.060000000000000005,-0.04347770000000001,1
66029,89,PCM1,-0.06,-0.046287600000000005,1
66030,89,PPP2R1A,-0.35,-0.0923188,1
66031,89,ARID1A,1.9500000000000013,1.5917267000000006,1
66032,89,ABL1,0.05,0.15614560000000002,1
66033,89,AFF1,6.938893903907228e-18,0.037674599999999996,1
66034,89,DAXX,-0.46999999999999986,-0.13451660000000004,1
66035,89,CBFB,0.13,0.1597138,1
66036,89,CBLB,0.18,0.1610107,1
66037,89,POLR2A,-0.46,0.033814199999999975,1
66038,89,PRKACA,0.08000000000000004,0.22112360000000003,1
66039,89,DNM2,-0.08,-0.033985600000000005,1
66040,89,RAP1GDS1,0.0,0.0284388,1
66041,89,NCOR1,0.9300000000000002,0.9057321,1
66042,89,NFKBIE,-0.47000000000000003,-0.1365837,1
66043,89,DDX3X,0.2899999999999999,0.2667047,1
66044,89,ELK4,0.03,0.025416599999999998,1
66045,89,MLLT6,-0.03,-0.0032106999999999934,1
66046,89,SRSF2,-3.4799999999999995,-0.7553236999999999,1
66047,89,CTNNA1,0.16,0.1260968,1
66048,89,RBM10,0.12000000000000001,0.0946137,1
66049,89,PTPRC,0.039999999999999994,0.12953320000000001,1
66050,89,HSP90AA1,1.1400000000000006,0.8000774,1
66051,89,NSD1,0.25,0.2025722,0
66052,89,DICER1,0.27,0.24857060000000003,0
66053,89,BIRC6,0.049999999999999996,0.0469087,0
66054,89,SDHC,0.29000000000000004,0.2025196,0
66055,89,TFG,0.32,0.18665749999999998,0
66056,89,MAP2K2,0.25,0.2115403,0
66057,89,TFRC,-0.23,-0.10799339999999999,0
66058,89,CREB1,0.7700000000000002,0.5685137,0
66059,89,POLG,0.02,0.0074646,0
66060,89,SETD2,0.6800000000000002,0.5754562000000002,0
66061,89,NAB2,-0.32,-0.115572,0
66062,89,HIF1A,1.540000000000001,1.0949472999999998,0
66063,89,FLCN,0.02,0.025448199999999997,0
66064,89,MAP2K4,-0.039999999999999994,0.05524050000000001,0
66065,89,CNOT3,-0.02,-0.0016676000000000017,0
66066,89,CIITA,0.1,0.0635442,0
66067,89,LSM14A,0.08,0.074806,0
66068,89,AKAP9,-0.07999999999999999,-0.021406099999999994,0
66069,89,MSN,-0.35,-0.08276430000000001,0
66070,89,BCR,0.05000000000000001,0.048399700000000004,0
66071,89,TRRAP,0.020000000000000028,0.10988019999999997,0
66072,89,PPP6C,-0.17,-0.08394240000000001,0
66073,89,NCOA4,-0.15999999999999998,-0.08968010000000001,0
66074,89,BCL9,0.13,0.1017814,0
66075,89,PRCC,0.05,0.03712630000000001,0
66076,89,LARP4B,0.0,0.0,0
66077,89,CHD2,0.01,0.0074004000000000006,0
66078,89,ASXL1,0.5199999999999999,0.47645139999999997,0
66079,89,SMARCA4,1.300000000000001,0.9975601999999999,0
66080,89,ERC1,-0.01,-0.006956100000000001,0
66081,89,DCTN1,-0.2899999999999999,-0.1240213,0
66082,89,PIK3R1,1.3700000000000008,0.9697135000000005,0
66083,89,EED,-0.020000000000000018,0.02894729999999999,0
66084,89,CNBP,0.01,0.0055871,0
66085,89,SGK1,0.31,0.18168320000000002,0
66086,89,MLLT10,-0.12,-0.0424063,0
66087,89,BRD4,0.9700000000000004,0.7267309000000001,0
66088,89,RANBP2,0.16000000000000003,0.20382019999999998,0
66089,89,FBXO11,0.060000000000000005,0.048607300000000006,0
66090,89,PML,0.33000000000000007,0.2495495,0
66091,89,AKT2,0.9700000000000003,0.6538513,0
66092,89,CEP89,0.08,0.0520976,0
66093,89,LZTR1,0.07999999999999999,0.0830631,0
66094,89,YWHAE,0.29000000000000004,0.1889896,0
66095,89,DNAJB1,-0.04,-0.002527400000000006,0
66096,89,PRDM2,0.01,0.0088826,0
66097,89,TPM4,0.47000000000000003,0.30358690000000005,0
66098,89,CREBBP,1.7900000000000011,1.4652246000000002,0
66099,89,PMS2,0.6300000000000001,0.5640973,0
66100,89,DDR2,0.04,0.0260779,0
66101,89,FANCA,0.37000000000000005,0.30322950000000004,0
66102,89,PDE4DIP,0.060000000000000005,0.041357200000000004,0
66103,89,USP8,-0.07,-0.0367681,0
66104,89,MYH9,-0.31,-0.070039,0
66105,89,MYC,-1.1900000000000002,-0.42991809999999986,0
66106,89,NBN,0.51,0.38846290000000006,0
66107,89,CCND3,-0.12999999999999998,-0.0117726,0
66108,89,TRIP11,-0.15,-0.0967939,0
66109,89,CNTRL,-0.049999999999999996,-0.033914799999999995,0
66110,89,PIK3CA,1.5000000000000009,1.0725524,0
66111,89,DDX5,0.39,0.309461,0
66112,89,PICALM,-0.009999999999999998,-0.0037008999999999896,0
66113,89,RARA,0.38,0.2819607,0
66114,89,DDX6,-0.039999999999999994,0.0653395,0
66115,89,COL1A1,0.12,0.1206136,0
66116,89,VHL,0.19999999999999998,0.1416133,0
66117,89,MAPK1,1.540000000000001,0.9874314999999998,0
66118,89,SRC,-0.6799999999999997,-0.03866990000000002,0
66119,89,NFE2L2,0.24,0.15869509999999998,0
66120,89,MITF,-0.25,-0.0420538,0
66121,89,SMAD3,1.1700000000000008,0.8852505999999999,0
66122,89,RBM15,0.04000000000000001,0.03663809999999999,0
66123,89,ATR,0.7000000000000003,0.5918772999999999,0
66124,89,EPAS1,0.42,0.3751092,0
66125,89,TPM3,0.24000000000000005,0.16496190000000002,0
66126,89,RPL10,0.12,0.10441380000000001,0
66127,89,STAG1,0.13,0.1305078,0
66128,89,SBDS,-0.05,-0.0189104,0
66129,89,KMT2D,0.9500000000000004,0.7039275,0
66130,89,MED12,0.29000000000000004,0.23516130000000005,0
66131,89,BCLAF1,-1.3877787807814457e-17,0.03803079999999999,0
66132,89,ASPSCR1,-0.01,0.002805400000000009,0
66133,89,CDK12,0.28,0.20448899999999998,0
66134,89,EWSR1,0.42999999999999994,0.35717869999999996,0
66135,89,NDRG1,-0.04,-0.0097648,0
66136,89,PSIP1,-0.16,-0.06565209999999999,0
66137,89,TRIM33,0.05000000000000001,0.049229400000000006,0
66138,89,MTOR,1.1300000000000006,0.8347850000000001,0
66139,89,ARHGAP35,0.11000000000000001,0.1254188,0
66140,89,POT1,-0.029999999999999992,-0.0009637999999999999,0
66141,89,EXT1,0.11,0.0759902,0
66142,89,IL6ST,0.29000000000000004,0.2244028,0
66143,89,IDH2,0.020000000000000004,0.059940000000000014,0
66144,89,SMARCE1,0.48000000000000004,0.30758030000000003,0
66145,89,CRTC3,0.09,0.0658001,0
66146,89,TSC1,0.32,0.28177460000000004,0
66147,89,BCOR,-0.15999999999999998,-0.012754899999999996,0
66148,89,SDHA,0.24000000000000002,0.15122819999999998,0
66149,89,EP300,1.7400000000000013,1.3697429000000003,0
66150,89,HNRNPA2B1,0.25,0.2198692,0
66151,89,CLIP1,-0.11,-0.06506129999999999,0
66152,89,PATZ1,-0.47,-0.1284833,0
66153,89,FUBP1,-0.14999999999999997,-0.014309000000000002,0
66154,89,HLA-A,-0.15000000000000002,0.004339499999999996,0
66155,89,CCNC,-0.08,-0.029715700000000005,0
66156,89,RPN1,-0.28,-0.0680935,0
66157,89,TCF7L2,0.03999999999999997,0.07793039999999998,0
66158,89,CANT1,0.1,0.0570156,0
66159,89,RPL5,-0.5800000000000001,-0.1548489,0
66160,89,CCDC6,0.0,0.05245330000000001,0
66161,89,NCKIPSD,0.04,0.0233134,0
66162,89,SMARCD1,0.39999999999999997,0.2777068999999999,0
66163,89,BCL10,0.03,0.04719520000000001,0
66164,89,MAX,3.469446951953614e-18,0.021329499999999998,0
66165,89,HERPUD1,0.01,0.0039252,0
66166,89,RAC1,0.06,0.11444800000000001,0
66167,89,FLNA,0.06000000000000001,0.077261,0
66168,89,TFE3,-0.49999999999999994,-0.21306960000000003,0
66169,89,NCOR2,0.6900000000000002,0.5197566,0
66170,89,PRPF40B,-0.04,-0.022348,0
66171,89,BCL3,-0.060000000000000005,-0.006467999999999995,0
66172,89,TFPT,-0.23,-0.0865107,0
66173,89,MLH1,0.8100000000000002,0.6905580000000001,0
66174,89,ARHGAP5,0.13,0.1089052,0
66175,89,CIC,-0.01,-0.0064489,0
66176,89,LYN,0.9200000000000002,0.6551028000000001,0
66177,89,TCF12,0.31999999999999995,0.24267539999999999,0
66178,89,KLF6,0.04,0.0221111,0
66179,89,KMT2C,1.0600000000000003,0.8210999000000001,0
66180,89,PIM1,-0.13,-0.0404311,0
66181,89,CCND1,1.4400000000000008,0.9064961,0
66182,89,MLLT1,-0.8600000000000001,-0.26425370000000004,0
66183,89,MEN1,0.020000000000000018,0.045179299999999985,0
66184,89,CUL3,0.15,0.13497469999999998,0
66185,89,RB1,0.6000000000000001,0.4524114,0
66186,89,LPP,-0.049999999999999996,-0.014860099999999998,0
66187,89,BUB1B,-0.15,-0.0732707,0
66188,89,SMAD4,1.3900000000000008,1.0572242000000003,0
66189,89,FGFR1,0.25,0.1796935,0
66190,89,TMSB4X,0.04,0.030918800000000003,0
66191,89,CDK4,0.7000000000000001,0.48999410000000004,0
66192,89,MSI2,0.01,0.0070731,0
66193,89,MSH6,0.8500000000000003,0.6634338,0
66194,89,BRAF,0.9400000000000004,0.8357817999999998,0
66195,89,TCEA1,-0.019999999999999997,0.022990899999999998,0
66196,89,TNFAIP3,0.08,0.09500630000000002,0
66197,89,RABEP1,-0.009999999999999998,-0.0087942,0
66198,89,GMPS,-0.08000000000000002,-0.04489150000000001,0
66199,89,MDM2,1.3000000000000007,0.9282023999999996,0
66200,89,NSD2,0.17,0.12224620000000003,0
66201,89,CASP8,5.204170427930421e-18,0.1686378,0
66202,89,PER1,-0.22999999999999998,-0.04904050000000001,0
66203,89,UBR5,-0.039999999999999994,-0.0054712999999999914,0
66204,89,EIF3E,-0.08999999999999998,0.051354100000000014,0
66205,89,RFWD3,0.030000000000000002,0.0314689,0
66206,89,BRD3,0.09000000000000001,0.08423470000000001,0
66207,89,PAFAH1B2,0.02,0.016558800000000002,0
66208,89,EXT2,0.009999999999999995,0.011101199999999992,0
66209,89,PLCG1,0.49,0.3575183999999999,0
66210,89,SF3B1,-0.3,-0.1360094,0
66211,89,ARHGEF10L,0.02,0.0109304,0
66212,89,NFATC2,0.19,0.134849,0
66213,89,SDHD,0.3,0.1757324,0
66214,89,PABPC1,-0.78,-0.20151379999999997,0
66215,89,POLD1,-0.38999999999999996,-0.08307439999999999,0
66216,89,CALR,0.019999999999999997,0.0254291,0
66217,89,PIK3CB,0.5399999999999999,0.45657410000000004,0
66218,89,PPM1D,0.19000000000000003,0.1439303,0
66219,89,ATRX,0.9700000000000006,0.7758132000000001,0
66220,89,DGCR8,0.15000000000000002,0.09434350000000001,0
66221,89,DDX10,0.13,0.0896769,0
66222,89,DROSHA,0.44000000000000006,0.33189969999999996,0
66223,89,TNFRSF14,-0.11,-0.0420332,0
66224,89,BCL9L,0.13999999999999999,0.09738309999999999,0
66225,89,QKI,-0.09,-0.0554802,0
66226,89,BAZ1A,0.01,0.007164500000000001,0
66227,89,CHD4,0.19999999999999998,0.1816199,0
66228,89,NSD3,0.06,0.05869339999999999,0
66229,89,NT5C2,0.16,0.0939808,0
66230,89,CCNB1IP1,0.09000000000000001,0.039982100000000007,0
66231,89,PCBP1,-0.75,-0.2325224,0
66232,89,RALGDS,0.10999999999999999,0.0856713,0
66233,89,ARHGEF12,-0.019999999999999997,-0.003695500000000001,0
66234,89,HSP90AB1,1.0500000000000005,0.7243472000000002,0
66235,89,FOXO3,1.2700000000000007,0.8674698000000001,0
66236,89,HIP1,-0.03,-0.0192364,0
66237,89,CDC73,-0.06999999999999999,0.012407700000000008,0
66238,89,NIN,0.02,0.014235600000000003,0
66239,89,MDM4,0.18000000000000002,0.18982279999999996,0
66240,89,COL3A1,0.13999999999999999,0.12486950000000001,0
66241,89,CTNND1,0.05,0.10561809999999998,0
66242,89,SPOP,0.00999999999999999,0.0247037,0
66243,89,TMEM127,0.08,0.0644131,0
66244,89,CREB3L2,0.060000000000000005,0.0350497,0
66245,89,MSH2,0.8600000000000003,0.6607489,0
66246,89,FNBP1,-0.009999999999999997,0.0013174000000000016,0
66247,89,ATF1,0.01999999999999999,0.0162631,0
66248,89,EIF1AX,-0.45,-0.2022824,0
66249,89,PMS1,0.45,0.350707,0
66250,89,DEK,0.1,0.0940166,0
66251,89,ERBB2,1.1000000000000005,0.6897393,0
66252,89,AKT1,1.0400000000000005,0.6492566999999998,0
66253,89,CHEK2,0.26,0.3652361,0
66254,89,SDHB,0.39,0.2517437,0
66255,89,NCOA1,0.43000000000000005,0.3011301,0
66256,89,CHIC2,0.049999999999999996,0.027608699999999996,0
66257,89,RUNX1,0.43000000000000016,0.5852400999999999,0
66258,89,STAT6,0.29000000000000004,0.2067343,0
66259,89,FH,-0.16000000000000003,-0.06640060000000002,0
66260,89,AKT3,1.0500000000000003,0.7026904999999998,0
66261,89,GNAS,0.24,0.14892230000000004,0
66262,89,CTNNB1,1.4800000000000009,1.0482389000000003,0
66263,89,NONO,0.13,0.094799,0
66264,89,SMARCB1,0.9200000000000004,0.6750046000000001,0
66265,89,PRKAR1A,0.09,0.095324,0
66266,89,ITGAV,0.030000000000000006,0.03749910000000001,0
66267,89,SS18,0.36,0.2246948,0
66268,89,MAP2K1,1.0700000000000005,0.6902055000000001,0
66269,89,SIRPA,0.03,0.0169951,0
66270,89,PPFIBP1,0.38,0.2523423,0
66271,89,RPL22,-0.17,0.0661159,0
66272,89,CYLD,0.27,0.2089372,0
66273,89,ARID1B,0.6599999999999999,0.4814194,0
66274,89,SETDB1,0.31,0.2202365,0
66275,89,AFDN,-0.35000000000000003,-0.13150960000000003,0
66276,89,ZRSR2,0.26,0.1874398,0
66277,89,PBRM1,0.9600000000000004,0.6926974000000001,0
66278,89,XPC,0.5900000000000001,0.39578990000000003,0
66279,89,ASXL2,0.25,0.170587,0
66280,89,TRIM24,-0.23,-0.0965205,0
66281,89,SFPQ,-0.09,0.011480799999999982,0
66282,89,NCOA2,0.55,0.39889500000000006,0
66283,89,FOXO4,0.4,0.2630666,0
66284,89,LEF1,0.06000000000000001,0.07336969999999998,0
66285,89,B2M,-0.57,-0.2180635,0
66286,89,DDIT3,-0.36,-0.0977641,0
66287,89,BCL6,0.5900000000000001,0.4184024000000002,0
66288,89,KRAS,-1.3500000000000005,-0.35713479999999986,0
66289,89,FAT1,0.05000000000000001,0.0590131,0
66290,89,ABL2,0.09,0.0669608,0
66291,89,NF1,0.9300000000000004,0.7573918999999999,0
66292,89,BTG1,-0.01,-0.005564599999999999,0
66293,89,EIF4A2,0.13,0.10208450000000001,0
66294,89,SET,0.14,0.1259945,0
66295,89,EPS15,0.03,0.030810500000000005,0
66296,89,RNF213,0.04,0.030553999999999998,0
66297,89,CTCF,0.8900000000000003,0.6360904999999999,0
66298,89,WDCP,0.12000000000000005,0.07091480000000001,0
66299,89,KAT7,0.09999999999999999,0.0817486,0
66300,89,KDM5C,0.15,0.1403632,0
66301,89,TGFBR2,0.22,0.170006,0
66302,89,ATM,1.3300000000000007,1.0617803000000003,0
66303,89,NUMA1,-0.019999999999999997,-0.001519099999999998,0
66304,89,STAT3,1.420000000000001,1.1193994999999999,0
66305,89,SUB1,-0.27,-0.0973705,0
66306,89,NUP98,0.08000000000000003,0.10043430000000003,0
66307,89,ELL,-0.08,-0.014271699999999997,0
66308,89,MAP3K1,0.37,0.30026929999999996,0
66309,89,MALT1,0.12,0.1329392,0
66310,89,XPO1,0.35,0.2842389,0
66311,89,SETD1B,0.11,0.080594,0
66312,89,ETV6,-0.16,-0.0493982,0
66313,89,TBL1XR1,0.2,0.13383779999999998,0
66314,89,NUP214,0.02000000000000001,0.09830269999999999,0
66315,89,TPR,0.11,0.1020405,0
66316,89,ATIC,0.11000000000000001,0.07740670000000001,0
66317,89,NACA,0.22000000000000003,0.14595670000000002,0
66318,89,MYO5A,0.009999999999999998,0.008103699999999998,0
66319,89,SMC1A,0.55,0.4871188,0
66320,89,LASP1,-0.23,-0.127466,0
66321,89,ERCC5,0.46,0.3088386,0
66322,89,JUN,0.07999999999999996,0.23516579999999995,0
66323,89,THRAP3,0.06,0.05267020000000001,0
66324,89,STAG2,0.56,0.4216965999999999,0
66325,89,RAF1,1.0900000000000003,0.7790623000000001,0
66326,89,ERCC3,0.52,0.4332212,0
66327,89,SMAD2,0.4600000000000001,0.458461,0
66328,89,TAF15,0.17000000000000004,0.14531170000000004,0
66329,89,ARNT,0.35,0.2762939,0
66330,89,CLTC,-0.5200000000000001,-0.28350220000000004,0
66331,89,IKBKB,0.49000000000000016,0.40672290000000005,0
66332,89,IDH1,-0.45999999999999996,-0.1358724,0
66333,89,SND1,-0.01999999999999999,-0.008999499999999997,0
66334,89,KNSTRN,0.03,0.024730199999999997,0
66335,89,RHOA,-1.51,-0.39986940000000004,0
66336,89,PALB2,0.5199999999999999,0.4623427,0
66337,89,ARID2,0.7500000000000002,0.5472223,0
66338,89,EZR,-0.049999999999999996,0.016004500000000015,0
66339,89,TP53,-0.9299999999999998,-0.03598620000000008,0
66340,89,ARAF,0.39,0.21405790000000002,0
66341,89,KIF5B,0.44999999999999996,0.3201803000000001,0
66342,89,KAT6A,0.20999999999999996,0.1888733,0
66343,89,KTN1,-0.07999999999999999,-0.0263451,0
66344,89,GOLGA5,-0.15000000000000002,-0.09804960000000001,0
66345,89,KDM5A,0.2,0.18804359999999998,0
66346,89,RAD21,0.47000000000000003,0.3795111,0
66347,89,GNAQ,0.10999999999999999,0.075941,0
66348,89,CAMTA1,0.0,0.0007957000000000007,0
66349,89,ERCC2,0.63,0.4654033000000001,0
66350,89,EZH2,1.8000000000000012,1.1864338999999997,0
66351,89,TOP1,0.12000000000000001,0.1039096,0
66352,89,SRSF3,-0.32000000000000006,-0.11066919999999997,0
66353,89,NPM1,0.04000000000000001,0.16386120000000004,0
66354,89,BAX,-0.48,-0.1484843,0
66355,89,NOTCH2,0.27,0.21308780000000002,0
66356,89,TRAF7,0.03,0.0227778,0
66357,89,KDM6A,0.8000000000000004,0.6715188000000002,0
66358,89,SPEN,0.09,0.06608520000000001,0
66359,89,TRIM27,-0.45000000000000007,-0.1593577,0
66360,89,CRTC1,0.13,0.0993347,0
66361,89,EML4,0.20000000000000004,0.16933419999999996,0
66362,89,USP9X,-0.060000000000000005,-0.036776500000000004,0
66363,89,PTPRK,0.01,0.007376700000000001,0
66364,89,CD74,-0.16000000000000003,-0.017684800000000014,0
66365,89,CBL,0.57,0.42527229999999994,0
66366,89,ZNF384,-0.06999999999999999,-0.035609199999999994,0
66367,89,NOTCH1,0.9900000000000007,0.7346925000000001,0
66368,89,COX6C,-0.14,-0.0629558,0
66369,89,CHCHD7,0.01,0.0059065,0
66370,89,HMGA1,-0.15000000000000002,-0.06751280000000001,0
66371,89,PTEN,1.5800000000000007,1.2522452,0
66372,89,FIP1L1,-0.04000000000000001,-0.023131100000000005,0
66373,89,JAK1,0.8100000000000003,0.6343219,0
66374,89,ZMYM2,-0.08000000000000002,-0.0537547,0
66375,89,SUZ12,0.7500000000000002,0.5429622,0
66376,89,FUS,-0.12000000000000002,0.13108419999999996,0
66377,89,BAP1,0.06999999999999999,0.07868900000000001,0
66378,89,ZCCHC8,-0.07,-0.0203819,0
66379,89,CRNKL1,-0.04,-0.023695600000000004,0
66380,89,RAD17,0.13,0.095646,0
66381,89,ATP1A1,0.0,0.002108500000000001,0
66382,89,DNMT3A,0.9500000000000004,0.6943849000000001,0
66383,89,FBXW7,1.0500000000000003,0.8035210000000002,0
66384,89,WWTR1,-0.09000000000000001,-0.047705,0
66385,89,CDKN1B,0.64,0.4035073,0
66386,89,KMT2A,0.45000000000000007,0.37564029999999987,0
66387,89,PTPN11,0.9900000000000004,0.7227914999999998,0
66388,89,STAT5B,0.7000000000000003,0.5333907,0
66389,89,CUX1,-0.1,-0.06763739999999999,0
66390,89,ABI1,-0.31,-0.10734439999999999,0
66391,89,BRCA1,1.6400000000000012,1.3281556000000005,0
66392,89,SH2B3,0.010000000000000005,0.015681,0
66393,89,AFF4,0.10999999999999999,0.0853694,0
66394,89,NF2,0.020000000000000007,0.08061910000000001,0
66395,89,LMNA,0.08,0.0659477,0
66396,89,TSC2,0.6200000000000001,0.4916322,0
66397,89,GOLPH3,-0.08,-0.051905400000000004,0
66398,89,PCM1,-0.07,-0.0476115,0
66399,89,PPP2R1A,-0.5,-0.1786652,0
66400,89,ARID1A,1.8000000000000012,1.2987802999999998,0
66401,89,ABL1,0.1,0.1394855,0
66402,89,AFF1,0.27,0.210107,0
66403,89,DAXX,-0.21000000000000005,-0.0562574,0
66404,89,CBFB,0.14,0.10441939999999998,0
66405,89,CBLB,0.13,0.1016917,0
66406,89,POLR2A,0.06999999999999995,0.19431590000000004,0
66407,89,PRKACA,0.31,0.2446558,0
66408,89,DNM2,-0.12000000000000001,-0.04904420000000001,0
66409,89,RAP1GDS1,-0.06000000000000001,-0.025372900000000014,0
66410,89,NCOR1,0.8300000000000002,0.730009,0
66411,89,NFKBIE,-0.26,-0.0892716,0
66412,89,DDX3X,0.11000000000000001,0.11630949999999998,0
66413,89,ELK4,0.02,0.0146476,0
66414,89,MLLT6,0.1,0.0824969,0
66415,89,SRSF2,-1.3100000000000003,-0.3984323000000001,0
66416,89,CTNNA1,0.11,0.08204489999999999,0
66417,89,RBM10,0.21000000000000002,0.14609360000000002,0
66418,89,PTPRC,0.1,0.11079540000000002,0
66419,89,HSP90AA1,1.2000000000000006,0.7990459999999999,0
66420,90,NSD1,0.34,0.29212289999999996,1
66421,90,DICER1,0.2700000000000001,0.2853406,1
66422,90,BIRC6,0.1,0.0984365,1
66423,90,SDHC,0.39999999999999997,0.2863231,1
66424,90,TFG,0.18000000000000002,0.1159458,1
66425,90,MAP2K2,0.31000000000000005,0.21676890000000001,1
66426,90,TFRC,-0.26,-0.1063627,1
66427,90,CREB1,0.9600000000000005,0.8036963999999999,1
66428,90,POLG,0.01,0.0037186999999999997,1
66429,90,SETD2,0.5900000000000003,0.5414260999999999,1
66430,90,NAB2,-0.5,-0.1429364,1
66431,90,HIF1A,1.640000000000001,1.2680818,1
66432,90,FLCN,-0.05000000000000002,0.0164757,1
66433,90,MAP2K4,0.05000000000000002,0.11097859999999998,1
66434,90,CNOT3,0.05,0.0565222,1
66435,90,CIITA,0.06999999999999999,0.0413063,1
66436,90,LSM14A,0.16,0.1339591,1
66437,90,AKAP9,-0.009999999999999995,0.03425779999999999,1
66438,90,MSN,-0.27999999999999997,-0.0840106,1
66439,90,BCR,-0.04000000000000001,0.0783646,1
66440,90,TRRAP,0.020000000000000028,0.20041249999999997,1
66441,90,PPP6C,-0.15,-0.062276899999999996,1
66442,90,NCOA4,-0.08,-0.027639300000000006,1
66443,90,BCL9,0.2,0.1619332,1
66444,90,PRCC,0.14,0.1051508,1
66445,90,LARP4B,0.03,0.0209709,1
66446,90,CHD2,0.02,0.018520000000000002,1
66447,90,ASXL1,0.38,0.40160830000000003,1
66448,90,SMARCA4,1.9900000000000013,1.5912164999999998,1
66449,90,ERC1,-0.03,-0.0220335,1
66450,90,DCTN1,-0.019999999999999997,0.027710500000000006,1
66451,90,PIK3R1,1.2200000000000006,0.9865333999999999,1
66452,90,EED,0.01999999999999999,0.0460185,1
66453,90,CNBP,0.02,0.0119994,1
66454,90,SGK1,0.44999999999999996,0.29550970000000004,1
66455,90,MLLT10,-0.35,-0.19783520000000004,1
66456,90,BRD4,1.0400000000000005,0.9168684,1
66457,90,RANBP2,0.29000000000000004,0.28058219999999995,1
66458,90,FBXO11,0.06,0.0495048,1
66459,90,PML,0.5199999999999999,0.3508734,1
66460,90,AKT2,1.1600000000000004,0.8278312000000002,1
66461,90,CEP89,0.05,0.031014,1
66462,90,LZTR1,0.1,0.1200909,1
66463,90,YWHAE,0.16,0.10114510000000002,1
66464,90,DNAJB1,-0.030000000000000002,-0.004267500000000004,1
66465,90,PRDM2,0.06,0.049581799999999995,1
66466,90,TPM4,0.5,0.351572,1
66467,90,CREBBP,1.980000000000001,1.6330393000000003,1
66468,90,PMS2,0.8600000000000003,0.7403529999999999,1
66469,90,DDR2,0.010000000000000002,0.010559499999999996,1
66470,90,FANCA,0.4000000000000001,0.3370736,1
66471,90,PDE4DIP,0.06999999999999999,0.0526479,1
66472,90,USP8,-0.04000000000000001,-0.015053600000000004,1
66473,90,MYH9,-0.35000000000000003,-0.08644199999999999,1
66474,90,MYC,-1.7500000000000007,-0.43964130000000007,1
66475,90,NBN,0.6300000000000001,0.5116890000000001,1
66476,90,CCND3,-0.14,-0.020663299999999996,1
66477,90,TRIP11,-0.1,-0.07350860000000001,1
66478,90,CNTRL,-0.09000000000000001,-0.064902,1
66479,90,PIK3CA,1.1200000000000008,0.9935918000000004,1
66480,90,DDX5,0.38000000000000006,0.3401193,1
66481,90,PICALM,0.019999999999999997,0.022234799999999992,1
66482,90,RARA,0.31999999999999995,0.2430951,1
66483,90,DDX6,0.04000000000000002,0.13212980000000002,1
66484,90,COL1A1,0.25,0.2112844,1
66485,90,VHL,0.27,0.19660879999999997,1
66486,90,MAPK1,1.570000000000001,1.1138620000000001,1
66487,90,SRC,0.9100000000000006,0.6342382000000001,1
66488,90,NFE2L2,0.35,0.2648649,1
66489,90,MITF,-0.24999999999999997,-0.05693619999999999,1
66490,90,SMAD3,1.280000000000001,1.1706553999999998,1
66491,90,RBM15,0.1,0.08436880000000001,1
66492,90,ATR,0.7400000000000003,0.6205623000000001,1
66493,90,EPAS1,0.36,0.3703142,1
66494,90,TPM3,0.12000000000000001,0.10109519999999995,1
66495,90,RPL10,0.14,0.1435789,1
66496,90,STAG1,0.09,0.1347912,1
66497,90,SBDS,-0.06,-0.021512999999999997,1
66498,90,KMT2D,1.0700000000000005,0.8829872000000001,1
66499,90,MED12,0.39,0.33251540000000007,1
66500,90,BCLAF1,-0.060000000000000005,0.0274176,1
66501,90,ASPSCR1,-1.3877787807814457e-17,0.007452999999999991,1
66502,90,CDK12,0.52,0.42839920000000004,1
66503,90,EWSR1,0.30999999999999994,0.33699919999999994,1
66504,90,NDRG1,-0.039999999999999994,-0.006590799999999997,1
66505,90,PSIP1,0.07,0.0740993,1
66506,90,TRIM33,0.1,0.0921352,1
66507,90,MTOR,0.8800000000000002,0.7827966999999999,1
66508,90,ARHGAP35,0.19,0.1663655,1
66509,90,POT1,0.010000000000000002,0.0166195,1
66510,90,EXT1,0.11,0.0852995,1
66511,90,IL6ST,0.34,0.2884867,1
66512,90,IDH2,0.16999999999999998,0.1553903,1
66513,90,SMARCE1,0.39,0.2571334,1
66514,90,CRTC3,0.09999999999999999,0.08340339999999999,1
66515,90,TSC1,0.31,0.31341589999999997,1
66516,90,BCOR,-0.13999999999999999,0.023405200000000004,1
66517,90,SDHA,0.26,0.19951940000000004,1
66518,90,EP300,2.34,1.9541971999999994,1
66519,90,HNRNPA2B1,0.54,0.37734080000000003,1
66520,90,CLIP1,-0.12,-0.0686052,1
66521,90,PATZ1,-0.66,-0.14867370000000002,1
66522,90,FUBP1,-0.13999999999999999,-0.007223099999999993,1
66523,90,HLA-A,-0.10999999999999997,0.0025491000000000055,1
66524,90,CCNC,-0.32999999999999996,-0.12596490000000002,1
66525,90,RPN1,-0.18,-0.0690689,1
66526,90,TCF7L2,0.04000000000000001,0.1161595,1
66527,90,CANT1,0.0,0.01882489999999999,1
66528,90,RPL5,-0.7,-0.1726181,1
66529,90,CCDC6,0.10000000000000002,0.10977649999999999,1
66530,90,NCKIPSD,-0.04,-0.0106439,1
66531,90,SMARCD1,0.44000000000000006,0.3679485,1
66532,90,BCL10,0.049999999999999996,0.07640279999999999,1
66533,90,MAX,0.030000000000000006,0.08002369999999999,1
66534,90,HERPUD1,-0.02,-0.0059332,1
66535,90,RAC1,0.08,0.1603498,1
66536,90,FLNA,0.17,0.1343426,1
66537,90,TFE3,-0.67,-0.24576960000000003,1
66538,90,NCOR2,0.7100000000000002,0.5951447000000001,1
66539,90,PRPF40B,0.030000000000000002,0.024124999999999997,1
66540,90,BCL3,-0.10999999999999999,-0.017901699999999982,1
66541,90,TFPT,-0.33,-0.1028616,1
66542,90,MLH1,0.9400000000000001,0.8183737999999999,1
66543,90,ARHGAP5,0.11,0.11118890000000001,1
66544,90,CIC,0.0,0.0,1
66545,90,LYN,0.8300000000000001,0.6276435,1
66546,90,TCF12,0.33,0.27116979999999996,1
66547,90,KLF6,0.05,0.031779,1
66548,90,KMT2C,0.9300000000000004,0.7923260000000001,1
66549,90,PIM1,-0.060000000000000005,0.0045942,1
66550,90,CCND1,1.2900000000000007,0.8168197999999998,1
66551,90,MLLT1,-1.4300000000000002,-0.3579583,1
66552,90,MEN1,-0.049999999999999996,0.008829600000000007,1
66553,90,CUL3,0.08,0.16126170000000006,1
66554,90,RB1,0.5700000000000001,0.48755469999999995,1
66555,90,LPP,-0.16,-0.044482299999999995,1
66556,90,BUB1B,-0.12999999999999998,-0.028906000000000008,1
66557,90,SMAD4,1.520000000000001,1.2520628999999999,1
66558,90,FGFR1,0.2899999999999999,0.2517314,1
66559,90,TMSB4X,0.04,0.0305888,1
66560,90,CDK4,0.9700000000000004,0.6832364000000001,1
66561,90,MSI2,0.01,0.007832200000000001,1
66562,90,MSH6,1.0500000000000005,0.9342672000000001,1
66563,90,BRAF,1.1700000000000004,1.0782253000000002,1
66564,90,TCEA1,-0.00999999999999999,0.038022999999999994,1
66565,90,TNFAIP3,0.13000000000000003,0.10692689999999999,1
66566,90,RABEP1,-0.010000000000000002,-0.006446100000000003,1
66567,90,GMPS,-0.11,-0.047348700000000014,1
66568,90,MDM2,0.8400000000000007,0.8097076000000002,1
66569,90,NSD2,0.21,0.1600953,1
66570,90,CASP8,-0.09000000000000001,0.1129976,1
66571,90,PER1,-0.22000000000000003,-0.07882330000000001,1
66572,90,UBR5,0.049999999999999996,0.0542982,1
66573,90,EIF3E,-0.010000000000000002,0.052821900000000005,1
66574,90,RFWD3,0.020000000000000004,0.02754360000000001,1
66575,90,BRD3,0.09,0.06333319999999999,1
66576,90,PAFAH1B2,0.03,0.0271164,1
66577,90,EXT2,0.009999999999999995,0.0188845,1
66578,90,PLCG1,0.5199999999999999,0.43477129999999997,1
66579,90,SF3B1,-0.67,-0.2884827,1
66580,90,ARHGEF10L,0.04,0.0230052,1
66581,90,NFATC2,0.24000000000000002,0.17011320000000002,1
66582,90,SDHD,0.27,0.1851022,1
66583,90,PABPC1,-0.9100000000000001,-0.22852009999999995,1
66584,90,POLD1,-0.09000000000000002,-0.010527600000000008,1
66585,90,CALR,0.05,0.0606994,1
66586,90,PIK3CB,0.7400000000000002,0.5925469,1
66587,90,PPM1D,0.27,0.21006829999999999,1
66588,90,ATRX,0.9700000000000004,0.8348938999999999,1
66589,90,DGCR8,0.17,0.1318815,1
66590,90,DDX10,0.16999999999999998,0.1342291,1
66591,90,DROSHA,0.5400000000000001,0.43458869999999994,1
66592,90,TNFRSF14,-0.16999999999999998,-0.0514313,1
66593,90,BCL9L,0.13,0.0976303,1
66594,90,QKI,0.019999999999999997,0.0156366,1
66595,90,BAZ1A,0.01,0.007990800000000001,1
66596,90,CHD4,0.36,0.3107690000000001,1
66597,90,NSD3,0.11,0.1138347,1
66598,90,NT5C2,0.17,0.1009784,1
66599,90,CCNB1IP1,0.1,0.049063600000000006,1
66600,90,PCBP1,-0.88,-0.22894460000000003,1
66601,90,RALGDS,-0.020000000000000004,0.053568199999999996,1
66602,90,ARHGEF12,-0.020000000000000004,0.020237299999999996,1
66603,90,HSP90AB1,1.0100000000000005,0.7071262,1
66604,90,FOXO3,1.4200000000000008,1.0480312,1
66605,90,HIP1,-0.03,-0.017928899999999998,1
66606,90,CDC73,0.02999999999999999,0.076686,1
66607,90,NIN,0.020000000000000004,0.015467499999999999,1
66608,90,MDM4,0.09,0.1648751,1
66609,90,COL3A1,0.21,0.1731647,1
66610,90,CTNND1,0.15000000000000002,0.1659389,1
66611,90,SPOP,0.08000000000000002,0.09384810000000002,1
66612,90,TMEM127,0.010000000000000002,0.016539199999999997,1
66613,90,CREB3L2,0.13,0.08071800000000001,1
66614,90,MSH2,1.0300000000000002,0.9026569000000001,1
66615,90,FNBP1,0.009999999999999998,0.020557100000000002,1
66616,90,ATF1,0.14,0.09820219999999999,1
66617,90,EIF1AX,-0.55,-0.1847965,1
66618,90,PMS1,0.63,0.5006759000000001,1
66619,90,DEK,0.19999999999999998,0.1666155,1
66620,90,ERBB2,1.2100000000000006,0.8194739000000001,1
66621,90,AKT1,1.1100000000000005,0.7073931000000003,1
66622,90,CHEK2,0.7100000000000002,0.6941845,1
66623,90,SDHB,0.4,0.2857009,1
66624,90,NCOA1,0.37,0.30822960000000005,1
66625,90,CHIC2,0.09999999999999999,0.0717157,1
66626,90,RUNX1,0.32999999999999974,0.6428169999999997,1
66627,90,STAT6,0.43000000000000005,0.35016959999999997,1
66628,90,FH,-0.07,-0.013483000000000009,1
66629,90,AKT3,1.0700000000000005,0.7866115,1
66630,90,GNAS,0.36,0.24775689999999995,1
66631,90,CTNNB1,1.3900000000000008,0.9852599000000001,1
66632,90,NONO,0.3600000000000001,0.29791860000000003,1
66633,90,SMARCB1,0.9900000000000004,0.7880171999999999,1
66634,90,PRKAR1A,0.2,0.18049750000000003,1
66635,90,ITGAV,0.019999999999999997,0.050902100000000006,1
66636,90,SS18,0.42000000000000004,0.2928294,1
66637,90,MAP2K1,1.0000000000000004,0.6129081999999999,1
66638,90,SIRPA,-0.06999999999999999,-0.0202089,1
66639,90,PPFIBP1,0.41,0.30132539999999997,1
66640,90,RPL22,-0.07,0.1178105,1
66641,90,CYLD,0.30000000000000004,0.23823620000000004,1
66642,90,ARID1B,0.8500000000000001,0.6559419,1
66643,90,SETDB1,0.35,0.2542065,1
66644,90,AFDN,-0.43000000000000005,-0.1409758,1
66645,90,ZRSR2,0.0,0.00647049999999999,1
66646,90,PBRM1,1.0400000000000005,0.7896046,1
66647,90,XPC,0.48,0.2936395,1
66648,90,ASXL2,0.26,0.1950386,1
66649,90,TRIM24,-0.31,-0.031765800000000004,1
66650,90,SFPQ,-0.39,-0.0958777,1
66651,90,NCOA2,0.6200000000000001,0.5068450999999999,1
66652,90,FOXO4,0.20999999999999996,0.14723419999999998,1
66653,90,LEF1,0.15999999999999998,0.17532799999999998,1
66654,90,B2M,-0.51,-0.20100439999999997,1
66655,90,DDIT3,-0.26,-0.0900691,1
66656,90,BCL6,0.4,0.31288660000000007,1
66657,90,KRAS,-0.6899999999999998,-0.09258059999999996,1
66658,90,FAT1,0.12,0.09526889999999999,1
66659,90,ABL2,0.05000000000000001,0.057769299999999996,1
66660,90,NF1,1.3200000000000005,1.0700416000000001,1
66661,90,BTG1,-0.06,-0.024591,1
66662,90,EIF4A2,0.03,0.016299499999999998,1
66663,90,SET,0.19,0.1543054,1
66664,90,EPS15,0.06999999999999999,0.062398699999999994,1
66665,90,RNF213,0.05,0.043471100000000006,1
66666,90,CTCF,0.9900000000000004,0.6871122000000001,1
66667,90,WDCP,0.22,0.1412445,1
66668,90,KAT7,0.16,0.1400596,1
66669,90,KDM5C,0.19000000000000003,0.18609949999999997,1
66670,90,TGFBR2,0.09,0.1135149,1
66671,90,ATM,0.9400000000000007,0.9821579999999996,1
66672,90,NUMA1,-0.019999999999999997,-0.0009412999999999965,1
66673,90,STAT3,0.9500000000000005,0.9085808000000002,1
66674,90,SUB1,-0.11,-0.043337600000000004,1
66675,90,NUP98,0.18000000000000002,0.1908324,1
66676,90,ELL,0.040000000000000015,0.027045500000000007,1
66677,90,MAP3K1,0.33999999999999997,0.2977515,1
66678,90,MALT1,0.10000000000000002,0.1366898,1
66679,90,XPO1,0.5300000000000001,0.4407810000000001,1
66680,90,SETD1B,0.27,0.21126860000000003,1
66681,90,ETV6,-0.04999999999999998,0.007356499999999999,1
66682,90,TBL1XR1,0.23,0.16204849999999998,1
66683,90,NUP214,-0.15,0.13495909999999997,1
66684,90,TPR,0.10999999999999999,0.09850619999999999,1
66685,90,ATIC,0.12,0.13956500000000002,1
66686,90,NACA,0.2,0.1145685,1
66687,90,MYO5A,0.0,0.00025220000000000103,1
66688,90,SMC1A,0.4,0.4518612,1
66689,90,LASP1,-0.22,-0.1156002,1
66690,90,ERCC5,0.43999999999999995,0.27224780000000004,1
66691,90,JUN,-1.2000000000000002,-0.1951037,1
66692,90,THRAP3,0.07,0.054306900000000005,1
66693,90,STAG2,0.32000000000000006,0.3311437,1
66694,90,RAF1,0.9500000000000004,0.7145104000000001,1
66695,90,ERCC3,0.67,0.5603528,1
66696,90,SMAD2,0.5300000000000002,0.5620833999999998,1
66697,90,TAF15,0.22000000000000003,0.183397,1
66698,90,ARNT,0.21000000000000002,0.20602370000000003,1
66699,90,CLTC,-0.76,-0.32518220000000003,1
66700,90,IKBKB,0.5600000000000003,0.5032376000000001,1
66701,90,IDH1,-0.4399999999999999,-0.12553309999999995,1
66702,90,SND1,0.0,0.0213249,1
66703,90,KNSTRN,0.02,0.0149714,1
66704,90,RHOA,-2.790000000000001,-0.6792822000000001,1
66705,90,PALB2,0.7500000000000002,0.6422281,1
66706,90,ARID2,0.8500000000000001,0.6664187,1
66707,90,EZR,-0.15,-0.04005359999999998,1
66708,90,TP53,-0.32999999999999985,0.16685579999999994,1
66709,90,ARAF,0.41,0.23447230000000002,1
66710,90,KIF5B,0.5200000000000001,0.3887653,1
66711,90,KAT6A,0.24,0.2395701,1
66712,90,KTN1,-0.08,-0.009332999999999998,1
66713,90,GOLGA5,-0.09,-0.0620507,1
66714,90,KDM5A,0.28,0.2591015,1
66715,90,RAD21,0.6400000000000001,0.530018,1
66716,90,GNAQ,0.31999999999999995,0.23811719999999997,1
66717,90,CAMTA1,0.08,0.059659500000000004,1
66718,90,ERCC2,0.7399999999999999,0.5897297,1
66719,90,EZH2,1.5900000000000012,1.2575847,1
66720,90,TOP1,0.32000000000000006,0.26692509999999997,1
66721,90,SRSF3,-0.34999999999999987,-0.08293069999999998,1
66722,90,NPM1,0.17999999999999997,0.18489719999999998,1
66723,90,BAX,-0.58,-0.1596778,1
66724,90,NOTCH2,0.3,0.2499855,1
66725,90,TRAF7,0.03,0.0232089,1
66726,90,KDM6A,0.9200000000000003,0.9251231999999998,1
66727,90,SPEN,0.13,0.1001085,1
66728,90,TRIM27,-0.88,-0.2058135,1
66729,90,CRTC1,0.15999999999999998,0.125827,1
66730,90,EML4,0.25999999999999995,0.28165090000000004,1
66731,90,USP9X,-0.009999999999999998,-0.009387599999999996,1
66732,90,PTPRK,-0.01,-0.0056191,1
66733,90,CD74,-0.15000000000000005,0.025701500000000006,1
66734,90,CBL,0.54,0.4791604,1
66735,90,ZNF384,0.03,0.0229017,1
66736,90,NOTCH1,1.0300000000000005,0.8113801000000003,1
66737,90,COX6C,-0.15999999999999998,-0.04435599999999999,1
66738,90,CHCHD7,0.02,0.012056800000000001,1
66739,90,HMGA1,-0.07,-0.027889999999999998,1
66740,90,PTEN,1.2700000000000007,1.2266391,1
66741,90,FIP1L1,-0.04000000000000001,-0.004020300000000011,1
66742,90,JAK1,0.8400000000000003,0.6978242,1
66743,90,ZMYM2,0.010000000000000004,0.0096499,1
66744,90,SUZ12,0.8400000000000003,0.6571433,1
66745,90,FUS,-0.35,0.0594392,1
66746,90,BAP1,-0.26,-0.1079588,1
66747,90,ZCCHC8,-0.08,-0.023092800000000004,1
66748,90,CRNKL1,0.009999999999999998,0.0084966,1
66749,90,RAD17,0.18,0.1354888,1
66750,90,ATP1A1,0.03,0.0167812,1
66751,90,DNMT3A,0.9500000000000006,0.8046278,1
66752,90,FBXW7,0.9300000000000004,0.796897,1
66753,90,WWTR1,-0.18999999999999997,-0.07191909999999999,1
66754,90,CDKN1B,0.46,0.31037509999999996,1
66755,90,KMT2A,0.23000000000000007,0.2946658,1
66756,90,PTPN11,1.1100000000000008,0.9263573999999999,1
66757,90,STAT5B,0.8000000000000003,0.635161,1
66758,90,CUX1,-0.08,-0.053161299999999995,1
66759,90,ABI1,-0.27,-0.0852368,1
66760,90,BRCA1,1.8600000000000012,1.5384494,1
66761,90,SH2B3,0.08,0.0457831,1
66762,90,AFF4,-0.10999999999999999,-0.0551509,1
66763,90,NF2,0.15000000000000002,0.16617620000000002,1
66764,90,LMNA,0.05999999999999999,0.0452571,1
66765,90,TSC2,0.8400000000000003,0.6754456000000002,1
66766,90,GOLPH3,-0.09,-0.0563418,1
66767,90,PCM1,-0.04,-0.0313862,1
66768,90,PPP2R1A,-0.31,-0.07905430000000001,1
66769,90,ARID1A,1.7800000000000011,1.4264764999999997,1
66770,90,ABL1,-0.4099999999999999,-0.0021618999999999736,1
66771,90,AFF1,-0.010000000000000002,0.04745429999999999,1
66772,90,DAXX,-0.6000000000000001,-0.1462447,1
66773,90,CBFB,0.14,0.144633,1
66774,90,CBLB,0.17,0.1456577,1
66775,90,POLR2A,-0.22999999999999998,0.1348284,1
66776,90,PRKACA,0.2200000000000001,0.24486059999999993,1
66777,90,DNM2,-0.08000000000000002,-0.043347399999999994,1
66778,90,RAP1GDS1,0.040000000000000036,0.05637030000000002,1
66779,90,NCOR1,0.7500000000000001,0.8402866,1
66780,90,NFKBIE,-0.35,-0.10927670000000002,1
66781,90,DDX3X,0.26,0.24323860000000005,1
66782,90,ELK4,0.03,0.025134300000000002,1
66783,90,MLLT6,0.07,0.052786900000000005,1
66784,90,SRSF2,-2.7800000000000002,-0.6556884000000001,1
66785,90,CTNNA1,0.16,0.12521380000000001,1
66786,90,RBM10,0.14,0.10954280000000001,1
66787,90,PTPRC,0.04999999999999999,0.11231909999999999,1
66788,90,HSP90AA1,0.9600000000000004,0.6521044000000001,1
66789,90,NSD1,0.25,0.205469,0
66790,90,DICER1,0.23,0.23614220000000002,0
66791,90,BIRC6,0.1,0.08501720000000001,0
66792,90,SDHC,0.32000000000000006,0.22454919999999998,0
66793,90,TFG,0.26,0.1398393,0
66794,90,MAP2K2,0.27,0.2129706,0
66795,90,TFRC,-0.25,-0.12294509999999999,0
66796,90,CREB1,0.9500000000000006,0.7149684,0
66797,90,POLG,0.01,0.003464,0
66798,90,SETD2,0.7000000000000002,0.5857655,0
66799,90,NAB2,-0.29000000000000004,-0.10597039999999999,0
66800,90,HIF1A,1.5200000000000007,1.0975805000000003,0
66801,90,FLCN,0.030000000000000002,0.0360693,0
66802,90,MAP2K4,0.0,0.0822678,0
66803,90,CNOT3,-0.010000000000000002,0.010186900000000002,0
66804,90,CIITA,0.06999999999999999,0.043116299999999996,0
66805,90,LSM14A,0.09,0.0804648,0
66806,90,AKAP9,-0.060000000000000005,-0.014786599999999997,0
66807,90,MSN,-0.4099999999999999,-0.10599330000000001,0
66808,90,BCR,0.029999999999999992,0.0435636,0
66809,90,TRRAP,0.05,0.1352219,0
66810,90,PPP6C,-0.16,-0.0779774,0
66811,90,NCOA4,-0.2,-0.10527750000000001,0
66812,90,BCL9,0.16,0.12421049999999997,0
66813,90,PRCC,0.05,0.03682200000000001,0
66814,90,LARP4B,0.0,0.0,0
66815,90,CHD2,0.01,0.0075868,0
66816,90,ASXL1,0.4799999999999999,0.4441957,0
66817,90,SMARCA4,1.3600000000000008,1.0038329000000001,0
66818,90,ERC1,-0.02,-0.0148219,0
66819,90,DCTN1,-0.16,-0.06325670000000003,0
66820,90,PIK3R1,1.4100000000000008,0.9978564999999999,0
66821,90,EED,0.009999999999999985,0.0600145,0
66822,90,CNBP,0.0,0.0,0
66823,90,SGK1,0.32,0.18800240000000001,0
66824,90,MLLT10,-0.18000000000000005,-0.07341609999999998,0
66825,90,BRD4,0.9400000000000003,0.7014526000000001,0
66826,90,RANBP2,0.16,0.2261193,0
66827,90,FBXO11,0.05,0.0399055,0
66828,90,PML,0.31999999999999995,0.22954189999999994,0
66829,90,AKT2,0.9100000000000001,0.6147268,0
66830,90,CEP89,0.07,0.0416093,0
66831,90,LZTR1,0.08,0.0813406,0
66832,90,YWHAE,0.36000000000000004,0.23048829999999998,0
66833,90,DNAJB1,-0.039999999999999994,-0.0036256999999999956,0
66834,90,PRDM2,0.03,0.0214495,0
66835,90,TPM4,0.45000000000000007,0.28218190000000004,0
66836,90,CREBBP,1.8500000000000012,1.4889723,0
66837,90,PMS2,0.5100000000000001,0.4990768,0
66838,90,DDR2,0.049999999999999996,0.0297978,0
66839,90,FANCA,0.34,0.2829938,0
66840,90,PDE4DIP,0.05,0.0337871,0
66841,90,USP8,-0.11,-0.053235300000000006,0
66842,90,MYH9,-0.32,-0.0640463,0
66843,90,MYC,-1.1900000000000004,-0.4251184,0
66844,90,NBN,0.54,0.40850729999999996,0
66845,90,CCND3,-0.04999999999999999,0.03261909999999999,0
66846,90,TRIP11,-0.12,-0.0786183,0
66847,90,CNTRL,-0.04000000000000001,-0.024003299999999998,0
66848,90,PIK3CA,1.4700000000000009,1.077428,0
66849,90,DDX5,0.31999999999999995,0.27618859999999995,0
66850,90,PICALM,0.0,0.0012928000000000002,0
66851,90,RARA,0.4200000000000001,0.31179280000000004,0
66852,90,DDX6,-0.02,0.0672856,0
66853,90,COL1A1,0.1,0.1063262,0
66854,90,VHL,0.22,0.1649721,0
66855,90,MAPK1,1.5500000000000007,0.9987349000000001,0
66856,90,SRC,-0.4999999999999999,0.037913100000000005,0
66857,90,NFE2L2,0.26,0.17859510000000003,0
66858,90,MITF,-0.38999999999999996,-0.06410500000000001,0
66859,90,SMAD3,1.2000000000000008,0.8960604000000002,0
66860,90,RBM15,0.07,0.060796100000000006,0
66861,90,ATR,0.7100000000000003,0.6093377999999999,0
66862,90,EPAS1,0.41,0.339633,0
66863,90,TPM3,0.21000000000000005,0.15911179999999997,0
66864,90,RPL10,0.14,0.11671050000000001,0
66865,90,STAG1,0.14,0.1493652,0
66866,90,SBDS,-0.04,-0.016366600000000002,0
66867,90,KMT2D,0.9900000000000004,0.7259872,0
66868,90,MED12,0.29000000000000004,0.2324,0
66869,90,BCLAF1,-0.04999999999999999,0.0166982,0
66870,90,ASPSCR1,-0.00999999999999999,0.0017202000000000155,0
66871,90,CDK12,0.25,0.18615640000000003,0
66872,90,EWSR1,0.4099999999999999,0.3353882,0
66873,90,NDRG1,-0.06,-0.018807499999999998,0
66874,90,PSIP1,-0.19,-0.09752149999999998,0
66875,90,TRIM33,0.039999999999999994,0.036439400000000004,0
66876,90,MTOR,1.1800000000000004,0.8490407999999999,0
66877,90,ARHGAP35,0.14,0.1515435,0
66878,90,POT1,-0.019999999999999993,0.008188400000000002,0
66879,90,EXT1,0.1,0.062976,0
66880,90,IL6ST,0.31,0.237859,0
66881,90,IDH2,0.19000000000000003,0.1388389,0
66882,90,SMARCE1,0.43,0.25305330000000004,0
66883,90,CRTC3,0.08,0.0602453,0
66884,90,TSC1,0.27999999999999997,0.2624863,0
66885,90,BCOR,-0.19,-0.014498199999999996,0
66886,90,SDHA,0.22,0.15552300000000002,0
66887,90,EP300,1.7600000000000013,1.3857531999999997,0
66888,90,HNRNPA2B1,0.26,0.2229455,0
66889,90,CLIP1,-0.13,-0.0777948,0
66890,90,PATZ1,-0.43000000000000005,-0.1229283,0
66891,90,FUBP1,-0.09,0.0091267,0
66892,90,HLA-A,-0.21000000000000002,-0.00746150000000001,0
66893,90,CCNC,-0.05,-0.020417400000000002,0
66894,90,RPN1,-0.26,-0.0723201,0
66895,90,TCF7L2,0.01999999999999996,0.07498560000000003,0
66896,90,CANT1,0.07,0.04447550000000001,0
66897,90,RPL5,-0.64,-0.19547850000000003,0
66898,90,CCDC6,-1.3877787807814457e-17,0.032138500000000014,0
66899,90,NCKIPSD,0.04,0.023637100000000005,0
66900,90,SMARCD1,0.42999999999999994,0.2943636,0
66901,90,BCL10,0.010000000000000016,0.037077000000000006,0
66902,90,MAX,-0.030000000000000002,-0.004183400000000004,0
66903,90,HERPUD1,0.01,0.0035748999999999998,0
66904,90,RAC1,0.020000000000000018,0.11452669999999998,0
66905,90,FLNA,0.030000000000000002,0.0608167,0
66906,90,TFE3,-0.5699999999999998,-0.20732260000000002,0
66907,90,NCOR2,0.7100000000000002,0.5246116000000001,0
66908,90,PRPF40B,-0.02,-0.012811,0
66909,90,BCL3,-0.04000000000000001,-0.0005347000000000077,0
66910,90,TFPT,-0.24,-0.0884066,0
66911,90,MLH1,0.8200000000000001,0.7124189,0
66912,90,ARHGAP5,0.13,0.11505610000000001,0
66913,90,CIC,-0.01,-0.0061864,0
66914,90,LYN,0.8300000000000002,0.5831509000000001,0
66915,90,TCF12,0.28,0.21243829999999997,0
66916,90,KLF6,0.04,0.0223223,0
66917,90,KMT2C,0.9900000000000004,0.799926,0
66918,90,PIM1,-0.22999999999999998,-0.0867469,0
66919,90,CCND1,1.1000000000000008,0.692893,0
66920,90,MLLT1,-1.0500000000000003,-0.29669310000000004,0
66921,90,MEN1,0.09,0.10182920000000001,0
66922,90,CUL3,0.14,0.1369821,0
66923,90,RB1,0.6699999999999999,0.4962414,0
66924,90,LPP,-0.039999999999999994,-0.013519399999999997,0
66925,90,BUB1B,-0.11000000000000001,-0.0490755,0
66926,90,SMAD4,1.3200000000000007,0.9946354000000001,0
66927,90,FGFR1,0.22,0.1420765,0
66928,90,TMSB4X,0.04,0.0319424,0
66929,90,CDK4,0.5499999999999999,0.40580859999999996,0
66930,90,MSI2,0.01,0.0074015,0
66931,90,MSH6,0.9400000000000004,0.7201203999999998,0
66932,90,BRAF,1.0000000000000004,0.8728618999999999,0
66933,90,TCEA1,-0.030000000000000013,0.018930599999999995,0
66934,90,TNFAIP3,0.12,0.10942810000000001,0
66935,90,RABEP1,0.010000000000000002,0.005515800000000001,0
66936,90,GMPS,-0.06,-0.03659479999999998,0
66937,90,MDM2,1.2600000000000007,0.8585921,0
66938,90,NSD2,0.19000000000000003,0.1294512,0
66939,90,CASP8,-0.14000000000000004,0.14025590000000002,0
66940,90,PER1,-0.24999999999999994,-0.0476194,0
66941,90,UBR5,-0.049999999999999996,-0.015526700000000004,0
66942,90,EIF3E,0.010000000000000009,0.0651177,0
66943,90,RFWD3,0.030000000000000002,0.031537300000000004,0
66944,90,BRD3,0.12,0.0985411,0
66945,90,PAFAH1B2,0.02,0.0158006,0
66946,90,EXT2,0.0,0.0019790000000000016,0
66947,90,PLCG1,0.5599999999999999,0.4108373,0
66948,90,SF3B1,-0.32,-0.12456810000000001,0
66949,90,ARHGEF10L,0.02,0.010766800000000002,0
66950,90,NFATC2,0.21,0.1498406,0
66951,90,SDHD,0.24,0.1261293,0
66952,90,PABPC1,-0.76,-0.20465819999999998,0
66953,90,POLD1,-0.35999999999999993,-0.08576740000000001,0
66954,90,CALR,0.019999999999999993,0.025597099999999998,0
66955,90,PIK3CB,0.4600000000000001,0.4166486,0
66956,90,PPM1D,0.19000000000000003,0.14821330000000002,0
66957,90,ATRX,0.8700000000000006,0.7079430000000002,0
66958,90,DGCR8,0.15,0.09485869999999999,0
66959,90,DDX10,0.13,0.0851923,0
66960,90,DROSHA,0.43000000000000005,0.31226309999999996,0
66961,90,TNFRSF14,-0.15,-0.049063499999999996,0
66962,90,BCL9L,0.13,0.09072299999999998,0
66963,90,QKI,-0.06999999999999999,-0.041812,0
66964,90,BAZ1A,0.01,0.0068583,0
66965,90,CHD4,0.13,0.14215120000000003,0
66966,90,NSD3,0.05,0.05051170000000001,0
66967,90,NT5C2,0.16,0.09184300000000001,0
66968,90,CCNB1IP1,0.12000000000000001,0.051937300000000006,0
66969,90,PCBP1,-0.78,-0.25598540000000003,0
66970,90,RALGDS,0.14,0.0993187,0
66971,90,ARHGEF12,-0.039999999999999994,-0.004709399999999999,0
66972,90,HSP90AB1,1.1900000000000004,0.7867490999999998,0
66973,90,FOXO3,1.2300000000000006,0.8358081000000003,0
66974,90,HIP1,-0.02,-0.0124812,0
66975,90,CDC73,-0.15999999999999998,-0.0183656,0
66976,90,NIN,0.009999999999999998,0.011434300000000001,0
66977,90,MDM4,0.11000000000000001,0.1596952,0
66978,90,COL3A1,0.16,0.1357395,0
66979,90,CTNND1,0.09,0.1241264,0
66980,90,SPOP,-0.04000000000000001,0.004267099999999996,0
66981,90,TMEM127,0.020000000000000004,0.0312673,0
66982,90,CREB3L2,0.1,0.0563995,0
66983,90,MSH2,0.9200000000000004,0.6844593999999999,0
66984,90,FNBP1,-0.009999999999999998,-0.00015890000000000175,0
66985,90,ATF1,0.010000000000000002,0.0055923,0
66986,90,EIF1AX,-0.5,-0.23002849999999997,0
66987,90,PMS1,0.49000000000000005,0.37762700000000005,0
66988,90,DEK,0.14,0.11439250000000001,0
66989,90,ERBB2,1.1100000000000003,0.7180626,0
66990,90,AKT1,0.7700000000000005,0.5160311999999997,0
66991,90,CHEK2,0.23000000000000007,0.36494619999999994,0
66992,90,SDHB,0.4,0.25851840000000004,0
66993,90,NCOA1,0.41000000000000003,0.2840528,0
66994,90,CHIC2,0.039999999999999994,0.0214246,0
66995,90,RUNX1,0.44000000000000017,0.601126,0
66996,90,STAT6,0.22,0.15592889999999998,0
66997,90,FH,-0.15,-0.0311373,0
66998,90,AKT3,1.0500000000000005,0.7039773,0
66999,90,GNAS,0.23,0.1702457,0
67000,90,CTNNB1,1.3700000000000008,0.9240325000000001,0
67001,90,NONO,0.14,0.0987741,0
67002,90,SMARCB1,0.9100000000000004,0.6768132999999997,0
67003,90,PRKAR1A,0.13,0.1187217,0
67004,90,ITGAV,-0.009999999999999998,0.011563100000000002,0
67005,90,SS18,0.39,0.247974,0
67006,90,MAP2K1,1.0500000000000005,0.6541870000000001,0
67007,90,SIRPA,0.0,0.00020470000000000037,0
67008,90,PPFIBP1,0.37,0.24438709999999997,0
67009,90,RPL22,-0.15,0.08026799999999999,0
67010,90,CYLD,0.30000000000000004,0.23221109999999998,0
67011,90,ARID1B,0.6199999999999999,0.46445660000000005,0
67012,90,SETDB1,0.31,0.22396480000000002,0
67013,90,AFDN,-0.39,-0.1618316,0
67014,90,ZRSR2,0.27,0.19039890000000004,0
67015,90,PBRM1,0.9500000000000004,0.6829797000000002,0
67016,90,XPC,0.6300000000000001,0.4323029000000001,0
67017,90,ASXL2,0.22,0.144535,0
67018,90,TRIM24,-0.2,-0.08771970000000001,0
67019,90,SFPQ,-0.13999999999999999,-0.01752700000000001,0
67020,90,NCOA2,0.54,0.3741424000000001,0
67021,90,FOXO4,0.3600000000000001,0.2423867,0
67022,90,LEF1,0.15999999999999998,0.1274736,0
67023,90,B2M,-0.6300000000000001,-0.22888550000000005,0
67024,90,DDIT3,-0.39,-0.09752709999999999,0
67025,90,BCL6,0.5600000000000002,0.3874965,0
67026,90,KRAS,-1.5400000000000003,-0.4210634,0
67027,90,FAT1,0.08000000000000002,0.06491369999999999,0
67028,90,ABL2,0.08000000000000002,0.05815279999999999,0
67029,90,NF1,0.8400000000000003,0.6914039,0
67030,90,BTG1,-0.02,-0.0104074,0
67031,90,EIF4A2,0.08999999999999998,0.0627953,0
67032,90,SET,0.16000000000000003,0.1334908,0
67033,90,EPS15,0.04,0.0348083,0
67034,90,RNF213,0.04,0.0307897,0
67035,90,CTCF,0.8700000000000003,0.6245234000000001,0
67036,90,WDCP,0.14,0.0933687,0
67037,90,KAT7,0.11,0.0864926,0
67038,90,KDM5C,0.13999999999999999,0.1311879,0
67039,90,TGFBR2,0.25999999999999995,0.1853759,0
67040,90,ATM,1.4100000000000008,1.1039099,0
67041,90,NUMA1,0.010000000000000002,0.015837300000000002,0
67042,90,STAT3,1.4500000000000008,1.167577,0
67043,90,SUB1,-0.25,-0.0910688,0
67044,90,NUP98,0.08999999999999998,0.10846299999999999,0
67045,90,ELL,-0.05000000000000001,-0.009760200000000007,0
67046,90,MAP3K1,0.45999999999999996,0.34148930000000005,0
67047,90,MALT1,0.17000000000000004,0.15516060000000004,0
67048,90,XPO1,0.31999999999999995,0.2615501,0
67049,90,SETD1B,0.13,0.0981158,0
67050,90,ETV6,-0.15999999999999998,-0.049109700000000006,0
67051,90,TBL1XR1,0.22000000000000003,0.14926860000000003,0
67052,90,NUP214,0.07000000000000002,0.1340367,0
67053,90,TPR,0.07,0.0969487,0
67054,90,ATIC,0.02000000000000001,0.038757400000000004,0
67055,90,NACA,0.21000000000000002,0.1315749,0
67056,90,MYO5A,0.0,0.0028684,0
67057,90,SMC1A,0.5800000000000001,0.5012366,0
67058,90,LASP1,-0.22,-0.122861,0
67059,90,ERCC5,0.45,0.29145830000000006,0
67060,90,JUN,0.029999999999999985,0.19547720000000002,0
67061,90,THRAP3,0.1,0.0833111,0
67062,90,STAG2,0.45000000000000007,0.3542208,0
67063,90,RAF1,1.0900000000000003,0.7749467999999998,0
67064,90,ERCC3,0.48000000000000004,0.40902249999999996,0
67065,90,SMAD2,0.4600000000000002,0.4607855999999999,0
67066,90,TAF15,0.13,0.1141927,0
67067,90,ARNT,0.29000000000000004,0.24093209999999998,0
67068,90,CLTC,-0.5800000000000001,-0.30061499999999997,0
67069,90,IKBKB,0.5900000000000001,0.4720541999999998,0
67070,90,IDH1,-0.6300000000000001,-0.18155710000000003,0
67071,90,SND1,-0.019999999999999997,-0.0095533,0
67072,90,KNSTRN,0.03,0.0237141,0
67073,90,RHOA,-1.3800000000000003,-0.3430387,0
67074,90,PALB2,0.61,0.51866,0
67075,90,ARID2,0.6900000000000002,0.5170208000000001,0
67076,90,EZR,-0.05,0.004454300000000015,0
67077,90,TP53,-0.8999999999999998,-0.013765400000000049,0
67078,90,ARAF,0.3900000000000001,0.2154972,0
67079,90,KIF5B,0.4099999999999999,0.29870189999999996,0
67080,90,KAT6A,0.19999999999999998,0.1836378,0
67081,90,KTN1,-0.1,-0.0314381,0
67082,90,GOLGA5,-0.12000000000000001,-0.08063340000000001,0
67083,90,KDM5A,0.19999999999999998,0.1851694,0
67084,90,RAD21,0.45,0.36577490000000007,0
67085,90,GNAQ,0.11000000000000001,0.0927875,0
67086,90,CAMTA1,0.04,0.024848600000000002,0
67087,90,ERCC2,0.55,0.40604190000000007,0
67088,90,EZH2,1.8400000000000012,1.1959648000000003,0
67089,90,TOP1,0.18999999999999997,0.1436324,0
67090,90,SRSF3,-0.46999999999999986,-0.15148380000000006,0
67091,90,NPM1,0.16,0.2259861,0
67092,90,BAX,-0.53,-0.150014,0
67093,90,NOTCH2,0.27,0.2126598,0
67094,90,TRAF7,0.03,0.021665999999999998,0
67095,90,KDM6A,0.9300000000000004,0.7754675000000002,0
67096,90,SPEN,0.08,0.0594923,0
67097,90,TRIM27,-0.38,-0.1396809,0
67098,90,CRTC1,0.15000000000000002,0.11333750000000001,0
67099,90,EML4,0.17,0.1612139,0
67100,90,USP9X,-0.08999999999999998,-0.054791400000000004,0
67101,90,PTPRK,0.01,0.0067516,0
67102,90,CD74,-0.11,0.008272599999999995,0
67103,90,CBL,0.5599999999999999,0.4181725,0
67104,90,ZNF384,-0.07,-0.0367967,0
67105,90,NOTCH1,1.1000000000000005,0.807483,0
67106,90,COX6C,-0.12,-0.053580600000000006,0
67107,90,CHCHD7,0.03,0.0206808,0
67108,90,HMGA1,-0.10999999999999999,-0.0527522,0
67109,90,PTEN,1.640000000000001,1.3042871999999999,0
67110,90,FIP1L1,-0.03,-0.020032799999999996,0
67111,90,JAK1,0.7900000000000003,0.6096348999999999,0
67112,90,ZMYM2,-0.08000000000000002,-0.05466990000000001,0
67113,90,SUZ12,0.7700000000000002,0.5324951,0
67114,90,FUS,-0.14,0.13397499999999998,0
67115,90,BAP1,0.10999999999999999,0.0910924,0
67116,90,ZCCHC8,-0.07,-0.021364000000000005,0
67117,90,CRNKL1,-0.03,-0.018241200000000003,0
67118,90,RAD17,0.11999999999999998,0.0855416,0
67119,90,ATP1A1,-0.009999999999999998,-0.004012399999999999,0
67120,90,DNMT3A,0.8500000000000004,0.6703086999999999,0
67121,90,FBXW7,0.9300000000000003,0.7215098,0
67122,90,WWTR1,-0.06,-0.028152499999999997,0
67123,90,CDKN1B,0.53,0.32765770000000005,0
67124,90,KMT2A,0.4600000000000001,0.3767380000000001,0
67125,90,PTPN11,0.8400000000000001,0.6500298999999998,0
67126,90,STAT5B,0.7100000000000002,0.5243426999999999,0
67127,90,CUX1,-0.09999999999999999,-0.0677928,0
67128,90,ABI1,-0.42000000000000004,-0.14996769999999998,0
67129,90,BRCA1,1.6800000000000013,1.3306795,0
67130,90,SH2B3,0.04,0.030920999999999997,0
67131,90,AFF4,0.09,0.05939959999999999,0
67132,90,NF2,0.04000000000000001,0.09087279999999999,0
67133,90,LMNA,0.07000000000000002,0.06069780000000001,0
67134,90,TSC2,0.5199999999999999,0.4308498,0
67135,90,GOLPH3,-0.11,-0.06215550000000001,0
67136,90,PCM1,-0.05,-0.0343783,0
67137,90,PPP2R1A,-0.36,-0.10738850000000003,0
67138,90,ARID1A,1.7700000000000011,1.2734974000000003,0
67139,90,ABL1,0.18000000000000005,0.19497839999999994,0
67140,90,AFF1,0.18,0.1465472,0
67141,90,DAXX,-0.30999999999999994,-0.07258419999999999,0
67142,90,CBFB,0.11,0.1016915,0
67143,90,CBLB,0.13,0.0998984,0
67144,90,POLR2A,0.08999999999999997,0.21208579999999996,0
67145,90,PRKACA,0.32000000000000006,0.2526538,0
67146,90,DNM2,-0.12,-0.053921399999999994,0
67147,90,RAP1GDS1,-0.08000000000000002,-0.0358805,0
67148,90,NCOR1,0.9800000000000004,0.8035964999999998,0
67149,90,NFKBIE,-0.22,-0.07807329999999998,0
67150,90,DDX3X,0.14,0.12261889999999999,0
67151,90,ELK4,0.02,0.0153592,0
67152,90,MLLT6,0.11000000000000001,0.0858956,0
67153,90,SRSF2,-1.23,-0.36536160000000006,0
67154,90,CTNNA1,0.11,0.0807438,0
67155,90,RBM10,0.18,0.12703,0
67156,90,PTPRC,0.07999999999999999,0.093365,0
67157,90,HSP90AA1,1.1700000000000006,0.7680497999999998,0
67158,91,NSD1,0.26,0.2374361,1
67159,91,DICER1,0.15,0.21876659999999998,1
67160,91,BIRC6,0.09,0.09405839999999999,1
67161,91,SDHC,0.3899999999999999,0.29564,1
67162,91,TFG,0.18000000000000002,0.12288740000000001,1
67163,91,MAP2K2,0.24000000000000002,0.16931259999999998,1
67164,91,TFRC,-0.23,-0.08576349999999999,1
67165,91,CREB1,0.9400000000000005,0.7504278999999997,1
67166,91,POLG,-0.03,-0.008334,1
67167,91,SETD2,0.5700000000000002,0.5347205999999999,1
67168,91,NAB2,-0.51,-0.152303,1
67169,91,HIF1A,1.620000000000001,1.2176432,1
67170,91,FLCN,-0.04999999999999999,0.0058151999999999995,1
67171,91,MAP2K4,0.12000000000000001,0.1371441,1
67172,91,CNOT3,0.009999999999999998,0.019262200000000004,1
67173,91,CIITA,0.09000000000000001,0.0566603,1
67174,91,LSM14A,0.12,0.0980464,1
67175,91,AKAP9,-0.030000000000000013,0.01867019999999999,1
67176,91,MSN,-0.009999999999999993,0.028225700000000003,1
67177,91,BCR,-0.060000000000000005,0.03401319999999999,1
67178,91,TRRAP,0.09,0.18617880000000003,1
67179,91,PPP6C,-0.19,-0.0685607,1
67180,91,NCOA4,-0.13,-0.06289370000000002,1
67181,91,BCL9,0.21000000000000002,0.1656947,1
67182,91,PRCC,0.14,0.1049034,1
67183,91,LARP4B,0.02,0.0134814,1
67184,91,CHD2,0.02,0.0175096,1
67185,91,ASXL1,0.45,0.4192658000000001,1
67186,91,SMARCA4,1.770000000000001,1.356184,1
67187,91,ERC1,-0.03,-0.0217632,1
67188,91,DCTN1,-6.938893903907228e-18,0.029467400000000005,1
67189,91,PIK3R1,1.3200000000000007,1.0352271000000002,1
67190,91,EED,0.10999999999999999,0.0971259,1
67191,91,CNBP,0.0,0.0,1
67192,91,SGK1,0.49,0.3271990000000001,1
67193,91,MLLT10,-0.10000000000000002,-0.046294,1
67194,91,BRD4,0.9100000000000003,0.7876970000000003,1
67195,91,RANBP2,0.2100000000000001,0.20828100000000002,1
67196,91,FBXO11,0.08,0.0650129,1
67197,91,PML,0.42999999999999994,0.30839629999999996,1
67198,91,AKT2,1.0500000000000003,0.7497673,1
67199,91,CEP89,0.04,0.0265116,1
67200,91,LZTR1,0.09000000000000001,0.0973177,1
67201,91,YWHAE,0.15,0.1005678,1
67202,91,DNAJB1,-0.039999999999999994,-0.010100600000000001,1
67203,91,PRDM2,0.05,0.039587,1
67204,91,TPM4,0.5,0.3591713,1
67205,91,CREBBP,1.830000000000001,1.5022445000000002,1
67206,91,PMS2,0.8200000000000001,0.6898220999999998,1
67207,91,DDR2,-0.009999999999999998,-0.0063432,1
67208,91,FANCA,0.38,0.32536099999999996,1
67209,91,PDE4DIP,0.08,0.0605902,1
67210,91,USP8,-0.09000000000000001,-0.04911480000000001,1
67211,91,MYH9,-0.41,-0.1061626,1
67212,91,MYC,-1.4500000000000004,-0.25180240000000004,1
67213,91,NBN,0.6000000000000001,0.48159830000000003,1
67214,91,CCND3,-0.030000000000000002,0.021788500000000002,1
67215,91,TRIP11,-0.1,-0.0727323,1
67216,91,CNTRL,-0.07,-0.05616700000000001,1
67217,91,PIK3CA,1.4500000000000013,1.1642362000000002,1
67218,91,DDX5,0.3,0.30472589999999994,1
67219,91,PICALM,-0.03,-0.016014599999999997,1
67220,91,RARA,-0.04000000000000002,0.0762014,1
67221,91,DDX6,0.06,0.11236070000000001,1
67222,91,COL1A1,0.2,0.1766265,1
67223,91,VHL,0.28,0.2152956,1
67224,91,MAPK1,1.710000000000001,1.2057388000000004,1
67225,91,SRC,0.48000000000000015,0.45528689999999983,1
67226,91,NFE2L2,0.4,0.2791836999999999,1
67227,91,MITF,-0.16999999999999998,-0.03199889999999999,1
67228,91,SMAD3,1.270000000000001,1.1162213,1
67229,91,RBM15,0.08,0.0652565,1
67230,91,ATR,0.7500000000000002,0.6123254000000001,1
67231,91,EPAS1,0.35,0.3508961,1
67232,91,TPM3,0.25000000000000006,0.20685499999999998,1
67233,91,RPL10,0.13,0.1231353,1
67234,91,STAG1,0.06999999999999999,0.12230689999999998,1
67235,91,SBDS,-0.03,-0.0114468,1
67236,91,KMT2D,0.9600000000000004,0.7744409999999999,1
67237,91,MED12,0.30000000000000004,0.27292550000000004,1
67238,91,BCLAF1,-0.12,-0.0032940999999999943,1
67239,91,ASPSCR1,-0.030000000000000006,-0.004357500000000004,1
67240,91,CDK12,0.42999999999999994,0.32420570000000004,1
67241,91,EWSR1,0.3599999999999999,0.32606050000000003,1
67242,91,NDRG1,-0.05,-0.0103011,1
67243,91,PSIP1,0.05,0.05174120000000001,1
67244,91,TRIM33,0.09000000000000001,0.08219280000000002,1
67245,91,MTOR,1.1100000000000005,0.8893173999999999,1
67246,91,ARHGAP35,0.18,0.14777769999999998,1
67247,91,POT1,0.02,0.020205800000000003,1
67248,91,EXT1,0.11,0.08390689999999999,1
67249,91,IL6ST,0.3,0.2445846,1
67250,91,IDH2,-0.22000000000000006,-0.062358699999999975,1
67251,91,SMARCE1,0.47000000000000003,0.32354449999999996,1
67252,91,CRTC3,0.09999999999999999,0.0823346,1
67253,91,TSC1,0.3,0.28538840000000004,1
67254,91,BCOR,-0.09,0.020185900000000007,1
67255,91,SDHA,0.23999999999999996,0.1735004,1
67256,91,EP300,2.220000000000001,1.8389174999999993,1
67257,91,HNRNPA2B1,0.54,0.4000391,1
67258,91,CLIP1,-0.15,-0.0834103,1
67259,91,PATZ1,-0.57,-0.1448443,1
67260,91,FUBP1,-0.1,0.004742199999999997,1
67261,91,HLA-A,-0.06999999999999999,0.017036800000000008,1
67262,91,CCNC,-0.3,-0.12063290000000002,1
67263,91,RPN1,-0.16,-0.05643780000000001,1
67264,91,TCF7L2,0.06999999999999999,0.09452280000000005,1
67265,91,CANT1,0.010000000000000009,0.029520600000000015,1
67266,91,RPL5,-0.6200000000000001,-0.17782440000000002,1
67267,91,CCDC6,0.06,0.07517860000000001,1
67268,91,NCKIPSD,-0.08,-0.0326658,1
67269,91,SMARCD1,0.42000000000000004,0.36514,1
67270,91,BCL10,0.019999999999999997,0.0592405,1
67271,91,MAX,0.019999999999999997,0.0570195,1
67272,91,HERPUD1,0.0,0.0,1
67273,91,RAC1,-3.469446951953614e-18,0.1170873,1
67274,91,FLNA,0.09,0.08592380000000001,1
67275,91,TFE3,-0.6,-0.25055740000000004,1
67276,91,NCOR2,0.5700000000000002,0.5031193,1
67277,91,PRPF40B,0.03,0.018590600000000006,1
67278,91,BCL3,-0.12000000000000001,-0.025737699999999995,1
67279,91,TFPT,-0.33,-0.1128457,1
67280,91,MLH1,0.7200000000000002,0.6683797000000001,1
67281,91,ARHGAP5,0.14,0.1154254,1
67282,91,CIC,0.0,0.0,1
67283,91,LYN,0.7900000000000001,0.5932845,1
67284,91,TCF12,0.29,0.2239123,1
67285,91,KLF6,0.07,0.0501355,1
67286,91,KMT2C,0.9600000000000004,0.7904351999999999,1
67287,91,PIM1,-0.13000000000000003,-0.0232559,1
67288,91,CCND1,0.8700000000000003,0.6180061999999998,1
67289,91,MLLT1,-1.2000000000000002,-0.35449929999999996,1
67290,91,MEN1,-0.10999999999999999,-0.02189379999999999,1
67291,91,CUL3,0.09999999999999999,0.12079410000000002,1
67292,91,RB1,0.7200000000000002,0.567974,1
67293,91,LPP,-0.12,-0.028870299999999998,1
67294,91,BUB1B,-0.22,-0.0809501,1
67295,91,SMAD4,1.600000000000001,1.2734363999999998,1
67296,91,FGFR1,0.12,0.1389764,1
67297,91,TMSB4X,0.03,0.0229683,1
67298,91,CDK4,1.1600000000000006,0.7984088999999999,1
67299,91,MSI2,0.01,0.007400299999999999,1
67300,91,MSH6,1.0100000000000005,0.8005368000000002,1
67301,91,BRAF,1.1000000000000003,0.9958554999999999,1
67302,91,TCEA1,-0.11999999999999997,-0.018603600000000015,1
67303,91,TNFAIP3,0.15,0.128628,1
67304,91,RABEP1,-0.019999999999999997,-0.0121478,1
67305,91,GMPS,-0.07,-0.040304,1
67306,91,MDM2,1.3100000000000007,0.9518974999999997,1
67307,91,NSD2,0.19999999999999998,0.1507652,1
67308,91,CASP8,-0.2900000000000001,0.065389,1
67309,91,PER1,-0.25,-0.0780754,1
67310,91,UBR5,0.03,0.0443559,1
67311,91,EIF3E,-0.029999999999999992,0.05449670000000001,1
67312,91,RFWD3,0.02,0.022727200000000003,1
67313,91,BRD3,0.15999999999999998,0.1223223,1
67314,91,PAFAH1B2,0.03,0.0263319,1
67315,91,EXT2,0.009999999999999995,0.016943899999999998,1
67316,91,PLCG1,0.59,0.45614929999999987,1
67317,91,SF3B1,-0.5999999999999999,-0.2709298,1
67318,91,ARHGEF10L,0.03,0.0158244,1
67319,91,NFATC2,0.23,0.17930790000000002,1
67320,91,SDHD,0.25000000000000006,0.1973831,1
67321,91,PABPC1,-0.7000000000000002,-0.17060799999999998,1
67322,91,POLD1,-0.23000000000000007,-0.043755400000000014,1
67323,91,CALR,0.010000000000000016,0.059649,1
67324,91,PIK3CB,0.8200000000000003,0.6611401,1
67325,91,PPM1D,0.23,0.1692136,1
67326,91,ATRX,0.8600000000000004,0.7474085,1
67327,91,DGCR8,0.16,0.1200599,1
67328,91,DDX10,0.15000000000000002,0.11234850000000002,1
67329,91,DROSHA,0.52,0.3964662,1
67330,91,TNFRSF14,-0.14,-0.05115600000000001,1
67331,91,BCL9L,0.11000000000000001,0.0818257,1
67332,91,QKI,-0.01,-0.0068464,1
67333,91,BAZ1A,0.0,0.0,1
67334,91,CHD4,0.37,0.3312794999999999,1
67335,91,NSD3,0.12,0.11640350000000001,1
67336,91,NT5C2,0.14,0.08876980000000002,1
67337,91,CCNB1IP1,0.11,0.0510506,1
67338,91,PCBP1,-0.7899999999999999,-0.22480529999999999,1
67339,91,RALGDS,-0.1,0.0364304,1
67340,91,ARHGEF12,0.019999999999999997,0.0326456,1
67341,91,HSP90AB1,1.0300000000000002,0.7565641000000001,1
67342,91,FOXO3,1.4200000000000006,1.0266672,1
67343,91,HIP1,-0.01,-0.0066082,1
67344,91,CDC73,0.11,0.1065924,1
67345,91,NIN,-0.060000000000000005,-0.039306,1
67346,91,MDM4,0.09999999999999999,0.14019539999999997,1
67347,91,COL3A1,0.21,0.17224240000000002,1
67348,91,CTNND1,0.2,0.18414970000000003,1
67349,91,SPOP,0.09,0.0973456,1
67350,91,TMEM127,0.13,0.0761657,1
67351,91,CREB3L2,0.15000000000000002,0.09773169999999998,1
67352,91,MSH2,1.0100000000000005,0.8359929000000003,1
67353,91,FNBP1,-0.02,0.016630000000000002,1
67354,91,ATF1,0.12000000000000001,0.0807704,1
67355,91,EIF1AX,-0.51,-0.203241,1
67356,91,PMS1,0.54,0.42764220000000003,1
67357,91,DEK,0.11,0.1140051,1
67358,91,ERBB2,0.7800000000000002,0.5342959,1
67359,91,AKT1,0.2799999999999998,0.32694330000000005,1
67360,91,CHEK2,0.51,0.5773231000000001,1
67361,91,SDHB,0.38,0.27302649999999995,1
67362,91,NCOA1,0.43,0.3185512999999999,1
67363,91,CHIC2,0.07,0.046523400000000006,1
67364,91,RUNX1,0.059999999999999803,0.5608192999999999,1
67365,91,STAT6,0.39,0.3484297,1
67366,91,FH,-0.14,-0.054805800000000016,1
67367,91,AKT3,1.1600000000000006,0.8304383000000002,1
67368,91,GNAS,0.3400000000000001,0.2386048,1
67369,91,CTNNB1,1.580000000000001,1.1252877000000003,1
67370,91,NONO,0.33999999999999997,0.28346160000000004,1
67371,91,SMARCB1,0.9800000000000004,0.7361122000000001,1
67372,91,PRKAR1A,0.19,0.1633723,1
67373,91,ITGAV,0.019999999999999997,0.04081,1
67374,91,SS18,0.39,0.2730358,1
67375,91,MAP2K1,0.9000000000000004,0.5917806999999999,1
67376,91,SIRPA,-0.05,-0.0108173,1
67377,91,PPFIBP1,0.39999999999999997,0.2885487,1
67378,91,RPL22,-0.23000000000000004,0.08478700000000002,1
67379,91,CYLD,0.33,0.26155930000000005,1
67380,91,ARID1B,0.78,0.5972569999999999,1
67381,91,SETDB1,0.31,0.23015339999999998,1
67382,91,AFDN,-0.39,-0.11001680000000001,1
67383,91,ZRSR2,-0.02,-0.007498099999999994,1
67384,91,PBRM1,0.8500000000000003,0.6272868999999999,1
67385,91,XPC,0.51,0.3490128,1
67386,91,ASXL2,0.29,0.2092738,1
67387,91,TRIM24,-0.19000000000000003,-0.07097350000000001,1
67388,91,SFPQ,-0.33999999999999997,-0.06474730000000001,1
67389,91,NCOA2,0.6100000000000001,0.4885287,1
67390,91,FOXO4,0.3799999999999999,0.25873440000000003,1
67391,91,LEF1,0.14999999999999997,0.14255890000000002,1
67392,91,B2M,-0.25,-0.10244270000000005,1
67393,91,DDIT3,-0.31,-0.1174704,1
67394,91,BCL6,0.30000000000000004,0.28491999999999995,1
67395,91,KRAS,0.13999999999999993,0.21686090000000002,1
67396,91,FAT1,0.13,0.09509319999999999,1
67397,91,ABL2,0.07,0.053099099999999996,1
67398,91,NF1,1.2000000000000004,0.9478682999999998,1
67399,91,BTG1,-0.03,-0.015797099999999998,1
67400,91,EIF4A2,0.060000000000000005,0.03867360000000001,1
67401,91,SET,0.16,0.13325130000000002,1
67402,91,EPS15,0.07,0.0639663,1
67403,91,RNF213,0.04,0.0342651,1
67404,91,CTCF,1.0100000000000005,0.7109850999999999,1
67405,91,WDCP,0.25000000000000006,0.1534812,1
67406,91,KAT7,0.13,0.106461,1
67407,91,KDM5C,0.18000000000000002,0.1716672,1
67408,91,TGFBR2,0.08999999999999998,0.18594630000000004,1
67409,91,ATM,1.0600000000000007,1.0057007,1
67410,91,NUMA1,-0.020000000000000004,0.0020691999999999993,1
67411,91,STAT3,0.8200000000000004,0.8322026000000002,1
67412,91,SUB1,-0.18000000000000002,-0.07592960000000001,1
67413,91,NUP98,0.15,0.1674831,1
67414,91,ELL,0.19000000000000006,0.10928829999999999,1
67415,91,MAP3K1,0.5000000000000001,0.36433380000000004,1
67416,91,MALT1,0.15999999999999998,0.1643869,1
67417,91,XPO1,0.5300000000000001,0.4231363,1
67418,91,SETD1B,0.21,0.1616143,1
67419,91,ETV6,-0.07,0.012111100000000007,1
67420,91,TBL1XR1,0.19000000000000003,0.1302043,1
67421,91,NUP214,0.020000000000000018,0.14146060000000002,1
67422,91,TPR,0.10999999999999999,0.0846391,1
67423,91,ATIC,0.12999999999999998,0.14304469999999997,1
67424,91,NACA,0.22999999999999998,0.1433796,1
67425,91,MYO5A,0.0,0.00011909999999999959,1
67426,91,SMC1A,0.36000000000000004,0.4031235000000001,1
67427,91,LASP1,-0.31000000000000005,-0.14428219999999997,1
67428,91,ERCC5,0.35000000000000003,0.23285509999999998,1
67429,91,JUN,-0.62,0.013889400000000008,1
67430,91,THRAP3,0.019999999999999997,0.017682899999999998,1
67431,91,STAG2,0.37999999999999995,0.3292862,1
67432,91,RAF1,0.7600000000000003,0.6081818999999999,1
67433,91,ERCC3,0.57,0.48909300000000006,1
67434,91,SMAD2,0.46000000000000024,0.4893323999999999,1
67435,91,TAF15,0.21000000000000002,0.17526360000000002,1
67436,91,ARNT,0.22999999999999995,0.20976690000000003,1
67437,91,CLTC,-0.7400000000000001,-0.37709240000000005,1
67438,91,IKBKB,0.5000000000000001,0.42686560000000007,1
67439,91,IDH1,-0.4800000000000001,-0.1576098,1
67440,91,SND1,-0.010000000000000002,0.002489699999999999,1
67441,91,KNSTRN,0.02,0.014542600000000001,1
67442,91,RHOA,-2.6100000000000008,-0.6865635,1
67443,91,PALB2,0.7200000000000002,0.5964141,1
67444,91,ARID2,0.7800000000000002,0.5942337999999999,1
67445,91,EZR,-0.15000000000000002,-0.032462,1
67446,91,TP53,-0.5199999999999997,0.17771319999999993,1
67447,91,ARAF,0.29,0.17634469999999997,1
67448,91,KIF5B,0.44000000000000006,0.3316321,1
67449,91,KAT6A,0.21999999999999997,0.2263986,1
67450,91,KTN1,-0.04000000000000001,-0.004102300000000001,1
67451,91,GOLGA5,-0.12000000000000001,-0.0758955,1
67452,91,KDM5A,0.25,0.2448287,1
67453,91,RAD21,0.5499999999999999,0.45130600000000004,1
67454,91,GNAQ,0.29,0.24124739999999997,1
67455,91,CAMTA1,0.060000000000000005,0.0475526,1
67456,91,ERCC2,0.67,0.5044432,1
67457,91,EZH2,1.6500000000000012,1.2368285000000006,1
67458,91,TOP1,0.22,0.203353,1
67459,91,SRSF3,-0.29999999999999993,-0.04392939999999999,1
67460,91,NPM1,-0.27,-0.019394600000000012,1
67461,91,BAX,-0.7899999999999999,-0.171107,1
67462,91,NOTCH2,0.27,0.22839189999999998,1
67463,91,TRAF7,0.02,0.0143256,1
67464,91,KDM6A,0.8400000000000003,0.8457464000000001,1
67465,91,SPEN,0.13,0.10039450000000003,1
67466,91,TRIM27,-0.36,-0.1337308,1
67467,91,CRTC1,0.15,0.1168017,1
67468,91,EML4,0.22000000000000008,0.22139479999999995,1
67469,91,USP9X,-0.1,-0.07264550000000002,1
67470,91,PTPRK,-0.01,-0.0061311000000000004,1
67471,91,CD74,-0.23,-0.03831280000000001,1
67472,91,CBL,0.54,0.4968832000000001,1
67473,91,ZNF384,0.04,0.0334574,1
67474,91,NOTCH1,1.2800000000000007,0.9736644999999999,1
67475,91,COX6C,-0.16,-0.05403460000000001,1
67476,91,CHCHD7,0.03,0.0202644,1
67477,91,HMGA1,-0.12,-0.041673600000000005,1
67478,91,PTEN,1.720000000000001,1.3952173999999997,1
67479,91,FIP1L1,-0.05,-0.02472639999999999,1
67480,91,JAK1,0.8100000000000003,0.6661047000000001,1
67481,91,ZMYM2,-0.019999999999999997,-0.013568599999999998,1
67482,91,SUZ12,0.7900000000000003,0.6203601000000002,1
67483,91,FUS,-0.44,0.018712400000000007,1
67484,91,BAP1,-0.34,-0.1311111,1
67485,91,ZCCHC8,-0.09,-0.0250398,1
67486,91,CRNKL1,0.0,-4.9199999999999244e-05,1
67487,91,RAD17,0.17,0.1207085,1
67488,91,ATP1A1,-0.009999999999999998,-0.00047139999999999856,1
67489,91,DNMT3A,1.0600000000000005,0.8602132,1
67490,91,FBXW7,0.9000000000000004,0.8048561999999998,1
67491,91,WWTR1,-0.18000000000000002,-0.0764855,1
67492,91,CDKN1B,0.30999999999999994,0.26190519999999995,1
67493,91,KMT2A,0.3,0.33963400000000005,1
67494,91,PTPN11,1.0700000000000005,0.8172765999999999,1
67495,91,STAT5B,0.5900000000000001,0.5052228,1
67496,91,CUX1,-0.11,-0.0735519,1
67497,91,ABI1,-0.24,-0.06535080000000001,1
67498,91,BRCA1,1.8300000000000012,1.4451564,1
67499,91,SH2B3,0.1,0.0618539,1
67500,91,AFF4,-0.010000000000000009,0.018265200000000006,1
67501,91,NF2,0.13,0.12260330000000001,1
67502,91,LMNA,0.06999999999999999,0.0477568,1
67503,91,TSC2,0.8000000000000003,0.6356398,1
67504,91,GOLPH3,-0.039999999999999994,-0.028487400000000003,1
67505,91,PCM1,-0.07,-0.052377700000000006,1
67506,91,PPP2R1A,-0.49,-0.12236259999999997,1
67507,91,ARID1A,1.8300000000000012,1.4397663999999997,1
67508,91,ABL1,0.11000000000000018,0.17961829999999998,1
67509,91,AFF1,0.12000000000000002,0.12052120000000001,1
67510,91,DAXX,-0.44000000000000006,-0.10991530000000002,1
67511,91,CBFB,0.09999999999999999,0.1088433,1
67512,91,CBLB,0.16,0.1378661,1
67513,91,POLR2A,-0.18999999999999997,0.10817710000000005,1
67514,91,PRKACA,0.07000000000000008,0.23879209999999998,1
67515,91,DNM2,-0.1,-0.0426235,1
67516,91,RAP1GDS1,-0.04000000000000001,0.0010204000000000255,1
67517,91,NCOR1,0.9600000000000003,0.8951844999999998,1
67518,91,NFKBIE,-0.41,-0.1320862,1
67519,91,DDX3X,0.25,0.22911999999999996,1
67520,91,ELK4,0.02,0.0168288,1
67521,91,MLLT6,0.06,0.049594700000000005,1
67522,91,SRSF2,-2.5100000000000007,-0.6496240999999999,1
67523,91,CTNNA1,0.13,0.1042325,1
67524,91,RBM10,0.18000000000000002,0.13225699999999999,1
67525,91,PTPRC,-0.019999999999999997,0.08200670000000002,1
67526,91,HSP90AA1,0.8900000000000003,0.6268708000000002,1
67527,91,NSD1,0.24,0.1991172,0
67528,91,DICER1,0.24000000000000002,0.2363994,0
67529,91,BIRC6,0.07999999999999999,0.0663531,0
67530,91,SDHC,0.25,0.17276160000000002,0
67531,91,TFG,0.36,0.20971540000000002,0
67532,91,MAP2K2,0.31,0.2354619,0
67533,91,TFRC,-0.25,-0.1260886,0
67534,91,CREB1,0.7500000000000004,0.5591155000000001,0
67535,91,POLG,0.02,0.0078218,0
67536,91,SETD2,0.6800000000000002,0.5792582999999998,0
67537,91,NAB2,-0.33,-0.1115922,0
67538,91,HIF1A,1.570000000000001,1.1282743,0
67539,91,FLCN,0.030000000000000002,0.029351900000000007,0
67540,91,MAP2K4,-0.13,0.022397,0
67541,91,CNOT3,-0.020000000000000004,0.0027799000000000053,0
67542,91,CIITA,0.08,0.049246,0
67543,91,LSM14A,0.1,0.08831800000000001,0
67544,91,AKAP9,-0.08000000000000002,-0.023464200000000008,0
67545,91,MSN,-0.39,-0.09402179999999999,0
67546,91,BCR,0.06000000000000001,0.06487289999999998,0
67547,91,TRRAP,-0.019999999999999987,0.127798,0
67548,91,PPP6C,-0.15000000000000002,-0.0750396,0
67549,91,NCOA4,-0.18,-0.09957190000000002,0
67550,91,BCL9,0.13,0.10738059999999999,0
67551,91,PRCC,0.030000000000000002,0.018474399999999995,0
67552,91,LARP4B,0.0,0.0,0
67553,91,CHD2,0.01,0.0075742,0
67554,91,ASXL1,0.48000000000000004,0.4492627999999999,0
67555,91,SMARCA4,1.2300000000000009,0.9444478999999998,0
67556,91,ERC1,-0.02,-0.01472,0
67557,91,DCTN1,-0.29999999999999993,-0.13618550000000001,0
67558,91,PIK3R1,1.3300000000000007,0.9562607999999999,0
67559,91,EED,-0.06000000000000001,0.002747099999999999,0
67560,91,CNBP,0.01,0.005858,0
67561,91,SGK1,0.29,0.1715409,0
67562,91,MLLT10,-0.13,-0.0482731,0
67563,91,BRD4,0.9800000000000005,0.7516371000000002,0
67564,91,RANBP2,0.18,0.2270898,0
67565,91,FBXO11,0.060000000000000005,0.049168500000000004,0
67566,91,PML,0.3500000000000001,0.25617900000000005,0
67567,91,AKT2,0.9900000000000003,0.6726107,0
67568,91,CEP89,0.05,0.029257200000000004,0
67569,91,LZTR1,0.05,0.07630419999999999,0
67570,91,YWHAE,0.29999999999999993,0.1992013,0
67571,91,DNAJB1,-0.039999999999999994,0.004222300000000005,0
67572,91,PRDM2,0.02,0.015542299999999998,0
67573,91,TPM4,0.47000000000000003,0.29514599999999996,0
67574,91,CREBBP,1.9300000000000013,1.5700392999999997,0
67575,91,PMS2,0.6500000000000001,0.5810603000000001,0
67576,91,DDR2,0.05,0.0309759,0
67577,91,FANCA,0.34,0.2801874,0
67578,91,PDE4DIP,0.05,0.0331525,0
67579,91,USP8,-0.07,-0.0342144,0
67580,91,MYH9,-0.18999999999999997,-0.024722600000000004,0
67581,91,MYC,-0.8300000000000003,-0.30903339999999996,0
67582,91,NBN,0.52,0.39505770000000007,0
67583,91,CCND3,-0.13,-0.013051200000000004,0
67584,91,TRIP11,-0.13,-0.085791,0
67585,91,CNTRL,-0.05,-0.0366601,0
67586,91,PIK3CA,1.4200000000000006,1.0514854,0
67587,91,DDX5,0.4600000000000001,0.35144309999999995,0
67588,91,PICALM,3.469446951953614e-18,0.002361100000000005,0
67589,91,RARA,0.5400000000000001,0.3654316,0
67590,91,DDX6,-0.07999999999999999,0.0467793,0
67591,91,COL1A1,0.09000000000000001,0.09821840000000003,0
67592,91,VHL,0.18,0.13098740000000003,0
67593,91,MAPK1,1.730000000000001,1.1535696,0
67594,91,SRC,-0.33,0.067216,0
67595,91,NFE2L2,0.22,0.1678369,0
67596,91,MITF,-0.26999999999999996,-0.05744339999999999,0
67597,91,SMAD3,1.2300000000000009,0.9524832999999999,0
67598,91,RBM15,0.06000000000000001,0.052146700000000004,0
67599,91,ATR,0.6700000000000003,0.5752404999999999,0
67600,91,EPAS1,0.38999999999999996,0.34088060000000003,0
67601,91,TPM3,0.26,0.1719033,0
67602,91,RPL10,0.13,0.1082195,0
67603,91,STAG1,0.14,0.1354833,0
67604,91,SBDS,-0.02,-0.008254000000000001,0
67605,91,KMT2D,0.9600000000000004,0.7114968999999999,0
67606,91,MED12,0.27,0.223482,0
67607,91,BCLAF1,-0.03,0.028591499999999992,0
67608,91,ASPSCR1,-0.02,-0.004114200000000004,0
67609,91,CDK12,0.31,0.22947430000000002,0
67610,91,EWSR1,0.41999999999999993,0.34646570000000004,0
67611,91,NDRG1,-0.04000000000000001,-0.017144200000000002,0
67612,91,PSIP1,-0.15999999999999998,-0.0681648,0
67613,91,TRIM33,0.03,0.029801199999999996,0
67614,91,MTOR,1.2800000000000007,0.9385309000000001,0
67615,91,ARHGAP35,0.09,0.11881989999999999,0
67616,91,POT1,-0.029999999999999992,-0.0014669999999999952,0
67617,91,EXT1,0.1,0.06982500000000001,0
67618,91,IL6ST,0.30000000000000004,0.23577479999999998,0
67619,91,IDH2,-0.029999999999999985,0.0447178,0
67620,91,SMARCE1,0.47000000000000003,0.3028905,0
67621,91,CRTC3,0.09,0.0699568,0
67622,91,TSC1,0.33,0.2835702,0
67623,91,BCOR,-0.15999999999999998,-0.019632999999999984,0
67624,91,SDHA,0.21999999999999997,0.13309890000000002,0
67625,91,EP300,1.6400000000000012,1.3252623000000001,0
67626,91,HNRNPA2B1,0.21000000000000002,0.1989878,0
67627,91,CLIP1,-0.09999999999999999,-0.0588431,0
67628,91,PATZ1,-0.44999999999999996,-0.13036709999999999,0
67629,91,FUBP1,-0.21,-0.0444803,0
67630,91,HLA-A,-0.18,0.002781999999999986,0
67631,91,CCNC,-0.09999999999999999,-0.037732800000000004,0
67632,91,RPN1,-0.25,-0.0735458,0
67633,91,TCF7L2,0.06000000000000002,0.08183770000000004,0
67634,91,CANT1,0.09,0.0558764,0
67635,91,RPL5,-0.62,-0.18316039999999995,0
67636,91,CCDC6,-0.039999999999999994,0.025754000000000006,0
67637,91,NCKIPSD,0.03,0.0186293,0
67638,91,SMARCD1,0.48000000000000004,0.3282269,0
67639,91,BCL10,0.010000000000000009,0.030384100000000004,0
67640,91,MAX,0.020000000000000004,0.0298164,0
67641,91,HERPUD1,0.03,0.012468,0
67642,91,RAC1,0.11000000000000003,0.1394624,0
67643,91,FLNA,0.08,0.08792620000000001,0
67644,91,TFE3,-0.45000000000000007,-0.19665129999999997,0
67645,91,NCOR2,0.7300000000000002,0.5351061,0
67646,91,PRPF40B,-0.030000000000000002,-0.013109700000000002,0
67647,91,BCL3,-0.030000000000000002,0.006240199999999994,0
67648,91,TFPT,-0.29000000000000004,-0.0889655,0
67649,91,MLH1,0.8400000000000001,0.6982754999999999,0
67650,91,ARHGAP5,0.09,0.0894764,0
67651,91,CIC,0.01,0.007053500000000001,0
67652,91,LYN,0.8700000000000001,0.6289872000000001,0
67653,91,TCF12,0.26999999999999996,0.2092502,0
67654,91,KLF6,0.04,0.022103200000000003,0
67655,91,KMT2C,1.0400000000000003,0.8136350999999999,0
67656,91,PIM1,-0.19,-0.0636772,0
67657,91,CCND1,1.3400000000000007,0.8112169000000001,0
67658,91,MLLT1,-0.9500000000000002,-0.2870891,0
67659,91,MEN1,0.010000000000000004,0.032794300000000005,0
67660,91,CUL3,0.09999999999999998,0.11466609999999999,0
67661,91,RB1,0.65,0.5040809,0
67662,91,LPP,-0.08000000000000002,-0.0269484,0
67663,91,BUB1B,-0.13,-0.06683649999999998,0
67664,91,SMAD4,1.4700000000000009,1.1085214,0
67665,91,FGFR1,0.21000000000000002,0.1438311,0
67666,91,TMSB4X,0.04,0.0306336,0
67667,91,CDK4,0.4899999999999999,0.3520475999999999,0
67668,91,MSI2,0.0,0.0,0
67669,91,MSH6,0.8300000000000003,0.6601328000000001,0
67670,91,BRAF,1.0100000000000002,0.9127295,0
67671,91,TCEA1,-0.08999999999999998,-0.011932799999999997,0
67672,91,TNFAIP3,0.08,0.08640660000000001,0
67673,91,RABEP1,0.0,-0.0013158000000000024,0
67674,91,GMPS,-0.09,-0.05216290000000001,0
67675,91,MDM2,1.1800000000000006,0.8432207999999997,0
67676,91,NSD2,0.19,0.1385145,0
67677,91,CASP8,-0.01999999999999999,0.158613,0
67678,91,PER1,-0.22999999999999998,-0.0535241,0
67679,91,UBR5,-0.060000000000000005,-0.0224719,0
67680,91,EIF3E,-0.03,0.06693009999999999,0
67681,91,RFWD3,0.030000000000000002,0.032233700000000004,0
67682,91,BRD3,0.13,0.10704050000000001,0
67683,91,PAFAH1B2,0.02,0.016849799999999998,0
67684,91,EXT2,0.010000000000000009,0.008034600000000017,0
67685,91,PLCG1,0.5,0.36571659999999995,0
67686,91,SF3B1,-0.31,-0.1280683,0
67687,91,ARHGEF10L,0.02,0.0105692,0
67688,91,NFATC2,0.16999999999999998,0.1235054,0
67689,91,SDHD,0.25,0.13675150000000005,0
67690,91,PABPC1,-0.97,-0.2312172,0
67691,91,POLD1,-0.36999999999999994,-0.07125609999999999,0
67692,91,CALR,0.039999999999999994,0.03686110000000001,0
67693,91,PIK3CB,0.5000000000000001,0.4266084,0
67694,91,PPM1D,0.18000000000000002,0.136686,0
67695,91,ATRX,1.0000000000000007,0.7972407000000004,0
67696,91,DGCR8,0.16000000000000003,0.1067498,0
67697,91,DDX10,0.12,0.07887850000000002,0
67698,91,DROSHA,0.44000000000000006,0.33617369999999996,0
67699,91,TNFRSF14,-0.13,-0.0490512,0
67700,91,BCL9L,0.13999999999999999,0.10047009999999999,0
67701,91,QKI,-0.06,-0.0382191,0
67702,91,BAZ1A,0.01,0.007133500000000001,0
67703,91,CHD4,0.17999999999999997,0.16563049999999999,0
67704,91,NSD3,0.049999999999999996,0.051233499999999994,0
67705,91,NT5C2,0.17,0.1043132,0
67706,91,CCNB1IP1,0.08,0.0338228,0
67707,91,PCBP1,-0.81,-0.24336570000000005,0
67708,91,RALGDS,0.15,0.1061741,0
67709,91,ARHGEF12,-0.009999999999999995,0.0037886000000000013,0
67710,91,HSP90AB1,1.1500000000000006,0.7599384999999999,0
67711,91,FOXO3,1.2900000000000007,0.9049713000000004,0
67712,91,HIP1,-0.01,-0.0066242,0
67713,91,CDC73,-0.11000000000000001,-0.010940799999999997,0
67714,91,NIN,0.03,0.020892600000000004,0
67715,91,MDM4,0.14,0.17127699999999998,0
67716,91,COL3A1,0.13,0.11934780000000002,0
67717,91,CTNND1,0.11000000000000001,0.1306914,0
67718,91,SPOP,0.010000000000000002,0.021603999999999998,0
67719,91,TMEM127,0.08,0.0631611,0
67720,91,CREB3L2,0.09999999999999999,0.0639438,0
67721,91,MSH2,0.9200000000000004,0.6830001999999997,0
67722,91,FNBP1,3.469446951953614e-18,0.0065857,0
67723,91,ATF1,-0.010000000000000005,-0.0017665000000000007,0
67724,91,EIF1AX,-0.4700000000000001,-0.20535230000000002,0
67725,91,PMS1,0.45,0.3474412,0
67726,91,DEK,0.11,0.09989750000000001,0
67727,91,ERBB2,1.0200000000000005,0.6649172000000001,0
67728,91,AKT1,1.1800000000000006,0.7404611999999997,0
67729,91,CHEK2,0.2799999999999999,0.35974720000000004,0
67730,91,SDHB,0.41000000000000003,0.25575169999999997,0
67731,91,NCOA1,0.4599999999999999,0.3241381,0
67732,91,CHIC2,0.05,0.027277500000000003,0
67733,91,RUNX1,0.6000000000000003,0.6959606999999998,0
67734,91,STAT6,0.26,0.17807699999999999,0
67735,91,FH,-0.26,-0.1059851,0
67736,91,AKT3,1.0100000000000002,0.6830240999999997,0
67737,91,GNAS,0.21,0.1458687,0
67738,91,CTNNB1,1.3100000000000007,0.9049887999999998,0
67739,91,NONO,0.14,0.09563359999999999,0
67740,91,SMARCB1,0.9300000000000004,0.6916125999999999,0
67741,91,PRKAR1A,0.12,0.1096402,0
67742,91,ITGAV,0.030000000000000013,0.03771500000000001,0
67743,91,SS18,0.38,0.244556,0
67744,91,MAP2K1,1.1100000000000005,0.6922940999999999,0
67745,91,SIRPA,0.0,-0.0005864999999999993,0
67746,91,PPFIBP1,0.38,0.25452870000000005,0
67747,91,RPL22,-0.19999999999999998,0.06226910000000001,0
67748,91,CYLD,0.29000000000000004,0.2282132,0
67749,91,ARID1B,0.6599999999999999,0.4928089,0
67750,91,SETDB1,0.31,0.2230048,0
67751,91,AFDN,-0.36,-0.13751280000000002,0
67752,91,ZRSR2,0.29000000000000004,0.2048582,0
67753,91,PBRM1,0.9300000000000004,0.6817638,0
67754,91,XPC,0.6200000000000001,0.4253784,0
67755,91,ASXL2,0.25,0.169386,0
67756,91,TRIM24,-0.21,-0.078825,0
67757,91,SFPQ,-0.11999999999999998,-0.004014299999999981,0
67758,91,NCOA2,0.55,0.4014442000000001,0
67759,91,FOXO4,0.44000000000000006,0.28532450000000004,0
67760,91,LEF1,0.05,0.0759865,0
67761,91,B2M,-0.6300000000000001,-0.22935890000000003,0
67762,91,DDIT3,-0.42,-0.105015,0
67763,91,BCL6,0.6000000000000001,0.4274031,0
67764,91,KRAS,-1.5400000000000005,-0.41806189999999993,0
67765,91,FAT1,0.07,0.061373500000000004,0
67766,91,ABL2,0.10000000000000002,0.07049409999999999,0
67767,91,NF1,0.8400000000000003,0.7004981000000003,0
67768,91,BTG1,-0.02,-0.0107352,0
67769,91,EIF4A2,0.09,0.0892549,0
67770,91,SET,0.15000000000000002,0.1342978,0
67771,91,EPS15,0.0,0.009577400000000002,0
67772,91,RNF213,0.03,0.024052499999999997,0
67773,91,CTCF,0.9300000000000004,0.6709875,0
67774,91,WDCP,0.13000000000000003,0.07302620000000001,0
67775,91,KAT7,0.08999999999999998,0.0755107,0
67776,91,KDM5C,0.16,0.146711,0
67777,91,TGFBR2,0.24,0.16746200000000003,0
67778,91,ATM,1.3000000000000007,1.0598155,0
67779,91,NUMA1,-0.029999999999999992,-0.006675899999999994,0
67780,91,STAT3,1.610000000000001,1.229103,0
67781,91,SUB1,-0.24000000000000002,-0.08708770000000002,0
67782,91,NUP98,0.059999999999999984,0.08395029999999999,0
67783,91,ELL,-0.07000000000000002,-0.01228790000000001,0
67784,91,MAP3K1,0.26,0.24567430000000004,0
67785,91,MALT1,0.11000000000000001,0.12919890000000003,0
67786,91,XPO1,0.30000000000000004,0.2586309,0
67787,91,SETD1B,0.15,0.10652800000000001,0
67788,91,ETV6,-0.21,-0.07985220000000001,0
67789,91,TBL1XR1,0.20000000000000004,0.1373529,0
67790,91,NUP214,-0.019999999999999997,0.0856663,0
67791,91,TPR,0.10000000000000002,0.09914780000000001,0
67792,91,ATIC,0.08999999999999998,0.0655561,0
67793,91,NACA,0.22000000000000003,0.1485985,0
67794,91,MYO5A,0.0,0.0016039999999999995,0
67795,91,SMC1A,0.5700000000000002,0.47304280000000004,0
67796,91,LASP1,-0.18,-0.10602030000000001,0
67797,91,ERCC5,0.45999999999999996,0.29904090000000005,0
67798,91,JUN,0.05000000000000002,0.21599459999999998,0
67799,91,THRAP3,0.08,0.0661129,0
67800,91,STAG2,0.43999999999999995,0.36023839999999996,0
67801,91,RAF1,1.0800000000000003,0.7681697000000001,0
67802,91,ERCC3,0.5399999999999999,0.43956040000000013,0
67803,91,SMAD2,0.4900000000000001,0.46059490000000003,0
67804,91,TAF15,0.20000000000000004,0.16337290000000002,0
67805,91,ARNT,0.28,0.23757220000000007,0
67806,91,CLTC,-0.5399999999999999,-0.29473299999999997,0
67807,91,IKBKB,0.4800000000000001,0.427296,0
67808,91,IDH1,-0.6800000000000002,-0.19378,0
67809,91,SND1,-0.03,-0.0163507,0
67810,91,KNSTRN,0.03,0.0245463,0
67811,91,RHOA,-1.6700000000000004,-0.41241629999999985,0
67812,91,PALB2,0.5199999999999999,0.4605613,0
67813,91,ARID2,0.73,0.5480297000000001,0
67814,91,EZR,-0.11000000000000001,-0.010017599999999995,0
67815,91,TP53,-1.0099999999999998,-0.04967510000000004,0
67816,91,ARAF,0.43000000000000005,0.24466890000000002,0
67817,91,KIF5B,0.44,0.31601160000000006,0
67818,91,KAT6A,0.21999999999999997,0.19719509999999998,0
67819,91,KTN1,-0.10999999999999999,-0.0332153,0
67820,91,GOLGA5,-0.12,-0.08221310000000001,0
67821,91,KDM5A,0.21999999999999997,0.1979304,0
67822,91,RAD21,0.48999999999999994,0.39057010000000003,0
67823,91,GNAQ,0.1,0.0759273,0
67824,91,CAMTA1,-0.02,-0.0098662,0
67825,91,ERCC2,0.64,0.4704755,0
67826,91,EZH2,1.710000000000001,1.1345033999999998,0
67827,91,TOP1,0.23,0.17531870000000002,0
67828,91,SRSF3,-0.32000000000000006,-0.11011800000000002,0
67829,91,NPM1,-0.05000000000000002,0.1520067,0
67830,91,BAX,-0.47,-0.14847129999999997,0
67831,91,NOTCH2,0.26999999999999996,0.21557240000000003,0
67832,91,TRAF7,0.04,0.0323332,0
67833,91,KDM6A,0.8200000000000003,0.7043736999999999,0
67834,91,SPEN,0.09999999999999999,0.0766623,0
67835,91,TRIM27,-0.47000000000000003,-0.1576819,0
67836,91,CRTC1,0.14,0.10977790000000001,0
67837,91,EML4,0.25,0.21368829999999994,0
67838,91,USP9X,-0.07999999999999999,-0.0522667,0
67839,91,PTPRK,0.01,0.0066635999999999996,0
67840,91,CD74,-0.22,-0.04638700000000001,0
67841,91,CBL,0.6000000000000001,0.4518404,0
67842,91,ZNF384,-0.05,-0.0236285,0
67843,91,NOTCH1,1.0200000000000005,0.7634546,0
67844,91,COX6C,-0.14,-0.0591288,0
67845,91,CHCHD7,0.03,0.0203643,0
67846,91,HMGA1,-0.10999999999999999,-0.0540492,0
67847,91,PTEN,1.2200000000000006,1.0726681000000002,0
67848,91,FIP1L1,-0.039999999999999994,-0.020712399999999995,0
67849,91,JAK1,0.7700000000000002,0.6050219000000002,0
67850,91,ZMYM2,-0.1,-0.0668774,0
67851,91,SUZ12,0.75,0.5303151,0
67852,91,FUS,-0.050000000000000044,0.1654848,0
67853,91,BAP1,0.009999999999999997,0.034829299999999994,0
67854,91,ZCCHC8,-0.06,-0.0186942,0
67855,91,CRNKL1,-0.03,-0.0187708,0
67856,91,RAD17,0.17,0.1249575,0
67857,91,ATP1A1,0.0,0.0020006999999999976,0
67858,91,DNMT3A,0.8900000000000005,0.6732544000000001,0
67859,91,FBXW7,1.0500000000000003,0.8042566000000003,0
67860,91,WWTR1,-0.06,-0.031520200000000005,0
67861,91,CDKN1B,0.6100000000000001,0.37942219999999993,0
67862,91,KMT2A,0.39,0.34091869999999996,0
67863,91,PTPN11,0.9800000000000004,0.7277061,0
67864,91,STAT5B,0.7400000000000002,0.5481822000000001,0
67865,91,CUX1,-0.09999999999999999,-0.0671031,0
67866,91,ABI1,-0.35000000000000003,-0.12833270000000002,0
67867,91,BRCA1,1.6800000000000013,1.3594172999999994,0
67868,91,SH2B3,0.02,0.0210333,0
67869,91,AFF4,0.06999999999999999,0.0621277,0
67870,91,NF2,-0.010000000000000002,0.0682718,0
67871,91,LMNA,0.04000000000000002,0.0489123,0
67872,91,TSC2,0.6600000000000003,0.5166617,0
67873,91,GOLPH3,-0.08,-0.0538931,0
67874,91,PCM1,-0.05,-0.0342142,0
67875,91,PPP2R1A,-0.5,-0.1701414,0
67876,91,ARID1A,1.820000000000001,1.3555954,0
67877,91,ABL1,0.13999999999999996,0.16354719999999995,0
67878,91,AFF1,0.22000000000000003,0.1760175,0
67879,91,DAXX,-0.16999999999999996,-0.0338766,0
67880,91,CBFB,0.10999999999999999,0.0909937,0
67881,91,CBLB,0.13,0.10115439999999999,0
67882,91,POLR2A,0.0,0.17513369999999995,0
67883,91,PRKACA,0.29000000000000004,0.2322238,0
67884,91,DNM2,-0.1,-0.0431136,0
67885,91,RAP1GDS1,-0.1,-0.045059199999999994,0
67886,91,NCOR1,0.9100000000000003,0.789656,0
67887,91,NFKBIE,-0.32,-0.10818930000000002,0
67888,91,DDX3X,0.14,0.1252687,0
67889,91,ELK4,0.02,0.0152016,0
67890,91,MLLT6,0.10999999999999999,0.09392400000000001,0
67891,91,SRSF2,-1.46,-0.4135759,0
67892,91,CTNNA1,0.11,0.08132990000000001,0
67893,91,RBM10,0.21,0.14470700000000003,0
67894,91,PTPRC,0.13,0.1247615,0
67895,91,HSP90AA1,1.2200000000000004,0.8178709999999999,0
67896,92,NSD1,0.32,0.27640980000000004,1
67897,92,DICER1,0.08999999999999996,0.19534650000000003,1
67898,92,BIRC6,0.16,0.1448955,1
67899,92,SDHC,0.4,0.28759549999999995,1
67900,92,TFG,0.21000000000000002,0.1357475,1
67901,92,MAP2K2,0.31,0.21520319999999998,1
67902,92,TFRC,-0.22999999999999998,-0.09721000000000002,1
67903,92,CREB1,1.0100000000000005,0.8206909999999997,1
67904,92,POLG,-0.01,-0.003268,1
67905,92,SETD2,0.5600000000000003,0.5245660999999998,1
67906,92,NAB2,-0.47000000000000003,-0.13872030000000002,1
67907,92,HIF1A,1.690000000000001,1.2766431999999996,1
67908,92,FLCN,-0.04000000000000001,0.010736299999999997,1
67909,92,MAP2K4,0.12,0.1401214,1
67910,92,CNOT3,0.04999999999999999,0.0532586,1
67911,92,CIITA,0.11,0.0685167,1
67912,92,LSM14A,0.14,0.1132249,1
67913,92,AKAP9,-0.03,0.0131695,1
67914,92,MSN,-0.24000000000000002,-0.05435859999999999,1
67915,92,BCR,-0.010000000000000009,0.0635584,1
67916,92,TRRAP,0.09000000000000008,0.21982730000000003,1
67917,92,PPP6C,-0.14,-0.0582415,1
67918,92,NCOA4,-0.09,-0.025840099999999987,1
67919,92,BCL9,0.19,0.14780970000000002,1
67920,92,PRCC,0.13,0.10086959999999999,1
67921,92,LARP4B,0.02,0.013926400000000002,1
67922,92,CHD2,0.02,0.01764,1
67923,92,ASXL1,0.27,0.3462563999999999,1
67924,92,SMARCA4,1.9400000000000013,1.4825985999999995,1
67925,92,ERC1,-0.01,-0.0074554,1
67926,92,DCTN1,-6.938893903907228e-18,0.049451800000000004,1
67927,92,PIK3R1,1.3700000000000008,1.0916365000000001,1
67928,92,EED,0.020000000000000004,0.0478393,1
67929,92,CNBP,0.02,0.012154799999999999,1
67930,92,SGK1,0.45999999999999996,0.2963913,1
67931,92,MLLT10,-0.13,-0.05020859999999999,1
67932,92,BRD4,0.9900000000000002,0.862675,1
67933,92,RANBP2,0.28,0.26981229999999995,1
67934,92,FBXO11,0.07,0.0547135,1
67935,92,PML,0.43000000000000005,0.29888,1
67936,92,AKT2,1.1,0.7760499,1
67937,92,CEP89,0.05,0.0301067,1
67938,92,LZTR1,0.09,0.10761609999999999,1
67939,92,YWHAE,0.18,0.1186931,1
67940,92,DNAJB1,-0.04000000000000001,-0.006576600000000002,1
67941,92,PRDM2,0.07,0.0569426,1
67942,92,TPM4,0.54,0.37455210000000005,1
67943,92,CREBBP,1.840000000000001,1.5140178,1
67944,92,PMS2,0.79,0.6782068000000001,1
67945,92,DDR2,0.010000000000000002,0.0102527,1
67946,92,FANCA,0.39999999999999997,0.3315809,1
67947,92,PDE4DIP,0.08,0.0608282,1
67948,92,USP8,-0.06000000000000001,-0.0212408,1
67949,92,MYH9,-0.44999999999999996,-0.112386,1
67950,92,MYC,-1.8800000000000003,-0.39915789999999995,1
67951,92,NBN,0.6,0.4699993,1
67952,92,CCND3,-0.05,0.015386700000000005,1
67953,92,TRIP11,-0.09000000000000001,-0.0636926,1
67954,92,CNTRL,-0.05,-0.0402683,1
67955,92,PIK3CA,1.3700000000000006,1.1646537000000001,1
67956,92,DDX5,0.3199999999999999,0.3205390999999999,1
67957,92,PICALM,0.0,0.007387599999999998,1
67958,92,RARA,-0.010000000000000002,0.11126179999999997,1
67959,92,DDX6,0.09000000000000002,0.13778810000000002,1
67960,92,COL1A1,0.24999999999999997,0.21597290000000002,1
67961,92,VHL,0.23,0.1677771,1
67962,92,MAPK1,1.7300000000000009,1.1983781999999998,1
67963,92,SRC,0.8700000000000003,0.6417907999999999,1
67964,92,NFE2L2,0.36,0.25108910000000007,1
67965,92,MITF,-0.16,-0.0143066,1
67966,92,SMAD3,1.2100000000000006,1.0958045000000003,1
67967,92,RBM15,0.1,0.0827348,1
67968,92,ATR,0.7200000000000002,0.5870160999999999,1
67969,92,EPAS1,0.26,0.31989860000000003,1
67970,92,TPM3,0.11000000000000001,0.09477250000000001,1
67971,92,RPL10,0.14,0.1383433,1
67972,92,STAG1,0.10000000000000002,0.13488180000000002,1
67973,92,SBDS,-0.04,-0.0147688,1
67974,92,KMT2D,1.0100000000000005,0.8162362000000001,1
67975,92,MED12,0.38,0.31637149999999997,1
67976,92,BCLAF1,-0.13,-0.010107699999999997,1
67977,92,ASPSCR1,0.009999999999999988,0.015487900000000002,1
67978,92,CDK12,0.51,0.4087834,1
67979,92,EWSR1,0.30000000000000004,0.3086055,1
67980,92,NDRG1,-0.05,-0.006591200000000005,1
67981,92,PSIP1,0.05,0.051509900000000025,1
67982,92,TRIM33,0.07999999999999999,0.08092970000000001,1
67983,92,MTOR,1.2500000000000007,0.9703949999999999,1
67984,92,ARHGAP35,0.16999999999999998,0.14756410000000003,1
67985,92,POT1,0.02,0.0202324,1
67986,92,EXT1,0.12,0.08985,1
67987,92,IL6ST,0.33,0.2763817,1
67988,92,IDH2,0.14,0.1421515,1
67989,92,SMARCE1,0.3,0.20778329999999998,1
67990,92,CRTC3,0.09,0.07782449999999999,1
67991,92,TSC1,0.22999999999999998,0.26987520000000004,1
67992,92,BCOR,-0.09999999999999998,0.013879799999999998,1
67993,92,SDHA,0.24000000000000002,0.18051040000000002,1
67994,92,EP300,2.32,1.9260518000000009,1
67995,92,HNRNPA2B1,0.5000000000000001,0.3435284,1
67996,92,CLIP1,-0.13999999999999999,-0.07383640000000001,1
67997,92,PATZ1,-0.5900000000000001,-0.1387547,1
67998,92,FUBP1,-0.14,-0.002503599999999993,1
67999,92,HLA-A,-0.08999999999999998,0.028063800000000024,1
68000,92,CCNC,-0.25,-0.09852560000000002,1
68001,92,RPN1,-0.19,-0.0638421,1
68002,92,TCF7L2,0.08,0.12380370000000002,1
68003,92,CANT1,0.0,0.018133699999999996,1
68004,92,RPL5,-0.6300000000000001,-0.1553815,1
68005,92,CCDC6,0.11000000000000001,0.11313249999999998,1
68006,92,NCKIPSD,-0.05,-0.0192554,1
68007,92,SMARCD1,0.43000000000000005,0.3334346,1
68008,92,BCL10,0.08,0.08785109999999999,1
68009,92,MAX,0.039999999999999994,0.07741239999999999,1
68010,92,HERPUD1,-0.03,-0.0077931,1
68011,92,RAC1,-0.08000000000000004,0.0811013,1
68012,92,FLNA,0.21,0.15217869999999994,1
68013,92,TFE3,-0.56,-0.22541899999999998,1
68014,92,NCOR2,0.6100000000000002,0.5322288999999999,1
68015,92,PRPF40B,0.060000000000000005,0.0356063,1
68016,92,BCL3,-0.08000000000000002,0.0029717999999999915,1
68017,92,TFPT,-0.29,-0.0938392,1
68018,92,MLH1,0.8800000000000002,0.7567996000000001,1
68019,92,ARHGAP5,0.14,0.1153789,1
68020,92,CIC,0.01,0.006834,1
68021,92,LYN,0.8100000000000002,0.6008777,1
68022,92,TCF12,0.34,0.26960860000000003,1
68023,92,KLF6,0.05,0.0330058,1
68024,92,KMT2C,0.9500000000000004,0.7996721999999999,1
68025,92,PIM1,-0.09000000000000001,-0.008511600000000001,1
68026,92,CCND1,0.9800000000000004,0.6593911,1
68027,92,MLLT1,-1.1900000000000002,-0.32670380000000004,1
68028,92,MEN1,-0.020000000000000004,0.024005399999999996,1
68029,92,CUL3,0.10999999999999999,0.1335689,1
68030,92,RB1,0.6900000000000002,0.5296607999999999,1
68031,92,LPP,-0.12,-0.034964999999999996,1
68032,92,BUB1B,-0.18000000000000002,-0.0747865,1
68033,92,SMAD4,1.510000000000001,1.2569767000000003,1
68034,92,FGFR1,0.2,0.20853880000000002,1
68035,92,TMSB4X,0.04,0.0316696,1
68036,92,CDK4,1.0200000000000005,0.6876283000000001,1
68037,92,MSI2,0.01,0.0075678,1
68038,92,MSH6,1.0700000000000005,0.8856245000000001,1
68039,92,BRAF,1.0900000000000005,0.9839403999999998,1
68040,92,TCEA1,-0.06000000000000001,0.0169087,1
68041,92,TNFAIP3,0.15000000000000002,0.1292326,1
68042,92,RABEP1,0.0,0.00018680000000000085,1
68043,92,GMPS,-0.07,-0.0373397,1
68044,92,MDM2,1.2300000000000009,0.9265279,1
68045,92,NSD2,0.21,0.15479009999999999,1
68046,92,CASP8,-0.29000000000000004,0.07620829999999999,1
68047,92,PER1,-0.25,-0.08497940000000001,1
68048,92,UBR5,-0.020000000000000007,0.016424299999999996,1
68049,92,EIF3E,-0.010000000000000002,0.06243819999999999,1
68050,92,RFWD3,0.030000000000000002,0.0322128,1
68051,92,BRD3,0.12999999999999998,0.0945629,1
68052,92,PAFAH1B2,0.03,0.026468099999999998,1
68053,92,EXT2,0.0,0.016054800000000008,1
68054,92,PLCG1,0.59,0.4519743000000001,1
68055,92,SF3B1,-0.63,-0.271378,1
68056,92,ARHGEF10L,0.03,0.0159543,1
68057,92,NFATC2,0.23,0.16571960000000002,1
68058,92,SDHD,0.28,0.19837259999999995,1
68059,92,PABPC1,-0.7400000000000001,-0.1860298,1
68060,92,POLD1,-0.1,-0.0099353,1
68061,92,CALR,0.020000000000000007,0.0530177,1
68062,92,PIK3CB,0.7900000000000003,0.6169251000000001,1
68063,92,PPM1D,0.26,0.1957904,1
68064,92,ATRX,0.9700000000000004,0.8293854000000002,1
68065,92,DGCR8,0.17,0.13140829999999998,1
68066,92,DDX10,0.16,0.1215585,1
68067,92,DROSHA,0.5300000000000001,0.40727119999999994,1
68068,92,TNFRSF14,-0.16,-0.051183700000000006,1
68069,92,BCL9L,0.13,0.0974406,1
68070,92,QKI,0.03,0.022509700000000004,1
68071,92,BAZ1A,0.0,0.0,1
68072,92,CHD4,0.4,0.3263552999999999,1
68073,92,NSD3,0.09,0.1065219,1
68074,92,NT5C2,0.14,0.0812935,1
68075,92,CCNB1IP1,0.12,0.056908,1
68076,92,PCBP1,-0.8099999999999999,-0.2196939,1
68077,92,RALGDS,-0.010000000000000002,0.05881230000000001,1
68078,92,ARHGEF12,0.009999999999999995,0.027213200000000003,1
68079,92,HSP90AB1,0.52,0.5011982000000001,1
68080,92,FOXO3,1.4900000000000009,1.0846011,1
68081,92,HIP1,-0.03,-0.0173643,1
68082,92,CDC73,0.08,0.09602299999999997,1
68083,92,NIN,0.0,0.002810299999999998,1
68084,92,MDM4,0.04000000000000001,0.129643,1
68085,92,COL3A1,0.23,0.18907770000000002,1
68086,92,CTNND1,0.16000000000000003,0.16308040000000001,1
68087,92,SPOP,0.07,0.0811205,1
68088,92,TMEM127,0.08000000000000002,0.046009900000000006,1
68089,92,CREB3L2,0.07,0.045274499999999995,1
68090,92,MSH2,1.0900000000000005,0.8803422000000001,1
68091,92,FNBP1,-0.020000000000000004,0.017103900000000002,1
68092,92,ATF1,0.12000000000000001,0.0791465,1
68093,92,EIF1AX,-0.52,-0.1929945,1
68094,92,PMS1,0.5800000000000001,0.4532282,1
68095,92,DEK,0.1,0.11179730000000002,1
68096,92,ERBB2,1.1500000000000006,0.7439469000000002,1
68097,92,AKT1,0.43000000000000005,0.39241719999999997,1
68098,92,CHEK2,0.6200000000000002,0.6041927,1
68099,92,SDHB,0.41000000000000003,0.2878719,1
68100,92,NCOA1,0.44,0.3444922,1
68101,92,CHIC2,0.1,0.067997,1
68102,92,RUNX1,-0.020000000000000046,0.5390026000000002,1
68103,92,STAT6,0.37,0.32936850000000006,1
68104,92,FH,-0.07000000000000002,-0.013261500000000016,1
68105,92,AKT3,1.1600000000000006,0.8259857,1
68106,92,GNAS,0.4,0.27272799999999997,1
68107,92,CTNNB1,1.1500000000000006,0.8339593999999998,1
68108,92,NONO,0.36,0.2905674,1
68109,92,SMARCB1,1.0500000000000005,0.7909081000000001,1
68110,92,PRKAR1A,0.19,0.17334879999999997,1
68111,92,ITGAV,0.020000000000000007,0.043619300000000014,1
68112,92,SS18,0.39,0.2626825,1
68113,92,MAP2K1,1.0100000000000005,0.6057458000000001,1
68114,92,SIRPA,-0.05,-0.009680799999999995,1
68115,92,PPFIBP1,0.41,0.29044109999999995,1
68116,92,RPL22,-0.21000000000000008,0.1028973,1
68117,92,CYLD,0.33999999999999997,0.2722142,1
68118,92,ARID1B,0.8500000000000001,0.6443022999999999,1
68119,92,SETDB1,0.32,0.22689550000000003,1
68120,92,AFDN,-0.30999999999999994,-0.0894564,1
68121,92,ZRSR2,-0.1,-0.05870689999999999,1
68122,92,PBRM1,0.9900000000000004,0.7290661999999999,1
68123,92,XPC,0.45,0.27065989999999995,1
68124,92,ASXL2,0.24000000000000002,0.17642189999999996,1
68125,92,TRIM24,-0.22999999999999998,-0.032737699999999995,1
68126,92,SFPQ,-0.29000000000000004,-0.05372320000000001,1
68127,92,NCOA2,0.5800000000000001,0.4756156999999999,1
68128,92,FOXO4,0.31000000000000005,0.20596190000000003,1
68129,92,LEF1,0.28,0.21861919999999996,1
68130,92,B2M,-0.3800000000000001,-0.14703689999999997,1
68131,92,DDIT3,-0.30000000000000004,-0.1017273,1
68132,92,BCL6,0.26,0.24760479999999999,1
68133,92,KRAS,-0.21000000000000008,0.09194479999999998,1
68134,92,FAT1,0.13,0.09348930000000001,1
68135,92,ABL2,0.03999999999999999,0.0471159,1
68136,92,NF1,1.3000000000000007,1.0445293,1
68137,92,BTG1,-0.05,-0.023304000000000002,1
68138,92,EIF4A2,0.029999999999999995,0.017363699999999996,1
68139,92,SET,0.19,0.15058339999999998,1
68140,92,EPS15,0.08000000000000002,0.0728153,1
68141,92,RNF213,0.05,0.0433197,1
68142,92,CTCF,0.9700000000000004,0.6572271,1
68143,92,WDCP,0.17999999999999997,0.10549760000000002,1
68144,92,KAT7,0.15000000000000002,0.1272358,1
68145,92,KDM5C,0.21000000000000002,0.1978778,1
68146,92,TGFBR2,0.049999999999999996,0.1288196,1
68147,92,ATM,0.9900000000000007,0.9533244000000002,1
68148,92,NUMA1,0.0,0.0217098,1
68149,92,STAT3,0.9100000000000005,0.9226366000000001,1
68150,92,SUB1,-0.11,-0.04936560000000001,1
68151,92,NUP98,0.13999999999999996,0.18374829999999998,1
68152,92,ELL,0.12000000000000001,0.061745900000000006,1
68153,92,MAP3K1,0.44,0.34178529999999996,1
68154,92,MALT1,0.2,0.18438480000000002,1
68155,92,XPO1,0.5400000000000001,0.4309423,1
68156,92,SETD1B,0.27,0.2101124,1
68157,92,ETV6,-0.07,0.006275900000000013,1
68158,92,TBL1XR1,0.23,0.16176710000000002,1
68159,92,NUP214,-0.1,0.1363813,1
68160,92,TPR,0.11,0.0939894,1
68161,92,ATIC,0.11000000000000003,0.1285516,1
68162,92,NACA,0.22999999999999998,0.14464290000000002,1
68163,92,MYO5A,0.02,0.0151499,1
68164,92,SMC1A,0.3400000000000001,0.4107996,1
68165,92,LASP1,-0.27,-0.1335611,1
68166,92,ERCC5,0.41000000000000003,0.25755649999999997,1
68167,92,JUN,-0.24999999999999992,0.11961669999999999,1
68168,92,THRAP3,0.049999999999999996,0.038833,1
68169,92,STAG2,0.37,0.34270310000000004,1
68170,92,RAF1,0.9300000000000002,0.7024839,1
68171,92,ERCC3,0.59,0.49131249999999993,1
68172,92,SMAD2,0.6100000000000003,0.5894837999999999,1
68173,92,TAF15,0.21000000000000002,0.1697507,1
68174,92,ARNT,0.2,0.1975289,1
68175,92,CLTC,-0.6900000000000001,-0.3145068000000001,1
68176,92,IKBKB,0.4600000000000002,0.4447261,1
68177,92,IDH1,-0.33999999999999997,-0.0951236,1
68178,92,SND1,-0.009999999999999993,0.018244899999999998,1
68179,92,KNSTRN,0.02,0.0147276,1
68180,92,RHOA,-2.24,-0.5798951,1
68181,92,PALB2,0.7700000000000002,0.6296878000000001,1
68182,92,ARID2,0.8400000000000001,0.6446746000000001,1
68183,92,EZR,-0.17,-0.046525600000000014,1
68184,92,TP53,-0.04000000000000001,0.2865156000000001,1
68185,92,ARAF,0.39999999999999997,0.2318544,1
68186,92,KIF5B,0.5000000000000001,0.3722626,1
68187,92,KAT6A,0.20999999999999996,0.22678979999999999,1
68188,92,KTN1,-0.049999999999999996,-0.003245899999999997,1
68189,92,GOLGA5,-0.1,-0.0645827,1
68190,92,KDM5A,0.26,0.25419460000000005,1
68191,92,RAD21,0.5700000000000001,0.46607859999999995,1
68192,92,GNAQ,0.32000000000000006,0.2351499,1
68193,92,CAMTA1,0.07,0.0524031,1
68194,92,ERCC2,0.7000000000000001,0.5479347,1
68195,92,EZH2,1.690000000000001,1.2626260999999996,1
68196,92,TOP1,0.30000000000000004,0.23521949999999997,1
68197,92,SRSF3,-0.4199999999999998,-0.08291050000000003,1
68198,92,NPM1,-0.05000000000000003,0.10474579999999999,1
68199,92,BAX,-0.6,-0.1441691,1
68200,92,NOTCH2,0.29000000000000004,0.2484222,1
68201,92,TRAF7,0.02,0.0137158,1
68202,92,KDM6A,0.7400000000000002,0.8199268000000001,1
68203,92,SPEN,0.15,0.11921899999999999,1
68204,92,TRIM27,-0.67,-0.18331550000000002,1
68205,92,CRTC1,0.15,0.12057599999999999,1
68206,92,EML4,0.23,0.2711086,1
68207,92,USP9X,-0.009999999999999998,-0.006984399999999998,1
68208,92,PTPRK,-0.01,-0.0055553,1
68209,92,CD74,-0.17,0.0033564999999999984,1
68210,92,CBL,0.49,0.44688329999999993,1
68211,92,ZNF384,0.04,0.0310649,1
68212,92,NOTCH1,1.1700000000000006,0.8476213000000001,1
68213,92,COX6C,-0.13,-0.03961579999999999,1
68214,92,CHCHD7,0.02,0.0121732,1
68215,92,HMGA1,-0.07,-0.028207000000000003,1
68216,92,PTEN,1.2900000000000011,1.1935592000000006,1
68217,92,FIP1L1,-0.05,-0.0139373,1
68218,92,JAK1,0.8300000000000003,0.6910769999999999,1
68219,92,ZMYM2,3.469446951953614e-18,0.0029529000000000014,1
68220,92,SUZ12,0.9000000000000001,0.6740449999999999,1
68221,92,FUS,-0.45,0.05573480000000001,1
68222,92,BAP1,-0.25,-0.101009,1
68223,92,ZCCHC8,-0.09,-0.0257391,1
68224,92,CRNKL1,0.0,0.0004614000000000007,1
68225,92,RAD17,0.18,0.12882460000000004,1
68226,92,ATP1A1,0.0,0.0014850000000000002,1
68227,92,DNMT3A,1.0500000000000003,0.8490524000000004,1
68228,92,FBXW7,0.81,0.7358343999999999,1
68229,92,WWTR1,-0.21000000000000002,-0.07403340000000001,1
68230,92,CDKN1B,0.3800000000000001,0.2795556,1
68231,92,KMT2A,0.3600000000000001,0.3927386000000001,1
68232,92,PTPN11,1.0800000000000005,0.8699128999999998,1
68233,92,STAT5B,0.6500000000000001,0.5441885,1
68234,92,CUX1,-0.09000000000000001,-0.056841199999999995,1
68235,92,ABI1,-0.28,-0.0838586,1
68236,92,BRCA1,2.0200000000000014,1.5651695,1
68237,92,SH2B3,0.06999999999999999,0.040501800000000004,1
68238,92,AFF4,-0.049999999999999996,-0.003107399999999993,1
68239,92,NF2,0.15999999999999998,0.15579429999999997,1
68240,92,LMNA,0.08,0.056303900000000004,1
68241,92,TSC2,0.8500000000000003,0.6687498,1
68242,92,GOLPH3,-0.060000000000000005,-0.0412244,1
68243,92,PCM1,-0.03,-0.0222735,1
68244,92,PPP2R1A,-0.30999999999999994,-0.061129199999999995,1
68245,92,ARID1A,1.7700000000000011,1.3977584,1
68246,92,ABL1,-0.4299999999999999,0.003166399999999934,1
68247,92,AFF1,0.1,0.12022229999999998,1
68248,92,DAXX,-0.65,-0.15156229999999998,1
68249,92,CBFB,0.09000000000000002,0.117183,1
68250,92,CBLB,0.16000000000000003,0.1385589,1
68251,92,POLR2A,-0.12999999999999998,0.1800554,1
68252,92,PRKACA,0.17,0.21859349999999994,1
68253,92,DNM2,-0.09,-0.0374481,1
68254,92,RAP1GDS1,0.020000000000000004,0.0390343,1
68255,92,NCOR1,0.8200000000000001,0.8662211999999999,1
68256,92,NFKBIE,-0.31999999999999995,-0.1055922,1
68257,92,DDX3X,0.24000000000000002,0.23299999999999998,1
68258,92,ELK4,0.02,0.016351400000000002,1
68259,92,MLLT6,0.07999999999999999,0.0666041,1
68260,92,SRSF2,-2.6000000000000005,-0.6301930000000001,1
68261,92,CTNNA1,0.16,0.12119170000000001,1
68262,92,RBM10,0.14,0.1063774,1
68263,92,PTPRC,-0.07999999999999999,0.0518293,1
68264,92,HSP90AA1,0.5700000000000002,0.43084690000000003,1
68265,92,NSD1,0.24,0.2008166,0
68266,92,DICER1,0.17999999999999997,0.2122528,0
68267,92,BIRC6,0.08,0.06918,0
68268,92,SDHC,0.29000000000000004,0.206749,0
68269,92,TFG,0.27,0.1426285,0
68270,92,MAP2K2,0.33,0.25762149999999995,0
68271,92,TFRC,-0.24,-0.1266392,0
68272,92,CREB1,0.8600000000000004,0.6180807,0
68273,92,POLG,0.0,0.0,0
68274,92,SETD2,0.7200000000000002,0.6017127999999998,0
68275,92,NAB2,-0.29,-0.1081201,0
68276,92,HIF1A,1.520000000000001,1.0755032,0
68277,92,FLCN,0.06,0.05078699999999999,0
68278,92,MAP2K4,-0.020000000000000004,0.058265399999999995,0
68279,92,CNOT3,-0.020000000000000004,0.001167399999999992,0
68280,92,CIITA,0.10000000000000002,0.07342580000000001,0
68281,92,LSM14A,0.07,0.066065,0
68282,92,AKAP9,-0.019999999999999997,0.001867600000000004,0
68283,92,MSN,-0.2899999999999999,-0.0766336,0
68284,92,BCR,0.039999999999999994,0.04013430000000001,0
68285,92,TRRAP,0.06999999999999999,0.1364659,0
68286,92,PPP6C,-0.18,-0.08658060000000001,0
68287,92,NCOA4,-0.2,-0.1066108,0
68288,92,BCL9,0.15,0.1073619,0
68289,92,PRCC,0.04000000000000001,0.029451099999999994,0
68290,92,LARP4B,0.0,0.0,0
68291,92,CHD2,0.01,0.0073968,0
68292,92,ASXL1,0.36999999999999994,0.3934448,0
68293,92,SMARCA4,1.2900000000000007,0.9961652999999996,0
68294,92,ERC1,-0.019999999999999997,-0.013912999999999998,0
68295,92,DCTN1,-0.19,-0.0798827,0
68296,92,PIK3R1,1.4300000000000008,0.9766555000000001,0
68297,92,EED,-0.11000000000000003,-0.015225900000000002,0
68298,92,CNBP,0.01,0.0053431,0
68299,92,SGK1,0.36,0.22082750000000004,0
68300,92,MLLT10,-0.09,-0.0376541,0
68301,92,BRD4,1.1000000000000005,0.8227438000000001,0
68302,92,RANBP2,0.16000000000000006,0.21252760000000004,0
68303,92,FBXO11,0.05,0.0405205,0
68304,92,PML,0.38,0.2802279999999999,0
68305,92,AKT2,0.9100000000000003,0.6209568000000001,0
68306,92,CEP89,0.06,0.0330116,0
68307,92,LZTR1,6.938893903907228e-18,0.0521646,0
68308,92,YWHAE,0.29999999999999993,0.19293830000000003,0
68309,92,DNAJB1,0.0,0.006827500000000002,0
68310,92,PRDM2,0.03,0.0209275,0
68311,92,TPM4,0.4600000000000001,0.2918654,0
68312,92,CREBBP,1.7900000000000014,1.4859636999999994,0
68313,92,PMS2,0.6000000000000001,0.5456742,0
68314,92,DDR2,0.039999999999999994,0.024680599999999997,0
68315,92,FANCA,0.36,0.2930078,0
68316,92,PDE4DIP,0.05,0.0343638,0
68317,92,USP8,-0.049999999999999996,-0.025775600000000003,0
68318,92,MYH9,-0.27,-0.04108719999999999,0
68319,92,MYC,-0.9100000000000001,-0.2869992999999999,0
68320,92,NBN,0.5,0.3684872,0
68321,92,CCND3,-0.13999999999999999,0.005237699999999988,0
68322,92,TRIP11,-0.17,-0.10391720000000002,0
68323,92,CNTRL,-0.08000000000000002,-0.0542921,0
68324,92,PIK3CA,1.550000000000001,1.0645537999999999,0
68325,92,DDX5,0.3800000000000001,0.32741430000000005,0
68326,92,PICALM,0.010000000000000002,0.008998399999999998,0
68327,92,RARA,0.51,0.35991819999999997,0
68328,92,DDX6,0.039999999999999994,0.0794419,0
68329,92,COL1A1,0.17,0.15408610000000006,0
68330,92,VHL,0.24000000000000005,0.1812473,0
68331,92,MAPK1,1.570000000000001,0.9796109999999999,0
68332,92,SRC,-0.75,-0.05996370000000001,0
68333,92,NFE2L2,0.18000000000000002,0.12366250000000001,0
68334,92,MITF,-0.35,-0.0737176,0
68335,92,SMAD3,1.290000000000001,0.9566071,0
68336,92,RBM15,0.08,0.0679595,0
68337,92,ATR,0.7300000000000003,0.5967820000000001,0
68338,92,EPAS1,0.45,0.37586990000000003,0
68339,92,TPM3,0.22000000000000003,0.1601513,0
68340,92,RPL10,0.13,0.12678660000000003,0
68341,92,STAG1,0.09,0.1061779,0
68342,92,SBDS,-0.07,-0.0241188,0
68343,92,KMT2D,0.9700000000000004,0.7147994000000001,0
68344,92,MED12,0.29000000000000004,0.2400871,0
68345,92,BCLAF1,-0.06,0.009433499999999997,0
68346,92,ASPSCR1,0.019999999999999997,0.017108599999999995,0
68347,92,CDK12,0.22000000000000003,0.15724909999999998,0
68348,92,EWSR1,0.49,0.3895521000000001,0
68349,92,NDRG1,-0.060000000000000005,-0.0268417,0
68350,92,PSIP1,-0.27999999999999997,-0.13603330000000002,0
68351,92,TRIM33,0.060000000000000005,0.047249900000000004,0
68352,92,MTOR,1.1600000000000006,0.8530065,0
68353,92,ARHGAP35,0.13,0.1491565,0
68354,92,POT1,-0.049999999999999996,-0.014332500000000001,0
68355,92,EXT1,0.11,0.07369450000000001,0
68356,92,IL6ST,0.27,0.1985322,0
68357,92,IDH2,0.18,0.1570029,0
68358,92,SMARCE1,0.48000000000000004,0.2886229,0
68359,92,CRTC3,0.08,0.0634951,0
68360,92,TSC1,0.37,0.3053329,0
68361,92,BCOR,-0.15999999999999998,-0.020363000000000006,0
68362,92,SDHA,0.25,0.16090510000000002,0
68363,92,EP300,1.5900000000000012,1.2720885000000004,0
68364,92,HNRNPA2B1,0.2,0.21695199999999998,0
68365,92,CLIP1,-0.13,-0.08104309999999999,0
68366,92,PATZ1,-0.47000000000000003,-0.1257458,0
68367,92,FUBP1,-0.11000000000000001,-0.0003985999999999972,0
68368,92,HLA-A,-0.059999999999999984,0.037812000000000005,0
68369,92,CCNC,-0.14,-0.05923830000000001,0
68370,92,RPN1,-0.25,-0.0654046,0
68371,92,TCF7L2,0.02,0.0617013,0
68372,92,CANT1,0.1,0.06436000000000001,0
68373,92,RPL5,-0.7,-0.1968054,0
68374,92,CCDC6,0.06,0.06305389999999997,0
68375,92,NCKIPSD,0.04,0.0227442,0
68376,92,SMARCD1,0.46,0.3110073,0
68377,92,BCL10,0.010000000000000002,0.0230765,0
68378,92,MAX,-0.019999999999999997,0.005227900000000003,0
68379,92,HERPUD1,0.01,0.0036807000000000003,0
68380,92,RAC1,-0.04000000000000001,0.07559790000000001,0
68381,92,FLNA,0.09,0.1001735,0
68382,92,TFE3,-0.43000000000000005,-0.1736561,0
68383,92,NCOR2,0.7400000000000002,0.5410092999999999,0
68384,92,PRPF40B,-0.01,-0.0070065000000000014,0
68385,92,BCL3,-0.05999999999999999,-0.015569499999999997,0
68386,92,TFPT,-0.23,-0.0896321,0
68387,92,MLH1,0.8300000000000001,0.6851079,0
68388,92,ARHGAP5,0.14,0.1057366,0
68389,92,CIC,-0.01,-0.0059906000000000004,0
68390,92,LYN,0.8800000000000001,0.6120927,0
68391,92,TCF12,0.27999999999999997,0.2089242,0
68392,92,KLF6,0.06,0.0344668,0
68393,92,KMT2C,0.9500000000000002,0.7544391,0
68394,92,PIM1,-0.13,-0.03875000000000001,0
68395,92,CCND1,1.1900000000000006,0.7398975000000001,0
68396,92,MLLT1,-0.8200000000000003,-0.25610029999999995,0
68397,92,MEN1,0.02000000000000001,0.05833539999999997,0
68398,92,CUL3,0.13,0.11789800000000002,0
68399,92,RB1,0.6699999999999999,0.487554,0
68400,92,LPP,-0.07,-0.0163174,0
68401,92,BUB1B,-0.15,-0.0783952,0
68402,92,SMAD4,1.1800000000000008,0.9070252999999999,0
68403,92,FGFR1,0.22999999999999998,0.1538244,0
68404,92,TMSB4X,0.04,0.0312872,0
68405,92,CDK4,0.5900000000000001,0.4137974,0
68406,92,MSI2,0.0,0.0,0
68407,92,MSH6,0.8700000000000004,0.6680936,0
68408,92,BRAF,0.9600000000000003,0.8070018999999999,0
68409,92,TCEA1,-0.07,-0.0025477000000000104,0
68410,92,TNFAIP3,0.09000000000000001,0.0944469,0
68411,92,RABEP1,0.009999999999999998,0.004519699999999998,0
68412,92,GMPS,-0.07,-0.0438606,0
68413,92,MDM2,1.1800000000000006,0.7688315999999998,0
68414,92,NSD2,0.16,0.11255290000000001,0
68415,92,CASP8,0.05,0.1992298,0
68416,92,PER1,-0.23000000000000004,-0.046419100000000005,0
68417,92,UBR5,-0.07999999999999999,-0.0331685,0
68418,92,EIF3E,-0.07999999999999999,0.0398005,0
68419,92,RFWD3,0.020000000000000004,0.025824499999999997,0
68420,92,BRD3,0.14,0.1101644,0
68421,92,PAFAH1B2,0.02,0.0151796,0
68422,92,EXT2,0.0,0.00892430000000001,0
68423,92,PLCG1,0.55,0.378158,0
68424,92,SF3B1,-0.32,-0.12849919999999998,0
68425,92,ARHGEF10L,0.02,0.0110094,0
68426,92,NFATC2,0.19999999999999998,0.1373362,0
68427,92,SDHD,0.25,0.1387189,0
68428,92,PABPC1,-0.78,-0.20148560000000001,0
68429,92,POLD1,-0.17,-0.015563200000000017,0
68430,92,CALR,0.030000000000000006,0.037071400000000004,0
68431,92,PIK3CB,0.6200000000000001,0.47103440000000013,0
68432,92,PPM1D,0.21000000000000002,0.1588009,0
68433,92,ATRX,0.9600000000000005,0.7432225,0
68434,92,DGCR8,0.15,0.092911,0
68435,92,DDX10,0.12,0.0772329,0
68436,92,DROSHA,0.43000000000000016,0.3137413,0
68437,92,TNFRSF14,-0.11,-0.03777749999999999,0
68438,92,BCL9L,0.13,0.08589,0
68439,92,QKI,-0.11,-0.0649848,0
68440,92,BAZ1A,0.02,0.0148608,0
68441,92,CHD4,0.23999999999999996,0.22199000000000002,0
68442,92,NSD3,0.039999999999999994,0.0425329,0
68443,92,NT5C2,0.18000000000000002,0.10956660000000001,0
68444,92,CCNB1IP1,0.12,0.053410000000000006,0
68445,92,PCBP1,-0.7000000000000001,-0.23285359999999997,0
68446,92,RALGDS,0.12,0.09118799999999999,0
68447,92,ARHGEF12,-0.019999999999999997,0.000560500000000002,0
68448,92,HSP90AB1,1.1800000000000006,0.7735468999999999,0
68449,92,FOXO3,1.2600000000000007,0.8638300999999999,0
68450,92,HIP1,-0.02,-0.0121334,0
68451,92,CDC73,-0.16999999999999998,-0.02007639999999999,0
68452,92,NIN,0.0,0.0025296999999999993,0
68453,92,MDM4,0.10999999999999999,0.1588431,0
68454,92,COL3A1,0.16,0.1372449,0
68455,92,CTNND1,0.17,0.1588988,0
68456,92,SPOP,-0.07,-0.015627000000000002,0
68457,92,TMEM127,0.09,0.0644131,0
68458,92,CREB3L2,0.11,0.0705925,0
68459,92,MSH2,0.9100000000000004,0.6410131,0
68460,92,FNBP1,0.02,0.0170805,0
68461,92,ATF1,-3.469446951953614e-18,0.0014644000000000011,0
68462,92,EIF1AX,-0.51,-0.2275397,0
68463,92,PMS1,0.53,0.4044192,0
68464,92,DEK,0.11,0.1057382,0
68465,92,ERBB2,0.9900000000000003,0.6272581,0
68466,92,AKT1,1.3300000000000007,0.8137037999999998,0
68467,92,CHEK2,0.24000000000000002,0.3546372,0
68468,92,SDHB,0.45000000000000007,0.30236470000000004,0
68469,92,NCOA1,0.42000000000000004,0.2852831,0
68470,92,CHIC2,0.039999999999999994,0.021190399999999998,0
68471,92,RUNX1,0.4900000000000001,0.6297183000000001,0
68472,92,STAT6,0.24000000000000002,0.16438519999999998,0
68473,92,FH,-0.11000000000000001,-0.0261741,0
68474,92,AKT3,1.0100000000000002,0.6620834,0
68475,92,GNAS,0.22,0.13846250000000002,0
68476,92,CTNNB1,1.4500000000000008,0.9744275999999996,0
68477,92,NONO,0.10999999999999999,0.0689944,0
68478,92,SMARCB1,0.9900000000000004,0.7203091,0
68479,92,PRKAR1A,0.05999999999999999,0.0752148,0
68480,92,ITGAV,0.030000000000000002,0.032841800000000004,0
68481,92,SS18,0.39,0.2430609,0
68482,92,MAP2K1,1.0400000000000005,0.6682466,0
68483,92,SIRPA,0.0,0.0004147999999999999,0
68484,92,PPFIBP1,0.4,0.2648637,0
68485,92,RPL22,-0.18999999999999995,0.0800079,0
68486,92,CYLD,0.26,0.2009239,0
68487,92,ARID1B,0.6399999999999999,0.4627079,0
68488,92,SETDB1,0.29999999999999993,0.2105493,0
68489,92,AFDN,-0.36000000000000004,-0.13409300000000002,0
68490,92,ZRSR2,0.29000000000000004,0.20151590000000003,0
68491,92,PBRM1,0.9700000000000004,0.6916350000000002,0
68492,92,XPC,0.6200000000000001,0.4236267,0
68493,92,ASXL2,0.22999999999999998,0.1543543,0
68494,92,TRIM24,-0.23999999999999996,-0.1088339,0
68495,92,SFPQ,-0.11999999999999997,-0.0061003999999999885,0
68496,92,NCOA2,0.56,0.38603039999999994,0
68497,92,FOXO4,0.4,0.2710501,0
68498,92,LEF1,0.01999999999999999,0.047860700000000006,0
68499,92,B2M,-0.5600000000000002,-0.20313349999999994,0
68500,92,DDIT3,-0.34,-0.10066729999999999,0
68501,92,BCL6,0.53,0.37123580000000006,0
68502,92,KRAS,-2.1,-0.5217425,0
68503,92,FAT1,0.040000000000000015,0.04990889999999999,0
68504,92,ABL2,0.1,0.0693783,0
68505,92,NF1,0.7700000000000002,0.5977048999999999,0
68506,92,BTG1,-0.01,-0.0055317000000000005,0
68507,92,EIF4A2,0.049999999999999996,0.05221279999999999,0
68508,92,SET,0.14,0.1238964,0
68509,92,EPS15,0.020000000000000004,0.0252297,0
68510,92,RNF213,0.04,0.029927400000000003,0
68511,92,CTCF,0.9100000000000004,0.6464244000000001,0
68512,92,WDCP,0.07999999999999999,0.0664875,0
68513,92,KAT7,0.08999999999999998,0.07359849999999998,0
68514,92,KDM5C,0.16999999999999998,0.1522462,0
68515,92,TGFBR2,0.22999999999999998,0.1753032,0
68516,92,ATM,1.410000000000001,1.0787281999999998,0
68517,92,NUMA1,-0.05999999999999998,-0.021427999999999996,0
68518,92,STAT3,1.340000000000001,1.0700968000000002,0
68519,92,SUB1,-0.26,-0.0971272,0
68520,92,NUP98,0.050000000000000024,0.0741698,0
68521,92,ELL,-0.029999999999999992,0.011141799999999999,0
68522,92,MAP3K1,0.45,0.3327697,0
68523,92,MALT1,0.15,0.1344784,0
68524,92,XPO1,0.27,0.22310249999999998,0
68525,92,SETD1B,0.11000000000000001,0.08274150000000001,0
68526,92,ETV6,-0.25,-0.0945455,0
68527,92,TBL1XR1,0.19,0.11995149999999999,0
68528,92,NUP214,0.05,0.09710480000000002,0
68529,92,TPR,0.11000000000000001,0.10625730000000003,0
68530,92,ATIC,5.204170427930421e-18,0.006685500000000003,0
68531,92,NACA,0.24,0.16984670000000002,0
68532,92,MYO5A,-0.009999999999999998,-0.003847400000000001,0
68533,92,SMC1A,0.63,0.5000252999999999,0
68534,92,LASP1,-0.19,-0.10972509999999999,0
68535,92,ERCC5,0.51,0.35443710000000006,0
68536,92,JUN,0.31999999999999995,0.37920030000000005,0
68537,92,THRAP3,0.09,0.07491579999999999,0
68538,92,STAG2,0.54,0.40994040000000004,0
68539,92,RAF1,1.1400000000000003,0.8031507999999999,0
68540,92,ERCC3,0.57,0.4649554,0
68541,92,SMAD2,0.48000000000000026,0.4338595000000001,0
68542,92,TAF15,0.12,0.11298520000000001,0
68543,92,ARNT,0.33999999999999997,0.26639809999999997,0
68544,92,CLTC,-0.45000000000000007,-0.25573460000000003,0
68545,92,IKBKB,0.5800000000000002,0.4710967000000001,0
68546,92,IDH1,-0.55,-0.1537594,0
68547,92,SND1,-0.009999999999999997,-0.0027323999999999994,0
68548,92,KNSTRN,0.02,0.0152626,0
68549,92,RHOA,-0.86,-0.20965639999999997,0
68550,92,PALB2,0.6500000000000001,0.522165,0
68551,92,ARID2,0.6800000000000002,0.5041142999999999,0
68552,92,EZR,-0.09000000000000002,0.0001924000000000023,0
68553,92,TP53,-0.8799999999999997,-0.0387725,0
68554,92,ARAF,0.39,0.21084470000000002,0
68555,92,KIF5B,0.39,0.28124220000000005,0
68556,92,KAT6A,0.18,0.17152440000000002,0
68557,92,KTN1,-0.07,-0.022543700000000003,0
68558,92,GOLGA5,-0.12,-0.0809219,0
68559,92,KDM5A,0.2,0.19177300000000003,0
68560,92,RAD21,0.45000000000000007,0.3366061,0
68561,92,GNAQ,0.1,0.0734262,0
68562,92,CAMTA1,0.009999999999999998,0.0091409,0
68563,92,ERCC2,0.63,0.4500369,0
68564,92,EZH2,1.8600000000000012,1.2067572,0
68565,92,TOP1,0.14,0.1088486,0
68566,92,SRSF3,-0.5399999999999999,-0.17366169999999995,0
68567,92,NPM1,-0.1899999999999999,0.09148970000000001,0
68568,92,BAX,-0.49,-0.1603918,0
68569,92,NOTCH2,0.27,0.21474070000000003,0
68570,92,TRAF7,0.03,0.0218376,0
68571,92,KDM6A,0.9100000000000004,0.7435307,0
68572,92,SPEN,0.09,0.0676041,0
68573,92,TRIM27,-0.37000000000000005,-0.1405537,0
68574,92,CRTC1,0.14,0.1100169,0
68575,92,EML4,0.12999999999999998,0.14641629999999997,0
68576,92,USP9X,-0.08999999999999998,-0.05317689999999999,0
68577,92,PTPRK,0.01,0.0069012,0
68578,92,CD74,-0.15,-0.0034158999999999943,0
68579,92,CBL,0.5800000000000002,0.4236969999999998,0
68580,92,ZNF384,-0.09,-0.0451954,0
68581,92,NOTCH1,0.9600000000000005,0.7253321000000001,0
68582,92,COX6C,-0.14,-0.0553582,0
68583,92,CHCHD7,0.03,0.019388399999999997,0
68584,92,HMGA1,-0.14,-0.0592549,0
68585,92,PTEN,1.850000000000001,1.3380759000000002,0
68586,92,FIP1L1,-0.020000000000000004,-0.0150969,0
68587,92,JAK1,0.7400000000000002,0.5695486000000001,0
68588,92,ZMYM2,-0.08,-0.054951799999999995,0
68589,92,SUZ12,0.7200000000000002,0.48323079999999996,0
68590,92,FUS,-0.16999999999999996,0.12018240000000004,0
68591,92,BAP1,0.16999999999999998,0.1420892,0
68592,92,ZCCHC8,-0.05,-0.017098,0
68593,92,CRNKL1,-0.060000000000000005,-0.0356282,0
68594,92,RAD17,0.09000000000000001,0.0646082,0
68595,92,ATP1A1,-0.01,-0.0051976999999999995,0
68596,92,DNMT3A,0.6900000000000001,0.5363051000000001,0
68597,92,FBXW7,0.8500000000000003,0.6571792999999999,0
68598,92,WWTR1,-0.17,-0.0802548,0
68599,92,CDKN1B,0.6100000000000001,0.36942310000000006,0
68600,92,KMT2A,0.41000000000000003,0.338464,0
68601,92,PTPN11,0.8300000000000003,0.601152,0
68602,92,STAT5B,0.7200000000000003,0.5401316,0
68603,92,CUX1,-0.11,-0.0722428,0
68604,92,ABI1,-0.44999999999999996,-0.15207170000000003,0
68605,92,BRCA1,1.8400000000000012,1.3982671000000004,0
68606,92,SH2B3,0.030000000000000006,0.028110999999999997,0
68607,92,AFF4,0.13999999999999999,0.0986119,0
68608,92,NF2,-0.13,0.0037022000000000027,0
68609,92,LMNA,0.14,0.10427810000000001,0
68610,92,TSC2,0.45999999999999985,0.4006779000000001,0
68611,92,GOLPH3,-0.11,-0.0632462,0
68612,92,PCM1,-0.07,-0.0453698,0
68613,92,PPP2R1A,-0.22999999999999998,-0.0746174,0
68614,92,ARID1A,1.740000000000001,1.2152892,0
68615,92,ABL1,0.17000000000000012,0.17417139999999998,0
68616,92,AFF1,0.27999999999999997,0.21755839999999999,0
68617,92,DAXX,-0.16000000000000003,-0.0264775,0
68618,92,CBFB,0.13,0.1040909,0
68619,92,CBLB,0.13,0.0976897,0
68620,92,POLR2A,0.07999999999999996,0.1842839,0
68621,92,PRKACA,0.39000000000000007,0.3055269,0
68622,92,DNM2,-0.12000000000000001,-0.048316700000000004,0
68623,92,RAP1GDS1,-0.06999999999999999,-0.02859589999999999,0
68624,92,NCOR1,0.9500000000000003,0.8045473999999998,0
68625,92,NFKBIE,-0.21,-0.08179249999999999,0
68626,92,DDX3X,0.13,0.12479209999999999,0
68627,92,ELK4,0.01,0.006797299999999999,0
68628,92,MLLT6,0.12,0.09340399999999999,0
68629,92,SRSF2,-0.9400000000000001,-0.26722460000000003,0
68630,92,CTNNA1,0.11,0.0801127,0
68631,92,RBM10,0.23,0.16005760000000002,0
68632,92,PTPRC,0.09,0.11217769999999999,0
68633,92,HSP90AA1,1.2300000000000006,0.8118475,0
68634,93,NSD1,0.33,0.2862487,1
68635,93,DICER1,0.15999999999999995,0.23604579999999997,1
68636,93,BIRC6,0.16,0.1530252,1
68637,93,SDHC,0.42999999999999994,0.32132449999999996,1
68638,93,TFG,0.2,0.1277356,1
68639,93,MAP2K2,0.24999999999999997,0.17405640000000003,1
68640,93,TFRC,-0.23,-0.0924714,1
68641,93,CREB1,1.0100000000000005,0.8449078,1
68642,93,POLG,-0.03,-0.007809299999999999,1
68643,93,SETD2,0.6000000000000003,0.5615649,1
68644,93,NAB2,-0.46,-0.1399668,1
68645,93,HIF1A,1.700000000000001,1.3040908000000002,1
68646,93,FLCN,-0.06,0.008432499999999999,1
68647,93,MAP2K4,0.06000000000000002,0.1307458,1
68648,93,CNOT3,0.049999999999999996,0.04975629999999999,1
68649,93,CIITA,0.08,0.0474961,1
68650,93,LSM14A,0.16,0.13127,1
68651,93,AKAP9,-0.09,-0.009319400000000005,1
68652,93,MSN,-0.36999999999999994,-0.10576839999999998,1
68653,93,BCR,-0.02000000000000002,0.06040220000000001,1
68654,93,TRRAP,0.020000000000000007,0.2234285,1
68655,93,PPP6C,-0.13999999999999999,-0.059560699999999994,1
68656,93,NCOA4,-0.08000000000000002,-0.014580200000000001,1
68657,93,BCL9,0.2,0.16675610000000002,1
68658,93,PRCC,0.08,0.0632138,1
68659,93,LARP4B,0.03,0.0222738,1
68660,93,CHD2,0.02,0.0181104,1
68661,93,ASXL1,0.37,0.4067769999999999,1
68662,93,SMARCA4,1.990000000000001,1.5226886000000006,1
68663,93,ERC1,-0.019999999999999997,-0.015020799999999997,1
68664,93,DCTN1,-0.030000000000000013,0.026680699999999998,1
68665,93,PIK3R1,1.3100000000000007,1.0633191,1
68666,93,EED,0.19,0.12201319999999999,1
68667,93,CNBP,0.02,0.01237,1
68668,93,SGK1,0.5,0.3428670000000001,1
68669,93,MLLT10,-0.21000000000000002,-0.1121646,1
68670,93,BRD4,0.8800000000000002,0.7993480000000001,1
68671,93,RANBP2,0.33999999999999997,0.3159356,1
68672,93,FBXO11,0.06,0.049872200000000005,1
68673,93,PML,0.30000000000000004,0.22008109999999997,1
68674,93,AKT2,1.1200000000000006,0.7948101,1
68675,93,CEP89,0.04,0.024078799999999997,1
68676,93,LZTR1,0.13,0.1307507,1
68677,93,YWHAE,0.2,0.13463940000000002,1
68678,93,DNAJB1,-0.08,-0.017654000000000003,1
68679,93,PRDM2,0.08,0.06617390000000001,1
68680,93,TPM4,0.53,0.3766497999999999,1
68681,93,CREBBP,1.9100000000000013,1.5590925000000004,1
68682,93,PMS2,0.78,0.6715591,1
68683,93,DDR2,0.010000000000000002,0.004723599999999998,1
68684,93,FANCA,0.37000000000000005,0.32181190000000004,1
68685,93,PDE4DIP,0.08,0.0626186,1
68686,93,USP8,-0.049999999999999996,-0.021795899999999993,1
68687,93,MYH9,-0.47,-0.1348624,1
68688,93,MYC,-1.6700000000000006,-0.35927449999999994,1
68689,93,NBN,0.6300000000000001,0.5171881,1
68690,93,CCND3,-0.05,0.007436699999999996,1
68691,93,TRIP11,-0.10999999999999999,-0.0789923,1
68692,93,CNTRL,-0.07,-0.055225500000000004,1
68693,93,PIK3CA,1.320000000000001,1.1541431999999996,1
68694,93,DDX5,0.38999999999999996,0.3538962,1
68695,93,PICALM,0.02,0.018858,1
68696,93,RARA,0.0,0.09777060000000001,1
68697,93,DDX6,0.050000000000000024,0.1301682,1
68698,93,COL1A1,0.19000000000000003,0.16769579999999998,1
68699,93,VHL,0.2700000000000001,0.2020455,1
68700,93,MAPK1,1.800000000000001,1.2935198000000003,1
68701,93,SRC,0.009999999999999995,0.25834009999999996,1
68702,93,NFE2L2,0.36,0.2624091,1
68703,93,MITF,-0.17000000000000004,-0.021233400000000006,1
68704,93,SMAD3,1.2200000000000009,1.1083177,1
68705,93,RBM15,0.11,0.0950891,1
68706,93,ATR,0.7400000000000002,0.6138541,1
68707,93,EPAS1,0.36,0.3647965,1
68708,93,TPM3,0.19000000000000003,0.14451210000000003,1
68709,93,RPL10,0.11000000000000001,0.1175292,1
68710,93,STAG1,0.13,0.153061,1
68711,93,SBDS,-0.02,-0.0079686,1
68712,93,KMT2D,1.0400000000000003,0.8435301,1
68713,93,MED12,0.38999999999999996,0.32080220000000004,1
68714,93,BCLAF1,-0.019999999999999997,0.0450009,1
68715,93,ASPSCR1,-0.05,-0.018090500000000002,1
68716,93,CDK12,0.5700000000000001,0.4633676,1
68717,93,EWSR1,0.20999999999999996,0.2659304,1
68718,93,NDRG1,-0.08,-0.0254624,1
68719,93,PSIP1,0.01000000000000001,0.030066999999999986,1
68720,93,TRIM33,0.1,0.09405070000000001,1
68721,93,MTOR,1.1300000000000006,0.9194759,1
68722,93,ARHGAP35,0.14,0.1440294,1
68723,93,POT1,0.0,0.0147776,1
68724,93,EXT1,0.12,0.089184,1
68725,93,IL6ST,0.33,0.2794994,1
68726,93,IDH2,0.12,0.13292469999999998,1
68727,93,SMARCE1,0.34,0.2330781,1
68728,93,CRTC3,0.09999999999999999,0.0836694,1
68729,93,TSC1,0.22,0.26954219999999995,1
68730,93,BCOR,-0.11000000000000001,0.019472899999999994,1
68731,93,SDHA,0.26,0.1992063,1
68732,93,EP300,2.370000000000001,2.0529895,1
68733,93,HNRNPA2B1,0.47000000000000003,0.32363010000000003,1
68734,93,CLIP1,-0.11,-0.0589769,1
68735,93,PATZ1,-0.6200000000000001,-0.1453241,1
68736,93,FUBP1,-0.08,0.0275363,1
68737,93,HLA-A,-0.13,0.005607599999999994,1
68738,93,CCNC,-0.17,-0.0710795,1
68739,93,RPN1,-0.19,-0.06427970000000001,1
68740,93,TCF7L2,0.10999999999999999,0.1498111,1
68741,93,CANT1,0.010000000000000009,0.0184114,1
68742,93,RPL5,-0.47,-0.1285542,1
68743,93,CCDC6,0.13000000000000003,0.13181369999999998,1
68744,93,NCKIPSD,-0.049999999999999996,-0.013168099999999999,1
68745,93,SMARCD1,0.46,0.34808,1
68746,93,BCL10,0.03,0.07296910000000001,1
68747,93,MAX,0.06,0.0918118,1
68748,93,HERPUD1,-0.06,-0.0127476,1
68749,93,RAC1,0.009999999999999997,0.1327307,1
68750,93,FLNA,0.03999999999999999,0.0600027,1
68751,93,TFE3,-0.7700000000000001,-0.27678110000000006,1
68752,93,NCOR2,0.5400000000000001,0.4864638,1
68753,93,PRPF40B,0.05,0.030337,1
68754,93,BCL3,-0.12000000000000004,-0.019112000000000004,1
68755,93,TFPT,-0.38,-0.1090642,1
68756,93,MLH1,0.8400000000000001,0.7361801000000001,1
68757,93,ARHGAP5,0.12,0.1143938,1
68758,93,CIC,0.01,0.0067079999999999996,1
68759,93,LYN,0.8000000000000002,0.6053972,1
68760,93,TCF12,0.33,0.2710491,1
68761,93,KLF6,0.06,0.0372802,1
68762,93,KMT2C,1.0000000000000002,0.8330417,1
68763,93,PIM1,-0.09,-0.004925900000000011,1
68764,93,CCND1,1.2200000000000006,0.7521109,1
68765,93,MLLT1,-1.3800000000000003,-0.34045409999999987,1
68766,93,MEN1,-0.21999999999999997,-0.07668230000000001,1
68767,93,CUL3,0.13,0.16874319999999998,1
68768,93,RB1,0.6799999999999999,0.5629685000000001,1
68769,93,LPP,-0.13999999999999999,-0.0345278,1
68770,93,BUB1B,-0.17,-0.05567809999999999,1
68771,93,SMAD4,1.580000000000001,1.2944632000000005,1
68772,93,FGFR1,0.22999999999999998,0.22376580000000004,1
68773,93,TMSB4X,0.03,0.0228789,1
68774,93,CDK4,1.0300000000000005,0.6872868000000002,1
68775,93,MSI2,0.01,0.0077441,1
68776,93,MSH6,1.0100000000000005,0.8562869999999999,1
68777,93,BRAF,1.2000000000000006,1.0739775,1
68778,93,TCEA1,-0.12,-0.012973899999999997,1
68779,93,TNFAIP3,0.11,0.1088545,1
68780,93,RABEP1,0.0,0.00026639999999999997,1
68781,93,GMPS,-0.08000000000000002,-0.041355,1
68782,93,MDM2,1.2500000000000009,0.9843564,1
68783,93,NSD2,0.24999999999999997,0.1936937,1
68784,93,CASP8,-0.13,0.12522819999999998,1
68785,93,PER1,-0.22000000000000003,-0.07731439999999999,1
68786,93,UBR5,0.019999999999999993,0.0482072,1
68787,93,EIF3E,-6.938893903907228e-18,0.053820000000000014,1
68788,93,RFWD3,0.030000000000000002,0.0323613,1
68789,93,BRD3,0.09000000000000001,0.07046490000000001,1
68790,93,PAFAH1B2,0.03,0.0268734,1
68791,93,EXT2,0.009999999999999995,0.020043499999999992,1
68792,93,PLCG1,0.5499999999999999,0.43952220000000003,1
68793,93,SF3B1,-0.52,-0.22747150000000005,1
68794,93,ARHGEF10L,0.03,0.015987,1
68795,93,NFATC2,0.23000000000000004,0.16341719999999998,1
68796,93,SDHD,0.31999999999999995,0.2409705,1
68797,93,PABPC1,-0.9300000000000002,-0.2535006,1
68798,93,POLD1,-0.39,-0.08008799999999999,1
68799,93,CALR,-0.009999999999999997,0.04641270000000001,1
68800,93,PIK3CB,0.6800000000000002,0.5770126999999999,1
68801,93,PPM1D,0.30000000000000004,0.23032079999999996,1
68802,93,ATRX,1.0000000000000004,0.8661181,1
68803,93,DGCR8,0.19000000000000003,0.14863790000000002,1
68804,93,DDX10,0.18,0.1396886,1
68805,93,DROSHA,0.5500000000000002,0.4411516,1
68806,93,TNFRSF14,-0.19,-0.058728999999999996,1
68807,93,BCL9L,0.15000000000000002,0.11818750000000001,1
68808,93,QKI,0.05,0.038569299999999994,1
68809,93,BAZ1A,0.01,0.0076133,1
68810,93,CHD4,0.39,0.32687520000000003,1
68811,93,NSD3,0.07,0.1019804,1
68812,93,NT5C2,0.15000000000000002,0.08950440000000001,1
68813,93,CCNB1IP1,0.12000000000000001,0.053622100000000006,1
68814,93,PCBP1,-1.02,-0.2771498,1
68815,93,RALGDS,-0.12000000000000001,0.012210700000000005,1
68816,93,ARHGEF12,0.009999999999999995,0.0398494,1
68817,93,HSP90AB1,0.9500000000000002,0.6675404,1
68818,93,FOXO3,1.570000000000001,1.1860052000000003,1
68819,93,HIP1,-0.019999999999999997,-0.010289899999999998,1
68820,93,CDC73,0.08,0.1024648,1
68821,93,NIN,0.010000000000000002,0.007573999999999997,1
68822,93,MDM4,0.09000000000000001,0.16169190000000003,1
68823,93,COL3A1,0.22,0.1808776,1
68824,93,CTNND1,0.13,0.15076900000000001,1
68825,93,SPOP,0.05000000000000001,0.0788562,1
68826,93,TMEM127,0.11000000000000001,0.06240539999999999,1
68827,93,CREB3L2,0.1,0.06350360000000001,1
68828,93,MSH2,1.0600000000000005,0.8950999999999999,1
68829,93,FNBP1,0.020000000000000004,0.040060200000000004,1
68830,93,ATF1,0.14,0.0942299,1
68831,93,EIF1AX,-0.44999999999999996,-0.18154269999999997,1
68832,93,PMS1,0.44999999999999996,0.35139649999999995,1
68833,93,DEK,0.15000000000000002,0.13699530000000001,1
68834,93,ERBB2,1.0900000000000005,0.7039028999999999,1
68835,93,AKT1,0.38999999999999996,0.3698118,1
68836,93,CHEK2,0.5400000000000001,0.5757995999999999,1
68837,93,SDHB,0.39000000000000007,0.29641409999999996,1
68838,93,NCOA1,0.46,0.36728960000000005,1
68839,93,CHIC2,0.09,0.0628416,1
68840,93,RUNX1,0.13999999999999999,0.59245,1
68841,93,STAT6,0.36,0.33744799999999997,1
68842,93,FH,-0.05,0.0031961999999999893,1
68843,93,AKT3,1.1800000000000004,0.8695950000000003,1
68844,93,GNAS,0.36,0.2446307,1
68845,93,CTNNB1,1.4400000000000006,1.0032135999999998,1
68846,93,NONO,0.29000000000000004,0.2557205,1
68847,93,SMARCB1,0.9900000000000004,0.7665345,1
68848,93,PRKAR1A,0.22,0.20265160000000004,1
68849,93,ITGAV,-5.204170427930421e-18,0.04752909999999999,1
68850,93,SS18,0.42000000000000004,0.30189410000000005,1
68851,93,MAP2K1,1.1000000000000003,0.6744489,1
68852,93,SIRPA,-0.08,-0.019473499999999998,1
68853,93,PPFIBP1,0.43,0.3176256,1
68854,93,RPL22,-0.18000000000000005,0.0950786,1
68855,93,CYLD,0.31000000000000005,0.2511569,1
68856,93,ARID1B,0.8200000000000001,0.6397701,1
68857,93,SETDB1,0.31,0.2233812,1
68858,93,AFDN,-0.33000000000000007,-0.09952510000000002,1
68859,93,ZRSR2,-0.009999999999999998,0.0016838999999999951,1
68860,93,PBRM1,0.9500000000000004,0.7429490000000001,1
68861,93,XPC,0.49,0.2960996,1
68862,93,ASXL2,0.28,0.20763199999999998,1
68863,93,TRIM24,-0.19,0.0036374000000000102,1
68864,93,SFPQ,-0.41000000000000003,-0.11258550000000002,1
68865,93,NCOA2,0.5700000000000001,0.48412360000000004,1
68866,93,FOXO4,0.38,0.2441496,1
68867,93,LEF1,0.18000000000000002,0.1784031,1
68868,93,B2M,-0.31000000000000005,-0.13862310000000005,1
68869,93,DDIT3,-0.4,-0.1179544,1
68870,93,BCL6,0.3700000000000001,0.3089927,1
68871,93,KRAS,0.22000000000000006,0.26541020000000004,1
68872,93,FAT1,0.10999999999999999,0.0805654,1
68873,93,ABL2,0.010000000000000007,0.033336500000000005,1
68874,93,NF1,1.2900000000000007,1.0597065,1
68875,93,BTG1,-0.05,-0.023099,1
68876,93,EIF4A2,0.060000000000000005,0.0323361,1
68877,93,SET,0.16999999999999998,0.13821039999999998,1
68878,93,EPS15,0.09,0.0778707,1
68879,93,RNF213,0.05,0.0443184,1
68880,93,CTCF,0.9700000000000005,0.6630139,1
68881,93,WDCP,0.22,0.1329934,1
68882,93,KAT7,0.18,0.1551128,1
68883,93,KDM5C,0.21000000000000002,0.1949366,1
68884,93,TGFBR2,0.19999999999999998,0.18410149999999997,1
68885,93,ATM,0.8200000000000005,0.9128658000000001,1
68886,93,NUMA1,3.469446951953614e-18,0.0160405,1
68887,93,STAT3,0.9900000000000005,0.9329520999999996,1
68888,93,SUB1,-0.05,-0.0204751,1
68889,93,NUP98,0.14999999999999997,0.19029569999999998,1
68890,93,ELL,0.049999999999999996,0.027047900000000007,1
68891,93,MAP3K1,0.48000000000000004,0.37074879999999993,1
68892,93,MALT1,0.13,0.1438246,1
68893,93,XPO1,0.5900000000000002,0.4861497,1
68894,93,SETD1B,0.27,0.2197518,1
68895,93,ETV6,0.010000000000000004,0.04127410000000001,1
68896,93,TBL1XR1,0.25,0.1826496,1
68897,93,NUP214,-0.029999999999999978,0.18009290000000003,1
68898,93,TPR,0.12000000000000001,0.10543809999999999,1
68899,93,ATIC,0.15000000000000002,0.1496138,1
68900,93,NACA,0.22999999999999998,0.1441451,1
68901,93,MYO5A,0.01,0.008333,1
68902,93,SMC1A,0.3400000000000001,0.43692129999999996,1
68903,93,LASP1,-0.26,-0.1267754,1
68904,93,ERCC5,0.38000000000000006,0.22576069999999998,1
68905,93,JUN,-0.41999999999999993,0.028531200000000003,1
68906,93,THRAP3,0.06999999999999999,0.05653230000000001,1
68907,93,STAG2,0.26999999999999996,0.2884044,1
68908,93,RAF1,0.7500000000000003,0.6059344,1
68909,93,ERCC3,0.51,0.43537669999999995,1
68910,93,SMAD2,0.4400000000000003,0.5238571999999999,1
68911,93,TAF15,0.2,0.1631193,1
68912,93,ARNT,0.24,0.2253616,1
68913,93,CLTC,-0.6900000000000002,-0.2904038,1
68914,93,IKBKB,0.3599999999999999,0.3961443,1
68915,93,IDH1,-0.5800000000000001,-0.1736338,1
68916,93,SND1,0.0,0.0222377,1
68917,93,KNSTRN,0.02,0.014547000000000001,1
68918,93,RHOA,-2.6400000000000006,-0.6322816000000001,1
68919,93,PALB2,0.63,0.5605022000000001,1
68920,93,ARID2,0.8200000000000001,0.6500237000000001,1
68921,93,EZR,-0.14,-0.03860700000000001,1
68922,93,TP53,-0.26,0.18021069999999997,1
68923,93,ARAF,0.4100000000000001,0.2300738,1
68924,93,KIF5B,0.54,0.41272260000000005,1
68925,93,KAT6A,0.19000000000000003,0.23019080000000003,1
68926,93,KTN1,-0.08,-0.010127600000000002,1
68927,93,GOLGA5,-0.1,-0.06649089999999999,1
68928,93,KDM5A,0.29000000000000004,0.2743106,1
68929,93,RAD21,0.5800000000000001,0.4825825,1
68930,93,GNAQ,0.30999999999999994,0.2565685,1
68931,93,CAMTA1,0.07,0.0511466,1
68932,93,ERCC2,0.63,0.48557569999999994,1
68933,93,EZH2,1.5500000000000012,1.2534509,1
68934,93,TOP1,0.26,0.2069893,1
68935,93,SRSF3,-0.32999999999999996,-0.08104310000000002,1
68936,93,NPM1,0.13000000000000003,0.1786492,1
68937,93,BAX,-0.5900000000000001,-0.14037660000000002,1
68938,93,NOTCH2,0.3,0.2573679,1
68939,93,TRAF7,0.01,0.0067006,1
68940,93,KDM6A,0.8300000000000003,0.8437352000000004,1
68941,93,SPEN,0.13999999999999999,0.11284060000000001,1
68942,93,TRIM27,-0.6,-0.16899920000000002,1
68943,93,CRTC1,0.15,0.1197519,1
68944,93,EML4,0.26,0.2996626,1
68945,93,USP9X,-0.019999999999999997,-0.0165605,1
68946,93,PTPRK,-0.01,-0.0056577,1
68947,93,CD74,-0.21000000000000002,-0.0306289,1
68948,93,CBL,0.52,0.4816869,1
68949,93,ZNF384,0.05,0.0404164,1
68950,93,NOTCH1,1.1300000000000006,0.8207114999999998,1
68951,93,COX6C,-0.15999999999999998,-0.04609829999999999,1
68952,93,CHCHD7,0.03,0.0198297,1
68953,93,HMGA1,-0.010000000000000002,-0.0008398000000000034,1
68954,93,PTEN,1.2000000000000008,1.1926091000000003,1
68955,93,FIP1L1,-0.06,-0.014823199999999995,1
68956,93,JAK1,0.8400000000000001,0.7057209000000001,1
68957,93,ZMYM2,-0.009999999999999997,-0.006759699999999997,1
68958,93,SUZ12,0.9200000000000004,0.7039875999999999,1
68959,93,FUS,-0.7799999999999998,-0.08146959999999998,1
68960,93,BAP1,-0.52,-0.20370230000000003,1
68961,93,ZCCHC8,-0.08,-0.0224136,1
68962,93,CRNKL1,0.019999999999999997,0.015094100000000001,1
68963,93,RAD17,0.18999999999999997,0.1411139,1
68964,93,ATP1A1,0.02,0.011730500000000001,1
68965,93,DNMT3A,1.0300000000000005,0.8276935000000003,1
68966,93,FBXW7,0.9700000000000004,0.8414988000000001,1
68967,93,WWTR1,-0.12,-0.0424307,1
68968,93,CDKN1B,0.3700000000000001,0.30471159999999997,1
68969,93,KMT2A,0.30000000000000004,0.35451200000000005,1
68970,93,PTPN11,1.1200000000000008,0.953179,1
68971,93,STAT5B,0.6600000000000001,0.5477935,1
68972,93,CUX1,-0.08,-0.053999099999999994,1
68973,93,ABI1,-0.26,-0.0653924,1
68974,93,BRCA1,1.8200000000000014,1.4992433999999997,1
68975,93,SH2B3,0.09,0.0520623,1
68976,93,AFF4,-0.10999999999999999,-0.047981799999999984,1
68977,93,NF2,0.14,0.14656329999999998,1
68978,93,LMNA,-0.010000000000000002,0.010339200000000002,1
68979,93,TSC2,0.8600000000000003,0.6881343999999999,1
68980,93,GOLPH3,-0.049999999999999996,-0.0354733,1
68981,93,PCM1,-0.02,-0.016509899999999997,1
68982,93,PPP2R1A,-0.42000000000000004,-0.11449029999999999,1
68983,93,ARID1A,1.750000000000001,1.4199001000000002,1
68984,93,ABL1,-0.6300000000000001,-0.07722539999999999,1
68985,93,AFF1,0.07,0.09750520000000001,1
68986,93,DAXX,-0.5099999999999999,-0.1226109,1
68987,93,CBFB,-6.938893903907228e-18,0.0904852,1
68988,93,CBLB,0.17,0.1501005,1
68989,93,POLR2A,-0.27999999999999997,0.10507230000000004,1
68990,93,PRKACA,0.24,0.2520645999999999,1
68991,93,DNM2,-0.14,-0.0462196,1
68992,93,RAP1GDS1,0.040000000000000036,0.05728899999999999,1
68993,93,NCOR1,0.9500000000000002,0.9344381000000003,1
68994,93,NFKBIE,-0.44000000000000006,-0.1315371,1
68995,93,DDX3X,0.26999999999999996,0.24408709999999995,1
68996,93,ELK4,0.03,0.025711499999999998,1
68997,93,MLLT6,0.05,0.04891229999999999,1
68998,93,SRSF2,-2.810000000000001,-0.6699875000000001,1
68999,93,CTNNA1,0.17,0.130096,1
69000,93,RBM10,0.15000000000000002,0.1117646,1
69001,93,PTPRC,-0.009999999999999995,0.0908254,1
69002,93,HSP90AA1,0.8100000000000003,0.5724404999999999,1
69003,93,NSD1,0.23,0.19024869999999997,0
69004,93,DICER1,0.10000000000000003,0.1478157,0
69005,93,BIRC6,0.060000000000000005,0.0530822,0
69006,93,SDHC,0.2800000000000001,0.20442799999999994,0
69007,93,TFG,0.33,0.18262079999999997,0
69008,93,MAP2K2,0.37000000000000005,0.26373420000000003,0
69009,93,TFRC,-0.22,-0.09648079999999999,0
69010,93,CREB1,0.8600000000000003,0.6176356,0
69011,93,POLG,0.02,0.0072498,0
69012,93,SETD2,0.6600000000000001,0.5494791999999998,0
69013,93,NAB2,-0.30000000000000004,-0.11270840000000001,0
69014,93,HIF1A,1.640000000000001,1.1274680999999998,0
69015,93,FLCN,0.03,0.031668299999999996,0
69016,93,MAP2K4,0.10999999999999999,0.1148498,0
69017,93,CNOT3,-0.06,-0.011476599999999997,0
69018,93,CIITA,0.1,0.0651294,0
69019,93,LSM14A,0.06,0.0571046,0
69020,93,AKAP9,-0.06,-0.015083599999999999,0
69021,93,MSN,-0.28,-0.04461400000000001,0
69022,93,BCR,0.05,0.0435453,0
69023,93,TRRAP,0.02999999999999997,0.0960208,0
69024,93,PPP6C,-0.17,-0.08063440000000001,0
69025,93,NCOA4,-0.28,-0.1444244,0
69026,93,BCL9,0.14,0.11422210000000001,0
69027,93,PRCC,0.03000000000000001,0.02448530000000001,0
69028,93,LARP4B,0.0,0.0,0
69029,93,CHD2,0.01,0.0075613,0
69030,93,ASXL1,0.5499999999999999,0.4896732000000001,0
69031,93,SMARCA4,1.2400000000000007,0.9496234999999998,0
69032,93,ERC1,-0.03,-0.0211671,0
69033,93,DCTN1,-0.27999999999999997,-0.1315629,0
69034,93,PIK3R1,1.3900000000000008,0.9213783000000002,0
69035,93,EED,-0.07999999999999999,0.007518499999999994,0
69036,93,CNBP,0.03,0.018819,0
69037,93,SGK1,0.29,0.1648411,0
69038,93,MLLT10,0.009999999999999998,0.028511999999999996,0
69039,93,BRD4,1.1100000000000005,0.8264734,0
69040,93,RANBP2,0.09,0.18138929999999998,0
69041,93,FBXO11,0.060000000000000005,0.04673100000000001,0
69042,93,PML,0.32999999999999996,0.24878909999999996,0
69043,93,AKT2,0.9900000000000002,0.6577233,0
69044,93,CEP89,0.08,0.0504496,0
69045,93,LZTR1,0.030000000000000002,0.05319019999999999,0
69046,93,YWHAE,0.24,0.15381049999999996,0
69047,93,DNAJB1,0.009999999999999995,0.015564700000000004,0
69048,93,PRDM2,0.06,0.043491199999999994,0
69049,93,TPM4,0.49000000000000005,0.3088054,0
69050,93,CREBBP,1.8300000000000012,1.4355109999999998,0
69051,93,PMS2,0.6700000000000002,0.5960606,0
69052,93,DDR2,0.039999999999999994,0.029753300000000003,0
69053,93,FANCA,0.38,0.2988516,0
69054,93,PDE4DIP,0.04,0.025109599999999996,0
69055,93,USP8,-0.08,-0.0395982,0
69056,93,MYH9,-0.19000000000000003,-0.01650570000000001,0
69057,93,MYC,-1.8900000000000008,-0.6376702,0
69058,93,NBN,0.5000000000000001,0.3625483,0
69059,93,CCND3,-0.020000000000000004,0.037237700000000006,0
69060,93,TRIP11,-0.11000000000000001,-0.06976280000000001,0
69061,93,CNTRL,-0.06999999999999999,-0.0504006,0
69062,93,PIK3CA,1.5600000000000007,1.0559535000000004,0
69063,93,DDX5,0.34,0.28184610000000004,0
69064,93,PICALM,-0.009999999999999998,-0.002620000000000001,0
69065,93,RARA,0.6500000000000002,0.44375970000000015,0
69066,93,DDX6,0.01,0.06354509999999998,0
69067,93,COL1A1,0.16000000000000003,0.14875520000000003,0
69068,93,VHL,0.14,0.0974525,0
69069,93,MAPK1,1.4500000000000008,0.9021582999999999,0
69070,93,SRC,-0.22000000000000003,0.13530730000000007,0
69071,93,NFE2L2,0.25,0.1695838,0
69072,93,MITF,-0.24000000000000002,-0.05539039999999999,0
69073,93,SMAD3,1.2000000000000008,0.8631232000000001,0
69074,93,RBM15,0.08,0.0653981,0
69075,93,ATR,0.6800000000000003,0.5861728999999997,0
69076,93,EPAS1,0.37,0.33402259999999995,0
69077,93,TPM3,0.32,0.21667050000000004,0
69078,93,RPL10,0.15000000000000002,0.1315704,0
69079,93,STAG1,0.08,0.11054459999999999,0
69080,93,SBDS,-0.04,-0.0157714,0
69081,93,KMT2D,0.9600000000000004,0.6874892,0
69082,93,MED12,0.29000000000000004,0.2202928,0
69083,93,BCLAF1,-0.010000000000000009,0.0448884,0
69084,93,ASPSCR1,0.030000000000000006,0.024846400000000005,0
69085,93,CDK12,0.22,0.1598186,0
69086,93,EWSR1,0.49,0.37662180000000006,0
69087,93,NDRG1,-0.030000000000000002,-0.012688699999999999,0
69088,93,PSIP1,-0.14,-0.0637931,0
69089,93,TRIM33,0.020000000000000004,0.031180100000000006,0
69090,93,MTOR,1.3000000000000007,0.8879431999999999,0
69091,93,ARHGAP35,0.15,0.15305619999999998,0
69092,93,POT1,-0.029999999999999995,0.0017288000000000008,0
69093,93,EXT1,0.1,0.061505000000000004,0
69094,93,IL6ST,0.28,0.2046497,0
69095,93,IDH2,0.11999999999999998,0.1083784,0
69096,93,SMARCE1,0.44,0.2667798,0
69097,93,CRTC3,0.09,0.0689448,0
69098,93,TSC1,0.25999999999999995,0.2402187,0
69099,93,BCOR,-0.15,-0.020044500000000003,0
69100,93,SDHA,0.25,0.15940350000000003,0
69101,93,EP300,1.5100000000000013,1.1351490999999998,0
69102,93,HNRNPA2B1,0.34,0.2765481,0
69103,93,CLIP1,-0.11,-0.06642709999999999,0
69104,93,PATZ1,-0.4,-0.1116257,0
69105,93,FUBP1,-0.16,-0.014511099999999997,0
69106,93,HLA-A,-0.12000000000000002,0.027708000000000003,0
69107,93,CCNC,-0.06,-0.0233547,0
69108,93,RPN1,-0.22,-0.0680751,0
69109,93,TCF7L2,0.009999999999999972,0.062469,0
69110,93,CANT1,0.15000000000000002,0.08833850000000001,0
69111,93,RPL5,-0.7,-0.19342600000000001,0
69112,93,CCDC6,-0.07,0.007135699999999995,0
69113,93,NCKIPSD,0.02,0.0099494,0
69114,93,SMARCD1,0.3899999999999999,0.26145430000000003,0
69115,93,BCL10,6.938893903907228e-18,0.022861300000000005,0
69116,93,MAX,-0.019999999999999997,0.0006638000000000008,0
69117,93,HERPUD1,0.04,0.0201052,0
69118,93,RAC1,0.14999999999999997,0.18200960000000002,0
69119,93,FLNA,0.13,0.1242743,0
69120,93,TFE3,-0.32,-0.13775079999999998,0
69121,93,NCOR2,0.7300000000000002,0.5253881,0
69122,93,PRPF40B,-0.02,-0.0116426,0
69123,93,BCL3,-0.06999999999999999,-0.014516299999999996,0
69124,93,TFPT,-0.2,-0.07888880000000001,0
69125,93,MLH1,0.8300000000000001,0.6764983999999997,0
69126,93,ARHGAP5,0.14,0.10771069999999999,0
69127,93,CIC,0.0,0.0,0
69128,93,LYN,0.9100000000000004,0.608756,0
69129,93,TCF12,0.23,0.16720220000000002,0
69130,93,KLF6,0.04,0.0218579,0
69131,93,KMT2C,1.0200000000000002,0.7744273000000002,0
69132,93,PIM1,-0.15000000000000002,-0.05226640000000001,0
69133,93,CCND1,1.4000000000000008,0.8674751000000003,0
69134,93,MLLT1,-0.6800000000000002,-0.21122660000000004,0
69135,93,MEN1,0.06000000000000002,0.07985849999999999,0
69136,93,CUL3,0.13000000000000003,0.15452200000000002,0
69137,93,RB1,0.6500000000000001,0.47576289999999993,0
69138,93,LPP,-0.06,-0.0252281,0
69139,93,BUB1B,-0.11,-0.05083650000000001,0
69140,93,SMAD4,1.5000000000000009,1.0929504000000003,0
69141,93,FGFR1,0.28,0.19578230000000002,0
69142,93,TMSB4X,0.04,0.0322232,0
69143,93,CDK4,0.61,0.46857960000000004,0
69144,93,MSI2,0.01,0.0067575,0
69145,93,MSH6,0.9300000000000004,0.6888069999999998,0
69146,93,BRAF,0.9800000000000003,0.8412837,0
69147,93,TCEA1,-0.06000000000000001,-0.00040210000000000246,0
69148,93,TNFAIP3,0.060000000000000005,0.08079439999999999,0
69149,93,RABEP1,0.010000000000000002,0.004951199999999999,0
69150,93,GMPS,-0.08,-0.04391200000000001,0
69151,93,MDM2,1.2800000000000007,0.8619615000000002,0
69152,93,NSD2,0.18,0.11950509999999998,0
69153,93,CASP8,0.03000000000000004,0.17968079999999997,0
69154,93,PER1,-0.22999999999999998,-0.04212950000000001,0
69155,93,UBR5,-0.039999999999999994,-0.002799399999999997,0
69156,93,EIF3E,-0.09000000000000002,0.0392459,0
69157,93,RFWD3,0.030000000000000002,0.0306856,0
69158,93,BRD3,0.13,0.09828510000000001,0
69159,93,PAFAH1B2,0.02,0.015794,0
69160,93,EXT2,0.0,0.002829000000000005,0
69161,93,PLCG1,0.57,0.37936349999999996,0
69162,93,SF3B1,-0.29,-0.1036519,0
69163,93,ARHGEF10L,0.02,0.0110792,0
69164,93,NFATC2,0.21,0.1462617,0
69165,93,SDHD,0.24000000000000005,0.13506849999999998,0
69166,93,PABPC1,-0.7200000000000001,-0.1947358,0
69167,93,POLD1,-0.29000000000000004,-0.06484569999999999,0
69168,93,CALR,0.07,0.0517646,0
69169,93,PIK3CB,0.6100000000000001,0.4576821,0
69170,93,PPM1D,0.17,0.12489040000000001,0
69171,93,ATRX,0.9500000000000005,0.7686466999999999,0
69172,93,DGCR8,0.13999999999999999,0.0826944,0
69173,93,DDX10,0.11,0.07229,0
69174,93,DROSHA,0.38,0.27214710000000003,0
69175,93,TNFRSF14,-0.11,-0.0439456,0
69176,93,BCL9L,0.16,0.11053519999999999,0
69177,93,QKI,-0.09999999999999999,-0.0569844,0
69178,93,BAZ1A,0.01,0.0068836,0
69179,93,CHD4,0.29000000000000004,0.24952750000000004,0
69180,93,NSD3,-0.010000000000000005,0.03562769999999999,0
69181,93,NT5C2,0.14,0.08837740000000001,0
69182,93,CCNB1IP1,0.09,0.0375903,0
69183,93,PCBP1,-0.72,-0.21904139999999997,0
69184,93,RALGDS,0.12,0.0819319,0
69185,93,ARHGEF12,0.0,0.004815999999999999,0
69186,93,HSP90AB1,1.2200000000000004,0.7931066,0
69187,93,FOXO3,1.2900000000000005,0.8709839999999999,0
69188,93,HIP1,-0.02,-0.0127301,0
69189,93,CDC73,-0.07000000000000002,0.019385899999999998,0
69190,93,NIN,0.01,0.006248800000000002,0
69191,93,MDM4,0.11000000000000001,0.14882589999999998,0
69192,93,COL3A1,0.17,0.1509744,0
69193,93,CTNND1,0.15000000000000002,0.13699740000000005,0
69194,93,SPOP,0.020000000000000004,0.03953020000000001,0
69195,93,TMEM127,0.12,0.08694299999999999,0
69196,93,CREB3L2,0.12,0.07077520000000001,0
69197,93,MSH2,0.9600000000000004,0.6743302999999999,0
69198,93,FNBP1,-0.019999999999999997,-0.007926999999999998,0
69199,93,ATF1,-0.029999999999999995,-0.014948,0
69200,93,EIF1AX,-0.39999999999999997,-0.1889095,0
69201,93,PMS1,0.53,0.39906499999999995,0
69202,93,DEK,0.09000000000000001,0.0887185,0
69203,93,ERBB2,0.9600000000000003,0.5954054999999998,0
69204,93,AKT1,1.4600000000000009,0.9186827999999995,0
69205,93,CHEK2,0.3,0.3955614,0
69206,93,SDHB,0.41,0.2663148,0
69207,93,NCOA1,0.35,0.24852510000000003,0
69208,93,CHIC2,0.04000000000000001,0.022067600000000003,0
69209,93,RUNX1,0.5600000000000004,0.6445318000000003,0
69210,93,STAT6,0.4,0.2889309,0
69211,93,FH,-0.17,-0.05620260000000001,0
69212,93,AKT3,1.0100000000000002,0.6572751,0
69213,93,GNAS,0.28,0.1732271,0
69214,93,CTNNB1,1.4000000000000008,0.9135242000000003,0
69215,93,NONO,0.13,0.0858214,0
69216,93,SMARCB1,0.9100000000000004,0.648275,0
69217,93,PRKAR1A,0.07999999999999999,0.07872190000000001,0
69218,93,ITGAV,0.010000000000000009,0.022872099999999996,0
69219,93,SS18,0.41000000000000003,0.2613345,0
69220,93,MAP2K1,1.0900000000000005,0.6734412999999999,0
69221,93,SIRPA,-0.02,-0.0101773,0
69222,93,PPFIBP1,0.38999999999999996,0.25714679999999995,0
69223,93,RPL22,-0.14999999999999997,0.10545900000000001,0
69224,93,CYLD,0.27,0.20317819999999998,0
69225,93,ARID1B,0.6699999999999999,0.48325589999999996,0
69226,93,SETDB1,0.32,0.2248498,0
69227,93,AFDN,-0.31,-0.12263450000000004,0
69228,93,ZRSR2,0.31,0.2235312,0
69229,93,PBRM1,0.9900000000000004,0.7007104999999999,0
69230,93,XPC,0.6300000000000001,0.4184252,0
69231,93,ASXL2,0.21000000000000002,0.1363175,0
69232,93,TRIM24,-0.26,-0.1136009,0
69233,93,SFPQ,-0.10999999999999999,0.013311199999999981,0
69234,93,NCOA2,0.46,0.3020019,0
69235,93,FOXO4,0.4,0.2582449,0
69236,93,LEF1,0.13000000000000003,0.10906630000000002,0
69237,93,B2M,-0.6799999999999999,-0.22216940000000002,0
69238,93,DDIT3,-0.4,-0.10565939999999999,0
69239,93,BCL6,0.54,0.3734125,0
69240,93,KRAS,-1.2800000000000002,-0.286017,0
69241,93,FAT1,0.06,0.05305119999999999,0
69242,93,ABL2,0.09000000000000001,0.0654534,0
69243,93,NF1,0.8500000000000003,0.6559664,0
69244,93,BTG1,-0.01,-0.0058721,0
69245,93,EIF4A2,0.09000000000000001,0.068088,0
69246,93,SET,0.16,0.1362057,0
69247,93,EPS15,-3.469446951953614e-18,0.013776100000000003,0
69248,93,RNF213,0.019999999999999997,0.0167633,0
69249,93,CTCF,0.8300000000000003,0.5944565999999999,0
69250,93,WDCP,0.08999999999999998,0.06739139999999999,0
69251,93,KAT7,0.13,0.09834019999999999,0
69252,93,KDM5C,0.17,0.1480752,0
69253,93,TGFBR2,0.18999999999999997,0.1321984,0
69254,93,ATM,1.550000000000001,1.1563472000000001,0
69255,93,NUMA1,-0.02,0.003430500000000003,0
69256,93,STAT3,1.6100000000000008,1.2290497000000002,0
69257,93,SUB1,-0.30000000000000004,-0.10123760000000001,0
69258,93,NUP98,0.04999999999999997,0.08981890000000001,0
69259,93,ELL,0.05,0.04266630000000002,0
69260,93,MAP3K1,0.44,0.31409980000000004,0
69261,93,MALT1,0.16,0.13887960000000002,0
69262,93,XPO1,0.30999999999999994,0.2563658,0
69263,93,SETD1B,0.13,0.09020310000000001,0
69264,93,ETV6,-0.13,-0.023797300000000007,0
69265,93,TBL1XR1,0.19000000000000003,0.12311210000000002,0
69266,93,NUP214,0.010000000000000037,0.10210919999999998,0
69267,93,TPR,0.09000000000000001,0.10212999999999997,0
69268,93,ATIC,0.060000000000000005,0.0484803,0
69269,93,NACA,0.23,0.1591228,0
69270,93,MYO5A,0.0,0.004541899999999998,0
69271,93,SMC1A,0.6000000000000001,0.46727150000000006,0
69272,93,LASP1,-0.19,-0.1108824,0
69273,93,ERCC5,0.46,0.3086563,0
69274,93,JUN,0.7800000000000002,0.5535198999999998,0
69275,93,THRAP3,0.08,0.06735690000000001,0
69276,93,STAG2,0.5900000000000001,0.41927520000000007,0
69277,93,RAF1,1.1600000000000006,0.7871180000000002,0
69278,93,ERCC3,0.5,0.4073778,0
69279,93,SMAD2,0.5500000000000003,0.4744555,0
69280,93,TAF15,0.16,0.13415080000000001,0
69281,93,ARNT,0.26999999999999996,0.21549520000000003,0
69282,93,CLTC,-0.6200000000000001,-0.33214429999999995,0
69283,93,IKBKB,0.5400000000000003,0.40683319999999995,0
69284,93,IDH1,-0.35000000000000003,-0.07273390000000002,0
69285,93,SND1,3.469446951953614e-18,0.004420499999999999,0
69286,93,KNSTRN,0.03,0.0234966,0
69287,93,RHOA,-0.94,-0.2318462,0
69288,93,PALB2,0.67,0.5429236,0
69289,93,ARID2,0.6900000000000002,0.5143079999999999,0
69290,93,EZR,-0.11000000000000001,-0.013645300000000016,0
69291,93,TP53,-1.0099999999999998,-0.04522080000000006,0
69292,93,ARAF,0.37,0.2024084,0
69293,93,KIF5B,0.41,0.2954681,0
69294,93,KAT6A,0.22999999999999998,0.1921319,0
69295,93,KTN1,-0.060000000000000005,-0.015733500000000004,0
69296,93,GOLGA5,-0.14,-0.0871302,0
69297,93,KDM5A,0.19999999999999996,0.18542,0
69298,93,RAD21,0.42000000000000004,0.3213596,0
69299,93,GNAQ,0.12,0.08935119999999999,0
69300,93,CAMTA1,0.0,0.0006931999999999989,0
69301,93,ERCC2,0.63,0.4366241,0
69302,93,EZH2,1.9100000000000013,1.2474176,0
69303,93,TOP1,0.21000000000000002,0.14847070000000004,0
69304,93,SRSF3,-0.3500000000000001,-0.09785109999999998,0
69305,93,NPM1,-0.05,0.08834619999999999,0
69306,93,BAX,-0.42999999999999994,-0.1420219,0
69307,93,NOTCH2,0.26,0.1985151,0
69308,93,TRAF7,0.03,0.0228207,0
69309,93,KDM6A,0.8200000000000003,0.702032,0
69310,93,SPEN,0.1,0.0719863,0
69311,93,TRIM27,-0.3400000000000001,-0.12327360000000001,0
69312,93,CRTC1,0.14,0.1113616,0
69313,93,EML4,0.13999999999999999,0.1349279,0
69314,93,USP9X,-0.14,-0.08649319999999999,0
69315,93,PTPRK,0.01,0.0065485000000000005,0
69316,93,CD74,-0.05999999999999999,0.0309896,0
69317,93,CBL,0.56,0.3835949,0
69318,93,ZNF384,-0.07,-0.0357907,0
69319,93,NOTCH1,1.0100000000000005,0.7350595,0
69320,93,COX6C,-0.11000000000000001,-0.0545635,0
69321,93,CHCHD7,0.03,0.0195666,0
69322,93,HMGA1,-0.1,-0.041295700000000005,0
69323,93,PTEN,1.5000000000000009,1.1608304999999994,0
69324,93,FIP1L1,-0.029999999999999992,-0.0170001,0
69325,93,JAK1,0.7100000000000002,0.5326339999999999,0
69326,93,ZMYM2,-0.060000000000000005,-0.0398353,0
69327,93,SUZ12,0.6600000000000001,0.44675170000000003,0
69328,93,FUS,-0.19,0.10151449999999998,0
69329,93,BAP1,0.16000000000000003,0.131987,0
69330,93,ZCCHC8,-0.09,-0.0237159,0
69331,93,CRNKL1,-0.05,-0.027918500000000002,0
69332,93,RAD17,0.1,0.07259850000000001,0
69333,93,ATP1A1,0.0,0.00019380000000000092,0
69334,93,DNMT3A,0.8000000000000003,0.6235703,0
69335,93,FBXW7,0.9400000000000004,0.7087023,0
69336,93,WWTR1,-0.039999999999999994,-0.013466900000000004,0
69337,93,CDKN1B,0.6400000000000001,0.40434700000000007,0
69338,93,KMT2A,0.4399999999999999,0.3633645,0
69339,93,PTPN11,0.9200000000000004,0.6376232999999999,0
69340,93,STAT5B,0.5900000000000002,0.4562604,0
69341,93,CUX1,-0.11,-0.07178230000000001,0
69342,93,ABI1,-0.35000000000000003,-0.13226390000000002,0
69343,93,BRCA1,1.7800000000000014,1.3515795999999998,0
69344,93,SH2B3,0.010000000000000002,0.020759299999999998,0
69345,93,AFF4,0.19000000000000003,0.13215190000000002,0
69346,93,NF2,-0.019999999999999997,0.0460635,0
69347,93,LMNA,0.09999999999999999,0.08315940000000002,0
69348,93,TSC2,0.51,0.42309919999999995,0
69349,93,GOLPH3,-0.12,-0.06618829999999999,0
69350,93,PCM1,-0.05,-0.034850099999999995,0
69351,93,PPP2R1A,-0.5200000000000001,-0.14576550000000002,0
69352,93,ARID1A,1.7800000000000011,1.2444054,0
69353,93,ABL1,0.0700000000000001,0.14040740000000004,0
69354,93,AFF1,0.29000000000000004,0.2186078,0
69355,93,DAXX,-0.24000000000000002,-0.040191099999999993,0
69356,93,CBFB,0.11000000000000001,0.0839508,0
69357,93,CBLB,0.11,0.07999600000000001,0
69358,93,POLR2A,0.13999999999999996,0.19986170000000006,0
69359,93,PRKACA,0.37000000000000005,0.2863316,0
69360,93,DNM2,-0.11000000000000001,-0.0474825,0
69361,93,RAP1GDS1,-0.049999999999999996,-0.0199403,0
69362,93,NCOR1,0.8700000000000001,0.7282997000000001,0
69363,93,NFKBIE,-0.19,-0.0714006,0
69364,93,DDX3X,0.08,0.0945507,0
69365,93,ELK4,0.02,0.0147252,0
69366,93,MLLT6,0.13,0.09301129999999999,0
69367,93,SRSF2,-0.91,-0.26484760000000007,0
69368,93,CTNNA1,0.07,0.05473480000000001,0
69369,93,RBM10,0.19999999999999998,0.13841040000000002,0
69370,93,PTPRC,0.03,0.0755672,0
69371,93,HSP90AA1,1.3100000000000007,0.8656562999999997,0
69372,94,NSD1,0.31,0.2690162,1
69373,94,DICER1,0.15000000000000002,0.22481170000000003,1
69374,94,BIRC6,0.13,0.1167835,1
69375,94,SDHC,0.37,0.2826053,1
69376,94,TFG,0.22999999999999998,0.1494527,1
69377,94,MAP2K2,0.24000000000000005,0.18658660000000002,1
69378,94,TFRC,-0.22999999999999998,-0.09030590000000001,1
69379,94,CREB1,0.8600000000000004,0.7543203,1
69380,94,POLG,-0.03,-0.0080772,1
69381,94,SETD2,0.6300000000000004,0.5802109000000001,1
69382,94,NAB2,-0.49,-0.1464191,1
69383,94,HIF1A,1.650000000000001,1.258318,1
69384,94,FLCN,-0.05,0.013887199999999999,1
69385,94,MAP2K4,0.010000000000000012,0.09968780000000001,1
69386,94,CNOT3,0.04999999999999999,0.04913479999999999,1
69387,94,CIITA,0.07999999999999999,0.04962189999999999,1
69388,94,LSM14A,0.15000000000000002,0.126284,1
69389,94,AKAP9,-0.009999999999999995,0.0281316,1
69390,94,MSN,-0.16999999999999998,-0.05351079999999999,1
69391,94,BCR,-0.09000000000000001,0.0228894,1
69392,94,TRRAP,0.07,0.22666969999999997,1
69393,94,PPP6C,-0.18,-0.0739913,1
69394,94,NCOA4,-0.13,-0.048799100000000005,1
69395,94,BCL9,0.2,0.1677875,1
69396,94,PRCC,0.15000000000000002,0.11365929999999999,1
69397,94,LARP4B,0.03,0.022379399999999997,1
69398,94,CHD2,0.02,0.017644200000000002,1
69399,94,ASXL1,0.3900000000000001,0.39594490000000004,1
69400,94,SMARCA4,1.9700000000000013,1.5399642999999998,1
69401,94,ERC1,-0.019999999999999997,-0.015085699999999995,1
69402,94,DCTN1,-0.030000000000000013,0.009235100000000006,1
69403,94,PIK3R1,1.2300000000000006,1.0117907,1
69404,94,EED,0.12999999999999998,0.09918640000000001,1
69405,94,CNBP,0.02,0.0120316,1
69406,94,SGK1,0.49,0.35087419999999997,1
69407,94,MLLT10,-0.12000000000000001,-0.0608771,1
69408,94,BRD4,0.9100000000000004,0.8196738,1
69409,94,RANBP2,0.28,0.26373399999999997,1
69410,94,FBXO11,0.06,0.0492478,1
69411,94,PML,0.42999999999999994,0.29982810000000004,1
69412,94,AKT2,1.1200000000000003,0.8239968000000002,1
69413,94,CEP89,0.06,0.039818,1
69414,94,LZTR1,0.06999999999999999,0.0963713,1
69415,94,YWHAE,0.24,0.15360100000000002,1
69416,94,DNAJB1,-0.05,-0.0084322,1
69417,94,PRDM2,0.06,0.0491212,1
69418,94,TPM4,0.54,0.3938971,1
69419,94,CREBBP,1.8900000000000012,1.5665077,1
69420,94,PMS2,0.78,0.6680724,1
69421,94,DDR2,-0.009999999999999998,-0.006407300000000005,1
69422,94,FANCA,0.37,0.30878360000000005,1
69423,94,PDE4DIP,0.07,0.0537537,1
69424,94,USP8,-0.04,-0.020431600000000005,1
69425,94,MYH9,-0.47000000000000003,-0.12288900000000001,1
69426,94,MYC,-1.8600000000000008,-0.5084317,1
69427,94,NBN,0.6000000000000001,0.4821503,1
69428,94,CCND3,-3.469446951953614e-18,0.0338652,1
69429,94,TRIP11,-0.1,-0.07522999999999999,1
69430,94,CNTRL,-0.08,-0.0621195,1
69431,94,PIK3CA,1.2700000000000011,1.1035278000000002,1
69432,94,DDX5,0.32,0.335157,1
69433,94,PICALM,-0.009999999999999998,-0.0017457999999999987,1
69434,94,RARA,-0.12000000000000001,0.0521314,1
69435,94,DDX6,0.060000000000000026,0.13067050000000002,1
69436,94,COL1A1,0.21000000000000002,0.17978959999999997,1
69437,94,VHL,0.28,0.20097729999999994,1
69438,94,MAPK1,1.660000000000001,1.2217116,1
69439,94,SRC,0.40000000000000013,0.3823426999999999,1
69440,94,NFE2L2,0.33999999999999997,0.26312579999999997,1
69441,94,MITF,-0.19000000000000003,-0.0477872,1
69442,94,SMAD3,1.2600000000000007,1.1614152000000004,1
69443,94,RBM15,0.09,0.0737201,1
69444,94,ATR,0.74,0.6072441000000003,1
69445,94,EPAS1,0.36999999999999994,0.36517259999999996,1
69446,94,TPM3,0.18000000000000005,0.16059570000000004,1
69447,94,RPL10,0.1,0.1218486,1
69448,94,STAG1,0.12000000000000001,0.1505291,1
69449,94,SBDS,-0.05,-0.017829499999999998,1
69450,94,KMT2D,1.0200000000000005,0.837499,1
69451,94,MED12,0.37,0.32080139999999996,1
69452,94,BCLAF1,-0.039999999999999994,0.023448499999999997,1
69453,94,ASPSCR1,-0.010000000000000002,0.0014028999999999951,1
69454,94,CDK12,0.53,0.42641110000000004,1
69455,94,EWSR1,0.18,0.25441519999999995,1
69456,94,NDRG1,-0.05000000000000001,-0.009666700000000002,1
69457,94,PSIP1,0.04000000000000001,0.046886100000000014,1
69458,94,TRIM33,0.09,0.08343660000000001,1
69459,94,MTOR,1.1000000000000003,0.8998428,1
69460,94,ARHGAP35,0.16,0.14510589999999998,1
69461,94,POT1,0.01,0.012614100000000001,1
69462,94,EXT1,0.11,0.08371,1
69463,94,IL6ST,0.33,0.2774296,1
69464,94,IDH2,-0.19,-0.040277700000000013,1
69465,94,SMARCE1,0.42000000000000004,0.29725789999999996,1
69466,94,CRTC3,0.09999999999999999,0.08050179999999998,1
69467,94,TSC1,0.32,0.3028523,1
69468,94,BCOR,-0.09999999999999998,0.011907100000000004,1
69469,94,SDHA,0.25999999999999995,0.1829481,1
69470,94,EP300,2.380000000000001,2.015437,1
69471,94,HNRNPA2B1,0.55,0.4021201,1
69472,94,CLIP1,-0.12000000000000001,-0.071017,1
69473,94,PATZ1,-0.51,-0.1391055,1
69474,94,FUBP1,-0.07,0.030869599999999994,1
69475,94,HLA-A,-0.1,0.021299199999999997,1
69476,94,CCNC,-0.3,-0.1197852,1
69477,94,RPN1,-0.19,-0.07371660000000001,1
69478,94,TCF7L2,0.09000000000000001,0.1298024,1
69479,94,CANT1,-0.009999999999999981,0.030322500000000002,1
69480,94,RPL5,-0.6100000000000001,-0.16670510000000002,1
69481,94,CCDC6,0.06999999999999999,0.08311269999999998,1
69482,94,NCKIPSD,-0.060000000000000005,-0.015554700000000001,1
69483,94,SMARCD1,0.45,0.3731725000000001,1
69484,94,BCL10,0.049999999999999996,0.0715277,1
69485,94,MAX,0.009999999999999997,0.056075999999999994,1
69486,94,HERPUD1,-0.04,-0.0095836,1
69487,94,RAC1,-0.09000000000000007,0.08257260000000001,1
69488,94,FLNA,0.07999999999999999,0.09019559999999999,1
69489,94,TFE3,-0.62,-0.25757899999999995,1
69490,94,NCOR2,0.6100000000000001,0.5250743,1
69491,94,PRPF40B,0.049999999999999996,0.0360039,1
69492,94,BCL3,-0.12999999999999998,-0.029712600000000002,1
69493,94,TFPT,-0.38,-0.11894719999999999,1
69494,94,MLH1,0.8300000000000001,0.7304032,1
69495,94,ARHGAP5,0.15,0.1259798,1
69496,94,CIC,0.01,0.0071989,1
69497,94,LYN,0.8000000000000002,0.5989367000000002,1
69498,94,TCF12,0.31,0.2556703,1
69499,94,KLF6,0.06,0.0380863,1
69500,94,KMT2C,0.9500000000000002,0.8080321000000001,1
69501,94,PIM1,-0.11000000000000001,-0.010169800000000014,1
69502,94,CCND1,0.9500000000000002,0.6428877,1
69503,94,MLLT1,-1.3100000000000003,-0.36167789999999994,1
69504,94,MEN1,-0.13,-0.025521599999999995,1
69505,94,CUL3,0.14,0.1443701,1
69506,94,RB1,0.6600000000000001,0.5685089999999999,1
69507,94,LPP,-0.1,-0.0248996,1
69508,94,BUB1B,-0.18000000000000002,-0.079268,1
69509,94,SMAD4,1.630000000000001,1.3049193000000006,1
69510,94,FGFR1,0.22999999999999998,0.21816139999999998,1
69511,94,TMSB4X,0.03,0.0235416,1
69512,94,CDK4,1.1200000000000006,0.7569024000000003,1
69513,94,MSI2,0.01,0.0075046,1
69514,94,MSH6,1.0100000000000005,0.8271972000000001,1
69515,94,BRAF,1.2300000000000006,1.0785023999999999,1
69516,94,TCEA1,-0.15000000000000005,-0.017344899999999996,1
69517,94,TNFAIP3,0.17,0.1327387,1
69518,94,RABEP1,-0.020000000000000004,-0.013609900000000001,1
69519,94,GMPS,-0.09,-0.05017900000000001,1
69520,94,MDM2,1.2100000000000009,0.9366746000000001,1
69521,94,NSD2,0.21,0.15737330000000002,1
69522,94,CASP8,-0.24000000000000002,0.06222539999999998,1
69523,94,PER1,-0.2,-0.07590560000000002,1
69524,94,UBR5,0.03,0.0452113,1
69525,94,EIF3E,0.020000000000000004,0.06981269999999999,1
69526,94,RFWD3,0.030000000000000002,0.033032900000000004,1
69527,94,BRD3,0.13,0.09334440000000002,1
69528,94,PAFAH1B2,0.03,0.0267846,1
69529,94,EXT2,0.020000000000000004,0.019204300000000007,1
69530,94,PLCG1,0.54,0.42960070000000006,1
69531,94,SF3B1,-0.5599999999999999,-0.2539352,1
69532,94,ARHGEF10L,0.01,0.0042694,1
69533,94,NFATC2,0.25,0.1884491,1
69534,94,SDHD,0.26000000000000006,0.1967564,1
69535,94,PABPC1,-0.9600000000000002,-0.27030639999999995,1
69536,94,POLD1,-0.24000000000000005,-0.05551920000000001,1
69537,94,CALR,0.010000000000000014,0.0575899,1
69538,94,PIK3CB,0.7200000000000002,0.5851551,1
69539,94,PPM1D,0.26,0.20078839999999998,1
69540,94,ATRX,0.9600000000000004,0.8266587000000001,1
69541,94,DGCR8,0.2,0.1579103,1
69542,94,DDX10,0.16,0.1264733,1
69543,94,DROSHA,0.48000000000000004,0.3779927,1
69544,94,TNFRSF14,-0.15,-0.05073370000000001,1
69545,94,BCL9L,0.14,0.10870379999999999,1
69546,94,QKI,0.03,0.023332,1
69547,94,BAZ1A,0.01,0.0078472,1
69548,94,CHD4,0.4099999999999999,0.3650453,1
69549,94,NSD3,0.1,0.10917009999999999,1
69550,94,NT5C2,0.15000000000000002,0.1005035,1
69551,94,CCNB1IP1,0.14,0.0653896,1
69552,94,PCBP1,-0.9599999999999999,-0.2763913,1
69553,94,RALGDS,-0.16999999999999998,0.017094899999999996,1
69554,94,ARHGEF12,0.020000000000000004,0.03328679999999999,1
69555,94,HSP90AB1,1.0800000000000003,0.7444183000000002,1
69556,94,FOXO3,1.4700000000000009,1.1126399000000002,1
69557,94,HIP1,-0.01,-0.0066173000000000004,1
69558,94,CDC73,0.1,0.11250459999999998,1
69559,94,NIN,-0.009999999999999998,-0.009822199999999996,1
69560,94,MDM4,0.10000000000000003,0.1608744,1
69561,94,COL3A1,0.21,0.17252939999999997,1
69562,94,CTNND1,0.13,0.1536024,1
69563,94,SPOP,0.1,0.10080580000000001,1
69564,94,TMEM127,0.12000000000000001,0.07534580000000002,1
69565,94,CREB3L2,0.16,0.10463710000000001,1
69566,94,MSH2,1.0000000000000004,0.8252379,1
69567,94,FNBP1,-3.469446951953614e-18,0.017789899999999997,1
69568,94,ATF1,0.15,0.10425930000000001,1
69569,94,EIF1AX,-0.46999999999999986,-0.18864720000000001,1
69570,94,PMS1,0.5199999999999999,0.41279740000000004,1
69571,94,DEK,0.11,0.1124059,1
69572,94,ERBB2,0.8500000000000003,0.592926,1
69573,94,AKT1,0.7800000000000002,0.5393439000000002,1
69574,94,CHEK2,0.55,0.5473418999999999,1
69575,94,SDHB,0.38,0.2814673,1
69576,94,NCOA1,0.39999999999999997,0.3211195,1
69577,94,CHIC2,0.08,0.057212,1
69578,94,RUNX1,0.09000000000000002,0.5971618,1
69579,94,STAT6,0.38,0.3372264,1
69580,94,FH,-0.07000000000000002,-0.005766899999999998,1
69581,94,AKT3,1.1200000000000003,0.8307864999999998,1
69582,94,GNAS,0.35,0.2462187,1
69583,94,CTNNB1,1.5300000000000007,1.0752092999999998,1
69584,94,NONO,0.32000000000000006,0.2659937,1
69585,94,SMARCB1,0.9700000000000002,0.7675740999999998,1
69586,94,PRKAR1A,0.19,0.1795348,1
69587,94,ITGAV,-1.9081958235744878e-17,0.03683229999999999,1
69588,94,SS18,0.41000000000000003,0.2992887000000001,1
69589,94,MAP2K1,0.9300000000000004,0.6107399,1
69590,94,SIRPA,-0.07,-0.019635900000000005,1
69591,94,PPFIBP1,0.39999999999999997,0.296758,1
69592,94,RPL22,-0.20000000000000004,0.0943384,1
69593,94,CYLD,0.29000000000000004,0.2300443,1
69594,94,ARID1B,0.8500000000000001,0.6782993000000002,1
69595,94,SETDB1,0.31,0.2277925,1
69596,94,AFDN,-0.35,-0.10982330000000003,1
69597,94,ZRSR2,0.009999999999999995,0.012194300000000005,1
69598,94,PBRM1,0.9400000000000004,0.7158207999999999,1
69599,94,XPC,0.53,0.3553891999999999,1
69600,94,ASXL2,0.26,0.19053290000000003,1
69601,94,TRIM24,-0.13999999999999999,-0.01809099999999999,1
69602,94,SFPQ,-0.45000000000000007,-0.14483540000000003,1
69603,94,NCOA2,0.56,0.4765222,1
69604,94,FOXO4,0.33999999999999997,0.21947719999999996,1
69605,94,LEF1,0.15,0.1723959,1
69606,94,B2M,-0.26,-0.11600350000000001,1
69607,94,DDIT3,-0.33000000000000007,-0.11232380000000002,1
69608,94,BCL6,0.26,0.23589729999999998,1
69609,94,KRAS,-0.1500000000000002,0.10702410000000001,1
69610,94,FAT1,0.12,0.0892982,1
69611,94,ABL2,0.07,0.057109900000000005,1
69612,94,NF1,1.2400000000000004,0.9997756,1
69613,94,BTG1,-0.06,-0.0262806,1
69614,94,EIF4A2,0.05,0.030064600000000004,1
69615,94,SET,0.18,0.1497073,1
69616,94,EPS15,0.08000000000000002,0.0716143,1
69617,94,RNF213,0.05,0.0446732,1
69618,94,CTCF,1.0700000000000005,0.7610532000000002,1
69619,94,WDCP,0.24000000000000002,0.1539584,1
69620,94,KAT7,0.15000000000000002,0.13112720000000003,1
69621,94,KDM5C,0.2,0.19422119999999995,1
69622,94,TGFBR2,0.12999999999999998,0.15873020000000004,1
69623,94,ATM,1.1100000000000008,1.0351835999999996,1
69624,94,NUMA1,-0.010000000000000004,0.0074524000000000005,1
69625,94,STAT3,0.7100000000000004,0.7662558000000007,1
69626,94,SUB1,-0.10999999999999999,-0.049676,1
69627,94,NUP98,0.16999999999999996,0.17499389999999998,1
69628,94,ELL,0.14,0.06979360000000001,1
69629,94,MAP3K1,0.47000000000000003,0.3634585,1
69630,94,MALT1,0.15,0.14653030000000003,1
69631,94,XPO1,0.49000000000000016,0.39615549999999994,1
69632,94,SETD1B,0.28,0.2229652,1
69633,94,ETV6,-0.08000000000000002,-0.002347699999999996,1
69634,94,TBL1XR1,0.21000000000000002,0.1468447,1
69635,94,NUP214,-0.07999999999999997,0.14379009999999998,1
69636,94,TPR,0.13,0.1020305,1
69637,94,ATIC,0.09,0.13107880000000002,1
69638,94,NACA,0.21000000000000002,0.1267637,1
69639,94,MYO5A,0.01,0.008628499999999999,1
69640,94,SMC1A,0.30000000000000004,0.4033305,1
69641,94,LASP1,-0.27,-0.13895390000000002,1
69642,94,ERCC5,0.47,0.3041077,1
69643,94,JUN,-0.8599999999999999,-0.1019186,1
69644,94,THRAP3,0.05,0.040180400000000005,1
69645,94,STAG2,0.29999999999999993,0.30566820000000006,1
69646,94,RAF1,0.7700000000000002,0.6139031000000003,1
69647,94,ERCC3,0.58,0.5059798,1
69648,94,SMAD2,0.4500000000000003,0.5218193000000002,1
69649,94,TAF15,0.21000000000000002,0.1716406,1
69650,94,ARNT,0.25,0.22218700000000002,1
69651,94,CLTC,-0.7600000000000001,-0.3454706,1
69652,94,IKBKB,0.48000000000000015,0.4533080999999999,1
69653,94,IDH1,-0.6500000000000001,-0.20570169999999996,1
69654,94,SND1,-1.734723475976807e-18,0.019814399999999996,1
69655,94,KNSTRN,0.02,0.014483600000000001,1
69656,94,RHOA,-2.9400000000000004,-0.7114559,1
69657,94,PALB2,0.6300000000000001,0.5357919999999999,1
69658,94,ARID2,0.8400000000000001,0.6720411000000001,1
69659,94,EZR,-0.18000000000000002,-0.04378230000000004,1
69660,94,TP53,-0.06000000000000018,0.31178830000000024,1
69661,94,ARAF,0.35000000000000003,0.2030109,1
69662,94,KIF5B,0.5400000000000001,0.4149727999999999,1
69663,94,KAT6A,0.19000000000000003,0.219552,1
69664,94,KTN1,-0.049999999999999996,-0.0029811000000000004,1
69665,94,GOLGA5,-0.08,-0.0525385,1
69666,94,KDM5A,0.26,0.250093,1
69667,94,RAD21,0.5399999999999999,0.4503973,1
69668,94,GNAQ,0.30999999999999994,0.23590499999999998,1
69669,94,CAMTA1,0.05,0.0382603,1
69670,94,ERCC2,0.7000000000000001,0.5419894000000001,1
69671,94,EZH2,1.6700000000000013,1.2855426000000003,1
69672,94,TOP1,0.25,0.20145760000000001,1
69673,94,SRSF3,-0.2699999999999999,-0.055755999999999986,1
69674,94,NPM1,-0.059999999999999984,0.054558599999999985,1
69675,94,BAX,-0.76,-0.1795533,1
69676,94,NOTCH2,0.27,0.23221080000000002,1
69677,94,TRAF7,0.01,0.0069802,1
69678,94,KDM6A,0.7400000000000003,0.816121,1
69679,94,SPEN,0.15,0.1189282,1
69680,94,TRIM27,-0.49,-0.1654492,1
69681,94,CRTC1,0.15,0.11611859999999999,1
69682,94,EML4,0.28,0.2911685,1
69683,94,USP9X,-0.08,-0.062499099999999995,1
69684,94,PTPRK,0.0,0.0,1
69685,94,CD74,-0.17,0.009020200000000008,1
69686,94,CBL,0.5299999999999999,0.4704549,1
69687,94,ZNF384,0.05,0.0402496,1
69688,94,NOTCH1,1.1700000000000006,0.8802063,1
69689,94,COX6C,-0.15,-0.048827999999999996,1
69690,94,CHCHD7,0.03,0.0193734,1
69691,94,HMGA1,-0.07,-0.029467300000000002,1
69692,94,PTEN,1.360000000000001,1.2359102999999998,1
69693,94,FIP1L1,-0.030000000000000006,-0.0090043,1
69694,94,JAK1,0.8600000000000003,0.7176655000000001,1
69695,94,ZMYM2,3.469446951953614e-18,-3.289999999999543e-05,1
69696,94,SUZ12,0.8200000000000003,0.6347975,1
69697,94,FUS,-0.5399999999999999,-0.0285173,1
69698,94,BAP1,-0.27,-0.1106455,1
69699,94,ZCCHC8,-0.08,-0.02292,1
69700,94,CRNKL1,0.009999999999999998,0.009283899999999998,1
69701,94,RAD17,0.18,0.1301387,1
69702,94,ATP1A1,0.01,0.0086923,1
69703,94,DNMT3A,1.0500000000000003,0.8628472999999999,1
69704,94,FBXW7,0.8800000000000001,0.7838488,1
69705,94,WWTR1,-0.13,-0.05643290000000001,1
69706,94,CDKN1B,0.3500000000000001,0.2611712,1
69707,94,KMT2A,0.3,0.36034320000000003,1
69708,94,PTPN11,1.0700000000000005,0.8859633,1
69709,94,STAT5B,0.6900000000000003,0.5741086,1
69710,94,CUX1,-0.08,-0.0534248,1
69711,94,ABI1,-0.31000000000000005,-0.09152479999999999,1
69712,94,BRCA1,1.9200000000000015,1.5054375,1
69713,94,SH2B3,0.08,0.0470344,1
69714,94,AFF4,-0.03999999999999999,-0.004087500000000001,1
69715,94,NF2,0.18,0.16213619999999995,1
69716,94,LMNA,0.05,0.040302100000000014,1
69717,94,TSC2,0.7800000000000002,0.6383287000000001,1
69718,94,GOLPH3,-0.039999999999999994,-0.028803799999999997,1
69719,94,PCM1,-0.04,-0.0339116,1
69720,94,PPP2R1A,-0.39,-0.10755940000000001,1
69721,94,ARID1A,1.750000000000001,1.4198415,1
69722,94,ABL1,0.010000000000000092,0.1578273000000001,1
69723,94,AFF1,0.12000000000000002,0.12780539999999999,1
69724,94,DAXX,-0.37000000000000005,-0.1029755,1
69725,94,CBFB,0.07000000000000002,0.11751689999999998,1
69726,94,CBLB,0.17,0.1481095,1
69727,94,POLR2A,-0.23,0.106657,1
69728,94,PRKACA,0.08000000000000013,0.2431023,1
69729,94,DNM2,-0.12000000000000001,-0.04906060000000001,1
69730,94,RAP1GDS1,0.010000000000000023,0.05112340000000002,1
69731,94,NCOR1,1.0000000000000002,0.9501827000000002,1
69732,94,NFKBIE,-0.35,-0.1111425,1
69733,94,DDX3X,0.29000000000000004,0.26258089999999995,1
69734,94,ELK4,0.03,0.0267036,1
69735,94,MLLT6,0.09,0.06938330000000001,1
69736,94,SRSF2,-2.8500000000000005,-0.6886287,1
69737,94,CTNNA1,0.18000000000000002,0.141338,1
69738,94,RBM10,0.2,0.15215070000000003,1
69739,94,PTPRC,0.029999999999999992,0.11262829999999999,1
69740,94,HSP90AA1,1.0200000000000002,0.6870145,1
69741,94,NSD1,0.26,0.2181189,0
69742,94,DICER1,0.24999999999999997,0.24591259999999998,0
69743,94,BIRC6,0.1,0.0852158,0
69744,94,SDHC,0.29000000000000004,0.2117843,0
69745,94,TFG,0.31,0.1758446,0
69746,94,MAP2K2,0.3,0.2286914,0
69747,94,TFRC,-0.25,-0.11908700000000001,0
69748,94,CREB1,0.8700000000000004,0.6616468999999998,0
69749,94,POLG,0.01,0.0035159,0
69750,94,SETD2,0.7100000000000002,0.6046887999999999,0
69751,94,NAB2,-0.35000000000000003,-0.11239210000000001,0
69752,94,HIF1A,1.570000000000001,1.1283307000000005,0
69753,94,FLCN,0.039999999999999994,0.0379896,0
69754,94,MAP2K4,0.02000000000000001,0.0856703,0
69755,94,CNOT3,-0.010000000000000002,0.011846399999999997,0
69756,94,CIITA,0.09,0.0566483,0
69757,94,LSM14A,0.1,0.0851774,0
69758,94,AKAP9,-0.07,-0.015148100000000005,0
69759,94,MSN,-0.27999999999999997,-0.042149599999999995,0
69760,94,BCR,0.060000000000000005,0.0556913,0
69761,94,TRRAP,0.020000000000000018,0.1281293,0
69762,94,PPP6C,-0.16,-0.07794999999999999,0
69763,94,NCOA4,-0.2,-0.1103805,0
69764,94,BCL9,0.13,0.10724689999999999,0
69765,94,PRCC,0.030000000000000002,0.02551809999999999,0
69766,94,LARP4B,0.0,0.0,0
69767,94,CHD2,0.01,0.0080516,0
69768,94,ASXL1,0.4,0.4160047000000001,0
69769,94,SMARCA4,1.2400000000000007,0.9553812000000003,0
69770,94,ERC1,-0.02,-0.0150536,0
69771,94,DCTN1,-0.26999999999999996,-0.11498739999999999,0
69772,94,PIK3R1,1.3000000000000007,0.9282680000000001,0
69773,94,EED,-0.040000000000000036,0.023616399999999996,0
69774,94,CNBP,0.02,0.0113402,0
69775,94,SGK1,0.3,0.17497839999999998,0
69776,94,MLLT10,-0.049999999999999996,-0.002883200000000006,0
69777,94,BRD4,1.1400000000000006,0.8864311000000002,0
69778,94,RANBP2,0.17999999999999994,0.22599200000000003,0
69779,94,FBXO11,0.060000000000000005,0.048286800000000005,0
69780,94,PML,0.39,0.27886350000000004,0
69781,94,AKT2,0.9400000000000003,0.6509627000000002,0
69782,94,CEP89,0.06,0.0358136,0
69783,94,LZTR1,0.03000000000000001,0.05662120000000001,0
69784,94,YWHAE,0.28,0.1792748,0
69785,94,DNAJB1,-0.07,-0.021596400000000005,0
69786,94,PRDM2,0.03,0.021858,0
69787,94,TPM4,0.47000000000000003,0.3089959,0
69788,94,CREBBP,1.8300000000000012,1.4756631999999996,0
69789,94,PMS2,0.53,0.5252747000000001,0
69790,94,DDR2,0.04,0.026888500000000003,0
69791,94,FANCA,0.36,0.2870111,0
69792,94,PDE4DIP,0.05,0.0339367,0
69793,94,USP8,-0.1,-0.044660500000000006,0
69794,94,MYH9,-0.23999999999999996,-0.03584230000000001,0
69795,94,MYC,-1.1500000000000004,-0.41817639999999995,0
69796,94,NBN,0.52,0.38688310000000004,0
69797,94,CCND3,-0.02999999999999998,0.0331266,0
69798,94,TRIP11,-0.11000000000000001,-0.07293340000000001,0
69799,94,CNTRL,-0.08,-0.0554646,0
69800,94,PIK3CA,1.7000000000000013,1.2323285000000002,0
69801,94,DDX5,0.39,0.30812960000000006,0
69802,94,PICALM,0.010000000000000002,0.012599500000000003,0
69803,94,RARA,0.6300000000000001,0.4398343,0
69804,94,DDX6,-0.039999999999999994,0.059501700000000005,0
69805,94,COL1A1,0.14,0.14073290000000002,0
69806,94,VHL,0.15,0.104878,0
69807,94,MAPK1,1.4500000000000006,0.9149442000000002,0
69808,94,SRC,-0.56,0.021110200000000037,0
69809,94,NFE2L2,0.23,0.1509654,0
69810,94,MITF,-0.27999999999999997,-0.037978399999999995,0
69811,94,SMAD3,1.2000000000000008,0.9247749999999998,0
69812,94,RBM15,0.08,0.0681215,0
69813,94,ATR,0.6900000000000003,0.5941136999999999,0
69814,94,EPAS1,0.38999999999999996,0.34993090000000004,0
69815,94,TPM3,0.28,0.19684540000000003,0
69816,94,RPL10,0.13,0.11989010000000001,0
69817,94,STAG1,0.12,0.12988380000000002,0
69818,94,SBDS,-0.07,-0.0237308,0
69819,94,KMT2D,0.9600000000000004,0.7118992000000001,0
69820,94,MED12,0.32000000000000006,0.24943560000000004,0
69821,94,BCLAF1,-0.02000000000000001,0.035149299999999994,0
69822,94,ASPSCR1,0.020000000000000004,0.014582500000000005,0
69823,94,CDK12,0.28,0.2124463,0
69824,94,EWSR1,0.4599999999999999,0.3683891000000001,0
69825,94,NDRG1,-0.04000000000000001,-0.015286699999999997,0
69826,94,PSIP1,-0.2,-0.0988835,0
69827,94,TRIM33,0.05,0.047901700000000005,0
69828,94,MTOR,1.2100000000000006,0.8739022999999999,0
69829,94,ARHGAP35,0.1,0.1402919,0
69830,94,POT1,-0.07,-0.013238,0
69831,94,EXT1,0.1,0.062617,0
69832,94,IL6ST,0.3,0.2293958,0
69833,94,IDH2,0.13000000000000003,0.11132139999999999,0
69834,94,SMARCE1,0.44,0.2745446,0
69835,94,CRTC3,0.09,0.0635965,0
69836,94,TSC1,0.32,0.283574,0
69837,94,BCOR,-0.14999999999999997,-0.01123430000000001,0
69838,94,SDHA,0.23999999999999996,0.15351120000000001,0
69839,94,EP300,1.5700000000000012,1.2324241999999996,0
69840,94,HNRNPA2B1,0.27,0.22290110000000005,0
69841,94,CLIP1,-0.11,-0.0567513,0
69842,94,PATZ1,-0.49,-0.1281078,0
69843,94,FUBP1,-0.18,-0.016317400000000003,0
69844,94,HLA-A,-0.14,0.014300499999999987,0
69845,94,CCNC,-0.06999999999999998,-0.027877899999999994,0
69846,94,RPN1,-0.24,-0.0758504,0
69847,94,TCF7L2,0.029999999999999992,0.07658330000000002,0
69848,94,CANT1,0.14,0.0818796,0
69849,94,RPL5,-0.6900000000000001,-0.19728189999999998,0
69850,94,CCDC6,-0.009999999999999981,0.04170070000000001,0
69851,94,NCKIPSD,0.05,0.028023,0
69852,94,SMARCD1,0.44,0.30308450000000003,0
69853,94,BCL10,0.06000000000000001,0.0593929,0
69854,94,MAX,0.010000000000000004,0.022841599999999997,0
69855,94,HERPUD1,0.03,0.0133893,0
69856,94,RAC1,-0.030000000000000006,0.1103155,0
69857,94,FLNA,0.10999999999999999,0.1093354,0
69858,94,TFE3,-0.39,-0.15904829999999998,0
69859,94,NCOR2,0.7800000000000002,0.5767278,0
69860,94,PRPF40B,-0.010000000000000002,-0.0011640000000000018,0
69861,94,BCL3,-0.05999999999999999,-0.010657199999999999,0
69862,94,TFPT,-0.26,-0.08960760000000001,0
69863,94,MLH1,0.81,0.6819288,0
69864,94,ARHGAP5,0.13,0.1161433,0
69865,94,CIC,0.01,0.0071263,0
69866,94,LYN,0.8400000000000003,0.5877847,0
69867,94,TCF12,0.27,0.2083843,0
69868,94,KLF6,0.05,0.0278803,0
69869,94,KMT2C,1.0000000000000002,0.7906583999999999,0
69870,94,PIM1,-0.14,-0.04770580000000001,0
69871,94,CCND1,1.2100000000000006,0.7406859999999998,0
69872,94,MLLT1,-1.05,-0.3099843,0
69873,94,MEN1,-0.020000000000000004,0.03250180000000002,0
69874,94,CUL3,0.14999999999999997,0.1480586,0
69875,94,RB1,0.76,0.5782521999999999,0
69876,94,LPP,-0.07,-0.023200000000000002,0
69877,94,BUB1B,-0.11,-0.05461329999999999,0
69878,94,SMAD4,1.3900000000000008,1.0430536000000001,0
69879,94,FGFR1,0.24,0.1559841,0
69880,94,TMSB4X,0.04,0.03262,0
69881,94,CDK4,0.59,0.4177136000000001,0
69882,94,MSI2,0.01,0.0072666,0
69883,94,MSH6,0.9000000000000004,0.7083716,0
69884,94,BRAF,1.0000000000000004,0.8942328,0
69885,94,TCEA1,-0.12999999999999998,-0.028424899999999996,0
69886,94,TNFAIP3,0.11,0.11916379999999999,0
69887,94,RABEP1,0.02,0.0132344,0
69888,94,GMPS,-0.05000000000000002,-0.029280100000000003,0
69889,94,MDM2,1.3000000000000007,0.8816919000000002,0
69890,94,NSD2,0.19,0.1296417,0
69891,94,CASP8,0.029999999999999978,0.2024787,0
69892,94,PER1,-0.19,-0.050540299999999996,0
69893,94,UBR5,-0.03,-0.0008048999999999973,0
69894,94,EIF3E,-0.09,0.04084410000000001,0
69895,94,RFWD3,0.030000000000000002,0.030613800000000004,0
69896,94,BRD3,0.09000000000000001,0.0808255,0
69897,94,PAFAH1B2,0.03,0.024933599999999997,0
69898,94,EXT2,0.010000000000000009,0.0066577000000000025,0
69899,94,PLCG1,0.5599999999999999,0.4011969,0
69900,94,SF3B1,-0.32,-0.10419649999999998,0
69901,94,ARHGEF10L,0.03,0.0168618,0
69902,94,NFATC2,0.22,0.1555333,0
69903,94,SDHD,0.25,0.1461913,0
69904,94,PABPC1,-0.93,-0.22175770000000006,0
69905,94,POLD1,-0.26000000000000006,-0.0647177,0
69906,94,CALR,0.07,0.051540699999999995,0
69907,94,PIK3CB,0.44000000000000006,0.40111830000000004,0
69908,94,PPM1D,0.19000000000000003,0.1441473,0
69909,94,ATRX,0.9500000000000005,0.7702302,0
69910,94,DGCR8,0.13999999999999999,0.0869013,0
69911,94,DDX10,0.12,0.07891599999999999,0
69912,94,DROSHA,0.4,0.2902954,0
69913,94,TNFRSF14,-0.09999999999999999,-0.041631299999999996,0
69914,94,BCL9L,0.14,0.09851860000000001,0
69915,94,QKI,-0.05,-0.0309271,0
69916,94,BAZ1A,0.02,0.014536199999999999,0
69917,94,CHD4,0.26,0.21747510000000003,0
69918,94,NSD3,0.029999999999999995,0.0475488,0
69919,94,NT5C2,0.15,0.09232499999999999,0
69920,94,CCNB1IP1,0.1,0.0432874,0
69921,94,PCBP1,-0.8600000000000001,-0.25977880000000003,0
69922,94,RALGDS,0.16,0.1120063,0
69923,94,ARHGEF12,-0.07,-0.011617199999999996,0
69924,94,HSP90AB1,1.2300000000000004,0.8080438999999997,0
69925,94,FOXO3,1.3400000000000005,0.9314547,0
69926,94,HIP1,-0.01,-0.0064047,0
69927,94,CDC73,-0.11,0.0026378,0
69928,94,NIN,0.02,0.013341299999999999,0
69929,94,MDM4,0.14,0.1802856,0
69930,94,COL3A1,0.17,0.1529023,0
69931,94,CTNND1,0.13,0.1424108,0
69932,94,SPOP,-0.019999999999999997,0.012002300000000002,0
69933,94,TMEM127,0.07,0.06016400000000001,0
69934,94,CREB3L2,0.1,0.0581836,0
69935,94,MSH2,0.9400000000000004,0.6923492000000002,0
69936,94,FNBP1,-0.03,-0.010485599999999998,0
69937,94,ATF1,3.469446951953614e-18,0.0042187000000000075,0
69938,94,EIF1AX,-0.5900000000000001,-0.2423101,0
69939,94,PMS1,0.45,0.3556199,0
69940,94,DEK,0.11,0.1038265,0
69941,94,ERBB2,0.9100000000000004,0.5738287,0
69942,94,AKT1,1.2800000000000007,0.8099400999999998,0
69943,94,CHEK2,0.42000000000000004,0.4133561,0
69944,94,SDHB,0.43,0.28005260000000004,0
69945,94,NCOA1,0.42000000000000004,0.2948835,0
69946,94,CHIC2,0.039999999999999994,0.021020199999999996,0
69947,94,RUNX1,0.43000000000000016,0.6625566999999997,0
69948,94,STAT6,0.32999999999999996,0.23483690000000002,0
69949,94,FH,-0.16000000000000003,-0.0444114,0
69950,94,AKT3,1.0500000000000003,0.7100948,0
69951,94,GNAS,0.22999999999999998,0.14499729999999997,0
69952,94,CTNNB1,1.3900000000000008,0.9408739999999999,0
69953,94,NONO,0.09000000000000001,0.06299189999999999,0
69954,94,SMARCB1,0.9600000000000004,0.7040282999999997,0
69955,94,PRKAR1A,0.10000000000000002,0.0928987,0
69956,94,ITGAV,0.04000000000000001,0.04577269999999999,0
69957,94,SS18,0.39999999999999997,0.25245690000000004,0
69958,94,MAP2K1,1.1200000000000006,0.6930872,0
69959,94,SIRPA,1.734723475976807e-18,0.002975799999999999,0
69960,94,PPFIBP1,0.38999999999999996,0.25636790000000004,0
69961,94,RPL22,-0.29000000000000004,0.087215,0
69962,94,CYLD,0.30000000000000004,0.2390407,0
69963,94,ARID1B,0.6499999999999999,0.47461600000000004,0
69964,94,SETDB1,0.35000000000000003,0.25134670000000003,0
69965,94,AFDN,-0.33,-0.09738669999999999,0
69966,94,ZRSR2,0.32000000000000006,0.23298920000000004,0
69967,94,PBRM1,0.9900000000000004,0.7217420000000001,0
69968,94,XPC,0.5800000000000001,0.39429050000000004,0
69969,94,ASXL2,0.22999999999999998,0.1512206,0
69970,94,TRIM24,-0.21999999999999997,-0.08614609999999998,0
69971,94,SFPQ,-0.04999999999999998,0.031212500000000015,0
69972,94,NCOA2,0.5100000000000001,0.35140780000000005,0
69973,94,FOXO4,0.39000000000000007,0.24693030000000002,0
69974,94,LEF1,0.16999999999999998,0.11791590000000002,0
69975,94,B2M,-0.64,-0.22980690000000004,0
69976,94,DDIT3,-0.35,-0.0857822,0
69977,94,BCL6,0.5700000000000001,0.3953246,0
69978,94,KRAS,-1.8600000000000005,-0.4742584,0
69979,94,FAT1,0.060000000000000005,0.0549496,0
69980,94,ABL2,0.11000000000000001,0.0824866,0
69981,94,NF1,0.8900000000000003,0.7081715999999998,0
69982,94,BTG1,-0.03,-0.0153261,0
69983,94,EIF4A2,0.11,0.08198229999999998,0
69984,94,SET,0.18,0.14842209999999997,0
69985,94,EPS15,0.03,0.0323223,0
69986,94,RNF213,0.03,0.024611699999999997,0
69987,94,CTCF,0.8500000000000003,0.6145030999999999,0
69988,94,WDCP,0.08999999999999998,0.0710635,0
69989,94,KAT7,0.12999999999999998,0.0994825,0
69990,94,KDM5C,0.18000000000000002,0.1709487,0
69991,94,TGFBR2,0.14999999999999997,0.12177110000000002,0
69992,94,ATM,1.580000000000001,1.2207846000000002,0
69993,94,NUMA1,0.01,0.0170422,0
69994,94,STAT3,1.4000000000000008,1.1136400999999996,0
69995,94,SUB1,-0.28,-0.096197,0
69996,94,NUP98,0.09000000000000002,0.11453520000000002,0
69997,94,ELL,-0.02000000000000004,0.00718629999999999,0
69998,94,MAP3K1,0.41,0.31877959999999994,0
69999,94,MALT1,0.18,0.1664407,0
70000,94,XPO1,0.36,0.29218520000000003,0
70001,94,SETD1B,0.15,0.10945780000000001,0
70002,94,ETV6,-0.12999999999999998,-0.0313299,0
70003,94,TBL1XR1,0.20000000000000004,0.131015,0
70004,94,NUP214,-0.02000000000000001,0.12153240000000003,0
70005,94,TPR,0.09000000000000001,0.10501880000000002,0
70006,94,ATIC,-0.03000000000000002,0.002823500000000009,0
70007,94,NACA,0.22000000000000003,0.1441773,0
70008,94,MYO5A,0.02,0.017315399999999998,0
70009,94,SMC1A,0.5600000000000002,0.4636477,0
70010,94,LASP1,-0.22,-0.1247668,0
70011,94,ERCC5,0.45,0.29275639999999997,0
70012,94,JUN,0.2,0.27462640000000005,0
70013,94,THRAP3,0.06999999999999999,0.06156809999999999,0
70014,94,STAG2,0.52,0.4003542,0
70015,94,RAF1,1.0800000000000003,0.7675654000000001,0
70016,94,ERCC3,0.5,0.412962,0
70017,94,SMAD2,0.55,0.5200347000000001,0
70018,94,TAF15,0.17000000000000004,0.14503230000000003,0
70019,94,ARNT,0.32999999999999996,0.26258529999999997,0
70020,94,CLTC,-0.54,-0.27690939999999997,0
70021,94,IKBKB,0.5400000000000001,0.4613036,0
70022,94,IDH1,-0.6300000000000001,-0.17113179999999997,0
70023,94,SND1,-0.009999999999999997,0.0024659999999999986,0
70024,94,KNSTRN,0.03,0.0246504,0
70025,94,RHOA,-1.37,-0.3332441999999999,0
70026,94,PALB2,0.6500000000000001,0.5364262000000001,0
70027,94,ARID2,0.7300000000000002,0.5497038999999999,0
70028,94,EZR,-0.03999999999999999,0.02186060000000001,0
70029,94,TP53,-1.24,-0.20441340000000013,0
70030,94,ARAF,0.4,0.22317010000000004,0
70031,94,KIF5B,0.4099999999999999,0.2939561,0
70032,94,KAT6A,0.16,0.16698649999999998,0
70033,94,KTN1,-0.09000000000000001,-0.0259883,0
70034,94,GOLGA5,-0.13,-0.08334650000000002,0
70035,94,KDM5A,0.27,0.23849220000000002,0
70036,94,RAD21,0.44000000000000006,0.3382359999999999,0
70037,94,GNAQ,0.14,0.10222729999999997,0
70038,94,CAMTA1,0.02,0.012373799999999999,0
70039,94,ERCC2,0.63,0.45255989999999996,0
70040,94,EZH2,1.9400000000000013,1.2737144000000002,0
70041,94,TOP1,0.15,0.11740980000000001,0
70042,94,SRSF3,-0.31000000000000005,-0.0827732,0
70043,94,NPM1,-0.009999999999999992,0.13951680000000002,0
70044,94,BAX,-0.5,-0.15146840000000003,0
70045,94,NOTCH2,0.29000000000000004,0.22807529999999998,0
70046,94,TRAF7,0.04,0.0320304,0
70047,94,KDM6A,0.8700000000000003,0.7853640000000002,0
70048,94,SPEN,0.12,0.0888676,0
70049,94,TRIM27,-0.43000000000000005,-0.1479123,0
70050,94,CRTC1,0.14,0.10330980000000001,0
70051,94,EML4,0.31000000000000016,0.25027579999999994,0
70052,94,USP9X,-0.06,-0.0400658,0
70053,94,PTPRK,0.01,0.006851,0
70054,94,CD74,-0.10000000000000002,0.011800699999999999,0
70055,94,CBL,0.6400000000000001,0.4728887,0
70056,94,ZNF384,-0.07,-0.0363096,0
70057,94,NOTCH1,0.9700000000000004,0.7178181000000001,0
70058,94,COX6C,-0.13,-0.0570634,0
70059,94,CHCHD7,0.03,0.0204147,0
70060,94,HMGA1,-0.12000000000000001,-0.0480713,0
70061,94,PTEN,1.470000000000001,1.2133733000000002,0
70062,94,FIP1L1,-0.04000000000000001,-0.023452300000000002,0
70063,94,JAK1,0.7500000000000002,0.5949682000000001,0
70064,94,ZMYM2,-0.060000000000000005,-0.0412354,0
70065,94,SUZ12,0.7900000000000003,0.5580668999999999,0
70066,94,FUS,-0.25,0.10251670000000002,0
70067,94,BAP1,0.10999999999999999,0.0974302,0
70068,94,ZCCHC8,-0.07,-0.021106400000000004,0
70069,94,CRNKL1,-0.049999999999999996,-0.026713199999999996,0
70070,94,RAD17,0.13,0.0928465,0
70071,94,ATP1A1,0.009999999999999998,0.006411600000000002,0
70072,94,DNMT3A,0.8200000000000005,0.6511984000000001,0
70073,94,FBXW7,0.9000000000000002,0.708076,0
70074,94,WWTR1,-0.08999999999999998,-0.0398575,0
70075,94,CDKN1B,0.52,0.318753,0
70076,94,KMT2A,0.5500000000000002,0.4629616,0
70077,94,PTPN11,0.9400000000000005,0.7062045000000001,0
70078,94,STAT5B,0.6300000000000001,0.49649730000000014,0
70079,94,CUX1,-0.11000000000000001,-0.0727937,0
70080,94,ABI1,-0.44000000000000006,-0.1481423,0
70081,94,BRCA1,1.720000000000001,1.3553592999999997,0
70082,94,SH2B3,0.030000000000000002,0.028900700000000005,0
70083,94,AFF4,0.009999999999999995,0.0320313,0
70084,94,NF2,-0.08000000000000003,0.019558400000000004,0
70085,94,LMNA,0.040000000000000015,0.04763700000000001,0
70086,94,TSC2,0.51,0.4266776,0
70087,94,GOLPH3,-0.13999999999999999,-0.07703380000000001,0
70088,94,PCM1,-0.05,-0.035260400000000004,0
70089,94,PPP2R1A,-0.43,-0.1382226,0
70090,94,ARID1A,1.7800000000000011,1.2898911,0
70091,94,ABL1,0.18000000000000005,0.19105769999999994,0
70092,94,AFF1,0.25,0.2026254,0
70093,94,DAXX,-0.31999999999999995,-0.07099980000000002,0
70094,94,CBFB,0.15000000000000002,0.11048180000000002,0
70095,94,CBLB,0.13,0.10054389999999999,0
70096,94,POLR2A,0.1,0.21047710000000003,0
70097,94,PRKACA,0.38000000000000006,0.2845402000000001,0
70098,94,DNM2,-0.15,-0.0544485,0
70099,94,RAP1GDS1,-0.04,-0.012880200000000008,0
70100,94,NCOR1,0.9200000000000003,0.7924352000000001,0
70101,94,NFKBIE,-0.21000000000000002,-0.0736344,0
70102,94,DDX3X,0.10000000000000002,0.11731110000000002,0
70103,94,ELK4,0.02,0.014957800000000002,0
70104,94,MLLT6,0.12000000000000001,0.0911475,0
70105,94,SRSF2,-1.31,-0.3605378,0
70106,94,CTNNA1,0.11,0.08425619999999999,0
70107,94,RBM10,0.21,0.14274340000000002,0
70108,94,PTPRC,0.09,0.10521830000000001,0
70109,94,HSP90AA1,1.1500000000000006,0.7547266999999999,0
70110,95,NSD1,0.33,0.28701740000000003,1
70111,95,DICER1,0.32000000000000006,0.3174768,1
70112,95,BIRC6,0.11,0.10261959999999999,1
70113,95,SDHC,0.39999999999999997,0.2998868,1
70114,95,TFG,0.17,0.10716049999999999,1
70115,95,MAP2K2,0.28,0.2028741,1
70116,95,TFRC,-0.25,-0.0976844,1
70117,95,CREB1,0.8500000000000004,0.7477869999999999,1
70118,95,POLG,0.0,0.0,1
70119,95,SETD2,0.7400000000000002,0.6761059,1
70120,95,NAB2,-0.53,-0.153094,1
70121,95,HIF1A,1.660000000000001,1.3148381000000005,1
70122,95,FLCN,-0.05,0.0125335,1
70123,95,MAP2K4,0.04000000000000001,0.1132194,1
70124,95,CNOT3,0.07,0.060378200000000014,1
70125,95,CIITA,0.07,0.041739,1
70126,95,LSM14A,0.15,0.1253743,1
70127,95,AKAP9,-0.05000000000000001,0.011703100000000001,1
70128,95,MSN,-0.25,-0.09214019999999999,1
70129,95,BCR,-0.059999999999999984,0.046907500000000005,1
70130,95,TRRAP,0.030000000000000047,0.21806939999999997,1
70131,95,PPP6C,-0.18,-0.07402460000000001,1
70132,95,NCOA4,-0.10000000000000003,-0.020345100000000012,1
70133,95,BCL9,0.19,0.15130849999999998,1
70134,95,PRCC,0.09,0.07753430000000001,1
70135,95,LARP4B,0.03,0.022465199999999998,1
70136,95,CHD2,0.02,0.017841199999999998,1
70137,95,ASXL1,0.41000000000000003,0.41770460000000004,1
70138,95,SMARCA4,1.9900000000000013,1.6057900999999997,1
70139,95,ERC1,-0.03,-0.0232701,1
70140,95,DCTN1,-0.010000000000000002,0.020066800000000013,1
70141,95,PIK3R1,1.1300000000000006,0.9476403000000001,1
70142,95,EED,0.12999999999999998,0.09322720000000001,1
70143,95,CNBP,0.0,0.0,1
70144,95,SGK1,0.45999999999999996,0.319744,1
70145,95,MLLT10,-0.26999999999999996,-0.15673900000000002,1
70146,95,BRD4,0.9900000000000004,0.8912296000000001,1
70147,95,RANBP2,0.31999999999999995,0.30024080000000003,1
70148,95,FBXO11,0.06,0.050674,1
70149,95,PML,0.41000000000000014,0.2741887,1
70150,95,AKT2,1.1600000000000004,0.8547976999999999,1
70151,95,CEP89,0.06,0.037612400000000004,1
70152,95,LZTR1,0.07999999999999999,0.10980709999999999,1
70153,95,YWHAE,0.24,0.14774900000000002,1
70154,95,DNAJB1,-0.14,-0.046501,1
70155,95,PRDM2,0.05,0.0410859,1
70156,95,TPM4,0.4800000000000001,0.34547810000000007,1
70157,95,CREBBP,2.0200000000000014,1.6791307999999996,1
70158,95,PMS2,0.78,0.6775202,1
70159,95,DDR2,0.03,0.020707799999999995,1
70160,95,FANCA,0.4100000000000001,0.3470985,1
70161,95,PDE4DIP,0.08,0.061865,1
70162,95,USP8,-0.04,-0.0198182,1
70163,95,MYH9,-0.35000000000000003,-0.08609669999999998,1
70164,95,MYC,-0.72,-0.10197999999999997,1
70165,95,NBN,0.6100000000000001,0.5079373,1
70166,95,CCND3,-0.11000000000000003,-0.0015215000000000055,1
70167,95,TRIP11,-0.09,-0.06735820000000001,1
70168,95,CNTRL,-0.07,-0.0554824,1
70169,95,PIK3CA,1.1700000000000008,1.041821,1
70170,95,DDX5,0.2700000000000001,0.2758211,1
70171,95,PICALM,3.469446951953614e-18,0.004309200000000003,1
70172,95,RARA,0.04999999999999999,0.11100239999999999,1
70173,95,DDX6,-0.03000000000000002,0.08596949999999999,1
70174,95,COL1A1,0.21,0.18343490000000004,1
70175,95,VHL,0.32000000000000006,0.2434491,1
70176,95,MAPK1,1.690000000000001,1.2423697999999999,1
70177,95,SRC,0.38,0.39878959999999997,1
70178,95,NFE2L2,0.39,0.29485200000000006,1
70179,95,MITF,-0.26999999999999996,-0.074702,1
70180,95,SMAD3,1.2700000000000011,1.1843185999999999,1
70181,95,RBM15,0.09000000000000001,0.07887040000000001,1
70182,95,ATR,0.7500000000000002,0.6265258,1
70183,95,EPAS1,0.39999999999999997,0.38072330000000004,1
70184,95,TPM3,0.11,0.11401330000000003,1
70185,95,RPL10,0.09000000000000002,0.1015488,1
70186,95,STAG1,0.13,0.1426794,1
70187,95,SBDS,-0.06,-0.0199383,1
70188,95,KMT2D,1.0500000000000005,0.8540509999999999,1
70189,95,MED12,0.39000000000000007,0.33458959999999993,1
70190,95,BCLAF1,-0.029999999999999992,0.03337329999999999,1
70191,95,ASPSCR1,-0.010000000000000009,0.006686899999999999,1
70192,95,CDK12,0.52,0.42610040000000005,1
70193,95,EWSR1,0.27,0.29998129999999995,1
70194,95,NDRG1,-0.07,-0.021078100000000002,1
70195,95,PSIP1,0.08,0.0834196,1
70196,95,TRIM33,0.11,0.09701130000000002,1
70197,95,MTOR,0.9300000000000002,0.8022024000000001,1
70198,95,ARHGAP35,0.17000000000000004,0.1588614,1
70199,95,POT1,0.010000000000000002,0.0177287,1
70200,95,EXT1,0.11,0.0833712,1
70201,95,IL6ST,0.34,0.2908027,1
70202,95,IDH2,-0.08999999999999997,0.00023870000000001095,1
70203,95,SMARCE1,0.44,0.3104557,1
70204,95,CRTC3,0.09999999999999999,0.0846924,1
70205,95,TSC1,0.38,0.3454146,1
70206,95,BCOR,-0.14999999999999997,0.015885900000000005,1
70207,95,SDHA,0.26,0.2063668,1
70208,95,EP300,2.1900000000000004,1.8810778000000004,1
70209,95,HNRNPA2B1,0.47000000000000003,0.3430684,1
70210,95,CLIP1,-0.13999999999999999,-0.082552,1
70211,95,PATZ1,-0.6,-0.15331909999999999,1
70212,95,FUBP1,-0.1,-0.007357900000000009,1
70213,95,HLA-A,-0.11999999999999998,0.0025802999999999937,1
70214,95,CCNC,-0.28,-0.12220650000000001,1
70215,95,RPN1,-0.25,-0.0778228,1
70216,95,TCF7L2,-0.010000000000000005,0.08474979999999997,1
70217,95,CANT1,0.0,0.018129799999999988,1
70218,95,RPL5,-0.6699999999999999,-0.2086523,1
70219,95,CCDC6,0.08,0.10025310000000001,1
70220,95,NCKIPSD,-0.03,-0.008207900000000002,1
70221,95,SMARCD1,0.44000000000000006,0.3787564,1
70222,95,BCL10,-0.029999999999999978,0.0485614,1
70223,95,MAX,0.039999999999999994,0.0744407,1
70224,95,HERPUD1,0.0,0.0,1
70225,95,RAC1,0.08999999999999998,0.1564769,1
70226,95,FLNA,0.15,0.11666040000000001,1
70227,95,TFE3,-0.8,-0.2845197,1
70228,95,NCOR2,0.7100000000000002,0.5885157000000001,1
70229,95,PRPF40B,0.019999999999999997,0.013397200000000001,1
70230,95,BCL3,-0.10999999999999997,-0.03231279999999999,1
70231,95,TFPT,-0.4,-0.11771400000000001,1
70232,95,MLH1,0.8800000000000001,0.7914757,1
70233,95,ARHGAP5,0.08,0.10022819999999999,1
70234,95,CIC,0.0,0.0,1
70235,95,LYN,0.66,0.5355783000000001,1
70236,95,TCF12,0.33,0.2653904,1
70237,95,KLF6,0.060000000000000005,0.0419489,1
70238,95,KMT2C,0.9300000000000004,0.8099993,1
70239,95,PIM1,-0.12,-0.02027769999999999,1
70240,95,CCND1,1.2800000000000007,0.8287782999999997,1
70241,95,MLLT1,-1.57,-0.3938872,1
70242,95,MEN1,-0.19,-0.0720229,1
70243,95,CUL3,0.020000000000000028,0.1260595,1
70244,95,RB1,0.6,0.5379321,1
70245,95,LPP,-0.13,-0.02217,1
70246,95,BUB1B,-0.22,-0.072106,1
70247,95,SMAD4,1.600000000000001,1.3178344000000002,1
70248,95,FGFR1,0.33999999999999997,0.2869256,1
70249,95,TMSB4X,0.03,0.0228609,1
70250,95,CDK4,1.0300000000000005,0.7305564000000001,1
70251,95,MSI2,0.01,0.0079036,1
70252,95,MSH6,0.9800000000000004,0.8485457000000002,1
70253,95,BRAF,1.3500000000000008,1.1723656999999998,1
70254,95,TCEA1,-0.09,-0.00446199999999999,1
70255,95,TNFAIP3,0.15000000000000002,0.1329754,1
70256,95,RABEP1,0.0,0.0007863999999999996,1
70257,95,GMPS,-0.08000000000000003,-0.03622970000000001,1
70258,95,MDM2,1.1100000000000005,0.9065021,1
70259,95,NSD2,0.24,0.1905237,1
70260,95,CASP8,-0.09000000000000001,0.1246958,1
70261,95,PER1,-0.22999999999999998,-0.0776252,1
70262,95,UBR5,0.049999999999999996,0.05543239999999999,1
70263,95,EIF3E,1.3877787807814457e-17,0.04722420000000001,1
70264,95,RFWD3,0.030000000000000002,0.0323649,1
70265,95,BRD3,0.12000000000000001,0.0932071,1
70266,95,PAFAH1B2,0.03,0.0273411,1
70267,95,EXT2,0.020000000000000004,0.021391800000000002,1
70268,95,PLCG1,0.49000000000000005,0.4280845,1
70269,95,SF3B1,-0.63,-0.29884679999999997,1
70270,95,ARHGEF10L,0.04,0.0208372,1
70271,95,NFATC2,0.23,0.1714803,1
70272,95,SDHD,0.25000000000000006,0.18519799999999997,1
70273,95,PABPC1,-0.9600000000000001,-0.2546151,1
70274,95,POLD1,-0.28,-0.07110279999999998,1
70275,95,CALR,0.050000000000000024,0.074046,1
70276,95,PIK3CB,0.6300000000000001,0.5438393000000001,1
70277,95,PPM1D,0.27,0.2165414,1
70278,95,ATRX,0.9400000000000004,0.8332633,1
70279,95,DGCR8,0.17,0.13168249999999998,1
70280,95,DDX10,0.16,0.1300036,1
70281,95,DROSHA,0.52,0.41661799999999993,1
70282,95,TNFRSF14,-0.17,-0.0580193,1
70283,95,BCL9L,0.13,0.09858719999999999,1
70284,95,QKI,0.009999999999999998,0.008447100000000003,1
70285,95,BAZ1A,0.01,0.0080984,1
70286,95,CHD4,0.35,0.32643130000000004,1
70287,95,NSD3,0.15,0.14285710000000001,1
70288,95,NT5C2,0.17,0.10389219999999999,1
70289,95,CCNB1IP1,0.15000000000000002,0.0707344,1
70290,95,PCBP1,-1.03,-0.28105890000000006,1
70291,95,RALGDS,-0.08,0.022839699999999998,1
70292,95,ARHGEF12,-0.020000000000000004,0.0285581,1
70293,95,HSP90AB1,1.1900000000000004,0.8027192999999998,1
70294,95,FOXO3,1.4500000000000008,1.1103231,1
70295,95,HIP1,-0.01,-0.006685900000000001,1
70296,95,CDC73,0.02,0.0641128,1
70297,95,NIN,0.0,-0.0008360000000000034,1
70298,95,MDM4,0.16,0.2073723,1
70299,95,COL3A1,0.23,0.1893212,1
70300,95,CTNND1,0.12,0.15445860000000003,1
70301,95,SPOP,0.14,0.1198334,1
70302,95,TMEM127,0.04,0.027290899999999993,1
70303,95,CREB3L2,0.16,0.1036334,1
70304,95,MSH2,0.9500000000000004,0.8465556999999999,1
70305,95,FNBP1,0.02,0.030598399999999998,1
70306,95,ATF1,0.17000000000000004,0.1224423,1
70307,95,EIF1AX,-0.52,-0.2174996,1
70308,95,PMS1,0.5299999999999999,0.41693800000000003,1
70309,95,DEK,0.19999999999999998,0.1683812,1
70310,95,ERBB2,0.9200000000000002,0.6337514999999999,1
70311,95,AKT1,0.8400000000000003,0.5755279999999998,1
70312,95,CHEK2,0.6100000000000003,0.6322219000000001,1
70313,95,SDHB,0.42000000000000004,0.30481279999999994,1
70314,95,NCOA1,0.45,0.3573247,1
70315,95,CHIC2,0.08,0.0580664,1
70316,95,RUNX1,0.12,0.5647659999999998,1
70317,95,STAT6,0.42999999999999994,0.3710787,1
70318,95,FH,-0.05000000000000001,0.0027739999999999918,1
70319,95,AKT3,1.0800000000000005,0.8211091000000001,1
70320,95,GNAS,0.35,0.2591284,1
70321,95,CTNNB1,1.610000000000001,1.1813703000000004,1
70322,95,NONO,0.31000000000000005,0.2756367,1
70323,95,SMARCB1,1.0200000000000005,0.8196221999999999,1
70324,95,PRKAR1A,0.19,0.1829678,1
70325,95,ITGAV,-0.020000000000000004,0.048629500000000006,1
70326,95,SS18,0.4,0.2919826,1
70327,95,MAP2K1,0.9600000000000004,0.6122358000000001,1
70328,95,SIRPA,-0.07,-0.019794100000000002,1
70329,95,PPFIBP1,0.39999999999999997,0.29799960000000003,1
70330,95,RPL22,-0.11999999999999997,0.08474920000000001,1
70331,95,CYLD,0.30000000000000004,0.24022190000000002,1
70332,95,ARID1B,0.8300000000000001,0.6627212,1
70333,95,SETDB1,0.32,0.2412829,1
70334,95,AFDN,-0.5,-0.1457299,1
70335,95,ZRSR2,-0.12000000000000001,-0.08490030000000001,1
70336,95,PBRM1,1.0200000000000005,0.806296,1
70337,95,XPC,0.47000000000000003,0.2965451,1
70338,95,ASXL2,0.29000000000000004,0.2198356,1
70339,95,TRIM24,-0.16999999999999998,-0.021060399999999993,1
70340,95,SFPQ,-0.45000000000000007,-0.14680089999999996,1
70341,95,NCOA2,0.6400000000000001,0.5322244,1
70342,95,FOXO4,0.37,0.2463568,1
70343,95,LEF1,0.18,0.17882000000000003,1
70344,95,B2M,-0.34,-0.1481979,1
70345,95,DDIT3,-0.32,-0.1110768,1
70346,95,BCL6,0.32999999999999996,0.27754419999999996,1
70347,95,KRAS,-0.3999999999999998,-0.019190300000000042,1
70348,95,FAT1,0.12000000000000001,0.09199579999999997,1
70349,95,ABL2,0.1,0.080673,1
70350,95,NF1,1.3400000000000007,1.1120294,1
70351,95,BTG1,-0.05,-0.0223115,1
70352,95,EIF4A2,0.060000000000000005,0.0352358,1
70353,95,SET,0.18,0.1515141,1
70354,95,EPS15,0.08,0.0704725,1
70355,95,RNF213,0.05,0.0438568,1
70356,95,CTCF,1.0500000000000007,0.7666011,1
70357,95,WDCP,0.28,0.1805105,1
70358,95,KAT7,0.15,0.1292086,1
70359,95,KDM5C,0.18,0.1674979,1
70360,95,TGFBR2,0.07999999999999995,0.13330770000000003,1
70361,95,ATM,1.1300000000000006,1.1042992,1
70362,95,NUMA1,0.009999999999999998,0.018045,1
70363,95,STAT3,0.7600000000000003,0.7901866999999999,1
70364,95,SUB1,-0.12,-0.052897200000000005,1
70365,95,NUP98,0.2,0.20377240000000005,1
70366,95,ELL,0.09000000000000004,0.04398000000000002,1
70367,95,MAP3K1,0.30000000000000004,0.2652055,1
70368,95,MALT1,0.04000000000000001,0.10926919999999998,1
70369,95,XPO1,0.5800000000000002,0.49107150000000005,1
70370,95,SETD1B,0.27,0.2186539,1
70371,95,ETV6,-0.13999999999999999,-0.044187500000000005,1
70372,95,TBL1XR1,0.22,0.16170959999999998,1
70373,95,NUP214,-0.13999999999999999,0.1319668,1
70374,95,TPR,0.11,0.0991614,1
70375,95,ATIC,0.12999999999999998,0.1496304,1
70376,95,NACA,0.2,0.10919670000000001,1
70377,95,MYO5A,0.02,0.015034700000000002,1
70378,95,SMC1A,0.29000000000000004,0.4016460000000001,1
70379,95,LASP1,-0.24,-0.12421560000000001,1
70380,95,ERCC5,0.42000000000000004,0.2567009,1
70381,95,JUN,-1.3800000000000003,-0.30727219999999994,1
70382,95,THRAP3,0.08,0.06453120000000001,1
70383,95,STAG2,0.21000000000000002,0.2642721,1
70384,95,RAF1,0.8300000000000003,0.6458833,1
70385,95,ERCC3,0.58,0.48976800000000004,1
70386,95,SMAD2,0.3700000000000002,0.4785552,1
70387,95,TAF15,0.2,0.1693116,1
70388,95,ARNT,0.3,0.2614889,1
70389,95,CLTC,-0.76,-0.318845,1
70390,95,IKBKB,0.4800000000000001,0.4675059999999999,1
70391,95,IDH1,-0.7500000000000002,-0.25538849999999996,1
70392,95,SND1,-0.01999999999999999,0.015071900000000003,1
70393,95,KNSTRN,0.02,0.015470600000000001,1
70394,95,RHOA,-3.290000000000001,-0.7700293000000001,1
70395,95,PALB2,0.6300000000000001,0.5631857999999998,1
70396,95,ARID2,0.8600000000000001,0.6924055000000001,1
70397,95,EZR,-0.18,-0.05689870000000001,1
70398,95,TP53,-0.4600000000000001,0.2169693,1
70399,95,ARAF,0.34,0.19774000000000003,1
70400,95,KIF5B,0.5400000000000001,0.4168429,1
70401,95,KAT6A,0.17000000000000004,0.2083724,1
70402,95,KTN1,-0.11,-0.014670699999999995,1
70403,95,GOLGA5,-0.09,-0.0649979,1
70404,95,KDM5A,0.30000000000000004,0.2765648,1
70405,95,RAD21,0.5299999999999999,0.45617660000000004,1
70406,95,GNAQ,0.3,0.2379486,1
70407,95,CAMTA1,0.06,0.0442566,1
70408,95,ERCC2,0.68,0.5301117000000001,1
70409,95,EZH2,1.5100000000000011,1.2241437999999996,1
70410,95,TOP1,0.24000000000000002,0.20425810000000003,1
70411,95,SRSF3,-0.24000000000000002,-0.0466227,1
70412,95,NPM1,0.16000000000000006,0.1796992,1
70413,95,BAX,-0.75,-0.1774156,1
70414,95,NOTCH2,0.29000000000000004,0.2469036,1
70415,95,TRAF7,0.02,0.014519,1
70416,95,KDM6A,0.9400000000000003,0.9151716,1
70417,95,SPEN,0.12000000000000001,0.09481070000000001,1
70418,95,TRIM27,-0.54,-0.1757715,1
70419,95,CRTC1,0.15,0.12,1
70420,95,EML4,0.29999999999999993,0.29769059999999997,1
70421,95,USP9X,0.009999999999999998,0.0051917000000000005,1
70422,95,PTPRK,0.0,0.0,1
70423,95,CD74,-0.26000000000000006,-0.03459620000000001,1
70424,95,CBL,0.5400000000000001,0.4917072000000002,1
70425,95,ZNF384,0.04,0.0321051,1
70426,95,NOTCH1,1.0900000000000003,0.8227378999999998,1
70427,95,COX6C,-0.19,-0.0506032,1
70428,95,CHCHD7,0.02,0.0124908,1
70429,95,HMGA1,-0.09,-0.0403616,1
70430,95,PTEN,1.010000000000001,1.0546122999999998,1
70431,95,FIP1L1,-0.03,-0.005375899999999996,1
70432,95,JAK1,0.9000000000000004,0.7485972000000003,1
70433,95,ZMYM2,3.469446951953614e-18,-0.0005328999999999993,1
70434,95,SUZ12,0.8400000000000003,0.6894747,1
70435,95,FUS,-0.57,-0.04635710000000002,1
70436,95,BAP1,-0.34,-0.1482229,1
70437,95,ZCCHC8,-0.07,-0.021434000000000005,1
70438,95,CRNKL1,0.019999999999999997,0.016062,1
70439,95,RAD17,0.19999999999999998,0.14780749999999998,1
70440,95,ATP1A1,0.03,0.0178475,1
70441,95,DNMT3A,1.0400000000000003,0.8873612000000001,1
70442,95,FBXW7,1.0400000000000005,0.8843771000000001,1
70443,95,WWTR1,-0.11999999999999998,-0.047468,1
70444,95,CDKN1B,0.38,0.2965247999999999,1
70445,95,KMT2A,0.3400000000000001,0.3589805999999999,1
70446,95,PTPN11,1.1100000000000005,0.9318416999999998,1
70447,95,STAT5B,0.8100000000000003,0.6574085000000001,1
70448,95,CUX1,-0.07,-0.049288900000000004,1
70449,95,ABI1,-0.27,-0.0728222,1
70450,95,BRCA1,1.680000000000001,1.4374236999999999,1
70451,95,SH2B3,0.08,0.047617,1
70452,95,AFF4,-0.16,-0.08488210000000003,1
70453,95,NF2,0.1,0.13030930000000002,1
70454,95,LMNA,-0.030000000000000006,-0.005205000000000006,1
70455,95,TSC2,0.8700000000000003,0.7014998000000001,1
70456,95,GOLPH3,-0.08,-0.0549632,1
70457,95,PCM1,-0.05,-0.041653,1
70458,95,PPP2R1A,-0.38000000000000006,-0.11454710000000001,1
70459,95,ARID1A,2.0000000000000013,1.6253833000000004,1
70460,95,ABL1,-0.25000000000000006,0.04554630000000005,1
70461,95,AFF1,-0.009999999999999995,0.032021700000000014,1
70462,95,DAXX,-0.5499999999999999,-0.15496360000000003,1
70463,95,CBFB,0.05000000000000001,0.10788760000000001,1
70464,95,CBLB,0.17,0.1493369,1
70465,95,POLR2A,-0.35,0.06852910000000001,1
70466,95,PRKACA,0.18000000000000008,0.24108750000000004,1
70467,95,DNM2,-0.1,-0.0508252,1
70468,95,RAP1GDS1,-0.009999999999999981,0.03827319999999999,1
70469,95,NCOR1,0.9400000000000002,0.928113,1
70470,95,NFKBIE,-0.5,-0.1422435,1
70471,95,DDX3X,0.31000000000000005,0.2729134,1
70472,95,ELK4,0.03,0.026378399999999996,1
70473,95,MLLT6,0.039999999999999994,0.0387039,1
70474,95,SRSF2,-3.0500000000000007,-0.7085083999999999,1
70475,95,CTNNA1,0.16,0.1272626,1
70476,95,RBM10,0.16,0.11869550000000001,1
70477,95,PTPRC,0.09,0.1403535,1
70478,95,HSP90AA1,0.8600000000000002,0.6279448999999998,1
70479,95,NSD1,0.24,0.1992221,0
70480,95,DICER1,0.22,0.22232960000000002,0
70481,95,BIRC6,0.060000000000000005,0.0553022,0
70482,95,SDHC,0.2800000000000001,0.18354100000000004,0
70483,95,TFG,0.3,0.1687017,0
70484,95,MAP2K2,0.24,0.169302,0
70485,95,TFRC,-0.25,-0.1255498,0
70486,95,CREB1,0.9000000000000004,0.6699914999999999,0
70487,95,POLG,-0.01,-0.0031241000000000003,0
70488,95,SETD2,0.6700000000000002,0.5625092999999999,0
70489,95,NAB2,-0.31,-0.1126847,0
70490,95,HIF1A,1.620000000000001,1.1395663999999996,0
70491,95,FLCN,0.03,0.0310405,0
70492,95,MAP2K4,-0.020000000000000004,0.05993169999999999,0
70493,95,CNOT3,-0.010000000000000002,0.004727399999999996,0
70494,95,CIITA,0.07,0.041290900000000005,0
70495,95,LSM14A,0.08,0.0704091,0
70496,95,AKAP9,-0.04999999999999999,-0.007699899999999999,0
70497,95,MSN,-0.37,-0.09909299999999999,0
70498,95,BCR,0.049999999999999996,0.04340729999999999,0
70499,95,TRRAP,-0.009999999999999992,0.11469710000000001,0
70500,95,PPP6C,-0.16,-0.0797842,0
70501,95,NCOA4,-0.19,-0.10361180000000002,0
70502,95,BCL9,0.12000000000000001,0.09400259999999999,0
70503,95,PRCC,0.010000000000000005,0.013392700000000009,0
70504,95,LARP4B,0.0,0.0,0
70505,95,CHD2,0.01,0.0076688,0
70506,95,ASXL1,0.56,0.49810390000000004,0
70507,95,SMARCA4,1.510000000000001,1.1060423999999998,0
70508,95,ERC1,-0.02,-0.0149618,0
70509,95,DCTN1,-0.26999999999999996,-0.1289852,0
70510,95,PIK3R1,1.2800000000000007,0.9259140999999997,0
70511,95,EED,-0.06999999999999999,0.002464899999999998,0
70512,95,CNBP,0.01,0.005382400000000001,0
70513,95,SGK1,0.28,0.17196029999999998,0
70514,95,MLLT10,-0.14,-0.058135799999999994,0
70515,95,BRD4,0.9300000000000004,0.7087746000000001,0
70516,95,RANBP2,0.16000000000000003,0.20188599999999995,0
70517,95,FBXO11,0.04,0.0316584,0
70518,95,PML,0.27,0.2038593,0
70519,95,AKT2,0.9600000000000002,0.6446199,0
70520,95,CEP89,0.07,0.0427468,0
70521,95,LZTR1,0.09,0.08493679999999999,0
70522,95,YWHAE,0.21999999999999997,0.1372478,0
70523,95,DNAJB1,-0.03,-0.002717500000000001,0
70524,95,PRDM2,0.02,0.0154497,0
70525,95,TPM4,0.4800000000000001,0.3143574,0
70526,95,CREBBP,1.8600000000000012,1.4741326000000003,0
70527,95,PMS2,0.6400000000000001,0.5665812000000001,0
70528,95,DDR2,0.019999999999999997,0.008569899999999998,0
70529,95,FANCA,0.32,0.2654659,0
70530,95,PDE4DIP,0.05,0.034718,0
70531,95,USP8,-0.09,-0.0389541,0
70532,95,MYH9,-0.24999999999999997,-0.05503039999999999,0
70533,95,MYC,-0.9900000000000004,-0.38641210000000015,0
70534,95,NBN,0.49,0.3663097,0
70535,95,CCND3,-0.07,0.0113775,0
70536,95,TRIP11,-0.14,-0.09359680000000001,0
70537,95,CNTRL,-0.07,-0.0477989,0
70538,95,PIK3CA,1.3500000000000008,0.9547336000000003,0
70539,95,DDX5,0.29000000000000004,0.27284310000000006,0
70540,95,PICALM,3.469446951953614e-18,0.0023908000000000054,0
70541,95,RARA,0.29,0.2359293,0
70542,95,DDX6,-0.04999999999999999,0.04834810000000002,0
70543,95,COL1A1,0.00999999999999999,0.059555,0
70544,95,VHL,0.17,0.1212681,0
70545,95,MAPK1,1.4500000000000008,0.9262415000000002,0
70546,95,SRC,-0.12,0.13538300000000006,0
70547,95,NFE2L2,0.24000000000000002,0.15961050000000004,0
70548,95,MITF,-0.24000000000000002,-0.039763699999999985,0
70549,95,SMAD3,1.1300000000000008,0.8570597999999999,0
70550,95,RBM15,0.05,0.0438269,0
70551,95,ATR,0.6500000000000001,0.5305334000000002,0
70552,95,EPAS1,0.36000000000000004,0.31794290000000003,0
70553,95,TPM3,0.21000000000000002,0.1558399,0
70554,95,RPL10,0.13,0.11160120000000001,0
70555,95,STAG1,0.15000000000000002,0.14333220000000002,0
70556,95,SBDS,-0.02,-0.0083421,0
70557,95,KMT2D,0.9200000000000004,0.6867366,0
70558,95,MED12,0.3,0.24120690000000003,0
70559,95,BCLAF1,-0.03,0.0189063,0
70560,95,ASPSCR1,0.019999999999999997,0.019416899999999997,0
70561,95,CDK12,0.28,0.2036318,0
70562,95,EWSR1,0.41999999999999993,0.3399654,0
70563,95,NDRG1,-0.04999999999999999,-0.022686599999999994,0
70564,95,PSIP1,-0.22,-0.1154376,0
70565,95,TRIM33,0.04000000000000001,0.04138120000000001,0
70566,95,MTOR,1.3700000000000006,0.9820875000000003,0
70567,95,ARHGAP35,0.1,0.12490560000000002,0
70568,95,POT1,-0.060000000000000005,-0.011673200000000005,0
70569,95,EXT1,0.1,0.062037,0
70570,95,IL6ST,0.27,0.2080093,0
70571,95,IDH2,-0.05999999999999999,0.007230200000000008,0
70572,95,SMARCE1,0.4,0.24207350000000002,0
70573,95,CRTC3,0.08,0.0634797,0
70574,95,TSC1,0.31,0.2807017,0
70575,95,BCOR,-0.17999999999999997,-0.016585699999999995,0
70576,95,SDHA,0.23,0.13328130000000002,0
70577,95,EP300,1.6300000000000014,1.3336071000000005,0
70578,95,HNRNPA2B1,0.21,0.19609359999999998,0
70579,95,CLIP1,-0.13999999999999999,-0.07807960000000001,0
70580,95,PATZ1,-0.31999999999999995,-0.1024204,0
70581,95,FUBP1,-0.14000000000000004,-0.011530999999999996,0
70582,95,HLA-A,-0.2,-0.014022200000000012,0
70583,95,CCNC,-0.08,-0.03137989999999999,0
70584,95,RPN1,-0.27,-0.07040310000000001,0
70585,95,TCF7L2,0.029999999999999968,0.0693873,0
70586,95,CANT1,0.06,0.040735200000000006,0
70587,95,RPL5,-0.7,-0.21523130000000001,0
70588,95,CCDC6,-1.3877787807814457e-17,0.035846600000000006,0
70589,95,NCKIPSD,0.03,0.0191324,0
70590,95,SMARCD1,0.45,0.301345,0
70591,95,BCL10,-0.010000000000000002,0.024138200000000002,0
70592,95,MAX,-0.030000000000000002,-0.004440900000000008,0
70593,95,HERPUD1,0.01,0.0040875,0
70594,95,RAC1,-0.10000000000000003,0.061629199999999995,0
70595,95,FLNA,0.029999999999999992,0.05912899999999999,0
70596,95,TFE3,-0.41000000000000003,-0.1750842,0
70597,95,NCOR2,0.6600000000000001,0.4800649,0
70598,95,PRPF40B,-0.01,-0.0075283,0
70599,95,BCL3,-0.060000000000000005,-0.0149685,0
70600,95,TFPT,-0.26,-0.0880488,0
70601,95,MLH1,0.8500000000000001,0.7052643000000001,0
70602,95,ARHGAP5,0.13,0.11085910000000002,0
70603,95,CIC,0.0,0.0,0
70604,95,LYN,0.8200000000000001,0.5657344,0
70605,95,TCF12,0.26,0.2002801,0
70606,95,KLF6,0.03,0.0158869,0
70607,95,KMT2C,1.0400000000000003,0.8129183999999998,0
70608,95,PIM1,-0.2,-0.0758762,0
70609,95,CCND1,1.3100000000000007,0.8237493,0
70610,95,MLLT1,-0.9700000000000002,-0.29283430000000005,0
70611,95,MEN1,-0.06,0.0025093999999999967,0
70612,95,CUL3,0.15,0.14093600000000003,0
70613,95,RB1,0.5800000000000001,0.4548355,0
70614,95,LPP,-0.05,-0.0169258,0
70615,95,BUB1B,-0.19,-0.10401330000000002,0
70616,95,SMAD4,1.4100000000000008,1.0570213999999998,0
70617,95,FGFR1,0.24000000000000002,0.1493394,0
70618,95,TMSB4X,0.04,0.0321272,0
70619,95,CDK4,0.6900000000000002,0.4783057,0
70620,95,MSI2,0.01,0.0074809,0
70621,95,MSH6,0.8600000000000003,0.6564765,0
70622,95,BRAF,0.9500000000000004,0.8628878000000003,0
70623,95,TCEA1,-0.06000000000000001,-0.008005100000000006,0
70624,95,TNFAIP3,0.11,0.10533809999999999,0
70625,95,RABEP1,0.0,-0.002151,0
70626,95,GMPS,-0.07,-0.045238099999999996,0
70627,95,MDM2,1.2400000000000007,0.8997684999999997,0
70628,95,NSD2,0.16,0.1106259,0
70629,95,CASP8,0.06999999999999998,0.223692,0
70630,95,PER1,-0.27999999999999997,-0.05690199999999999,0
70631,95,UBR5,-0.06999999999999999,-0.03188999999999999,0
70632,95,EIF3E,-0.07,0.0367863,0
70633,95,RFWD3,0.030000000000000002,0.030709600000000004,0
70634,95,BRD3,0.11000000000000001,0.09640409999999999,0
70635,95,PAFAH1B2,0.02,0.0154546,0
70636,95,EXT2,0.010000000000000009,0.006201000000000005,0
70637,95,PLCG1,0.44999999999999996,0.33140800000000004,0
70638,95,SF3B1,-0.29,-0.12045700000000001,0
70639,95,ARHGEF10L,0.02,0.010357400000000001,0
70640,95,NFATC2,0.18000000000000002,0.12478889999999998,0
70641,95,SDHD,0.18000000000000002,0.10491100000000002,0
70642,95,PABPC1,-0.81,-0.22507089999999996,0
70643,95,POLD1,-0.33,-0.06835169999999999,0
70644,95,CALR,-0.03,-0.0019847999999999984,0
70645,95,PIK3CB,0.51,0.4261347,0
70646,95,PPM1D,0.16,0.1254428,0
70647,95,ATRX,0.8600000000000004,0.6946125000000001,0
70648,95,DGCR8,0.16,0.1035294,0
70649,95,DDX10,0.1,0.06468940000000001,0
70650,95,DROSHA,0.42000000000000004,0.3109873,0
70651,95,TNFRSF14,-0.11,-0.0464735,0
70652,95,BCL9L,0.13,0.08661340000000001,0
70653,95,QKI,-0.09999999999999999,-0.062386500000000004,0
70654,95,BAZ1A,0.01,0.0073859,0
70655,95,CHD4,0.15,0.1470156,0
70656,95,NSD3,0.05,0.044620499999999994,0
70657,95,NT5C2,0.17,0.098066,0
70658,95,CCNB1IP1,0.09,0.0367536,0
70659,95,PCBP1,-0.7799999999999999,-0.2434016,0
70660,95,RALGDS,0.14,0.0923393,0
70661,95,ARHGEF12,-0.019999999999999997,0.0009483000000000009,0
70662,95,HSP90AB1,1.0500000000000005,0.696616,0
70663,95,FOXO3,1.2200000000000004,0.8414821,0
70664,95,HIP1,-0.03,-0.017726099999999998,0
70665,95,CDC73,-0.12999999999999998,-0.009068100000000003,0
70666,95,NIN,0.019999999999999997,0.013946800000000002,0
70667,95,MDM4,0.09000000000000001,0.14157679999999997,0
70668,95,COL3A1,0.10999999999999999,0.1080073,0
70669,95,CTNND1,0.12000000000000001,0.12829900000000002,0
70670,95,SPOP,-0.09000000000000001,-0.029484200000000006,0
70671,95,TMEM127,0.06,0.0520926,0
70672,95,CREB3L2,0.060000000000000005,0.0401206,0
70673,95,MSH2,0.8700000000000004,0.6330933000000001,0
70674,95,FNBP1,-0.009999999999999998,0.0036752999999999977,0
70675,95,ATF1,-0.009999999999999992,-0.004100099999999999,0
70676,95,EIF1AX,-0.41,-0.2033483,0
70677,95,PMS1,0.46,0.35907219999999995,0
70678,95,DEK,0.060000000000000005,0.07158010000000001,0
70679,95,ERBB2,1.1000000000000005,0.7113567000000002,0
70680,95,AKT1,0.5300000000000001,0.3520279,0
70681,95,CHEK2,0.09000000000000002,0.2653228,0
70682,95,SDHB,0.42,0.26849720000000005,0
70683,95,NCOA1,0.41000000000000003,0.2887683,0
70684,95,CHIC2,0.06,0.0328812,0
70685,95,RUNX1,0.4800000000000002,0.5705967,0
70686,95,STAT6,0.22,0.1728619,0
70687,95,FH,-0.24,-0.09412789999999999,0
70688,95,AKT3,0.9500000000000004,0.6586104,0
70689,95,GNAS,0.19999999999999998,0.12432610000000002,0
70690,95,CTNNB1,1.4800000000000009,1.0496392999999997,0
70691,95,NONO,0.12000000000000001,0.0810356,0
70692,95,SMARCB1,0.8800000000000003,0.6451383999999999,0
70693,95,PRKAR1A,0.08,0.08908860000000002,0
70694,95,ITGAV,0.020000000000000007,0.020513000000000003,0
70695,95,SS18,0.39,0.25405880000000003,0
70696,95,MAP2K1,1.1000000000000005,0.6850323,0
70697,95,SIRPA,-0.01,-0.004487400000000001,0
70698,95,PPFIBP1,0.38,0.2535392,0
70699,95,RPL22,-0.17,0.06261100000000001,0
70700,95,CYLD,0.28,0.2229504,0
70701,95,ARID1B,0.6099999999999999,0.4459808999999999,0
70702,95,SETDB1,0.29000000000000004,0.2033259,0
70703,95,AFDN,-0.43999999999999995,-0.18161899999999997,0
70704,95,ZRSR2,0.24000000000000007,0.1756002,0
70705,95,PBRM1,0.9200000000000004,0.6692916000000001,0
70706,95,XPC,0.6200000000000001,0.4196297,0
70707,95,ASXL2,0.2,0.13304090000000002,0
70708,95,TRIM24,-0.24999999999999997,-0.11194130000000001,0
70709,95,SFPQ,-0.12,-0.0011490999999999967,0
70710,95,NCOA2,0.52,0.3665436999999999,0
70711,95,FOXO4,0.44000000000000006,0.2886675,0
70712,95,LEF1,0.1,0.08332239999999999,0
70713,95,B2M,-0.5300000000000001,-0.21092980000000003,0
70714,95,DDIT3,-0.37,-0.0940597,0
70715,95,BCL6,0.5500000000000002,0.37328769999999994,0
70716,95,KRAS,-0.95,-0.27824370000000004,0
70717,95,FAT1,0.05000000000000001,0.050088200000000006,0
70718,95,ABL2,0.060000000000000005,0.0536866,0
70719,95,NF1,0.8000000000000003,0.6608213,0
70720,95,BTG1,-0.01,-0.005512,0
70721,95,EIF4A2,0.12,0.08370050000000001,0
70722,95,SET,0.16,0.1316014,0
70723,95,EPS15,0.019999999999999997,0.025828999999999998,0
70724,95,RNF213,0.03,0.0228203,0
70725,95,CTCF,0.8300000000000003,0.5995088000000002,0
70726,95,WDCP,0.17000000000000004,0.1163589,0
70727,95,KAT7,0.09999999999999999,0.08078909999999999,0
70728,95,KDM5C,0.15,0.1340847,0
70729,95,TGFBR2,0.22000000000000003,0.15629809999999997,0
70730,95,ATM,1.1900000000000008,0.9765962999999998,0
70731,95,NUMA1,-0.030000000000000006,-0.009880699999999996,0
70732,95,STAT3,1.6800000000000008,1.2702905999999998,0
70733,95,SUB1,-0.22,-0.08144090000000001,0
70734,95,NUP98,0.05999999999999997,0.08683249999999998,0
70735,95,ELL,-0.019999999999999987,0.007543000000000006,0
70736,95,MAP3K1,0.4,0.3033833,0
70737,95,MALT1,0.17,0.1504699,0
70738,95,XPO1,0.25,0.2140506,0
70739,95,SETD1B,0.13999999999999999,0.1011465,0
70740,95,ETV6,-0.22,-0.08291280000000001,0
70741,95,TBL1XR1,0.19000000000000003,0.1272634,0
70742,95,NUP214,0.10000000000000002,0.11387460000000002,0
70743,95,TPR,0.09000000000000001,0.08876629999999998,0
70744,95,ATIC,-0.01,0.011895200000000002,0
70745,95,NACA,0.23,0.15822740000000002,0
70746,95,MYO5A,0.009999999999999998,0.008997399999999997,0
70747,95,SMC1A,0.6000000000000001,0.48405459999999995,0
70748,95,LASP1,-0.22,-0.12152469999999999,0
70749,95,ERCC5,0.48000000000000004,0.3173306,0
70750,95,JUN,0.019999999999999997,0.17993429999999994,0
70751,95,THRAP3,0.09,0.07426350000000001,0
70752,95,STAG2,0.44999999999999996,0.3584016,0
70753,95,RAF1,1.1500000000000004,0.8019050000000002,0
70754,95,ERCC3,0.46,0.3809946,0
70755,95,SMAD2,0.6100000000000001,0.5214906,0
70756,95,TAF15,0.16000000000000003,0.1344909,0
70757,95,ARNT,0.25,0.23526230000000004,0
70758,95,CLTC,-0.56,-0.3158626,0
70759,95,IKBKB,0.5100000000000001,0.4215904999999999,0
70760,95,IDH1,-0.53,-0.1518408,0
70761,95,SND1,0.0,0.0004565999999999997,0
70762,95,KNSTRN,0.03,0.0241251,0
70763,95,RHOA,-1.1300000000000001,-0.301354,0
70764,95,PALB2,0.5499999999999999,0.4733939,0
70765,95,ARID2,0.7300000000000002,0.5436302,0
70766,95,EZR,-0.11000000000000001,-0.0150301,0
70767,95,TP53,-0.7,-0.0751264,0
70768,95,ARAF,0.3600000000000001,0.198558,0
70769,95,KIF5B,0.4,0.2940726000000001,0
70770,95,KAT6A,0.19999999999999998,0.18262720000000002,0
70771,95,KTN1,-0.09,-0.028711799999999992,0
70772,95,GOLGA5,-0.14,-0.091463,0
70773,95,KDM5A,0.22999999999999998,0.2023464,0
70774,95,RAD21,0.41000000000000003,0.3200121,0
70775,95,GNAQ,0.07,0.058088,0
70776,95,CAMTA1,0.02,0.0125004,0
70777,95,ERCC2,0.6100000000000001,0.4242025,0
70778,95,EZH2,1.7900000000000011,1.1506080999999997,0
70779,95,TOP1,0.13999999999999999,0.11317669999999998,0
70780,95,SRSF3,-0.3400000000000001,-0.11251539999999999,0
70781,95,NPM1,-0.22000000000000008,0.01901909999999998,0
70782,95,BAX,-0.45999999999999996,-0.1430498,0
70783,95,NOTCH2,0.26,0.2035664,0
70784,95,TRAF7,0.02,0.014673199999999999,0
70785,95,KDM6A,0.8800000000000001,0.7499919,0
70786,95,SPEN,0.09999999999999999,0.07636679999999998,0
70787,95,TRIM27,-0.39,-0.142665,0
70788,95,CRTC1,0.15000000000000002,0.11705560000000001,0
70789,95,EML4,0.13,0.12720740000000003,0
70790,95,USP9X,-0.06999999999999999,-0.041520299999999996,0
70791,95,PTPRK,0.01,0.0068862,0
70792,95,CD74,-0.21000000000000002,-0.04310650000000002,0
70793,95,CBL,0.5099999999999999,0.3727126,0
70794,95,ZNF384,-0.08,-0.0401272,0
70795,95,NOTCH1,0.9500000000000004,0.6652131000000001,0
70796,95,COX6C,-0.12000000000000001,-0.0546289,0
70797,95,CHCHD7,0.03,0.020477099999999998,0
70798,95,HMGA1,-0.1,-0.0497237,0
70799,95,PTEN,1.560000000000001,1.2291722999999997,0
70800,95,FIP1L1,-0.05,-0.0275434,0
70801,95,JAK1,0.8100000000000003,0.6273795999999999,0
70802,95,ZMYM2,-0.1,-0.0688305,0
70803,95,SUZ12,0.7300000000000002,0.49924569999999996,0
70804,95,FUS,-0.12000000000000002,0.11940309999999998,0
70805,95,BAP1,0.06999999999999999,0.08160329999999999,0
70806,95,ZCCHC8,-0.07,-0.0205457,0
70807,95,CRNKL1,-0.04,-0.0245152,0
70808,95,RAD17,0.1,0.0755509,0
70809,95,ATP1A1,0.04,0.024114200000000002,0
70810,95,DNMT3A,0.8900000000000003,0.6633331000000001,0
70811,95,FBXW7,1.0300000000000002,0.7889871,0
70812,95,WWTR1,-0.13,-0.06311420000000001,0
70813,95,CDKN1B,0.6100000000000002,0.3937562999999999,0
70814,95,KMT2A,0.35000000000000003,0.3111324,0
70815,95,PTPN11,0.9100000000000001,0.6657071999999999,0
70816,95,STAT5B,0.7000000000000002,0.5138206,0
70817,95,CUX1,-0.12000000000000001,-0.07942279999999999,0
70818,95,ABI1,-0.38000000000000006,-0.11953949999999999,0
70819,95,BRCA1,1.6900000000000013,1.3053079,0
70820,95,SH2B3,1.734723475976807e-18,0.011344799999999999,0
70821,95,AFF4,0.14,0.0964046,0
70822,95,NF2,0.07999999999999999,0.10392879999999999,0
70823,95,LMNA,0.010000000000000012,0.027748300000000004,0
70824,95,TSC2,0.6700000000000002,0.5153964000000001,0
70825,95,GOLPH3,-0.09,-0.055260899999999995,0
70826,95,PCM1,-0.060000000000000005,-0.039949799999999994,0
70827,95,PPP2R1A,-0.56,-0.21413239999999995,0
70828,95,ARID1A,1.7600000000000011,1.273151,0
70829,95,ABL1,0.10999999999999995,0.15640550000000003,0
70830,95,AFF1,0.18,0.1481656,0
70831,95,DAXX,-0.31999999999999995,-0.07846969999999999,0
70832,95,CBFB,0.08,0.0734441,0
70833,95,CBLB,0.13,0.0999752,0
70834,95,POLR2A,0.04000000000000001,0.16507370000000002,0
70835,95,PRKACA,0.23,0.17422759999999998,0
70836,95,DNM2,-0.11,-0.0468368,0
70837,95,RAP1GDS1,-0.08,-0.0397836,0
70838,95,NCOR1,0.8900000000000002,0.7449699,0
70839,95,NFKBIE,-0.23,-0.0857066,0
70840,95,DDX3X,0.13,0.1194322,0
70841,95,ELK4,0.02,0.0144278,0
70842,95,MLLT6,0.1,0.0813617,0
70843,95,SRSF2,-0.9700000000000002,-0.29804320000000006,0
70844,95,CTNNA1,0.09,0.0651859,0
70845,95,RBM10,0.19,0.13013960000000002,0
70846,95,PTPRC,0.12,0.1167243,0
70847,95,HSP90AA1,0.9500000000000005,0.6253625,0
70848,96,NSD1,0.35000000000000003,0.30519630000000003,1
70849,96,DICER1,0.2800000000000001,0.31261019999999995,1
70850,96,BIRC6,0.09999999999999999,0.1098856,1
70851,96,SDHC,0.39,0.3098866,1
70852,96,TFG,0.1,0.07064219999999999,1
70853,96,MAP2K2,0.29,0.21890749999999998,1
70854,96,TFRC,-0.28,-0.10265880000000002,1
70855,96,CREB1,0.8700000000000003,0.7961416000000001,1
70856,96,POLG,0.0,0.0,1
70857,96,SETD2,0.6800000000000002,0.6275638000000002,1
70858,96,NAB2,-0.58,-0.15208439999999998,1
70859,96,HIF1A,1.5800000000000007,1.2517621,1
70860,96,FLCN,-0.049999999999999996,0.030494800000000002,1
70861,96,MAP2K4,0.019999999999999997,0.1091847,1
70862,96,CNOT3,0.07,0.0652398,1
70863,96,CIITA,0.13,0.08609629999999999,1
70864,96,LSM14A,0.16,0.131682,1
70865,96,AKAP9,-0.03,0.031163299999999998,1
70866,96,MSN,-0.3499999999999999,-0.11549470000000002,1
70867,96,BCR,-0.019999999999999993,0.0640448,1
70868,96,TRRAP,4.5102810375396984e-17,0.21968329999999994,1
70869,96,PPP6C,-0.14,-0.04831100000000001,1
70870,96,NCOA4,-0.09999999999999998,-0.016185500000000002,1
70871,96,BCL9,0.2,0.174074,1
70872,96,PRCC,0.09,0.07429470000000002,1
70873,96,LARP4B,0.03,0.021705600000000002,1
70874,96,CHD2,0.02,0.0182846,1
70875,96,ASXL1,0.19000000000000006,0.2970899000000001,1
70876,96,SMARCA4,2.010000000000001,1.5978577999999999,1
70877,96,ERC1,-0.02,-0.0156338,1
70878,96,DCTN1,-0.020000000000000007,0.03638810000000001,1
70879,96,PIK3R1,1.1400000000000006,0.9606283,1
70880,96,EED,0.07999999999999999,0.07474439999999999,1
70881,96,CNBP,0.02,0.0125692,1
70882,96,SGK1,0.52,0.35787929999999996,1
70883,96,MLLT10,-0.35000000000000003,-0.20417860000000004,1
70884,96,BRD4,0.9600000000000004,0.872122,1
70885,96,RANBP2,0.30999999999999994,0.31068060000000003,1
70886,96,FBXO11,0.09,0.0737785,1
70887,96,PML,0.43000000000000005,0.2852109,1
70888,96,AKT2,1.2500000000000007,0.9129281000000001,1
70889,96,CEP89,0.05,0.03183,1
70890,96,LZTR1,0.12,0.1351616,1
70891,96,YWHAE,0.19,0.117184,1
70892,96,DNAJB1,-0.10999999999999999,-0.0301738,1
70893,96,PRDM2,0.06,0.0494162,1
70894,96,TPM4,0.48999999999999994,0.3472281000000001,1
70895,96,CREBBP,1.810000000000001,1.5751865000000003,1
70896,96,PMS2,0.6800000000000002,0.6091051999999999,1
70897,96,DDR2,0.020000000000000004,0.011946600000000009,1
70898,96,FANCA,0.43,0.3663113,1
70899,96,PDE4DIP,0.08,0.0625996,1
70900,96,USP8,-0.039999999999999994,-0.0113809,1
70901,96,MYH9,-0.44000000000000006,-0.10090470000000001,1
70902,96,MYC,-1.1900000000000004,-0.23898360000000007,1
70903,96,NBN,0.6500000000000001,0.5389385,1
70904,96,CCND3,-0.15000000000000002,-0.011518399999999998,1
70905,96,TRIP11,-0.09,-0.066149,1
70906,96,CNTRL,-0.060000000000000005,-0.04621250000000001,1
70907,96,PIK3CA,1.2300000000000009,1.0804694999999997,1
70908,96,DDX5,0.24999999999999997,0.27569209999999994,1
70909,96,PICALM,0.029999999999999995,0.029695600000000003,1
70910,96,RARA,-0.03,0.09986559999999997,1
70911,96,DDX6,0.009999999999999985,0.1200698,1
70912,96,COL1A1,0.24,0.19709480000000004,1
70913,96,VHL,0.31000000000000005,0.23248880000000002,1
70914,96,MAPK1,1.7900000000000011,1.3029591000000005,1
70915,96,SRC,0.009999999999999953,0.2564779000000001,1
70916,96,NFE2L2,0.32999999999999996,0.26195179999999996,1
70917,96,MITF,-0.2,-0.02593270000000001,1
70918,96,SMAD3,1.260000000000001,1.2588801000000007,1
70919,96,RBM15,0.13,0.10716410000000001,1
70920,96,ATR,0.8300000000000003,0.6960403000000002,1
70921,96,EPAS1,0.44999999999999996,0.4358657,1
70922,96,TPM3,0.23000000000000004,0.19249159999999998,1
70923,96,RPL10,0.13,0.1250879,1
70924,96,STAG1,0.13999999999999999,0.1651415,1
70925,96,SBDS,-0.01,-0.003469,1
70926,96,KMT2D,1.0500000000000003,0.8554109,1
70927,96,MED12,0.41000000000000003,0.3483213,1
70928,96,BCLAF1,-0.07,0.027599799999999994,1
70929,96,ASPSCR1,-0.019999999999999997,0.001511499999999999,1
70930,96,CDK12,0.56,0.46067840000000004,1
70931,96,EWSR1,0.2899999999999999,0.33421479999999987,1
70932,96,NDRG1,-0.04,-0.005059900000000003,1
70933,96,PSIP1,0.11,0.09710970000000001,1
70934,96,TRIM33,0.15999999999999998,0.1414365,1
70935,96,MTOR,0.8600000000000001,0.7569665999999999,1
70936,96,ARHGAP35,0.16000000000000003,0.1478319,1
70937,96,POT1,0.010000000000000002,0.0177834,1
70938,96,EXT1,0.11,0.0828696,1
70939,96,IL6ST,0.34,0.2896229,1
70940,96,IDH2,0.04,0.0783974,1
70941,96,SMARCE1,0.36,0.24864370000000002,1
70942,96,CRTC3,0.09999999999999999,0.08471719999999999,1
70943,96,TSC1,0.35,0.3336467,1
70944,96,BCOR,-0.13,0.0331269,1
70945,96,SDHA,0.27,0.2037861,1
70946,96,EP300,2.4,2.072309999999999,1
70947,96,HNRNPA2B1,0.49,0.3407855000000001,1
70948,96,CLIP1,-0.08,-0.0481226,1
70949,96,PATZ1,-0.74,-0.1590952,1
70950,96,FUBP1,-0.1,0.0017635000000000012,1
70951,96,HLA-A,-0.03,0.04347100000000001,1
70952,96,CCNC,-0.24999999999999997,-0.10492030000000002,1
70953,96,RPN1,-0.19,-0.0723367,1
70954,96,TCF7L2,-3.469446951953614e-18,0.11564250000000001,1
70955,96,CANT1,0.009999999999999995,0.025338600000000003,1
70956,96,RPL5,-0.6300000000000001,-0.18944170000000005,1
70957,96,CCDC6,0.06,0.08634719999999997,1
70958,96,NCKIPSD,-0.039999999999999994,-0.0071251000000000005,1
70959,96,SMARCD1,0.39,0.33743510000000004,1
70960,96,BCL10,1.3877787807814457e-17,0.0654914,1
70961,96,MAX,0.04,0.0869566,1
70962,96,HERPUD1,0.01,0.0031594,1
70963,96,RAC1,-0.17000000000000004,0.0585137,1
70964,96,FLNA,0.07,0.08250580000000002,1
70965,96,TFE3,-0.8500000000000001,-0.27029590000000003,1
70966,96,NCOR2,0.7200000000000002,0.6042241000000002,1
70967,96,PRPF40B,0.049999999999999996,0.0352837,1
70968,96,BCL3,-0.11,-0.014030700000000014,1
70969,96,TFPT,-0.41000000000000003,-0.1171071,1
70970,96,MLH1,0.7100000000000002,0.6930724,1
70971,96,ARHGAP5,0.12000000000000001,0.11151199999999999,1
70972,96,CIC,0.0,0.0,1
70973,96,LYN,0.6499999999999999,0.5281664,1
70974,96,TCF12,0.36000000000000004,0.29245990000000005,1
70975,96,KLF6,0.07,0.047246300000000005,1
70976,96,KMT2C,1.0000000000000002,0.8628569000000001,1
70977,96,PIM1,-0.060000000000000026,0.005851300000000004,1
70978,96,CCND1,1.1200000000000006,0.7046095000000003,1
70979,96,MLLT1,-1.6200000000000003,-0.3798357,1
70980,96,MEN1,-0.17,-0.06976120000000001,1
70981,96,CUL3,0.09999999999999998,0.1797364,1
70982,96,RB1,0.7100000000000001,0.590548,1
70983,96,LPP,-0.09999999999999999,-0.022456699999999996,1
70984,96,BUB1B,-0.13,-0.0425933,1
70985,96,SMAD4,1.620000000000001,1.354321,1
70986,96,FGFR1,0.33,0.29732010000000003,1
70987,96,TMSB4X,0.03,0.023480099999999997,1
70988,96,CDK4,1.1000000000000005,0.7738181999999999,1
70989,96,MSI2,0.01,0.0082003,1
70990,96,MSH6,0.9800000000000004,0.8598327000000001,1
70991,96,BRAF,1.3500000000000008,1.1916426999999998,1
70992,96,TCEA1,-0.12,-0.016104199999999992,1
70993,96,TNFAIP3,0.15000000000000002,0.1285935,1
70994,96,RABEP1,0.0,0.0012836000000000028,1
70995,96,GMPS,-0.08000000000000003,-0.03372120000000001,1
70996,96,MDM2,1.2000000000000008,0.9770508,1
70997,96,NSD2,0.23,0.18039170000000002,1
70998,96,CASP8,-0.24000000000000002,0.08869159999999998,1
70999,96,PER1,-0.32,-0.0952288,1
71000,96,UBR5,0.060000000000000005,0.06344910000000001,1
71001,96,EIF3E,0.0,0.05135530000000002,1
71002,96,RFWD3,0.04,0.0381511,1
71003,96,BRD3,0.12000000000000001,0.0866275,1
71004,96,PAFAH1B2,0.03,0.0274626,1
71005,96,EXT2,0.020000000000000004,0.0194367,1
71006,96,PLCG1,0.48999999999999994,0.42616089999999995,1
71007,96,SF3B1,-0.65,-0.29593040000000004,1
71008,96,ARHGEF10L,0.04,0.0206588,1
71009,96,NFATC2,0.25,0.1841544,1
71010,96,SDHD,0.31,0.2208383,1
71011,96,PABPC1,-0.9800000000000001,-0.25093800000000005,1
71012,96,POLD1,-0.6,-0.13011589999999998,1
71013,96,CALR,1.3877787807814457e-17,0.04892419999999997,1
71014,96,PIK3CB,0.5800000000000001,0.5240835000000001,1
71015,96,PPM1D,0.32000000000000006,0.2532701,1
71016,96,ATRX,1.0400000000000007,0.9219639000000001,1
71017,96,DGCR8,0.22000000000000003,0.17614470000000002,1
71018,96,DDX10,0.18,0.1419429,1
71019,96,DROSHA,0.5700000000000001,0.4642588,1
71020,96,TNFRSF14,-0.14,-0.052033800000000005,1
71021,96,BCL9L,0.16,0.12213720000000002,1
71022,96,QKI,0.04,0.0316752,1
71023,96,BAZ1A,0.01,0.0077589,1
71024,96,CHD4,0.33000000000000007,0.334499,1
71025,96,NSD3,0.12,0.12466549999999998,1
71026,96,NT5C2,0.18000000000000002,0.11400770000000002,1
71027,96,CCNB1IP1,0.15000000000000002,0.06766810000000001,1
71028,96,PCBP1,-0.9900000000000001,-0.23227570000000003,1
71029,96,RALGDS,-0.1,0.024724200000000005,1
71030,96,ARHGEF12,-0.030000000000000013,0.0339384,1
71031,96,HSP90AB1,1.1600000000000004,0.7836921000000001,1
71032,96,FOXO3,1.540000000000001,1.1866518000000001,1
71033,96,HIP1,-0.01,-0.005235099999999999,1
71034,96,CDC73,0.020000000000000004,0.0734246,1
71035,96,NIN,0.010000000000000002,0.008424999999999998,1
71036,96,MDM4,0.08000000000000002,0.1682312,1
71037,96,COL3A1,0.22,0.1777358,1
71038,96,CTNND1,0.08000000000000003,0.13649760000000002,1
71039,96,SPOP,0.14,0.122661,1
71040,96,TMEM127,0.030000000000000006,0.024389800000000003,1
71041,96,CREB3L2,0.13,0.08698499999999999,1
71042,96,MSH2,1.0400000000000005,0.8833188000000002,1
71043,96,FNBP1,0.04,0.052405299999999995,1
71044,96,ATF1,0.16000000000000003,0.1166004,1
71045,96,EIF1AX,-0.4300000000000001,-0.171686,1
71046,96,PMS1,0.39,0.30758,1
71047,96,DEK,0.18,0.1560686,1
71048,96,ERBB2,0.9300000000000004,0.5874664,1
71049,96,AKT1,0.6900000000000002,0.4860866,1
71050,96,CHEK2,0.4900000000000001,0.5981327999999999,1
71051,96,SDHB,0.44000000000000006,0.3227496,1
71052,96,NCOA1,0.51,0.4045999,1
71053,96,CHIC2,0.08,0.0545456,1
71054,96,RUNX1,0.17,0.6026983000000004,1
71055,96,STAT6,0.39,0.36488430000000005,1
71056,96,FH,-0.009999999999999995,0.029894800000000013,1
71057,96,AKT3,1.1900000000000004,0.9030868000000002,1
71058,96,GNAS,0.38,0.274281,1
71059,96,CTNNB1,1.590000000000001,1.1373987999999997,1
71060,96,NONO,0.3599999999999999,0.2982205,1
71061,96,SMARCB1,0.9800000000000002,0.7828369000000002,1
71062,96,PRKAR1A,0.23,0.2117605,1
71063,96,ITGAV,-0.01,0.04823979999999999,1
71064,96,SS18,0.43000000000000005,0.32385920000000007,1
71065,96,MAP2K1,1.0500000000000003,0.6595367,1
71066,96,SIRPA,-0.09,-0.0291548,1
71067,96,PPFIBP1,0.39999999999999997,0.3036088,1
71068,96,RPL22,-0.12999999999999998,0.09113690000000002,1
71069,96,CYLD,0.32,0.25466170000000005,1
71070,96,ARID1B,0.8700000000000001,0.6880209,1
71071,96,SETDB1,0.33,0.2457909,1
71072,96,AFDN,-0.39,-0.1097861,1
71073,96,ZRSR2,-0.13,-0.09440030000000002,1
71074,96,PBRM1,1.0200000000000005,0.8012809999999999,1
71075,96,XPC,0.46,0.287575,1
71076,96,ASXL2,0.29000000000000004,0.21928960000000006,1
71077,96,TRIM24,-0.32,-0.020829900000000005,1
71078,96,SFPQ,-0.6,-0.22020269999999997,1
71079,96,NCOA2,0.6300000000000001,0.5167385,1
71080,96,FOXO4,0.24000000000000002,0.17035800000000004,1
71081,96,LEF1,0.26999999999999996,0.23862869999999997,1
71082,96,B2M,-0.29000000000000004,-0.12293260000000002,1
71083,96,DDIT3,-0.31,-0.1033613,1
71084,96,BCL6,0.5,0.3922546,1
71085,96,KRAS,-0.3699999999999998,0.021092900000000005,1
71086,96,FAT1,0.12000000000000001,0.0993036,1
71087,96,ABL2,0.060000000000000005,0.060495400000000005,1
71088,96,NF1,1.3500000000000008,1.1244391999999996,1
71089,96,BTG1,-0.08,-0.031341600000000004,1
71090,96,EIF4A2,0.12000000000000001,0.06957840000000001,1
71091,96,SET,0.18,0.1496659,1
71092,96,EPS15,0.10999999999999999,0.09694540000000001,1
71093,96,RNF213,0.05,0.044097,1
71094,96,CTCF,1.0200000000000002,0.7191993999999999,1
71095,96,WDCP,0.25,0.1573702,1
71096,96,KAT7,0.19,0.1626889,1
71097,96,KDM5C,0.24000000000000002,0.22001940000000003,1
71098,96,TGFBR2,0.14999999999999997,0.1672671,1
71099,96,ATM,0.7400000000000004,0.8814063,1
71100,96,NUMA1,0.05,0.046433600000000005,1
71101,96,STAT3,0.6200000000000001,0.7203624999999998,1
71102,96,SUB1,-0.15000000000000002,-0.058991299999999997,1
71103,96,NUP98,0.24999999999999992,0.254085,1
71104,96,ELL,0.09000000000000001,0.04709100000000001,1
71105,96,MAP3K1,0.27,0.26286250000000005,1
71106,96,MALT1,0.09000000000000001,0.1327036,1
71107,96,XPO1,0.5700000000000002,0.47494270000000005,1
71108,96,SETD1B,0.25,0.20468920000000002,1
71109,96,ETV6,-0.03,0.031650399999999995,1
71110,96,TBL1XR1,0.25,0.18211840000000004,1
71111,96,NUP214,-0.11,0.14460249999999997,1
71112,96,TPR,0.15999999999999998,0.1425463,1
71113,96,ATIC,0.15000000000000002,0.15163799999999997,1
71114,96,NACA,0.21000000000000002,0.1191066,1
71115,96,MYO5A,0.02,0.0148491,1
71116,96,SMC1A,0.33999999999999997,0.4394746,1
71117,96,LASP1,-0.24,-0.11989240000000001,1
71118,96,ERCC5,0.4,0.2463773,1
71119,96,JUN,-0.6699999999999998,-0.005850600000000018,1
71120,96,THRAP3,0.1,0.0780198,1
71121,96,STAG2,0.19000000000000003,0.2582799,1
71122,96,RAF1,0.8100000000000003,0.6441265,1
71123,96,ERCC3,0.48000000000000004,0.42068279999999997,1
71124,96,SMAD2,0.3900000000000003,0.5292947,1
71125,96,TAF15,0.21000000000000005,0.18118209999999998,1
71126,96,ARNT,0.34,0.29660860000000006,1
71127,96,CLTC,-0.7200000000000001,-0.2800878,1
71128,96,IKBKB,0.5300000000000001,0.5103474000000002,1
71129,96,IDH1,-0.45000000000000007,-0.13802029999999996,1
71130,96,SND1,6.938893903907228e-18,0.0315611,1
71131,96,KNSTRN,0.02,0.015283199999999999,1
71132,96,RHOA,-3.3200000000000007,-0.7288912000000001,1
71133,96,PALB2,0.5499999999999999,0.5196054000000001,1
71134,96,ARID2,0.8500000000000001,0.6784539,1
71135,96,EZR,-0.18000000000000002,-0.04662499999999997,1
71136,96,TP53,-1.0599999999999996,-0.032852400000000025,1
71137,96,ARAF,0.3600000000000001,0.20152740000000002,1
71138,96,KIF5B,0.6000000000000002,0.46100489999999994,1
71139,96,KAT6A,0.19000000000000003,0.22429720000000003,1
71140,96,KTN1,-0.09999999999999999,-0.005807099999999992,1
71141,96,GOLGA5,-0.09,-0.0639894,1
71142,96,KDM5A,0.30999999999999994,0.2896624,1
71143,96,RAD21,0.6000000000000001,0.5132383,1
71144,96,GNAQ,0.33999999999999997,0.2730237999999999,1
71145,96,CAMTA1,0.08,0.059143699999999993,1
71146,96,ERCC2,0.64,0.49725839999999993,1
71147,96,EZH2,1.3200000000000007,1.1628403999999999,1
71148,96,TOP1,0.31000000000000005,0.24037960000000003,1
71149,96,SRSF3,-0.3999999999999999,-0.0928048,1
71150,96,NPM1,0.4600000000000002,0.37149390000000004,1
71151,96,BAX,-0.73,-0.15934800000000002,1
71152,96,NOTCH2,0.32,0.27419309999999997,1
71153,96,TRAF7,0.02,0.0144678,1
71154,96,KDM6A,1.0000000000000002,0.9707858,1
71155,96,SPEN,0.14,0.1118083,1
71156,96,TRIM27,-0.73,-0.18499570000000004,1
71157,96,CRTC1,0.15,0.11729909999999999,1
71158,96,EML4,0.33999999999999997,0.3405703,1
71159,96,USP9X,0.030000000000000002,0.021058500000000004,1
71160,96,PTPRK,0.0,0.0,1
71161,96,CD74,-0.23,-0.01157169999999999,1
71162,96,CBL,0.5,0.5014645999999999,1
71163,96,ZNF384,0.05,0.0404513,1
71164,96,NOTCH1,1.1700000000000006,0.8672240000000002,1
71165,96,COX6C,-0.15999999999999998,-0.0505608,1
71166,96,CHCHD7,0.03,0.019413,1
71167,96,HMGA1,-0.07999999999999999,-0.021694899999999993,1
71168,96,PTEN,0.9800000000000006,1.0470062,1
71169,96,FIP1L1,-0.020000000000000004,-0.0009870000000000018,1
71170,96,JAK1,0.8900000000000001,0.7513086,1
71171,96,ZMYM2,0.03,0.026362299999999995,1
71172,96,SUZ12,0.8500000000000003,0.680284,1
71173,96,FUS,-0.6099999999999999,-0.04173059999999999,1
71174,96,BAP1,-0.5399999999999999,-0.2086682,1
71175,96,ZCCHC8,-0.1,-0.024644,1
71176,96,CRNKL1,0.03,0.0227253,1
71177,96,RAD17,0.21,0.15561380000000002,1
71178,96,ATP1A1,0.04,0.0255764,1
71179,96,DNMT3A,1.1000000000000003,0.9046645999999997,1
71180,96,FBXW7,0.9800000000000002,0.8534102,1
71181,96,WWTR1,-0.12,-0.0380011,1
71182,96,CDKN1B,0.5000000000000001,0.3849436,1
71183,96,KMT2A,0.20999999999999996,0.2859589,1
71184,96,PTPN11,1.270000000000001,1.0513754,1
71185,96,STAT5B,0.8000000000000003,0.6625150000000002,1
71186,96,CUX1,-0.06,-0.0398926,1
71187,96,ABI1,-0.32,-0.0777457,1
71188,96,BRCA1,1.730000000000001,1.4915703000000002,1
71189,96,SH2B3,0.09,0.053071,1
71190,96,AFF4,-0.16,-0.10026990000000002,1
71191,96,NF2,0.04000000000000002,0.10555730000000002,1
71192,96,LMNA,0.07000000000000002,0.052102100000000005,1
71193,96,TSC2,0.8500000000000003,0.7151319000000002,1
71194,96,GOLPH3,-0.07,-0.04959500000000001,1
71195,96,PCM1,-0.03,-0.024336299999999998,1
71196,96,PPP2R1A,-0.58,-0.1678516,1
71197,96,ARID1A,1.900000000000001,1.5368519000000005,1
71198,96,ABL1,-0.4100000000000001,0.008255599999999978,1
71199,96,AFF1,-0.030000000000000006,0.032784400000000005,1
71200,96,DAXX,-0.6800000000000002,-0.1789112,1
71201,96,CBFB,0.12000000000000002,0.1402451,1
71202,96,CBLB,0.18,0.16080250000000001,1
71203,96,POLR2A,-0.5,0.0015161999999999676,1
71204,96,PRKACA,0.2500000000000001,0.29563380000000006,1
71205,96,DNM2,-0.12000000000000002,-0.0418048,1
71206,96,RAP1GDS1,0.05,0.06661710000000001,1
71207,96,NCOR1,0.8,0.8903420999999998,1
71208,96,NFKBIE,-0.36000000000000004,-0.09543780000000002,1
71209,96,DDX3X,0.33000000000000007,0.2851305,1
71210,96,ELK4,0.03,0.0258438,1
71211,96,MLLT6,0.06,0.0492891,1
71212,96,SRSF2,-3.3699999999999997,-0.7161456000000002,1
71213,96,CTNNA1,0.17,0.1279913,1
71214,96,RBM10,0.14,0.10372860000000002,1
71215,96,PTPRC,0.030000000000000013,0.1246919,1
71216,96,HSP90AA1,0.9600000000000004,0.6723406999999999,1
71217,96,NSD1,0.21000000000000002,0.17211730000000003,0
71218,96,DICER1,0.23,0.22197690000000003,0
71219,96,BIRC6,0.08,0.06528010000000001,0
71220,96,SDHC,0.24000000000000002,0.16230989999999998,0
71221,96,TFG,0.36,0.2017465,0
71222,96,MAP2K2,0.38999999999999996,0.2748307,0
71223,96,TFRC,-0.31,-0.1448705,0
71224,96,CREB1,0.7500000000000004,0.5386441999999999,0
71225,96,POLG,0.01,0.0041945,0
71226,96,SETD2,0.7200000000000002,0.5876069999999999,0
71227,96,NAB2,-0.30000000000000004,-0.1020929,0
71228,96,HIF1A,1.5800000000000007,1.0735137999999993,0
71229,96,FLCN,0.039999999999999994,0.0366172,0
71230,96,MAP2K4,0.020000000000000004,0.07515490000000001,0
71231,96,CNOT3,-0.030000000000000002,-0.006084599999999999,0
71232,96,CIITA,0.1,0.06870579999999998,0
71233,96,LSM14A,0.1,0.08350540000000001,0
71234,96,AKAP9,-0.06,-0.010050300000000005,0
71235,96,MSN,-0.35,-0.07283270000000001,0
71236,96,BCR,0.039999999999999994,0.0408175,0
71237,96,TRRAP,0.010000000000000024,0.12111590000000003,0
71238,96,PPP6C,-0.18,-0.0879563,0
71239,96,NCOA4,-0.22000000000000003,-0.11384219999999999,0
71240,96,BCL9,0.17,0.1280032,0
71241,96,PRCC,0.08,0.058862300000000006,0
71242,96,LARP4B,0.0,0.0,0
71243,96,CHD2,0.01,0.007755100000000001,0
71244,96,ASXL1,0.42,0.41861220000000005,0
71245,96,SMARCA4,1.2600000000000007,0.9573146999999999,0
71246,96,ERC1,-0.02,-0.014593400000000001,0
71247,96,DCTN1,-0.22999999999999998,-0.0955454,0
71248,96,PIK3R1,1.3400000000000007,0.9133847000000002,0
71249,96,EED,-0.02000000000000001,0.032269400000000004,0
71250,96,CNBP,0.01,0.0058571,0
71251,96,SGK1,0.31,0.1799521,0
71252,96,MLLT10,-0.08,-0.025588800000000002,0
71253,96,BRD4,1.0400000000000005,0.8002282999999999,0
71254,96,RANBP2,0.15999999999999998,0.19721819999999995,0
71255,96,FBXO11,0.05,0.0386946,0
71256,96,PML,0.41999999999999993,0.2945024,0
71257,96,AKT2,0.9300000000000003,0.6115562,0
71258,96,CEP89,0.05,0.027319999999999997,0
71259,96,LZTR1,6.938893903907228e-18,0.05235190000000001,0
71260,96,YWHAE,0.30000000000000004,0.19290159999999998,0
71261,96,DNAJB1,-0.020000000000000004,0.0026343999999999985,0
71262,96,PRDM2,0.03,0.0228418,0
71263,96,TPM4,0.45000000000000007,0.28138170000000007,0
71264,96,CREBBP,1.8800000000000012,1.4485806999999995,0
71265,96,PMS2,0.7100000000000002,0.6029404,0
71266,96,DDR2,0.060000000000000005,0.03853279999999999,0
71267,96,FANCA,0.35,0.27151280000000005,0
71268,96,PDE4DIP,0.05,0.031600699999999995,0
71269,96,USP8,-0.07,-0.0326042,0
71270,96,MYH9,-0.18000000000000002,-0.018859800000000013,0
71271,96,MYC,-0.30000000000000016,-0.030028500000000014,0
71272,96,NBN,0.52,0.3797858,0
71273,96,CCND3,-0.03,0.017741799999999995,0
71274,96,TRIP11,-0.11,-0.0689265,0
71275,96,CNTRL,-0.060000000000000005,-0.04001280000000001,0
71276,96,PIK3CA,1.520000000000001,1.0516964999999998,0
71277,96,DDX5,0.20999999999999996,0.17897050000000003,0
71278,96,PICALM,3.469446951953614e-18,0.0038443999999999943,0
71279,96,RARA,0.6400000000000002,0.4133088,0
71280,96,DDX6,-0.05999999999999999,0.042217000000000005,0
71281,96,COL1A1,0.05999999999999999,0.1025693,0
71282,96,VHL,0.19999999999999998,0.1431475,0
71283,96,MAPK1,1.5300000000000007,0.9418998000000003,0
71284,96,SRC,-0.26,0.089945,0
71285,96,NFE2L2,0.22999999999999998,0.15184129999999998,0
71286,96,MITF,-0.21000000000000002,-0.027593199999999995,0
71287,96,SMAD3,1.1800000000000008,0.8713310999999999,0
71288,96,RBM15,0.07,0.0590948,0
71289,96,ATR,0.6300000000000001,0.5132971,0
71290,96,EPAS1,0.41,0.3354053,0
71291,96,TPM3,0.19999999999999998,0.1369865,0
71292,96,RPL10,0.14,0.12367059999999999,0
71293,96,STAG1,0.14,0.1208928,0
71294,96,SBDS,-0.05,-0.018933900000000004,0
71295,96,KMT2D,0.9400000000000004,0.6736733,0
71296,96,MED12,0.27,0.21412299999999998,0
71297,96,BCLAF1,-0.06000000000000001,0.01860180000000001,0
71298,96,ASPSCR1,0.06,0.039547700000000005,0
71299,96,CDK12,0.33,0.2374591,0
71300,96,EWSR1,0.4899999999999999,0.36578580000000005,0
71301,96,NDRG1,-0.060000000000000005,-0.029674400000000004,0
71302,96,PSIP1,-0.2,-0.0969708,0
71303,96,TRIM33,-0.009999999999999992,0.008860199999999995,0
71304,96,MTOR,1.2500000000000004,0.8777325000000001,0
71305,96,ARHGAP35,0.08,0.1359296,0
71306,96,POT1,-0.049999999999999996,-0.0047864,0
71307,96,EXT1,0.1,0.059479000000000004,0
71308,96,IL6ST,0.28,0.2117721,0
71309,96,IDH2,0.22000000000000006,0.1517585,0
71310,96,SMARCE1,0.38,0.2235944,0
71311,96,CRTC3,0.09,0.0691317,0
71312,96,TSC1,0.3,0.26383400000000007,0
71313,96,BCOR,-0.12,-0.007735499999999999,0
71314,96,SDHA,0.23000000000000004,0.1316248,0
71315,96,EP300,1.4600000000000013,1.1419750999999998,0
71316,96,HNRNPA2B1,0.22999999999999998,0.19081560000000003,0
71317,96,CLIP1,-0.09999999999999999,-0.0525045,0
71318,96,PATZ1,-0.39,-0.10844520000000002,0
71319,96,FUBP1,-0.19999999999999998,-0.0328018,0
71320,96,HLA-A,-0.11000000000000001,0.026363599999999997,0
71321,96,CCNC,-0.08,-0.030241700000000003,0
71322,96,RPN1,-0.23,-0.0722141,0
71323,96,TCF7L2,0.06999999999999997,0.09935869999999998,0
71324,96,CANT1,0.11,0.0566414,0
71325,96,RPL5,-0.58,-0.166133,0
71326,96,CCDC6,1.3877787807814457e-17,0.029650700000000002,0
71327,96,NCKIPSD,0.010000000000000002,0.008288700000000001,0
71328,96,SMARCD1,0.43999999999999995,0.29142510000000005,0
71329,96,BCL10,-0.039999999999999994,0.006297800000000013,0
71330,96,MAX,-0.020000000000000004,0.004525000000000002,0
71331,96,HERPUD1,0.02,0.0081226,0
71332,96,RAC1,0.06999999999999998,0.1302455,0
71333,96,FLNA,0.14,0.1218066,0
71334,96,TFE3,-0.4600000000000001,-0.194075,0
71335,96,NCOR2,0.7000000000000002,0.5005978,0
71336,96,PRPF40B,-0.01,-0.006510800000000002,0
71337,96,BCL3,-0.019999999999999997,0.0065275,0
71338,96,TFPT,-0.25,-0.08192669999999999,0
71339,96,MLH1,0.9000000000000001,0.6949228,0
71340,96,ARHGAP5,0.11,0.09226510000000002,0
71341,96,CIC,0.01,0.0071322,0
71342,96,LYN,0.8600000000000003,0.5919306999999999,0
71343,96,TCF12,0.27,0.2009973,0
71344,96,KLF6,0.04,0.0216767,0
71345,96,KMT2C,0.9400000000000004,0.7333251999999999,0
71346,96,PIM1,-0.15000000000000002,-0.042260800000000015,0
71347,96,CCND1,1.3400000000000007,0.8065571999999998,0
71348,96,MLLT1,-0.8800000000000001,-0.2702537,0
71349,96,MEN1,-0.09,-0.0026102999999999986,0
71350,96,CUL3,0.14,0.1381577,0
71351,96,RB1,0.6100000000000001,0.46461909999999995,0
71352,96,LPP,-0.03,-0.012141599999999995,0
71353,96,BUB1B,-0.14,-0.06421890000000001,0
71354,96,SMAD4,1.4500000000000008,1.0505491000000002,0
71355,96,FGFR1,0.17999999999999997,0.1175244,0
71356,96,TMSB4X,0.04,0.030955200000000002,0
71357,96,CDK4,0.58,0.36746170000000006,0
71358,96,MSI2,0.01,0.0071648,0
71359,96,MSH6,0.8300000000000003,0.6327625999999998,0
71360,96,BRAF,1.0000000000000007,0.8680397999999999,0
71361,96,TCEA1,-0.1,-0.01638790000000001,0
71362,96,TNFAIP3,0.07,0.08792460000000002,0
71363,96,RABEP1,0.02,0.0121596,0
71364,96,GMPS,-0.06,-0.03589040000000001,0
71365,96,MDM2,1.1400000000000006,0.7646812,0
71366,96,NSD2,0.17,0.111845,0
71367,96,CASP8,0.11000000000000001,0.1994897,0
71368,96,PER1,-0.21000000000000002,-0.0547596,0
71369,96,UBR5,-0.060000000000000005,-0.022458600000000006,0
71370,96,EIF3E,-0.009999999999999978,0.07495310000000001,0
71371,96,RFWD3,0.04,0.035823400000000005,0
71372,96,BRD3,0.13999999999999999,0.10592589999999999,0
71373,96,PAFAH1B2,0.02,0.0161254,0
71374,96,EXT2,0.0,0.00013900000000000023,0
71375,96,PLCG1,0.5700000000000001,0.38346210000000003,0
71376,96,SF3B1,-0.37999999999999995,-0.1456815,0
71377,96,ARHGEF10L,0.01,0.0050534,0
71378,96,NFATC2,0.19,0.1260954,0
71379,96,SDHD,0.24000000000000005,0.12646610000000003,0
71380,96,PABPC1,-0.9,-0.2200611,0
71381,96,POLD1,-0.030000000000000013,0.023806000000000004,0
71382,96,CALR,0.029999999999999995,0.029214600000000004,0
71383,96,PIK3CB,0.5999999999999999,0.46827700000000005,0
71384,96,PPM1D,0.19000000000000003,0.1402076,0
71385,96,ATRX,0.9400000000000006,0.736429,0
71386,96,DGCR8,0.13,0.0789289,0
71387,96,DDX10,0.13,0.0812023,0
71388,96,DROSHA,0.41000000000000003,0.2912871,0
71389,96,TNFRSF14,-0.07,-0.0300636,0
71390,96,BCL9L,0.14000000000000004,0.1002217,0
71391,96,QKI,-0.06999999999999999,-0.043605200000000004,0
71392,96,BAZ1A,0.02,0.014316,0
71393,96,CHD4,0.28,0.2267526,0
71394,96,NSD3,0.049999999999999996,0.06030110000000001,0
71395,96,NT5C2,0.17,0.09377379999999999,0
71396,96,CCNB1IP1,0.11000000000000001,0.0479276,0
71397,96,PCBP1,-0.6300000000000001,-0.19476899999999997,0
71398,96,RALGDS,0.1,0.0804552,0
71399,96,ARHGEF12,-0.05,-0.006667800000000005,0
71400,96,HSP90AB1,1.2000000000000004,0.7842615000000002,0
71401,96,FOXO3,1.3400000000000005,0.9127115,0
71402,96,HIP1,-0.02,-0.012930500000000001,0
71403,96,CDC73,-0.1,-0.005187399999999998,0
71404,96,NIN,0.04,0.0265087,0
71405,96,MDM4,0.0,0.1195123,0
71406,96,COL3A1,0.12000000000000001,0.1196211,0
71407,96,CTNND1,0.14,0.14496009999999998,0
71408,96,SPOP,-0.04000000000000001,-0.0035313999999999988,0
71409,96,TMEM127,0.05,0.051956000000000016,0
71410,96,CREB3L2,0.06,0.0437306,0
71411,96,MSH2,0.8700000000000003,0.6121828000000001,0
71412,96,FNBP1,0.0,0.0043718,0
71413,96,ATF1,0.009999999999999995,0.012008800000000003,0
71414,96,EIF1AX,-0.5800000000000001,-0.2400806,0
71415,96,PMS1,0.6,0.43822890000000003,0
71416,96,DEK,0.09,0.0893627,0
71417,96,ERBB2,0.9100000000000004,0.577431,0
71418,96,AKT1,1.2000000000000006,0.7314958000000004,0
71419,96,CHEK2,0.33000000000000007,0.3224749,0
71420,96,SDHB,0.39,0.2426987,0
71421,96,NCOA1,0.41,0.2807871,0
71422,96,CHIC2,0.03,0.014792099999999999,0
71423,96,RUNX1,0.5900000000000002,0.6091204000000002,0
71424,96,STAT6,0.26,0.16941820000000002,0
71425,96,FH,-0.18000000000000002,-0.05713360000000001,0
71426,96,AKT3,0.9900000000000002,0.6566046,0
71427,96,GNAS,0.24000000000000002,0.1521529,0
71428,96,CTNNB1,1.2800000000000007,0.8370477999999999,0
71429,96,NONO,0.15,0.1004908,0
71430,96,SMARCB1,0.9200000000000004,0.6645239000000001,0
71431,96,PRKAR1A,0.1,0.08927689999999999,0
71432,96,ITGAV,0.03999999999999999,0.0345197,0
71433,96,SS18,0.39,0.25236410000000004,0
71434,96,MAP2K1,1.0200000000000005,0.6148892,0
71435,96,SIRPA,0.01,0.006353099999999999,0
71436,96,PPFIBP1,0.37999999999999995,0.2489215,0
71437,96,RPL22,-0.14999999999999997,0.07380650000000001,0
71438,96,CYLD,0.29000000000000004,0.22364490000000004,0
71439,96,ARID1B,0.7,0.5045907,0
71440,96,SETDB1,0.33,0.2317162,0
71441,96,AFDN,-0.35,-0.1092362,0
71442,96,ZRSR2,0.28,0.2017289,0
71443,96,PBRM1,0.9400000000000004,0.6680376999999998,0
71444,96,XPC,0.54,0.3534031,0
71445,96,ASXL2,0.24000000000000005,0.158801,0
71446,96,TRIM24,-0.28,-0.11193670000000001,0
71447,96,SFPQ,-0.030000000000000013,0.039544299999999984,0
71448,96,NCOA2,0.53,0.3630450999999999,0
71449,96,FOXO4,0.4700000000000001,0.29533090000000006,0
71450,96,LEF1,-0.009999999999999995,0.0351923,0
71451,96,B2M,-0.5700000000000002,-0.20139369999999995,0
71452,96,DDIT3,-0.36,-0.0879419,0
71453,96,BCL6,0.47,0.32467890000000005,0
71454,96,KRAS,-1.9000000000000006,-0.45818460000000016,0
71455,96,FAT1,0.049999999999999996,0.0392345,0
71456,96,ABL2,0.11000000000000001,0.07468910000000001,0
71457,96,NF1,0.7100000000000004,0.5963022000000001,0
71458,96,BTG1,-0.02,-0.010343,0
71459,96,EIF4A2,0.09000000000000001,0.0718318,0
71460,96,SET,0.16000000000000003,0.14047350000000003,0
71461,96,EPS15,3.469446951953614e-18,0.012361199999999998,0
71462,96,RNF213,0.03,0.0223065,0
71463,96,CTCF,0.9600000000000006,0.6747096,0
71464,96,WDCP,0.07999999999999996,0.0596123,0
71465,96,KAT7,0.13,0.10073709999999998,0
71466,96,KDM5C,0.16,0.14770850000000002,0
71467,96,TGFBR2,0.13,0.10434940000000001,0
71468,96,ATM,1.3500000000000008,1.0461952000000005,0
71469,96,NUMA1,0.010000000000000002,0.0181978,0
71470,96,STAT3,1.570000000000001,1.1496965000000006,0
71471,96,SUB1,-0.27,-0.09577350000000001,0
71472,96,NUP98,0.09,0.1027651,0
71473,96,ELL,-0.05,0.00029149999999999836,0
71474,96,MAP3K1,0.38999999999999996,0.3148921,0
71475,96,MALT1,0.21000000000000002,0.17497379999999998,0
71476,96,XPO1,0.30999999999999994,0.26542340000000003,0
71477,96,SETD1B,0.15,0.10369110000000001,0
71478,96,ETV6,-0.21,-0.0716662,0
71479,96,TBL1XR1,0.19000000000000003,0.1196613,0
71480,96,NUP214,-0.01999999999999997,0.10238770000000004,0
71481,96,TPR,0.05000000000000002,0.08103940000000001,0
71482,96,ATIC,0.08,0.0701673,0
71483,96,NACA,0.23,0.161632,0
71484,96,MYO5A,0.009999999999999998,0.008672999999999998,0
71485,96,SMC1A,0.6200000000000001,0.4691255999999999,0
71486,96,LASP1,-0.21,-0.117695,0
71487,96,ERCC5,0.43,0.2841973,0
71488,96,JUN,0.09000000000000005,0.2273209,0
71489,96,THRAP3,0.1,0.08054309999999999,0
71490,96,STAG2,0.51,0.3936905999999999,0
71491,96,RAF1,1.1500000000000006,0.7864161000000001,0
71492,96,ERCC3,0.62,0.4589518,0
71493,96,SMAD2,0.6700000000000002,0.5514098999999998,0
71494,96,TAF15,0.17,0.13273840000000003,0
71495,96,ARNT,0.30999999999999994,0.23529060000000002,0
71496,96,CLTC,-0.6000000000000001,-0.33361109999999994,0
71497,96,IKBKB,0.5600000000000002,0.42670700000000006,0
71498,96,IDH1,-1.0200000000000002,-0.2674058,0
71499,96,SND1,3.469446951953614e-18,0.0038728999999999994,0
71500,96,KNSTRN,0.03,0.024400199999999997,0
71501,96,RHOA,-0.9899999999999998,-0.23545250000000006,0
71502,96,PALB2,0.6900000000000002,0.5581060999999999,0
71503,96,ARID2,0.76,0.5557849,0
71504,96,EZR,-0.11000000000000001,0.0015042000000000076,0
71505,96,TP53,-1.2,-0.24075870000000005,0
71506,96,ARAF,0.39999999999999997,0.22367740000000003,0
71507,96,KIF5B,0.4,0.2872897,0
71508,96,KAT6A,0.19,0.17930800000000002,0
71509,96,KTN1,-0.09000000000000001,-0.024956199999999998,0
71510,96,GOLGA5,-0.14,-0.0863534,0
71511,96,KDM5A,0.25,0.2165204,0
71512,96,RAD21,0.47000000000000003,0.3341187,0
71513,96,GNAQ,0.11,0.0768495,0
71514,96,CAMTA1,-0.01,-0.0042102,0
71515,96,ERCC2,0.68,0.46338770000000007,0
71516,96,EZH2,1.700000000000001,1.0813283,0
71517,96,TOP1,0.13999999999999999,0.1078826,0
71518,96,SRSF3,-0.31999999999999995,-0.08478890000000001,0
71519,96,NPM1,-0.019999999999999973,0.1488372,0
71520,96,BAX,-0.39,-0.1310757,0
71521,96,NOTCH2,0.26,0.19771899999999998,0
71522,96,TRAF7,0.04,0.0323824,0
71523,96,KDM6A,0.8800000000000002,0.7449281999999999,0
71524,96,SPEN,0.09,0.0679106,0
71525,96,TRIM27,-0.44,-0.1557696,0
71526,96,CRTC1,0.14,0.1084471,0
71527,96,EML4,0.26000000000000006,0.21155710000000003,0
71528,96,USP9X,-0.07999999999999999,-0.0480033,0
71529,96,PTPRK,0.01,0.0063204,0
71530,96,CD74,-0.13,-0.005287499999999999,0
71531,96,CBL,0.5800000000000001,0.41459920000000006,0
71532,96,ZNF384,-0.1,-0.0418445,0
71533,96,NOTCH1,0.8600000000000005,0.6369419000000001,0
71534,96,COX6C,-0.09,-0.0470054,0
71535,96,CHCHD7,0.03,0.0204396,0
71536,96,HMGA1,-0.12,-0.0560207,0
71537,96,PTEN,1.4200000000000008,1.1432116000000003,0
71538,96,FIP1L1,-0.03,-0.0189201,0
71539,96,JAK1,0.7700000000000002,0.5826039999999999,0
71540,96,ZMYM2,-0.09000000000000001,-0.0572889,0
71541,96,SUZ12,0.7500000000000002,0.507787,0
71542,96,FUS,-1.3877787807814457e-17,0.160536,0
71543,96,BAP1,0.06,0.0648766,0
71544,96,ZCCHC8,-0.05,-0.0172105,0
71545,96,CRNKL1,-0.049999999999999996,-0.027022499999999998,0
71546,96,RAD17,0.15,0.1121852,0
71547,96,ATP1A1,-0.019999999999999997,-0.009446199999999998,0
71548,96,DNMT3A,0.8100000000000005,0.6300372999999999,0
71549,96,FBXW7,0.9300000000000004,0.6880966999999999,0
71550,96,WWTR1,-0.09,-0.047364199999999995,0
71551,96,CDKN1B,0.5399999999999999,0.35575929999999995,0
71552,96,KMT2A,0.4700000000000001,0.3802112000000001,0
71553,96,PTPN11,0.8800000000000004,0.6183318999999999,0
71554,96,STAT5B,0.6900000000000002,0.5041162000000001,0
71555,96,CUX1,-0.1,-0.06360990000000001,0
71556,96,ABI1,-0.29000000000000004,-0.1060922,0
71557,96,BRCA1,1.8400000000000014,1.3897872000000004,0
71558,96,SH2B3,0.04,0.035111,0
71559,96,AFF4,0.14,0.10071540000000001,0
71560,96,NF2,-0.06999999999999999,0.015438,0
71561,96,LMNA,0.09,0.0745133,0
71562,96,TSC2,0.39,0.3620162,0
71563,96,GOLPH3,-0.13,-0.07349629999999999,0
71564,96,PCM1,-0.05,-0.0328498,0
71565,96,PPP2R1A,-0.2,-0.049986800000000005,0
71566,96,ARID1A,1.7800000000000011,1.2969352000000003,0
71567,96,ABL1,0.29000000000000015,0.23354320000000006,0
71568,96,AFF1,0.14,0.1351556,0
71569,96,DAXX,-0.20000000000000007,-0.030321,0
71570,96,CBFB,0.14,0.1033218,0
71571,96,CBLB,0.14,0.10507470000000001,0
71572,96,POLR2A,-0.020000000000000046,0.16153289999999998,0
71573,96,PRKACA,0.31000000000000005,0.24756859999999997,0
71574,96,DNM2,-0.13,-0.059153199999999996,0
71575,96,RAP1GDS1,-0.1,-0.049038700000000005,0
71576,96,NCOR1,0.9100000000000004,0.7652962999999999,0
71577,96,NFKBIE,-0.25,-0.097459,0
71578,96,DDX3X,0.020000000000000007,0.0524993,0
71579,96,ELK4,0.02,0.014025000000000001,0
71580,96,MLLT6,0.13,0.1009714,0
71581,96,SRSF2,-1.07,-0.26294790000000007,0
71582,96,CTNNA1,0.11,0.07958839999999999,0
71583,96,RBM10,0.22,0.153793,0
71584,96,PTPRC,0.08,0.0915413,0
71585,96,HSP90AA1,1.1800000000000006,0.7573816000000002,0
71586,97,NSD1,0.36000000000000004,0.3106692999999999,1
71587,97,DICER1,0.28000000000000014,0.30980509999999994,1
71588,97,BIRC6,0.13,0.11890469999999999,1
71589,97,SDHC,0.34,0.27308559999999993,1
71590,97,TFG,0.16,0.0947437,1
71591,97,MAP2K2,0.32,0.22511699999999998,1
71592,97,TFRC,-0.25,-0.09133000000000001,1
71593,97,CREB1,0.9100000000000005,0.8083967,1
71594,97,POLG,-0.01,-0.0027757,1
71595,97,SETD2,0.5700000000000003,0.5489927000000001,1
71596,97,NAB2,-0.55,-0.1543603,1
71597,97,HIF1A,1.640000000000001,1.2784893999999998,1
71598,97,FLCN,-0.05,0.012485499999999993,1
71599,97,MAP2K4,0.060000000000000005,0.121602,1
71600,97,CNOT3,0.06000000000000001,0.0615645,1
71601,97,CIITA,0.11,0.07216449999999999,1
71602,97,LSM14A,0.15,0.1249827,1
71603,97,AKAP9,-0.08,-0.0006911,1
71604,97,MSN,-0.21999999999999997,-0.07687840000000001,1
71605,97,BCR,-0.08,0.030251700000000006,1
71606,97,TRRAP,-0.05000000000000002,0.15993300000000002,1
71607,97,PPP6C,-0.12,-0.049512,1
71608,97,NCOA4,-0.10999999999999999,-0.0335593,1
71609,97,BCL9,0.2,0.1730363,1
71610,97,PRCC,0.13,0.09647589999999999,1
71611,97,LARP4B,0.03,0.0225162,1
71612,97,CHD2,0.02,0.0181556,1
71613,97,ASXL1,0.22,0.3003271,1
71614,97,SMARCA4,2.030000000000001,1.5638579999999993,1
71615,97,ERC1,-0.019999999999999997,-0.015369,1
71616,97,DCTN1,0.029999999999999992,0.05654290000000001,1
71617,97,PIK3R1,1.1200000000000006,0.9634510999999998,1
71618,97,EED,0.15,0.11281090000000002,1
71619,97,CNBP,0.02,0.0128518,1
71620,97,SGK1,0.53,0.37892159999999997,1
71621,97,MLLT10,-0.25,-0.14481470000000002,1
71622,97,BRD4,0.9500000000000005,0.8622661999999999,1
71623,97,RANBP2,0.29,0.29058320000000004,1
71624,97,FBXO11,0.07,0.05883050000000001,1
71625,97,PML,0.45,0.30820569999999997,1
71626,97,AKT2,1.2100000000000006,0.8913226000000001,1
71627,97,CEP89,0.04,0.0257924,1
71628,97,LZTR1,0.15000000000000002,0.1389464,1
71629,97,YWHAE,0.29,0.1815694,1
71630,97,DNAJB1,-0.07,-0.019303,1
71631,97,PRDM2,0.07,0.058381100000000005,1
71632,97,TPM4,0.52,0.3700886,1
71633,97,CREBBP,1.8600000000000012,1.6025514,1
71634,97,PMS2,0.6600000000000001,0.5998905999999999,1
71635,97,DDR2,3.469446951953614e-18,-0.0011522999999999985,1
71636,97,FANCA,0.4000000000000001,0.33926660000000003,1
71637,97,PDE4DIP,0.09,0.07123499999999999,1
71638,97,USP8,-0.039999999999999994,-0.018550099999999996,1
71639,97,MYH9,-0.35000000000000003,-0.0724844,1
71640,97,MYC,-1.8900000000000008,-0.5006277,1
71641,97,NBN,0.6200000000000001,0.5132572999999999,1
71642,97,CCND3,-0.12000000000000001,-0.011281900000000008,1
71643,97,TRIP11,-0.07,-0.05320459999999999,1
71644,97,CNTRL,-0.09,-0.0705112,1
71645,97,PIK3CA,1.080000000000001,1.0125323999999998,1
71646,97,DDX5,0.38999999999999996,0.3707487999999999,1
71647,97,PICALM,0.010000000000000002,0.010371900000000003,1
71648,97,RARA,-0.060000000000000026,0.0700933,1
71649,97,DDX6,0.019999999999999993,0.1225127,1
71650,97,COL1A1,0.22999999999999998,0.2020544,1
71651,97,VHL,0.24999999999999997,0.1905589,1
71652,97,MAPK1,1.880000000000001,1.3580132000000003,1
71653,97,SRC,0.09999999999999998,0.23764560000000007,1
71654,97,NFE2L2,0.29999999999999993,0.253427,1
71655,97,MITF,-0.14,0.0026603999999999864,1
71656,97,SMAD3,1.2600000000000007,1.1816000000000002,1
71657,97,RBM15,0.12000000000000001,0.10281359999999999,1
71658,97,ATR,0.8000000000000003,0.6739114000000002,1
71659,97,EPAS1,0.38999999999999996,0.39050860000000004,1
71660,97,TPM3,0.23000000000000004,0.20053390000000004,1
71661,97,RPL10,0.08000000000000002,0.1176487,1
71662,97,STAG1,0.12000000000000001,0.15399480000000002,1
71663,97,SBDS,-0.07,-0.022021100000000002,1
71664,97,KMT2D,1.0300000000000002,0.8340863999999999,1
71665,97,MED12,0.38000000000000006,0.31793720000000003,1
71666,97,BCLAF1,-0.049999999999999996,0.038169,1
71667,97,ASPSCR1,-0.04,-0.010716799999999999,1
71668,97,CDK12,0.56,0.4612995,1
71669,97,EWSR1,0.2899999999999999,0.3348761,1
71670,97,NDRG1,-0.04,-0.005353400000000002,1
71671,97,PSIP1,0.09999999999999999,0.08759770000000001,1
71672,97,TRIM33,0.13999999999999999,0.1210591,1
71673,97,MTOR,1.0400000000000005,0.8766973000000001,1
71674,97,ARHGAP35,0.15999999999999998,0.1460769,1
71675,97,POT1,0.010000000000000002,0.0183023,1
71676,97,EXT1,0.11,0.0845185,1
71677,97,IL6ST,0.33,0.27909150000000005,1
71678,97,IDH2,-0.15,-0.02467960000000001,1
71679,97,SMARCE1,0.45000000000000007,0.3099495,1
71680,97,CRTC3,0.09999999999999999,0.0848442,1
71681,97,TSC1,0.36,0.3371768,1
71682,97,BCOR,-0.11999999999999997,0.01906209999999999,1
71683,97,SDHA,0.25,0.19255270000000002,1
71684,97,EP300,2.270000000000001,1.991372900000001,1
71685,97,HNRNPA2B1,0.5100000000000001,0.3595307,1
71686,97,CLIP1,-0.08999999999999998,-0.0542666,1
71687,97,PATZ1,-0.63,-0.1502417,1
71688,97,FUBP1,-0.13,-0.0089257,1
71689,97,HLA-A,-0.060000000000000005,0.0216411,1
71690,97,CCNC,-0.21,-0.0892378,1
71691,97,RPN1,-0.18000000000000002,-0.059013800000000005,1
71692,97,TCF7L2,0.07000000000000002,0.12607120000000002,1
71693,97,CANT1,0.009999999999999995,0.019137200000000007,1
71694,97,RPL5,-0.73,-0.21068159999999997,1
71695,97,CCDC6,0.1,0.1056172,1
71696,97,NCKIPSD,-0.04,-0.0140188,1
71697,97,SMARCD1,0.4,0.3310433,1
71698,97,BCL10,0.010000000000000016,0.0651255,1
71699,97,MAX,0.05000000000000001,0.07799459999999998,1
71700,97,HERPUD1,-0.02,-0.005284400000000001,1
71701,97,RAC1,-0.019999999999999997,0.08558609999999998,1
71702,97,FLNA,0.17999999999999997,0.13646720000000004,1
71703,97,TFE3,-0.7000000000000001,-0.26050710000000005,1
71704,97,NCOR2,0.6600000000000003,0.5584714000000001,1
71705,97,PRPF40B,0.04,0.028229499999999998,1
71706,97,BCL3,-0.17,-0.038340900000000004,1
71707,97,TFPT,-0.39,-0.1187277,1
71708,97,MLH1,0.6300000000000001,0.6315351,1
71709,97,ARHGAP5,0.1,0.10352739999999999,1
71710,97,CIC,0.0,0.0,1
71711,97,LYN,0.7800000000000001,0.5968191,1
71712,97,TCF12,0.32,0.27038940000000006,1
71713,97,KLF6,0.07,0.0472383,1
71714,97,KMT2C,1.0500000000000003,0.8773574999999998,1
71715,97,PIM1,-0.060000000000000005,0.003669800000000001,1
71716,97,CCND1,1.1800000000000004,0.7434946,1
71717,97,MLLT1,-1.4400000000000002,-0.36396229999999996,1
71718,97,MEN1,-0.15999999999999998,-0.05592990000000001,1
71719,97,CUL3,0.13000000000000003,0.16771949999999997,1
71720,97,RB1,0.6800000000000002,0.5772106000000002,1
71721,97,LPP,-0.15999999999999998,-0.034816400000000004,1
71722,97,BUB1B,-0.21000000000000002,-0.0768211,1
71723,97,SMAD4,1.660000000000001,1.3790215000000001,1
71724,97,FGFR1,0.33,0.2856764,1
71725,97,TMSB4X,0.03,0.023748899999999996,1
71726,97,CDK4,1.0500000000000005,0.7407012000000002,1
71727,97,MSI2,0.01,0.0082072,1
71728,97,MSH6,0.9800000000000004,0.8505157999999999,1
71729,97,BRAF,1.2900000000000005,1.1516536999999998,1
71730,97,TCEA1,-0.12000000000000002,-0.008031100000000006,1
71731,97,TNFAIP3,0.16999999999999998,0.144178,1
71732,97,RABEP1,0.0,0.001118000000000001,1
71733,97,GMPS,-0.08000000000000003,-0.03534269999999999,1
71734,97,MDM2,1.1700000000000008,0.9413482,1
71735,97,NSD2,0.22,0.1712717,1
71736,97,CASP8,-0.24000000000000002,0.08427900000000002,1
71737,97,PER1,-0.25,-0.0802937,1
71738,97,UBR5,0.049999999999999996,0.06081680000000001,1
71739,97,EIF3E,-6.938893903907228e-18,0.04881109999999998,1
71740,97,RFWD3,0.02,0.022951399999999997,1
71741,97,BRD3,0.1,0.0766903,1
71742,97,PAFAH1B2,0.02,0.017626,1
71743,97,EXT2,0.020000000000000004,0.019587999999999994,1
71744,97,PLCG1,0.44,0.39445430000000004,1
71745,97,SF3B1,-0.56,-0.27088890000000004,1
71746,97,ARHGEF10L,0.04,0.0211116,1
71747,97,NFATC2,0.25,0.18994729999999999,1
71748,97,SDHD,0.29,0.21422779999999997,1
71749,97,PABPC1,-0.8900000000000001,-0.2508961,1
71750,97,POLD1,-0.5499999999999999,-0.1246478,1
71751,97,CALR,0.03000000000000002,0.07326750000000001,1
71752,97,PIK3CB,0.6700000000000002,0.5727492000000001,1
71753,97,PPM1D,0.30000000000000004,0.2347905,1
71754,97,ATRX,1.0000000000000004,0.8802153,1
71755,97,DGCR8,0.19000000000000003,0.1516462,1
71756,97,DDX10,0.18,0.1388032,1
71757,97,DROSHA,0.5700000000000002,0.4699858,1
71758,97,TNFRSF14,-0.19,-0.0569768,1
71759,97,BCL9L,0.15000000000000002,0.1194283,1
71760,97,QKI,0.06,0.047137000000000005,1
71761,97,BAZ1A,0.0,0.0,1
71762,97,CHD4,0.32000000000000006,0.3088463999999999,1
71763,97,NSD3,0.1,0.11473820000000001,1
71764,97,NT5C2,0.17,0.1017786,1
71765,97,CCNB1IP1,0.13,0.062444599999999996,1
71766,97,PCBP1,-1.12,-0.3056615,1
71767,97,RALGDS,-0.04999999999999999,0.04107090000000001,1
71768,97,ARHGEF12,0.0,0.038101499999999996,1
71769,97,HSP90AB1,1.0100000000000002,0.6769233999999998,1
71770,97,FOXO3,1.5000000000000009,1.1433883,1
71771,97,HIP1,-0.02,-0.012940799999999999,1
71772,97,CDC73,0.019999999999999993,0.07223420000000001,1
71773,97,NIN,-0.010000000000000002,-0.0049475000000000005,1
71774,97,MDM4,0.07,0.15559710000000002,1
71775,97,COL3A1,0.23,0.1916981,1
71776,97,CTNND1,0.12000000000000001,0.16179300000000002,1
71777,97,SPOP,0.09999999999999999,0.1124829,1
71778,97,TMEM127,0.07,0.03678530000000001,1
71779,97,CREB3L2,0.11,0.07259250000000002,1
71780,97,MSH2,1.0000000000000004,0.8618382000000002,1
71781,97,FNBP1,0.019999999999999997,0.0283859,1
71782,97,ATF1,0.16,0.1136374,1
71783,97,EIF1AX,-0.5199999999999999,-0.20276900000000003,1
71784,97,PMS1,0.41000000000000003,0.32339530000000005,1
71785,97,DEK,0.19000000000000003,0.15774509999999997,1
71786,97,ERBB2,0.8500000000000003,0.5354456000000001,1
71787,97,AKT1,0.8000000000000003,0.5052448000000002,1
71788,97,CHEK2,0.48,0.5654325,1
71789,97,SDHB,0.42000000000000004,0.3065485,1
71790,97,NCOA1,0.43,0.34717679999999995,1
71791,97,CHIC2,0.08,0.05256430000000001,1
71792,97,RUNX1,0.10999999999999979,0.6125987000000003,1
71793,97,STAT6,0.39,0.35976669999999994,1
71794,97,FH,-0.09999999999999999,-0.026222600000000006,1
71795,97,AKT3,1.0800000000000005,0.8146651,1
71796,97,GNAS,0.36,0.26079060000000004,1
71797,97,CTNNB1,1.4100000000000008,1.0062195,1
71798,97,NONO,0.32000000000000006,0.2706415,1
71799,97,SMARCB1,0.9000000000000004,0.7244558000000001,1
71800,97,PRKAR1A,0.22,0.2119259,1
71801,97,ITGAV,-0.049999999999999996,0.029733499999999993,1
71802,97,SS18,0.43,0.3158264,1
71803,97,MAP2K1,0.9800000000000002,0.6309637000000001,1
71804,97,SIRPA,-0.06000000000000001,-0.011642900000000001,1
71805,97,PPFIBP1,0.41,0.3105662,1
71806,97,RPL22,-0.21999999999999995,0.10079070000000001,1
71807,97,CYLD,0.31000000000000005,0.24884920000000002,1
71808,97,ARID1B,0.8200000000000001,0.6419632999999999,1
71809,97,SETDB1,0.3,0.21972930000000002,1
71810,97,AFDN,-0.36,-0.10751140000000001,1
71811,97,ZRSR2,-0.09,-0.06781039999999999,1
71812,97,PBRM1,0.9900000000000004,0.7677033000000002,1
71813,97,XPC,0.51,0.31999170000000005,1
71814,97,ASXL2,0.28,0.20640480000000003,1
71815,97,TRIM24,-0.16,0.009873799999999999,1
71816,97,SFPQ,-0.57,-0.20845439999999998,1
71817,97,NCOA2,0.6500000000000001,0.5330661999999999,1
71818,97,FOXO4,0.3,0.1954294,1
71819,97,LEF1,0.23,0.2105076,1
71820,97,B2M,-0.29000000000000004,-0.1373542,1
71821,97,DDIT3,-0.36,-0.1122678,1
71822,97,BCL6,0.44000000000000006,0.357749,1
71823,97,KRAS,0.22999999999999995,0.2440848,1
71824,97,FAT1,0.1,0.0780885,1
71825,97,ABL2,0.08,0.0712133,1
71826,97,NF1,1.2900000000000007,1.0772228000000004,1
71827,97,BTG1,-0.07,-0.0293657,1
71828,97,EIF4A2,0.08,0.04620660000000001,1
71829,97,SET,0.18,0.1464083,1
71830,97,EPS15,0.09,0.07853299999999999,1
71831,97,RNF213,0.05,0.0445876,1
71832,97,CTCF,1.0100000000000005,0.6955946000000001,1
71833,97,WDCP,0.24000000000000005,0.1561099,1
71834,97,KAT7,0.15999999999999998,0.13339640000000003,1
71835,97,KDM5C,0.2,0.18653299999999998,1
71836,97,TGFBR2,0.21999999999999997,0.21277589999999996,1
71837,97,ATM,0.9000000000000006,0.9441366999999997,1
71838,97,NUMA1,3.469446951953614e-18,0.018859000000000004,1
71839,97,STAT3,0.9000000000000005,0.8892295000000001,1
71840,97,SUB1,-0.16000000000000003,-0.0664894,1
71841,97,NUP98,0.25999999999999995,0.24368140000000002,1
71842,97,ELL,0.12000000000000001,0.0593934,1
71843,97,MAP3K1,0.32999999999999996,0.28676660000000004,1
71844,97,MALT1,0.13,0.1469087,1
71845,97,XPO1,0.54,0.4557696,1
71846,97,SETD1B,0.25,0.2046443,1
71847,97,ETV6,-0.07,0.010959199999999995,1
71848,97,TBL1XR1,0.24,0.1726955,1
71849,97,NUP214,-0.019999999999999962,0.16990680000000005,1
71850,97,TPR,0.12,0.11546460000000003,1
71851,97,ATIC,0.13999999999999999,0.1497503,1
71852,97,NACA,0.22,0.1338546,1
71853,97,MYO5A,0.01,0.007014200000000001,1
71854,97,SMC1A,0.28,0.39616260000000003,1
71855,97,LASP1,-0.23,-0.12265499999999999,1
71856,97,ERCC5,0.42000000000000004,0.2556309,1
71857,97,JUN,-0.7499999999999999,-0.08044749999999999,1
71858,97,THRAP3,0.09000000000000001,0.0712352,1
71859,97,STAG2,0.13999999999999999,0.22195189999999998,1
71860,97,RAF1,0.8200000000000003,0.6523211,1
71861,97,ERCC3,0.48000000000000004,0.4230207,1
71862,97,SMAD2,0.3600000000000002,0.49239230000000017,1
71863,97,TAF15,0.21000000000000005,0.1786505,1
71864,97,ARNT,0.27,0.24544090000000005,1
71865,97,CLTC,-0.6599999999999999,-0.30073940000000005,1
71866,97,IKBKB,0.41999999999999993,0.4381178,1
71867,97,IDH1,-0.44000000000000006,-0.12866960000000002,1
71868,97,SND1,0.05,0.047813600000000005,1
71869,97,KNSTRN,0.02,0.0144604,1
71870,97,RHOA,-3.270000000000001,-0.7614537000000001,1
71871,97,PALB2,0.5800000000000001,0.5300328000000001,1
71872,97,ARID2,0.8500000000000001,0.6749922000000002,1
71873,97,EZR,-0.08,-0.017149299999999985,1
71874,97,TP53,-0.42999999999999994,0.19493899999999992,1
71875,97,ARAF,0.36,0.2163115,1
71876,97,KIF5B,0.5700000000000002,0.44170399999999993,1
71877,97,KAT6A,0.18000000000000002,0.21472820000000004,1
71878,97,KTN1,-0.11,-0.015353400000000001,1
71879,97,GOLGA5,-0.08,-0.0576748,1
71880,97,KDM5A,0.28,0.2668864,1
71881,97,RAD21,0.5900000000000001,0.5119281,1
71882,97,GNAQ,0.30000000000000004,0.2607195,1
71883,97,CAMTA1,0.07,0.0522573,1
71884,97,ERCC2,0.61,0.4772977,1
71885,97,EZH2,1.3300000000000007,1.1110834000000007,1
71886,97,TOP1,0.2900000000000001,0.2203319,1
71887,97,SRSF3,-0.4099999999999999,-0.11141879999999998,1
71888,97,NPM1,0.11000000000000006,0.15006110000000003,1
71889,97,BAX,-0.84,-0.183032,1
71890,97,NOTCH2,0.3,0.257085,1
71891,97,TRAF7,0.01,0.006967,1
71892,97,KDM6A,0.9000000000000002,0.9111028000000001,1
71893,97,SPEN,0.13999999999999999,0.1137281,1
71894,97,TRIM27,-0.55,-0.1675738,1
71895,97,CRTC1,0.15,0.12050549999999999,1
71896,97,EML4,0.41000000000000003,0.3722929,1
71897,97,USP9X,0.0,-0.0005980000000000013,1
71898,97,PTPRK,0.0,0.0,1
71899,97,CD74,-0.13999999999999999,0.00019479999999999498,1
71900,97,CBL,0.53,0.5046046999999999,1
71901,97,ZNF384,0.05,0.040669300000000005,1
71902,97,NOTCH1,1.1800000000000006,0.8715382999999998,1
71903,97,COX6C,-0.19,-0.0502643,1
71904,97,CHCHD7,0.03,0.0200934,1
71905,97,HMGA1,-0.08,-0.0336325,1
71906,97,PTEN,1.2200000000000009,1.1776361999999998,1
71907,97,FIP1L1,-0.05,-0.0165383,1
71908,97,JAK1,0.8600000000000003,0.7289733,1
71909,97,ZMYM2,0.010000000000000004,0.0110791,1
71910,97,SUZ12,0.8800000000000003,0.6960967,1
71911,97,FUS,-0.73,-0.07071399999999999,1
71912,97,BAP1,-0.4599999999999999,-0.1898354,1
71913,97,ZCCHC8,-0.08,-0.022536,1
71914,97,CRNKL1,0.019999999999999997,0.014114199999999999,1
71915,97,RAD17,0.19999999999999998,0.15114350000000001,1
71916,97,ATP1A1,-0.01,-0.002952100000000001,1
71917,97,DNMT3A,1.0000000000000004,0.8052396,1
71918,97,FBXW7,0.9700000000000004,0.837223,1
71919,97,WWTR1,-0.09,-0.032454000000000004,1
71920,97,CDKN1B,0.48,0.35242900000000005,1
71921,97,KMT2A,0.30999999999999994,0.3587551,1
71922,97,PTPN11,1.0400000000000005,0.8998303000000001,1
71923,97,STAT5B,0.7600000000000001,0.6332137,1
71924,97,CUX1,-0.09000000000000001,-0.060126200000000005,1
71925,97,ABI1,-0.25,-0.0766718,1
71926,97,BRCA1,1.8500000000000012,1.5378748999999996,1
71927,97,SH2B3,0.09999999999999999,0.0619506,1
71928,97,AFF4,-0.04999999999999999,-0.02268060000000001,1
71929,97,NF2,0.12999999999999998,0.14576850000000002,1
71930,97,LMNA,0.11000000000000001,0.07940529999999998,1
71931,97,TSC2,0.8700000000000003,0.7148068999999999,1
71932,97,GOLPH3,-0.08,-0.0556664,1
71933,97,PCM1,-0.04,-0.0320473,1
71934,97,PPP2R1A,-0.6400000000000001,-0.21710590000000002,1
71935,97,ARID1A,1.8300000000000012,1.4872488000000001,1
71936,97,ABL1,-0.16999999999999993,0.06514380000000003,1
71937,97,AFF1,0.11000000000000001,0.1155263,1
71938,97,DAXX,-0.5800000000000001,-0.15490250000000003,1
71939,97,CBFB,0.02999999999999999,0.10792230000000001,1
71940,97,CBLB,0.17,0.1516015,1
71941,97,POLR2A,-0.3,0.10354409999999997,1
71942,97,PRKACA,0.08000000000000007,0.2506333999999999,1
71943,97,DNM2,-0.13,-0.0518259,1
71944,97,RAP1GDS1,0.04000000000000001,0.06545269999999999,1
71945,97,NCOR1,0.9000000000000002,0.9139018,1
71946,97,NFKBIE,-0.41000000000000003,-0.1245453,1
71947,97,DDX3X,0.33,0.2879176,1
71948,97,ELK4,0.02,0.016891,1
71949,97,MLLT6,0.019999999999999997,0.024762100000000002,1
71950,97,SRSF2,-3.1400000000000006,-0.726193,1
71951,97,CTNNA1,0.15000000000000002,0.12072270000000002,1
71952,97,RBM10,0.10999999999999999,0.0832712,1
71953,97,PTPRC,0.05,0.130432,1
71954,97,HSP90AA1,0.7400000000000002,0.5866764,1
71955,97,NSD1,0.25,0.2048791,0
71956,97,DICER1,0.21,0.21456519999999998,0
71957,97,BIRC6,0.07,0.059475099999999996,0
71958,97,SDHC,0.2800000000000001,0.1895724,0
71959,97,TFG,0.33,0.18437040000000005,0
71960,97,MAP2K2,0.32,0.235389,0
71961,97,TFRC,-0.29000000000000004,-0.136322,0
71962,97,CREB1,0.7300000000000004,0.5344726,0
71963,97,POLG,0.02,0.0086898,0
71964,97,SETD2,0.7100000000000002,0.5861759,0
71965,97,NAB2,-0.3,-0.10915739999999999,0
71966,97,HIF1A,1.600000000000001,1.0880873000000002,0
71967,97,FLCN,0.02,0.023711799999999998,0
71968,97,MAP2K4,-0.06,0.04283869999999999,0
71969,97,CNOT3,-0.04,-0.012115800000000003,0
71970,97,CIITA,0.09999999999999999,0.06900869999999999,0
71971,97,LSM14A,0.08,0.0738697,0
71972,97,AKAP9,-0.1,-0.0334985,0
71973,97,MSN,-0.32999999999999996,-0.06709240000000001,0
71974,97,BCR,0.05,0.04637679999999999,0
71975,97,TRRAP,0.04000000000000001,0.12028099999999997,0
71976,97,PPP6C,-0.15,-0.0752622,0
71977,97,NCOA4,-0.21,-0.1100204,0
71978,97,BCL9,0.11,0.08754909999999999,0
71979,97,PRCC,0.049999999999999996,0.035404099999999994,0
71980,97,LARP4B,0.0,0.0,0
71981,97,CHD2,0.01,0.0073802,0
71982,97,ASXL1,0.5499999999999999,0.4850506,0
71983,97,SMARCA4,1.270000000000001,0.9510335,0
71984,97,ERC1,-0.02,-0.0149408,0
71985,97,DCTN1,-0.22,-0.10130829999999999,0
71986,97,PIK3R1,1.4000000000000008,0.9590405,0
71987,97,EED,0.15000000000000002,0.11511879999999998,0
71988,97,CNBP,0.0,0.0,0
71989,97,SGK1,0.31,0.17664829999999998,0
71990,97,MLLT10,-0.09,-0.0277486,0
71991,97,BRD4,0.9900000000000003,0.7363606000000001,0
71992,97,RANBP2,0.15000000000000002,0.19009870000000006,0
71993,97,FBXO11,0.04,0.034725400000000003,0
71994,97,PML,0.30000000000000004,0.22891830000000005,0
71995,97,AKT2,0.9700000000000004,0.6401772,0
71996,97,CEP89,0.06,0.0365132,0
71997,97,LZTR1,0.029999999999999992,0.0543855,0
71998,97,YWHAE,0.33000000000000007,0.21831310000000004,0
71999,97,DNAJB1,-0.009999999999999995,0.008512699999999995,0
72000,97,PRDM2,0.02,0.0144517,0
72001,97,TPM4,0.45,0.27328790000000003,0
72002,97,CREBBP,1.8800000000000012,1.4788066000000002,0
72003,97,PMS2,0.7200000000000002,0.6193391,0
72004,97,DDR2,0.05,0.0316046,0
72005,97,FANCA,0.37,0.2943079,0
72006,97,PDE4DIP,0.060000000000000005,0.042139,0
72007,97,USP8,-0.08,-0.034254,0
72008,97,MYH9,-0.23999999999999996,-0.036816299999999996,0
72009,97,MYC,-0.1,0.043827000000000005,0
72010,97,NBN,0.47,0.35325750000000006,0
72011,97,CCND3,-0.009999999999999978,0.0348849,0
72012,97,TRIP11,-0.13,-0.0844117,0
72013,97,CNTRL,-0.07,-0.047695900000000006,0
72014,97,PIK3CA,1.3600000000000008,0.9846984,0
72015,97,DDX5,0.4,0.3094369,0
72016,97,PICALM,-0.010000000000000002,4.8199999999998244e-05,0
72017,97,RARA,0.47000000000000003,0.33599930000000006,0
72018,97,DDX6,-0.019999999999999993,0.06456139999999999,0
72019,97,COL1A1,0.059999999999999984,0.0954206,0
72020,97,VHL,0.19999999999999996,0.1431246,0
72021,97,MAPK1,1.560000000000001,0.9659068,0
72022,97,SRC,-0.4999999999999999,0.04528879999999996,0
72023,97,NFE2L2,0.19,0.1346855,0
72024,97,MITF,-0.20000000000000004,-0.03012179999999999,0
72025,97,SMAD3,1.2000000000000008,0.8939695999999998,0
72026,97,RBM15,0.06000000000000001,0.05022639999999999,0
72027,97,ATR,0.6600000000000003,0.5590056999999999,0
72028,97,EPAS1,0.4,0.33573510000000006,0
72029,97,TPM3,0.2,0.12935600000000003,0
72030,97,RPL10,0.13,0.1218171,0
72031,97,STAG1,0.13,0.1266413,0
72032,97,SBDS,-0.06,-0.0217664,0
72033,97,KMT2D,0.9000000000000004,0.6499651000000001,0
72034,97,MED12,0.30000000000000004,0.23385080000000003,0
72035,97,BCLAF1,-0.030000000000000013,0.026473799999999995,0
72036,97,ASPSCR1,0.029999999999999992,0.018498299999999995,0
72037,97,CDK12,0.22000000000000003,0.1578576,0
72038,97,EWSR1,0.42999999999999994,0.3536875,0
72039,97,NDRG1,-0.07,-0.029793500000000007,0
72040,97,PSIP1,-0.13,-0.041963,0
72041,97,TRIM33,0.04,0.04210120000000001,0
72042,97,MTOR,1.2500000000000007,0.8646183999999999,0
72043,97,ARHGAP35,0.13,0.13558969999999998,0
72044,97,POT1,-0.060000000000000005,-0.017151700000000002,0
72045,97,EXT1,0.1,0.061742,0
72046,97,IL6ST,0.29000000000000004,0.2210606,0
72047,97,IDH2,-0.019999999999999983,0.0427326,0
72048,97,SMARCE1,0.51,0.32583120000000004,0
72049,97,CRTC3,0.09000000000000001,0.0661826,0
72050,97,TSC1,0.33,0.27422199999999997,0
72051,97,BCOR,-0.18,-0.0287797,0
72052,97,SDHA,0.23,0.1391032,0
72053,97,EP300,1.590000000000001,1.2046342999999995,0
72054,97,HNRNPA2B1,0.26,0.2220096,0
72055,97,CLIP1,-0.11999999999999998,-0.056845799999999995,0
72056,97,PATZ1,-0.43000000000000005,-0.12164860000000001,0
72057,97,FUBP1,-0.19999999999999998,-0.02317069999999999,0
72058,97,HLA-A,-0.09999999999999999,0.03034649999999999,0
72059,97,CCNC,-0.18000000000000002,-0.0725343,0
72060,97,RPN1,-0.27999999999999997,-0.0693186,0
72061,97,TCF7L2,0.03999999999999998,0.06405080000000002,0
72062,97,CANT1,0.12000000000000001,0.0649914,0
72063,97,RPL5,-0.61,-0.15014169999999996,0
72064,97,CCDC6,-0.019999999999999976,0.04248790000000001,0
72065,97,NCKIPSD,0.03,0.0163765,0
72066,97,SMARCD1,0.46,0.3118597,0
72067,97,BCL10,6.938893903907228e-18,0.03006770000000001,0
72068,97,MAX,0.039999999999999994,0.034449099999999996,0
72069,97,HERPUD1,0.03,0.0137457,0
72070,97,RAC1,-0.11999999999999997,0.049541499999999974,0
72071,97,FLNA,0.1,0.09598320000000002,0
72072,97,TFE3,-0.41000000000000003,-0.1736935,0
72073,97,NCOR2,0.7300000000000002,0.5215902,0
72074,97,PRPF40B,-0.04,-0.021789799999999998,0
72075,97,BCL3,-0.039999999999999994,-0.0051611,0
72076,97,TFPT,-0.23,-0.08231350000000001,0
72077,97,MLH1,0.8900000000000001,0.7183544000000002,0
72078,97,ARHGAP5,0.14,0.11372399999999999,0
72079,97,CIC,0.0,0.0,0
72080,97,LYN,0.9,0.6144184000000001,0
72081,97,TCF12,0.27999999999999997,0.2026393,0
72082,97,KLF6,0.04,0.0231334,0
72083,97,KMT2C,1.0200000000000002,0.7778739,0
72084,97,PIM1,-0.17,-0.05539860000000001,0
72085,97,CCND1,1.3500000000000008,0.80989,0
72086,97,MLLT1,-0.8800000000000001,-0.2532055,0
72087,97,MEN1,0.04000000000000001,0.049931799999999985,0
72088,97,CUL3,0.07,0.09881579999999998,0
72089,97,RB1,0.6300000000000001,0.45838059999999997,0
72090,97,LPP,-0.05,-0.020881700000000003,0
72091,97,BUB1B,-0.17,-0.0857847,0
72092,97,SMAD4,1.3500000000000008,1.007175,0
72093,97,FGFR1,0.18,0.1253748,0
72094,97,TMSB4X,0.04,0.030779200000000003,0
72095,97,CDK4,0.56,0.41293950000000007,0
72096,97,MSI2,0.01,0.0069892,0
72097,97,MSH6,0.8400000000000003,0.6780444000000001,0
72098,97,BRAF,0.9600000000000005,0.8280194000000001,0
72099,97,TCEA1,-0.12,-0.031526900000000004,0
72100,97,TNFAIP3,0.09000000000000001,0.10597490000000001,0
72101,97,RABEP1,0.0,-0.0012186000000000002,0
72102,97,GMPS,-0.06,-0.0359352,0
72103,97,MDM2,1.1700000000000006,0.7550643000000001,0
72104,97,NSD2,0.21,0.14556639999999998,0
72105,97,CASP8,0.05999999999999999,0.19036109999999998,0
72106,97,PER1,-0.15999999999999998,-0.03193509999999999,0
72107,97,UBR5,-0.029999999999999992,-0.0006989999999999982,0
72108,97,EIF3E,-0.039999999999999994,0.07019680000000002,0
72109,97,RFWD3,0.020000000000000004,0.024986000000000005,0
72110,97,BRD3,0.09,0.08085,0
72111,97,PAFAH1B2,0.03,0.0247488,0
72112,97,EXT2,0.010000000000000009,0.0051058999999999966,0
72113,97,PLCG1,0.5900000000000001,0.38724080000000005,0
72114,97,SF3B1,-0.29000000000000004,-0.10439309999999999,0
72115,97,ARHGEF10L,0.02,0.010637,0
72116,97,NFATC2,0.17,0.11159630000000001,0
72117,97,SDHD,0.24000000000000005,0.12900660000000003,0
72118,97,PABPC1,-0.8899999999999999,-0.2140007,0
72119,97,POLD1,-0.15999999999999998,-0.032928499999999986,0
72120,97,CALR,0.059999999999999984,0.0534801,0
72121,97,PIK3CB,0.5199999999999999,0.4291593000000001,0
72122,97,PPM1D,0.16,0.120755,0
72123,97,ATRX,0.9700000000000005,0.7478618000000002,0
72124,97,DGCR8,0.16,0.0993445,0
72125,97,DDX10,0.10999999999999999,0.07133559999999999,0
72126,97,DROSHA,0.44999999999999996,0.32571830000000007,0
72127,97,TNFRSF14,-0.08,-0.033373599999999996,0
72128,97,BCL9L,0.13,0.08853049999999998,0
72129,97,QKI,-0.11,-0.0651804,0
72130,97,BAZ1A,0.01,0.006994200000000001,0
72131,97,CHD4,0.18999999999999997,0.16730920000000005,0
72132,97,NSD3,0.049999999999999996,0.044074699999999994,0
72133,97,NT5C2,0.15,0.0871325,0
72134,97,CCNB1IP1,0.08,0.030700000000000005,0
72135,97,PCBP1,-0.79,-0.24056230000000003,0
72136,97,RALGDS,0.13,0.08739169999999999,0
72137,97,ARHGEF12,-0.049999999999999996,-0.011009099999999999,0
72138,97,HSP90AB1,1.1900000000000004,0.7961945,0
72139,97,FOXO3,1.2400000000000007,0.8341864999999997,0
72140,97,HIP1,-0.01,-0.0060671,0
72141,97,CDC73,-0.11,-0.015452600000000004,0
72142,97,NIN,0.03,0.0206297,0
72143,97,MDM4,0.16,0.1664191,0
72144,97,COL3A1,0.12999999999999998,0.12266429999999999,0
72145,97,CTNND1,0.13,0.1316793,0
72146,97,SPOP,-0.07,-0.014750900000000003,0
72147,97,TMEM127,0.009999999999999995,0.0412791,0
72148,97,CREB3L2,0.09,0.0557701,0
72149,97,MSH2,0.9000000000000004,0.6989718999999999,0
72150,97,FNBP1,0.010000000000000002,0.0147771,0
72151,97,ATF1,0.010000000000000009,0.009243699999999997,0
72152,97,EIF1AX,-0.5700000000000001,-0.2366843,0
72153,97,PMS1,0.5599999999999999,0.42183519999999997,0
72154,97,DEK,0.08,0.0845148,0
72155,97,ERBB2,0.9900000000000004,0.6241666999999999,0
72156,97,AKT1,0.8400000000000004,0.5549358000000001,0
72157,97,CHEK2,0.32999999999999996,0.3315475,0
72158,97,SDHB,0.36999999999999994,0.2333253,0
72159,97,NCOA1,0.39,0.2640616,0
72160,97,CHIC2,0.060000000000000005,0.033863000000000004,0
72161,97,RUNX1,0.39000000000000024,0.6048337,0
72162,97,STAT6,0.30000000000000004,0.1893793,0
72163,97,FH,-0.17000000000000004,-0.06048490000000001,0
72164,97,AKT3,0.9500000000000004,0.6405616000000001,0
72165,97,GNAS,0.23000000000000004,0.1410549,0
72166,97,CTNNB1,1.3800000000000008,0.9195171999999998,0
72167,97,NONO,0.11,0.07713779999999999,0
72168,97,SMARCB1,0.9200000000000004,0.6588833999999999,0
72169,97,PRKAR1A,0.09000000000000001,0.09348200000000002,0
72170,97,ITGAV,0.04999999999999999,0.0422327,0
72171,97,SS18,0.37,0.22291799999999998,0
72172,97,MAP2K1,1.0300000000000005,0.6288640999999999,0
72173,97,SIRPA,0.01,0.006546,0
72174,97,PPFIBP1,0.37,0.2380574,0
72175,97,RPL22,-0.30000000000000004,0.08536129999999997,0
72176,97,CYLD,0.30000000000000004,0.2277202,0
72177,97,ARID1B,0.6399999999999999,0.45101669999999994,0
72178,97,SETDB1,0.33,0.23808929999999998,0
72179,97,AFDN,-0.4500000000000001,-0.1761058,0
72180,97,ZRSR2,0.26,0.18638000000000002,0
72181,97,PBRM1,0.9300000000000004,0.6658592,0
72182,97,XPC,0.5900000000000001,0.3945186,0
72183,97,ASXL2,0.24,0.1559535,0
72184,97,TRIM24,-0.2,-0.08411640000000002,0
72185,97,SFPQ,-0.08,0.02842099999999998,0
72186,97,NCOA2,0.56,0.3912245,0
72187,97,FOXO4,0.45,0.29162669999999996,0
72188,97,LEF1,0.10999999999999997,0.0890714,0
72189,97,B2M,-0.55,-0.19678649999999998,0
72190,97,DDIT3,-0.38,-0.09171780000000002,0
72191,97,BCL6,0.52,0.3534319,0
72192,97,KRAS,-1.4500000000000004,-0.3525238999999999,0
72193,97,FAT1,0.06000000000000001,0.0529941,0
72194,97,ABL2,0.08000000000000002,0.0614603,0
72195,97,NF1,0.6800000000000002,0.6096131000000002,0
72196,97,BTG1,-0.01,-0.005464599999999999,0
72197,97,EIF4A2,0.13000000000000003,0.110336,0
72198,97,SET,0.15000000000000002,0.1324797,0
72199,97,EPS15,0.0,0.015277699999999991,0
72200,97,RNF213,0.03,0.0238746,0
72201,97,CTCF,0.8800000000000003,0.6299113000000001,0
72202,97,WDCP,0.14999999999999997,0.08968469999999998,0
72203,97,KAT7,0.07999999999999999,0.0664539,0
72204,97,KDM5C,0.13,0.1315635,0
72205,97,TGFBR2,0.18999999999999997,0.1466752,0
72206,97,ATM,1.4600000000000009,1.1041425999999999,0
72207,97,NUMA1,-0.029999999999999992,-0.007383900000000001,0
72208,97,STAT3,1.4200000000000008,1.0768776000000002,0
72209,97,SUB1,-0.19999999999999998,-0.07497679999999998,0
72210,97,NUP98,0.03999999999999998,0.07210600000000003,0
72211,97,ELL,-0.06,-0.011767100000000016,0
72212,97,MAP3K1,0.42,0.31478,0
72213,97,MALT1,0.12000000000000001,0.1335989,0
72214,97,XPO1,0.26,0.2364855,0
72215,97,SETD1B,0.09999999999999999,0.0673141,0
72216,97,ETV6,-0.30999999999999994,-0.13626429999999998,0
72217,97,TBL1XR1,0.19000000000000003,0.1278422,0
72218,97,NUP214,0.07000000000000003,0.12924650000000001,0
72219,97,TPR,0.08000000000000002,0.08690629999999999,0
72220,97,ATIC,0.13000000000000003,0.0839965,0
72221,97,NACA,0.24,0.16513840000000002,0
72222,97,MYO5A,0.010000000000000002,0.011799400000000002,0
72223,97,SMC1A,0.6200000000000001,0.49549699999999985,0
72224,97,LASP1,-0.19,-0.10844509999999999,0
72225,97,ERCC5,0.45999999999999996,0.2950919,0
72226,97,JUN,0.18999999999999997,0.284963,0
72227,97,THRAP3,0.09,0.0735625,0
72228,97,STAG2,0.54,0.4008234,0
72229,97,RAF1,1.2100000000000006,0.8245866000000002,0
72230,97,ERCC3,0.54,0.44248100000000007,0
72231,97,SMAD2,0.4100000000000001,0.4076623,0
72232,97,TAF15,0.17000000000000004,0.1466584,0
72233,97,ARNT,0.30999999999999994,0.2464628,0
72234,97,CLTC,-0.5700000000000001,-0.3119177,0
72235,97,IKBKB,0.5200000000000002,0.4113246000000001,0
72236,97,IDH1,-0.6600000000000001,-0.1666495,0
72237,97,SND1,-0.05,-0.030283799999999996,0
72238,97,KNSTRN,0.03,0.0235854,0
72239,97,RHOA,-1.1300000000000003,-0.2673522,0
72240,97,PALB2,0.63,0.5173857,0
72241,97,ARID2,0.6900000000000002,0.5008982000000001,0
72242,97,EZR,-0.09999999999999999,0.00021719999999999812,0
72243,97,TP53,-0.9399999999999997,-0.11103829999999999,0
72244,97,ARAF,0.3500000000000001,0.193774,0
72245,97,KIF5B,0.42,0.29320380000000007,0
72246,97,KAT6A,0.18999999999999997,0.1705619,0
72247,97,KTN1,-0.06999999999999999,-0.0225753,0
72248,97,GOLGA5,-0.11,-0.0682937,0
72249,97,KDM5A,0.27,0.21854210000000002,0
72250,97,RAD21,0.4900000000000001,0.3716482,0
72251,97,GNAQ,0.10999999999999999,0.0864924,0
72252,97,CAMTA1,0.01,0.006759,0
72253,97,ERCC2,0.68,0.49609879999999995,0
72254,97,EZH2,1.8100000000000012,1.1878557,0
72255,97,TOP1,0.16000000000000003,0.1283294,0
72256,97,SRSF3,-0.37,-0.12291199999999998,0
72257,97,NPM1,0.11000000000000003,0.23971390000000004,0
72258,97,BAX,-0.38,-0.11781269999999999,0
72259,97,NOTCH2,0.28,0.21575759999999997,0
72260,97,TRAF7,0.04,0.0309796,0
72261,97,KDM6A,0.7800000000000002,0.6542066000000002,0
72262,97,SPEN,0.09,0.0671065,0
72263,97,TRIM27,-0.33,-0.1268523,0
72264,97,CRTC1,0.13,0.103938,0
72265,97,EML4,0.23000000000000007,0.19335909999999998,0
72266,97,USP9X,-0.09999999999999999,-0.0633007,0
72267,97,PTPRK,0.01,0.007018,0
72268,97,CD74,-0.14,-0.0056739999999999985,0
72269,97,CBL,0.5800000000000001,0.40764469999999997,0
72270,97,ZNF384,-0.11,-0.0494737,0
72271,97,NOTCH1,0.9400000000000004,0.6811918999999999,0
72272,97,COX6C,-0.1,-0.04967320000000001,0
72273,97,CHCHD7,0.04,0.028296,0
72274,97,HMGA1,-0.16,-0.06554869999999999,0
72275,97,PTEN,1.3400000000000007,1.0992269000000001,0
72276,97,FIP1L1,-0.039999999999999994,-0.018758899999999995,0
72277,97,JAK1,0.7600000000000002,0.5778828999999999,0
72278,97,ZMYM2,-0.1,-0.0643151,0
72279,97,SUZ12,0.6900000000000003,0.5055455999999998,0
72280,97,FUS,-0.10000000000000003,0.1456867,0
72281,97,BAP1,0.05999999999999999,0.0774661,0
72282,97,ZCCHC8,-0.07,-0.0202776,0
72283,97,CRNKL1,-0.049999999999999996,-0.026804900000000006,0
72284,97,RAD17,0.1,0.07880359999999999,0
72285,97,ATP1A1,0.009999999999999998,0.005886599999999999,0
72286,97,DNMT3A,0.8300000000000005,0.6277453,0
72287,97,FBXW7,1.0200000000000005,0.7577967000000001,0
72288,97,WWTR1,-0.14000000000000004,-0.06309079999999999,0
72289,97,CDKN1B,0.54,0.32487779999999994,0
72290,97,KMT2A,0.43000000000000005,0.344906,0
72291,97,PTPN11,0.9800000000000002,0.6880495999999999,0
72292,97,STAT5B,0.6900000000000002,0.49396639999999997,0
72293,97,CUX1,-0.13,-0.08053679999999999,0
72294,97,ABI1,-0.4,-0.12833000000000003,0
72295,97,BRCA1,1.7900000000000011,1.4023116999999998,0
72296,97,SH2B3,-0.009999999999999998,0.0095124,0
72297,97,AFF4,0.019999999999999997,0.031711,0
72298,97,NF2,-0.030000000000000006,0.05177579999999998,0
72299,97,LMNA,0.07999999999999999,0.06973480000000001,0
72300,97,TSC2,0.6100000000000002,0.472936,0
72301,97,GOLPH3,-0.08,-0.04875600000000001,0
72302,97,PCM1,-0.07,-0.0452675,0
72303,97,PPP2R1A,-0.37,-0.11187229999999997,0
72304,97,ARID1A,1.750000000000001,1.2245468000000002,0
72305,97,ABL1,-0.050000000000000086,0.09319740000000001,0
72306,97,AFF1,0.26,0.1932159,0
72307,97,DAXX,-0.12,-0.009177399999999995,0
72308,97,CBFB,0.15,0.10496839999999999,0
72309,97,CBLB,0.13,0.0971254,0
72310,97,POLR2A,0.09,0.19380949999999997,0
72311,97,PRKACA,0.28,0.2051319,0
72312,97,DNM2,-0.10999999999999999,-0.0424803,0
72313,97,RAP1GDS1,-0.12,-0.043484300000000004,0
72314,97,NCOR1,0.9300000000000003,0.7779615999999998,0
72315,97,NFKBIE,-0.24,-0.0777529,0
72316,97,DDX3X,0.09,0.09949069999999999,0
72317,97,ELK4,0.01,0.006816,0
72318,97,MLLT6,0.1,0.07784189999999999,0
72319,97,SRSF2,-0.9900000000000002,-0.27490820000000005,0
72320,97,CTNNA1,0.1,0.07551139999999999,0
72321,97,RBM10,0.22,0.150775,0
72322,97,PTPRC,0.07999999999999999,0.1004832,0
72323,97,HSP90AA1,1.0900000000000003,0.7478054000000003,0
72324,98,NSD1,0.36,0.3094202,1
72325,98,DICER1,0.22000000000000006,0.27274990000000005,1
72326,98,BIRC6,0.14,0.1268598,1
72327,98,SDHC,0.41999999999999993,0.3127146,1
72328,98,TFG,0.20000000000000004,0.12059060000000002,1
72329,98,MAP2K2,0.41000000000000003,0.2746966,1
72330,98,TFRC,-0.26,-0.0809046,1
72331,98,CREB1,0.8600000000000004,0.7426782999999996,1
72332,98,POLG,-0.01,-0.0029329,1
72333,98,SETD2,0.6300000000000002,0.5905286000000003,1
72334,98,NAB2,-0.53,-0.142518,1
72335,98,HIF1A,1.5300000000000007,1.1838834999999999,1
72336,98,FLCN,-0.07999999999999999,0.024482600000000007,1
72337,98,MAP2K4,0.0,0.0809233,1
72338,98,CNOT3,0.09000000000000001,0.0722039,1
72339,98,CIITA,0.11,0.0711386,1
72340,98,LSM14A,0.17,0.13924920000000002,1
72341,98,AKAP9,-0.08000000000000002,0.004492099999999999,1
72342,98,MSN,-0.37999999999999995,-0.11002290000000003,1
72343,98,BCR,-0.02999999999999999,0.04789210000000001,1
72344,98,TRRAP,0.09999999999999995,0.2296002,1
72345,98,PPP6C,-0.11,-0.0447825,1
72346,98,NCOA4,-0.08999999999999997,-0.0014621999999999934,1
72347,98,BCL9,0.21999999999999997,0.18544940000000001,1
72348,98,PRCC,0.11000000000000001,0.0910482,1
72349,98,LARP4B,0.02,0.0138658,1
72350,98,CHD2,0.02,0.018101000000000003,1
72351,98,ASXL1,0.19999999999999998,0.30240330000000004,1
72352,98,SMARCA4,2.0700000000000007,1.5736393999999998,1
72353,98,ERC1,-0.01,-0.007344000000000002,1
72354,98,DCTN1,0.01999999999999999,0.06227249999999998,1
72355,98,PIK3R1,0.9400000000000004,0.8392263,1
72356,98,EED,0.16,0.1343645,1
72357,98,CNBP,0.02,0.0124966,1
72358,98,SGK1,0.51,0.3358584,1
72359,98,MLLT10,-0.28,-0.14935710000000002,1
72360,98,BRD4,1.0700000000000003,0.9324555999999999,1
72361,98,RANBP2,0.4,0.3692953,1
72362,98,FBXO11,0.08,0.06616730000000001,1
72363,98,PML,0.4200000000000001,0.2834532,1
72364,98,AKT2,1.1500000000000006,0.8086727000000001,1
72365,98,CEP89,0.060000000000000005,0.039056400000000005,1
72366,98,LZTR1,0.08,0.11895689999999999,1
72367,98,YWHAE,0.22,0.13072979999999998,1
72368,98,DNAJB1,-0.08,-0.017668500000000004,1
72369,98,PRDM2,0.08,0.0668756,1
72370,98,TPM4,0.51,0.36965449999999994,1
72371,98,CREBBP,2.130000000000001,1.7975729999999996,1
72372,98,PMS2,0.8900000000000003,0.7584512000000001,1
72373,98,DDR2,0.02,0.0109652,1
72374,98,FANCA,0.41000000000000003,0.34161290000000005,1
72375,98,PDE4DIP,0.08,0.06431880000000001,1
72376,98,USP8,-0.05,-0.022935900000000002,1
72377,98,MYH9,-0.4100000000000001,-0.08643819999999999,1
72378,98,MYC,-1.8100000000000007,-0.3541498,1
72379,98,NBN,0.6600000000000001,0.5467656000000001,1
72380,98,CCND3,-0.030000000000000013,0.0321856,1
72381,98,TRIP11,-0.06,-0.0435966,1
72382,98,CNTRL,-0.06999999999999999,-0.05310739999999999,1
72383,98,PIK3CA,0.9800000000000011,0.9341553,1
72384,98,DDX5,0.08999999999999998,0.17174430000000002,1
72385,98,PICALM,0.029999999999999995,0.030441800000000005,1
72386,98,RARA,-2.0816681711721685e-17,0.11809290000000003,1
72387,98,DDX6,-0.06999999999999998,0.07855530000000004,1
72388,98,COL1A1,0.25,0.2152334,1
72389,98,VHL,0.26999999999999996,0.1964138,1
72390,98,MAPK1,1.650000000000001,1.1503510000000001,1
72391,98,SRC,0.01999999999999999,0.2898364000000001,1
72392,98,NFE2L2,0.26999999999999996,0.23075579999999998,1
72393,98,MITF,-0.26,-0.05908300000000001,1
72394,98,SMAD3,1.1000000000000008,1.1349732000000001,1
72395,98,RBM15,0.13,0.1057604,1
72396,98,ATR,0.8300000000000003,0.7056132999999999,1
72397,98,EPAS1,0.37999999999999995,0.38122740000000005,1
72398,98,TPM3,0.20000000000000004,0.16576870000000002,1
72399,98,RPL10,0.08,0.12988950000000002,1
72400,98,STAG1,0.14,0.1786018,1
72401,98,SBDS,-0.1,-0.0297952,1
72402,98,KMT2D,1.0800000000000003,0.8603613999999999,1
72403,98,MED12,0.42000000000000004,0.35432179999999996,1
72404,98,BCLAF1,-0.03999999999999999,0.0474063,1
72405,98,ASPSCR1,0.029999999999999995,0.025446699999999992,1
72406,98,CDK12,0.52,0.4363907,1
72407,98,EWSR1,0.28,0.30858109999999994,1
72408,98,NDRG1,-0.07,-0.0214017,1
72409,98,PSIP1,0.13,0.102948,1
72410,98,TRIM33,0.19,0.16448059999999998,1
72411,98,MTOR,0.9500000000000003,0.8074246000000002,1
72412,98,ARHGAP35,0.14,0.1357372,1
72413,98,POT1,0.03,0.028878,1
72414,98,EXT1,0.11,0.0845218,1
72415,98,IL6ST,0.35000000000000003,0.29021460000000004,1
72416,98,IDH2,-0.16,-0.015358600000000003,1
72417,98,SMARCE1,0.47000000000000003,0.31975929999999997,1
72418,98,CRTC3,0.09999999999999999,0.08313979999999999,1
72419,98,TSC1,0.2899999999999999,0.31488629999999995,1
72420,98,BCOR,-0.12000000000000001,0.03911220000000001,1
72421,98,SDHA,0.28,0.20766449999999997,1
72422,98,EP300,2.4600000000000004,2.0528319999999995,1
72423,98,HNRNPA2B1,0.5800000000000002,0.3973398,1
72424,98,CLIP1,-0.1,-0.0615154,1
72425,98,PATZ1,-0.65,-0.1387052,1
72426,98,FUBP1,-0.15,-0.0153861,1
72427,98,HLA-A,-0.059999999999999984,0.030350500000000027,1
72428,98,CCNC,-0.22,-0.08420049999999998,1
72429,98,RPN1,-0.22,-0.076519,1
72430,98,TCF7L2,0.029999999999999954,0.1195436,1
72431,98,CANT1,-0.01999999999999999,0.008823300000000006,1
72432,98,RPL5,-0.53,-0.13103609999999996,1
72433,98,CCDC6,0.08000000000000003,0.1067861,1
72434,98,NCKIPSD,-0.03,-0.0079999,1
72435,98,SMARCD1,0.33,0.31722330000000004,1
72436,98,BCL10,0.07,0.08936450000000001,1
72437,98,MAX,0.049999999999999996,0.08460539999999998,1
72438,98,HERPUD1,-0.01,-0.0028493000000000004,1
72439,98,RAC1,0.33000000000000007,0.2790951,1
72440,98,FLNA,0.18,0.122661,1
72441,98,TFE3,-0.8500000000000001,-0.27821440000000003,1
72442,98,NCOR2,0.6700000000000003,0.5655609999999999,1
72443,98,PRPF40B,0.039999999999999994,0.031162799999999997,1
72444,98,BCL3,-0.10000000000000002,-0.012880299999999989,1
72445,98,TFPT,-0.32,-0.1042572,1
72446,98,MLH1,0.8400000000000001,0.7573374,1
72447,98,ARHGAP5,0.12999999999999998,0.11281,1
72448,98,CIC,0.0,0.0,1
72449,98,LYN,0.78,0.5873168,1
72450,98,TCF12,0.37999999999999995,0.3102936,1
72451,98,KLF6,0.07,0.051024599999999996,1
72452,98,KMT2C,1.0900000000000003,0.9122208999999999,1
72453,98,PIM1,-0.11,-0.005820599999999995,1
72454,98,CCND1,0.9100000000000007,0.6312001999999998,1
72455,98,MLLT1,-1.4400000000000004,-0.33032729999999993,1
72456,98,MEN1,0.05,0.05355959999999999,1
72457,98,CUL3,0.22000000000000003,0.21590299999999998,1
72458,98,RB1,0.6900000000000002,0.552749,1
72459,98,LPP,-0.16,-0.031276399999999996,1
72460,98,BUB1B,-0.16999999999999998,-0.05769520000000001,1
72461,98,SMAD4,1.630000000000001,1.3477710999999999,1
72462,98,FGFR1,0.27,0.2598329,1
72463,98,TMSB4X,0.03,0.023184599999999996,1
72464,98,CDK4,1.1400000000000006,0.7937689999999998,1
72465,98,MSI2,0.01,0.0076681,1
72466,98,MSH6,1.1300000000000006,0.9411456,1
72467,98,BRAF,1.2400000000000004,1.1109573999999995,1
72468,98,TCEA1,-0.039999999999999994,0.03149090000000001,1
72469,98,TNFAIP3,0.18,0.14062950000000002,1
72470,98,RABEP1,0.020000000000000004,0.015555600000000006,1
72471,98,GMPS,-0.08000000000000002,-0.039878199999999996,1
72472,98,MDM2,1.0300000000000007,0.8059183999999999,1
72473,98,NSD2,0.22,0.17066060000000002,1
72474,98,CASP8,-0.30000000000000004,0.07972189999999998,1
72475,98,PER1,-0.25,-0.07376519999999999,1
72476,98,UBR5,0.060000000000000005,0.0771962,1
72477,98,EIF3E,0.09,0.09809079999999999,1
72478,98,RFWD3,0.04,0.0376569,1
72479,98,BRD3,0.14,0.09405320000000002,1
72480,98,PAFAH1B2,0.03,0.026905799999999997,1
72481,98,EXT2,0.020000000000000004,0.020863000000000007,1
72482,98,PLCG1,0.4299999999999999,0.37433530000000004,1
72483,98,SF3B1,-0.73,-0.35540949999999993,1
72484,98,ARHGEF10L,0.04,0.0213484,1
72485,98,NFATC2,0.30000000000000004,0.2304156,1
72486,98,SDHD,0.31,0.20847510000000002,1
72487,98,PABPC1,-0.9100000000000001,-0.25295170000000006,1
72488,98,POLD1,-0.2799999999999999,-0.04730219999999999,1
72489,98,CALR,0.029999999999999985,0.068278,1
72490,98,PIK3CB,0.5900000000000001,0.5283747,1
72491,98,PPM1D,0.31000000000000005,0.24104170000000003,1
72492,98,ATRX,1.1300000000000006,0.9919242,1
72493,98,DGCR8,0.21000000000000002,0.1614152,1
72494,98,DDX10,0.18,0.13960480000000003,1
72495,98,DROSHA,0.6000000000000001,0.4801201,1
72496,98,TNFRSF14,-0.15,-0.05169,1
72497,98,BCL9L,0.15000000000000002,0.11375220000000001,1
72498,98,QKI,0.05,0.0380661,1
72499,98,BAZ1A,0.0,0.0,1
72500,98,CHD4,0.38,0.33482139999999994,1
72501,98,NSD3,0.1,0.1176092,1
72502,98,NT5C2,0.17,0.094358,1
72503,98,CCNB1IP1,0.12000000000000001,0.05867250000000001,1
72504,98,PCBP1,-1.31,-0.31456310000000004,1
72505,98,RALGDS,-0.06999999999999999,0.0366139,1
72506,98,ARHGEF12,-0.010000000000000009,0.0315334,1
72507,98,HSP90AB1,1.2700000000000005,0.8447644999999997,1
72508,98,FOXO3,1.4900000000000009,1.1069611,1
72509,98,HIP1,-0.01,-0.0047413,1
72510,98,CDC73,0.11999999999999998,0.1340583,1
72511,98,NIN,-0.020000000000000004,-0.011558699999999998,1
72512,98,MDM4,0.17,0.205784,1
72513,98,COL3A1,0.24999999999999997,0.203213,1
72514,98,CTNND1,0.10000000000000003,0.16335660000000002,1
72515,98,SPOP,0.14,0.1326738,1
72516,98,TMEM127,0.05,0.03077270000000001,1
72517,98,CREB3L2,0.17,0.1126008,1
72518,98,MSH2,0.8900000000000003,0.8274585,1
72519,98,FNBP1,0.0,0.0315522,1
72520,98,ATF1,0.19000000000000003,0.1362672,1
72521,98,EIF1AX,-0.5500000000000002,-0.1827824,1
72522,98,PMS1,0.57,0.44672,1
72523,98,DEK,0.24,0.19159720000000002,1
72524,98,ERBB2,0.9200000000000005,0.5650031,1
72525,98,AKT1,0.54,0.45027889999999987,1
72526,98,CHEK2,0.68,0.7052375999999999,1
72527,98,SDHB,0.48,0.3342246,1
72528,98,NCOA1,0.37999999999999995,0.32180399999999987,1
72529,98,CHIC2,0.09,0.0581308,1
72530,98,RUNX1,0.12999999999999984,0.5734098,1
72531,98,STAT6,0.35,0.33181920000000004,1
72532,98,FH,-0.07,-0.005849199999999978,1
72533,98,AKT3,0.9400000000000004,0.6950869000000001,1
72534,98,GNAS,0.33999999999999997,0.2468621,1
72535,98,CTNNB1,1.590000000000001,1.0978988000000003,1
72536,98,NONO,0.36000000000000004,0.30253149999999995,1
72537,98,SMARCB1,1.1300000000000006,0.8856326000000001,1
72538,98,PRKAR1A,0.25,0.2336435,1
72539,98,ITGAV,-0.02000000000000001,0.04286839999999999,1
72540,98,SS18,0.44,0.3135152,1
72541,98,MAP2K1,1.0300000000000005,0.6259395000000001,1
72542,98,SIRPA,-0.06,-0.012572599999999996,1
72543,98,PPFIBP1,0.45,0.3361809,1
72544,98,RPL22,-0.10999999999999996,0.10762400000000003,1
72545,98,CYLD,0.31000000000000005,0.24387660000000003,1
72546,98,ARID1B,0.9100000000000001,0.7031973,1
72547,98,SETDB1,0.34,0.241889,1
72548,98,AFDN,-0.36,-0.06203650000000001,1
72549,98,ZRSR2,-0.07,-0.05499330000000001,1
72550,98,PBRM1,1.0000000000000004,0.7637377000000001,1
72551,98,XPC,0.52,0.3276126,1
72552,98,ASXL2,0.31000000000000005,0.2247611,1
72553,98,TRIM24,-0.09,0.042612300000000006,1
72554,98,SFPQ,-0.45999999999999996,-0.14941690000000002,1
72555,98,NCOA2,0.6800000000000002,0.5527187,1
72556,98,FOXO4,0.43999999999999995,0.27209350000000004,1
72557,98,LEF1,0.27,0.24013890000000002,1
72558,98,B2M,-0.33000000000000007,-0.13271349999999998,1
72559,98,DDIT3,-0.27,-0.0912964,1
72560,98,BCL6,0.4,0.33559000000000005,1
72561,98,KRAS,0.07999999999999996,0.20422300000000002,1
72562,98,FAT1,0.14,0.0998333,1
72563,98,ABL2,0.08000000000000002,0.0671826,1
72564,98,NF1,1.4200000000000006,1.1737114,1
72565,98,BTG1,-0.05,-0.0220515,1
72566,98,EIF4A2,0.13999999999999999,0.08109820000000001,1
72567,98,SET,0.18,0.1479781,1
72568,98,EPS15,0.10999999999999999,0.09741369999999999,1
72569,98,RNF213,0.06,0.050839800000000004,1
72570,98,CTCF,1.1400000000000006,0.7931787000000001,1
72571,98,WDCP,0.23,0.141411,1
72572,98,KAT7,0.16,0.1347191,1
72573,98,KDM5C,0.21000000000000002,0.19254919999999998,1
72574,98,TGFBR2,0.20999999999999994,0.2171702,1
72575,98,ATM,0.7900000000000006,0.9562300000000001,1
72576,98,NUMA1,0.03,0.048356399999999994,1
72577,98,STAT3,0.9500000000000005,0.8858718999999998,1
72578,98,SUB1,-0.08000000000000002,-0.030110700000000004,1
72579,98,NUP98,0.26999999999999996,0.2615678,1
72580,98,ELL,0.019999999999999997,0.016629400000000003,1
72581,98,MAP3K1,0.3499999999999999,0.2897337,1
72582,98,MALT1,0.16999999999999998,0.16252940000000005,1
72583,98,XPO1,0.5800000000000002,0.4794243,1
72584,98,SETD1B,0.29000000000000004,0.2226105,1
72585,98,ETV6,-0.1,0.005853200000000004,1
72586,98,TBL1XR1,0.28,0.19929670000000002,1
72587,98,NUP214,-0.06999999999999998,0.15721100000000005,1
72588,98,TPR,0.15,0.13699129999999998,1
72589,98,ATIC,0.14,0.1497796,1
72590,98,NACA,0.22,0.13494060000000002,1
72591,98,MYO5A,0.0,0.0,1
72592,98,SMC1A,0.31999999999999995,0.44152769999999997,1
72593,98,LASP1,-0.28,-0.1320974,1
72594,98,ERCC5,0.37,0.2335553,1
72595,98,JUN,-1.61,-0.24503209999999995,1
72596,98,THRAP3,0.12000000000000001,0.0949101,1
72597,98,STAG2,0.19999999999999998,0.2575156,1
72598,98,RAF1,0.8000000000000003,0.6216611,1
72599,98,ERCC3,0.62,0.5137101,1
72600,98,SMAD2,0.3500000000000001,0.4828921,1
72601,98,TAF15,0.22000000000000003,0.1754828,1
72602,98,ARNT,0.25999999999999995,0.24117750000000002,1
72603,98,CLTC,-0.6000000000000001,-0.23345860000000002,1
72604,98,IKBKB,0.5700000000000002,0.5013104,1
72605,98,IDH1,-0.54,-0.1515829,1
72606,98,SND1,0.05,0.0574423,1
72607,98,KNSTRN,0.03,0.023937299999999998,1
72608,98,RHOA,-3.07,-0.6878378,1
72609,98,PALB2,0.7500000000000001,0.6497384,1
72610,98,ARID2,0.9100000000000001,0.7084090000000001,1
72611,98,EZR,-0.05,0.012398300000000004,1
72612,98,TP53,0.24000000000000019,0.5679846000000002,1
72613,98,ARAF,0.39999999999999997,0.220241,1
72614,98,KIF5B,0.6100000000000001,0.47522390000000003,1
72615,98,KAT6A,0.24000000000000002,0.25807820000000004,1
72616,98,KTN1,-0.060000000000000005,0.0033970999999999984,1
72617,98,GOLGA5,-0.060000000000000005,-0.03978809999999999,1
72618,98,KDM5A,0.28,0.2651641,1
72619,98,RAD21,0.6000000000000001,0.49880279999999994,1
72620,98,GNAQ,0.39,0.28775920000000005,1
72621,98,CAMTA1,0.08,0.0578153,1
72622,98,ERCC2,0.7100000000000001,0.5451839,1
72623,98,EZH2,1.280000000000001,1.0918589,1
72624,98,TOP1,0.29000000000000004,0.2363765,1
72625,98,SRSF3,-0.37000000000000005,-0.0783,1
72626,98,NPM1,0.31000000000000005,0.2862004,1
72627,98,BAX,-0.82,-0.1610458,1
72628,98,NOTCH2,0.3,0.2544154,1
72629,98,TRAF7,0.02,0.013818800000000001,1
72630,98,KDM6A,0.9200000000000004,0.9131541999999997,1
72631,98,SPEN,0.18,0.1467547,1
72632,98,TRIM27,-0.44,-0.1357466,1
72633,98,CRTC1,0.15999999999999998,0.12347759999999999,1
72634,98,EML4,0.47,0.4131428000000001,1
72635,98,USP9X,0.060000000000000005,0.048576899999999985,1
72636,98,PTPRK,0.0,0.0,1
72637,98,CD74,-0.12999999999999998,0.03735110000000002,1
72638,98,CBL,0.4400000000000001,0.4608526999999999,1
72639,98,ZNF384,0.05,0.0393555,1
72640,98,NOTCH1,1.1500000000000006,0.8471588000000001,1
72641,98,COX6C,-0.19,-0.047942099999999994,1
72642,98,CHCHD7,0.03,0.019844999999999998,1
72643,98,HMGA1,-0.06,-0.018721000000000005,1
72644,98,PTEN,0.9200000000000007,0.9982169000000001,1
72645,98,FIP1L1,-0.03,-0.0042764,1
72646,98,JAK1,0.8800000000000003,0.7417524,1
72647,98,ZMYM2,0.039999999999999994,0.03614189999999999,1
72648,98,SUZ12,0.7200000000000002,0.6237754000000001,1
72649,98,FUS,-1.08,-0.1641448,1
72650,98,BAP1,-0.54,-0.18480540000000004,1
72651,98,ZCCHC8,-0.07,-0.0200368,1
72652,98,CRNKL1,0.04,0.0309164,1
72653,98,RAD17,0.21000000000000002,0.15736160000000002,1
72654,98,ATP1A1,0.01,0.006725600000000001,1
72655,98,DNMT3A,1.1800000000000004,0.9184754999999999,1
72656,98,FBXW7,1.0000000000000004,0.8543767999999998,1
72657,98,WWTR1,-0.020000000000000004,0.0037900000000000017,1
72658,98,CDKN1B,0.53,0.36493879999999995,1
72659,98,KMT2A,0.22000000000000008,0.3034056,1
72660,98,PTPN11,1.1900000000000004,0.9752024999999996,1
72661,98,STAT5B,0.7500000000000002,0.6461583,1
72662,98,CUX1,-0.060000000000000005,-0.0356106,1
72663,98,ABI1,-0.27,-0.0590029,1
72664,98,BRCA1,1.680000000000001,1.4205621,1
72665,98,SH2B3,0.13,0.0762197,1
72666,98,AFF4,-0.12,-0.06944560000000001,1
72667,98,NF2,0.16999999999999998,0.16624259999999996,1
72668,98,LMNA,0.1,0.06684319999999999,1
72669,98,TSC2,0.8900000000000003,0.7219169000000001,1
72670,98,GOLPH3,-0.049999999999999996,-0.0371357,1
72671,98,PCM1,-0.04000000000000001,-0.030880700000000004,1
72672,98,PPP2R1A,-0.42,-0.10276710000000001,1
72673,98,ARID1A,1.8500000000000012,1.4971517,1
72674,98,ABL1,-0.35000000000000003,0.03125860000000007,1
72675,98,AFF1,0.11000000000000001,0.11852730000000002,1
72676,98,DAXX,-0.3400000000000001,-0.0660499,1
72677,98,CBFB,0.08,0.13644930000000002,1
72678,98,CBLB,0.2,0.1769992,1
72679,98,POLR2A,-0.6699999999999999,-0.02984340000000001,1
72680,98,PRKACA,0.2900000000000002,0.3317563,1
72681,98,DNM2,-0.12000000000000002,-0.041127399999999995,1
72682,98,RAP1GDS1,0.020000000000000018,0.0416874,1
72683,98,NCOR1,0.75,0.8220534999999999,1
72684,98,NFKBIE,-0.31,-0.09880270000000001,1
72685,98,DDX3X,0.33999999999999997,0.28836120000000004,1
72686,98,ELK4,0.03,0.0243396,1
72687,98,MLLT6,0.06,0.052957500000000005,1
72688,98,SRSF2,-3.39,-0.7066249000000001,1
72689,98,CTNNA1,0.18000000000000002,0.1382797,1
72690,98,RBM10,0.16,0.11299020000000003,1
72691,98,PTPRC,-0.029999999999999964,0.10114910000000002,1
72692,98,HSP90AA1,1.3300000000000005,0.9115796000000003,1
72693,98,NSD1,0.24,0.2010855,0
72694,98,DICER1,0.25,0.2390186,0
72695,98,BIRC6,0.07,0.06232939999999999,0
72696,98,SDHC,0.28,0.18145259999999996,0
72697,98,TFG,0.32,0.1847754,0
72698,98,MAP2K2,0.29,0.2191488,0
72699,98,TFRC,-0.26,-0.12483210000000002,0
72700,98,CREB1,0.8600000000000003,0.6451520999999999,0
72701,98,POLG,0.01,0.0036373,0
72702,98,SETD2,0.7000000000000003,0.5811803999999998,0
72703,98,NAB2,-0.33,-0.11322460000000001,0
72704,98,HIF1A,1.5800000000000007,1.1356094999999997,0
72705,98,FLCN,0.03,0.032205300000000006,0
72706,98,MAP2K4,-0.05,0.05370720000000001,0
72707,98,CNOT3,-0.030000000000000006,-0.001145700000000003,0
72708,98,CIITA,0.08,0.051979399999999995,0
72709,98,LSM14A,0.09,0.08089260000000001,0
72710,98,AKAP9,-0.039999999999999994,-0.0024978999999999973,0
72711,98,MSN,-0.31999999999999995,-0.08455520000000002,0
72712,98,BCR,0.06,0.05547920000000001,0
72713,98,TRRAP,0.020000000000000018,0.12048090000000002,0
72714,98,PPP6C,-0.16,-0.07572670000000001,0
72715,98,NCOA4,-0.15999999999999998,-0.08809449999999999,0
72716,98,BCL9,0.15,0.11047729999999999,0
72717,98,PRCC,0.010000000000000005,0.011211600000000006,0
72718,98,LARP4B,0.0,0.0,0
72719,98,CHD2,0.01,0.0073624,0
72720,98,ASXL1,0.36999999999999994,0.38581489999999996,0
72721,98,SMARCA4,1.3700000000000008,1.0483017000000001,0
72722,98,ERC1,-0.02,-0.015304,0
72723,98,DCTN1,-0.21999999999999997,-0.09419760000000002,0
72724,98,PIK3R1,1.3400000000000007,0.9581377,0
72725,98,EED,-0.16000000000000003,-0.022186300000000003,0
72726,98,CNBP,0.01,0.005320200000000001,0
72727,98,SGK1,0.27,0.15800820000000002,0
72728,98,MLLT10,-0.09,-0.030247700000000002,0
72729,98,BRD4,0.9400000000000004,0.6976530999999999,0
72730,98,RANBP2,0.15000000000000002,0.20226529999999995,0
72731,98,FBXO11,0.05,0.040302500000000005,0
72732,98,PML,0.44000000000000006,0.30912429999999996,0
72733,98,AKT2,1.0100000000000002,0.6803249,0
72734,98,CEP89,0.06,0.034998400000000006,0
72735,98,LZTR1,0.010000000000000005,0.0554715,0
72736,98,YWHAE,0.24,0.15287440000000002,0
72737,98,DNAJB1,-0.05,-0.00031390000000000237,0
72738,98,PRDM2,0.02,0.0153092,0
72739,98,TPM4,0.47000000000000003,0.29846619999999996,0
72740,98,CREBBP,1.8400000000000012,1.5146809,0
72741,98,PMS2,0.5900000000000001,0.5361055000000001,0
72742,98,DDR2,0.06,0.0382931,0
72743,98,FANCA,0.31999999999999995,0.2612407,0
72744,98,PDE4DIP,0.05,0.0345305,0
72745,98,USP8,-0.09,-0.043466899999999996,0
72746,98,MYH9,-0.27999999999999997,-0.0627216,0
72747,98,MYC,-0.6000000000000001,-0.20287130000000003,0
72748,98,NBN,0.55,0.4198725000000001,0
72749,98,CCND3,-0.12000000000000001,-0.0037183,0
72750,98,TRIP11,-0.13,-0.0869538,0
72751,98,CNTRL,-0.08,-0.0549346,0
72752,98,PIK3CA,1.5500000000000007,1.1050624,0
72753,98,DDX5,0.42000000000000004,0.3325838,0
72754,98,PICALM,3.469446951953614e-18,0.003772000000000001,0
72755,98,RARA,0.37,0.27903849999999997,0
72756,98,DDX6,-0.030000000000000002,0.060866699999999996,0
72757,98,COL1A1,0.10999999999999999,0.1122474,0
72758,98,VHL,0.14,0.11100460000000001,0
72759,98,MAPK1,1.610000000000001,1.0208826,0
72760,98,SRC,-0.4499999999999998,0.043195399999999995,0
72761,98,NFE2L2,0.27999999999999997,0.18105810000000003,0
72762,98,MITF,-0.29,-0.0597073,0
72763,98,SMAD3,1.2100000000000009,0.9420582999999998,0
72764,98,RBM15,0.060000000000000005,0.0549767,0
72765,98,ATR,0.6800000000000003,0.5772084000000001,0
72766,98,EPAS1,0.38,0.35512140000000003,0
72767,98,TPM3,0.18999999999999997,0.1313639,0
72768,98,RPL10,0.15000000000000002,0.1272821,0
72769,98,STAG1,0.13,0.12853710000000002,0
72770,98,SBDS,-0.02,-0.0071592,0
72771,98,KMT2D,0.9500000000000004,0.6968554000000002,0
72772,98,MED12,0.27999999999999997,0.2254852,0
72773,98,BCLAF1,-0.039999999999999994,0.018276500000000015,0
72774,98,ASPSCR1,0.019999999999999997,0.020562000000000004,0
72775,98,CDK12,0.25,0.18676159999999997,0
72776,98,EWSR1,0.41999999999999993,0.3447307,0
72777,98,NDRG1,-0.03,-0.0103942,0
72778,98,PSIP1,-0.2,-0.09376980000000001,0
72779,98,TRIM33,0.04,0.041158600000000004,0
72780,98,MTOR,1.1700000000000006,0.8764954,0
72781,98,ARHGAP35,0.08,0.12082680000000001,0
72782,98,POT1,-0.04,-0.003096200000000002,0
72783,98,EXT1,0.1,0.067384,0
72784,98,IL6ST,0.28,0.21902979999999997,0
72785,98,IDH2,0.07,0.08460010000000001,0
72786,98,SMARCE1,0.38,0.23233550000000003,0
72787,98,CRTC3,0.09,0.0693956,0
72788,98,TSC1,0.32,0.28382799999999997,0
72789,98,BCOR,-0.15999999999999998,-0.020875199999999997,0
72790,98,SDHA,0.25,0.15184870000000003,0
72791,98,EP300,1.720000000000001,1.3774386000000003,0
72792,98,HNRNPA2B1,0.16999999999999998,0.16713009999999998,0
72793,98,CLIP1,-0.12,-0.0620037,0
72794,98,PATZ1,-0.46,-0.1278458,0
72795,98,FUBP1,-0.12000000000000001,-0.009782500000000003,0
72796,98,HLA-A,-0.16999999999999998,0.007638799999999987,0
72797,98,CCNC,-0.09000000000000001,-0.0424014,0
72798,98,RPN1,-0.23,-0.0641469,0
72799,98,TCF7L2,0.10000000000000002,0.10785030000000004,0
72800,98,CANT1,0.08,0.0523172,0
72801,98,RPL5,-0.54,-0.1565765,0
72802,98,CCDC6,0.020000000000000004,0.05313510000000002,0
72803,98,NCKIPSD,0.019999999999999997,0.012671099999999998,0
72804,98,SMARCD1,0.41000000000000003,0.2793299,0
72805,98,BCL10,-0.020000000000000004,0.014559600000000013,0
72806,98,MAX,0.019999999999999997,0.03359089999999999,0
72807,98,HERPUD1,0.01,0.0037828000000000002,0
72808,98,RAC1,0.01999999999999997,0.11801809999999999,0
72809,98,FLNA,0.07999999999999999,0.0825692,0
72810,98,TFE3,-0.41000000000000003,-0.1727028,0
72811,98,NCOR2,0.7200000000000002,0.5256439,0
72812,98,PRPF40B,-0.03,-0.017249,0
72813,98,BCL3,-0.049999999999999996,-0.016873899999999997,0
72814,98,TFPT,-0.24,-0.08262149999999999,0
72815,98,MLH1,0.7900000000000003,0.6678073,0
72816,98,ARHGAP5,0.13,0.10549890000000002,0
72817,98,CIC,0.0,0.0,0
72818,98,LYN,0.8500000000000001,0.6039445,0
72819,98,TCF12,0.29,0.2180497,0
72820,98,KLF6,0.05,0.027696699999999998,0
72821,98,KMT2C,0.9700000000000003,0.7591207999999998,0
72822,98,PIM1,-0.16,-0.04971980000000001,0
72823,98,CCND1,1.4000000000000008,0.8703616000000001,0
72824,98,MLLT1,-0.9100000000000001,-0.2717771,0
72825,98,MEN1,0.03000000000000001,0.048511799999999994,0
72826,98,CUL3,0.09999999999999999,0.1191023,0
72827,98,RB1,0.6699999999999999,0.5110087999999999,0
72828,98,LPP,-0.06999999999999999,-0.023175099999999997,0
72829,98,BUB1B,-0.21999999999999997,-0.118671,0
72830,98,SMAD4,1.3600000000000008,1.0174585,0
72831,98,FGFR1,0.24999999999999997,0.1717522,0
72832,98,TMSB4X,0.04,0.0316608,0
72833,98,CDK4,0.7400000000000002,0.501418,0
72834,98,MSI2,0.0,0.0,0
72835,98,MSH6,0.8900000000000005,0.6644052999999999,0
72836,98,BRAF,0.9500000000000004,0.8516244000000003,0
72837,98,TCEA1,-0.020000000000000004,0.014483999999999997,0
72838,98,TNFAIP3,0.12,0.1145407,0
72839,98,RABEP1,0.009999999999999998,0.005159299999999999,0
72840,98,GMPS,-0.07,-0.03617549999999999,0
72841,98,MDM2,1.2000000000000006,0.8992271999999997,0
72842,98,NSD2,0.18,0.12318359999999999,0
72843,98,CASP8,0.07999999999999995,0.2270097,0
72844,98,PER1,-0.24,-0.05312480000000001,0
72845,98,UBR5,-0.07999999999999999,-0.032385199999999996,0
72846,98,EIF3E,-0.039999999999999994,0.06164409999999999,0
72847,98,RFWD3,0.030000000000000002,0.0304362,0
72848,98,BRD3,0.09,0.0800974,0
72849,98,PAFAH1B2,0.02,0.0161698,0
72850,98,EXT2,0.010000000000000009,0.008297200000000005,0
72851,98,PLCG1,0.51,0.3798343,0
72852,98,SF3B1,-0.33999999999999997,-0.13360229999999998,0
72853,98,ARHGEF10L,0.02,0.0100728,0
72854,98,NFATC2,0.21,0.1515523,0
72855,98,SDHD,0.26,0.1433867,0
72856,98,PABPC1,-0.8800000000000001,-0.21369749999999998,0
72857,98,POLD1,-0.3499999999999999,-0.07482649999999999,0
72858,98,CALR,0.030000000000000006,0.02949940000000001,0
72859,98,PIK3CB,0.5,0.4294881,0
72860,98,PPM1D,0.21000000000000002,0.16442700000000002,0
72861,98,ATRX,0.9900000000000004,0.7784978000000002,0
72862,98,DGCR8,0.15000000000000002,0.0954683,0
72863,98,DDX10,0.10999999999999999,0.0732693,0
72864,98,DROSHA,0.43000000000000005,0.3237576999999999,0
72865,98,TNFRSF14,-0.11,-0.040838599999999996,0
72866,98,BCL9L,0.14,0.09573419999999999,0
72867,98,QKI,-0.11,-0.0666769,0
72868,98,BAZ1A,0.02,0.0154284,0
72869,98,CHD4,0.14,0.14357229999999999,0
72870,98,NSD3,0.029999999999999992,0.032243699999999986,0
72871,98,NT5C2,0.17,0.10404670000000002,0
72872,98,CCNB1IP1,0.1,0.0431858,0
72873,98,PCBP1,-0.78,-0.23617760000000002,0
72874,98,RALGDS,0.11,0.08554519999999999,0
72875,98,ARHGEF12,-0.03,-0.0022724000000000025,0
72876,98,HSP90AB1,1.0600000000000003,0.7054746999999999,0
72877,98,FOXO3,1.2600000000000007,0.8787858999999999,0
72878,98,HIP1,-0.02,-0.0125038,0
72879,98,CDC73,-0.15999999999999998,-0.018792800000000012,0
72880,98,NIN,0.03,0.0208703,0
72881,98,MDM4,0.12,0.1636558,0
72882,98,COL3A1,0.13999999999999999,0.12656,0
72883,98,CTNND1,0.1,0.1272152,0
72884,98,SPOP,8.673617379884035e-18,0.0184997,0
72885,98,TMEM127,0.030000000000000013,0.03828190000000001,0
72886,98,CREB3L2,0.07,0.0441254,0
72887,98,MSH2,0.8900000000000003,0.6378466,0
72888,98,FNBP1,0.01,0.0103414,0
72889,98,ATF1,3.469446951953614e-18,0.0015475999999999997,0
72890,98,EIF1AX,-0.43999999999999995,-0.19431320000000002,0
72891,98,PMS1,0.44,0.338612,0
72892,98,DEK,0.07,0.0805513,0
72893,98,ERBB2,1.0400000000000005,0.6770035999999997,0
72894,98,AKT1,1.0300000000000005,0.6506183999999999,0
72895,98,CHEK2,0.24,0.3287533999999999,0
72896,98,SDHB,0.42,0.26619479999999995,0
72897,98,NCOA1,0.43,0.3045065,0
72898,98,CHIC2,0.049999999999999996,0.025790900000000002,0
72899,98,RUNX1,0.4500000000000002,0.6436054999999998,0
72900,98,STAT6,0.36,0.2572114,0
72901,98,FH,-0.27999999999999997,-0.11253420000000001,0
72902,98,AKT3,0.9800000000000002,0.6549344000000001,0
72903,98,GNAS,0.21,0.130445,0
72904,98,CTNNB1,1.4400000000000008,1.0152068000000003,0
72905,98,NONO,0.12000000000000001,0.08107280000000001,0
72906,98,SMARCB1,1.0000000000000004,0.7427393999999999,0
72907,98,PRKAR1A,0.11999999999999998,0.1097147,0
72908,98,ITGAV,0.019999999999999987,0.0285138,0
72909,98,SS18,0.38,0.2360859,0
72910,98,MAP2K1,1.0900000000000005,0.6780141000000001,0
72911,98,SIRPA,-0.01,-0.004098600000000001,0
72912,98,PPFIBP1,0.38,0.2509561,0
72913,98,RPL22,-0.26,0.06753150000000002,0
72914,98,CYLD,0.29000000000000004,0.22512349999999998,0
72915,98,ARID1B,0.69,0.4975471,0
72916,98,SETDB1,0.29999999999999993,0.21212889999999998,0
72917,98,AFDN,-0.35000000000000003,-0.1127436,0
72918,98,ZRSR2,0.28,0.2010799,0
72919,98,PBRM1,0.9100000000000004,0.6514983999999999,0
72920,98,XPC,0.6100000000000001,0.40640960000000004,0
72921,98,ASXL2,0.21000000000000002,0.1457453,0
72922,98,TRIM24,-0.25,-0.10107939999999999,0
72923,98,SFPQ,-0.13,-0.01213510000000002,0
72924,98,NCOA2,0.56,0.4043139,0
72925,98,FOXO4,0.45000000000000007,0.2899301,0
72926,98,LEF1,0.04000000000000001,0.06047460000000001,0
72927,98,B2M,-0.54,-0.20011110000000004,0
72928,98,DDIT3,-0.4,-0.0999255,0
72929,98,BCL6,0.5700000000000001,0.40241040000000006,0
72930,98,KRAS,-1.52,-0.3824583999999999,0
72931,98,FAT1,0.060000000000000005,0.060524199999999986,0
72932,98,ABL2,0.1,0.0737763,0
72933,98,NF1,0.8800000000000003,0.7061562000000002,0
72934,98,BTG1,-0.02,-0.0106168,0
72935,98,EIF4A2,0.09,0.07789480000000001,0
72936,98,SET,0.16,0.1360527,0
72937,98,EPS15,0.009999999999999998,0.018138500000000002,0
72938,98,RNF213,0.03,0.0241134,0
72939,98,CTCF,0.9000000000000004,0.6412337,0
72940,98,WDCP,0.10999999999999999,0.08064169999999996,0
72941,98,KAT7,0.08999999999999998,0.0749694,0
72942,98,KDM5C,0.15999999999999998,0.14694249999999998,0
72943,98,TGFBR2,0.23,0.16723249999999998,0
72944,98,ATM,1.4800000000000009,1.1609428000000002,0
72945,98,NUMA1,-0.029999999999999992,-0.007188400000000007,0
72946,98,STAT3,1.4800000000000006,1.1638788000000004,0
72947,98,SUB1,-0.32,-0.1061203,0
72948,98,NUP98,0.030000000000000027,0.060331500000000024,0
72949,98,ELL,-0.02,0.008275699999999987,0
72950,98,MAP3K1,0.32999999999999996,0.27425600000000006,0
72951,98,MALT1,0.14,0.1437527,0
72952,98,XPO1,0.29000000000000004,0.23626350000000002,0
72953,98,SETD1B,0.19,0.1373796,0
72954,98,ETV6,-0.13,-0.024433000000000007,0
72955,98,TBL1XR1,0.19,0.126458,0
72956,98,NUP214,-0.040000000000000015,0.07432470000000001,0
72957,98,TPR,0.09000000000000001,0.0897253,0
72958,98,ATIC,0.1,0.080589,0
72959,98,NACA,0.23,0.1540999,0
72960,98,MYO5A,0.009999999999999998,0.008065600000000001,0
72961,98,SMC1A,0.5700000000000001,0.46705260000000004,0
72962,98,LASP1,-0.19,-0.1100715,0
72963,98,ERCC5,0.45999999999999996,0.2991611,0
72964,98,JUN,0.08000000000000002,0.22663790000000006,0
72965,98,THRAP3,0.08,0.0652564,0
72966,98,STAG2,0.44999999999999996,0.36986,0
72967,98,RAF1,1.1000000000000003,0.7714740999999999,0
72968,98,ERCC3,0.52,0.4218152,0
72969,98,SMAD2,0.4700000000000001,0.45334169999999996,0
72970,98,TAF15,0.14,0.12336659999999999,0
72971,98,ARNT,0.27,0.24291100000000002,0
72972,98,CLTC,-0.55,-0.3001031,0
72973,98,IKBKB,0.5300000000000001,0.4543384,0
72974,98,IDH1,-0.54,-0.1506281,0
72975,98,SND1,-0.039999999999999994,-0.020415099999999995,0
72976,98,KNSTRN,0.04,0.0330024,0
72977,98,RHOA,-1.4800000000000004,-0.38115199999999994,0
72978,98,PALB2,0.5399999999999999,0.47763550000000005,0
72979,98,ARID2,0.7300000000000002,0.5358233,0
72980,98,EZR,-0.13,-0.023385600000000006,0
72981,98,TP53,-1.28,-0.24449479999999998,0
72982,98,ARAF,0.41000000000000003,0.2303002,0
72983,98,KIF5B,0.44000000000000006,0.3112546,0
72984,98,KAT6A,0.16999999999999998,0.1703263,0
72985,98,KTN1,-0.09000000000000001,-0.0269191,0
72986,98,GOLGA5,-0.14,-0.09326050000000001,0
72987,98,KDM5A,0.23,0.21296459999999998,0
72988,98,RAD21,0.46000000000000013,0.3583577999999999,0
72989,98,GNAQ,0.09999999999999999,0.0711242,0
72990,98,CAMTA1,0.01,0.007460600000000001,0
72991,98,ERCC2,0.64,0.45832500000000004,0
72992,98,EZH2,1.7700000000000011,1.1043694,0
72993,98,TOP1,0.14,0.1092582,0
72994,98,SRSF3,-0.3400000000000001,-0.11791940000000002,0
72995,98,NPM1,0.019999999999999993,0.16943979999999997,0
72996,98,BAX,-0.48,-0.14677430000000002,0
72997,98,NOTCH2,0.27,0.21319919999999998,0
72998,98,TRAF7,0.03,0.0234183,0
72999,98,KDM6A,0.8300000000000003,0.6998484,0
73000,98,SPEN,0.09,0.06896730000000001,0
73001,98,TRIM27,-0.48000000000000004,-0.1619368,0
73002,98,CRTC1,0.14,0.11034849999999999,0
73003,98,EML4,0.2,0.1860835,0
73004,98,USP9X,-0.060000000000000005,-0.03845710000000001,0
73005,98,PTPRK,0.01,0.0070817,0
73006,98,CD74,-0.19,-0.021257400000000003,0
73007,98,CBL,0.6200000000000001,0.4577686000000001,0
73008,98,ZNF384,-0.06999999999999999,-0.036094100000000004,0
73009,98,NOTCH1,1.0400000000000005,0.7484295,0
73010,98,COX6C,-0.12,-0.052273799999999995,0
73011,98,CHCHD7,0.02,0.0122746,0
73012,98,HMGA1,-0.12000000000000001,-0.053665300000000006,0
73013,98,PTEN,1.4600000000000006,1.2055353000000004,0
73014,98,FIP1L1,-0.03,-0.019331699999999993,0
73015,98,JAK1,0.7700000000000002,0.6132786,0
73016,98,ZMYM2,-0.05999999999999999,-0.041586,0
73017,98,SUZ12,0.6700000000000002,0.45939589999999997,0
73018,98,FUS,-0.08000000000000002,0.16645329999999997,0
73019,98,BAP1,0.10999999999999999,0.09864990000000001,0
73020,98,ZCCHC8,-0.07,-0.020990900000000003,0
73021,98,CRNKL1,-0.05,-0.030743600000000003,0
73022,98,RAD17,0.10999999999999999,0.0838011,0
73023,98,ATP1A1,0.009999999999999998,0.005998500000000002,0
73024,98,DNMT3A,0.8400000000000004,0.6303350000000002,0
73025,98,FBXW7,0.9700000000000002,0.7513576999999999,0
73026,98,WWTR1,-0.11,-0.058367,0
73027,98,CDKN1B,0.6100000000000001,0.3861407999999999,0
73028,98,KMT2A,0.4800000000000001,0.3997352,0
73029,98,PTPN11,0.9700000000000004,0.7284934000000001,0
73030,98,STAT5B,0.6600000000000001,0.5116291,0
73031,98,CUX1,-0.12000000000000001,-0.0809811,0
73032,98,ABI1,-0.4,-0.1247093,0
73033,98,BRCA1,1.5600000000000012,1.2272851999999999,0
73034,98,SH2B3,0.05,0.0351295,0
73035,98,AFF4,0.12000000000000001,0.0899892,0
73036,98,NF2,0.009999999999999998,0.07235950000000002,0
73037,98,LMNA,0.1,0.0738057,0
73038,98,TSC2,0.55,0.4475387,0
73039,98,GOLPH3,-0.08,-0.05250690000000001,0
73040,98,PCM1,-0.060000000000000005,-0.039428200000000004,0
73041,98,PPP2R1A,-0.39,-0.13489740000000003,0
73042,98,ARID1A,1.7500000000000009,1.2479353000000002,0
73043,98,ABL1,0.15999999999999992,0.1710952,0
73044,98,AFF1,0.25,0.2046945,0
73045,98,DAXX,-0.23000000000000007,-0.04240439999999999,0
73046,98,CBFB,0.09999999999999998,0.0861927,0
73047,98,CBLB,0.14,0.1080083,0
73048,98,POLR2A,0.09,0.19674820000000004,0
73049,98,PRKACA,0.26999999999999996,0.21009930000000002,0
73050,98,DNM2,-0.13,-0.0507962,0
73051,98,RAP1GDS1,-0.1,-0.042249400000000006,0
73052,98,NCOR1,0.7900000000000001,0.7136932,0
73053,98,NFKBIE,-0.26,-0.0868578,0
73054,98,DDX3X,0.15,0.13640910000000003,0
73055,98,ELK4,0.02,0.0142852,0
73056,98,MLLT6,0.11,0.08689459999999999,0
73057,98,SRSF2,-1.2899999999999998,-0.35396459999999996,0
73058,98,CTNNA1,0.11,0.0827254,0
73059,98,RBM10,0.2,0.139513,0
73060,98,PTPRC,0.16000000000000003,0.14437270000000002,0
73061,98,HSP90AA1,1.0800000000000005,0.7034603999999998,0
73062,99,NSD1,0.33,0.28240719999999997,1
73063,99,DICER1,0.15000000000000002,0.21385820000000005,1
73064,99,BIRC6,0.09,0.090234,1
73065,99,SDHC,0.39000000000000007,0.28400800000000004,1
73066,99,TFG,0.2,0.1309014,1
73067,99,MAP2K2,0.37,0.25706470000000003,1
73068,99,TFRC,-0.2,-0.06255179999999999,1
73069,99,CREB1,0.9800000000000004,0.7914802999999998,1
73070,99,POLG,0.0,0.0,1
73071,99,SETD2,0.5600000000000003,0.5189217,1
73072,99,NAB2,-0.44000000000000006,-0.13740960000000002,1
73073,99,HIF1A,1.590000000000001,1.207141,1
73074,99,FLCN,-0.05000000000000002,0.0167758,1
73075,99,MAP2K4,0.03,0.09626660000000001,1
73076,99,CNOT3,0.049999999999999996,0.0477955,1
73077,99,CIITA,0.1,0.0650846,1
73078,99,LSM14A,0.15000000000000002,0.1230311,1
73079,99,AKAP9,-0.039999999999999994,0.010767800000000008,1
73080,99,MSN,-0.21000000000000005,-0.0585784,1
73081,99,BCR,0.02000000000000001,0.0644068,1
73082,99,TRRAP,0.13000000000000006,0.22424410000000003,1
73083,99,PPP6C,-0.18000000000000002,-0.0682518,1
73084,99,NCOA4,-0.05,-0.0099429,1
73085,99,BCL9,0.21000000000000002,0.16505830000000002,1
73086,99,PRCC,0.14,0.1094179,1
73087,99,LARP4B,0.02,0.0141902,1
73088,99,CHD2,0.02,0.0179464,1
73089,99,ASXL1,0.39,0.4003827,1
73090,99,SMARCA4,1.920000000000001,1.5005243000000004,1
73091,99,ERC1,-0.03,-0.0222516,1
73092,99,DCTN1,0.029999999999999992,0.056580299999999986,1
73093,99,PIK3R1,1.2400000000000007,0.9992127000000001,1
73094,99,EED,0.15999999999999998,0.10696180000000001,1
73095,99,CNBP,0.02,0.011513800000000001,1
73096,99,SGK1,0.47,0.3070634,1
73097,99,MLLT10,-0.14,-0.05956830000000001,1
73098,99,BRD4,1.0900000000000005,0.9209603999999998,1
73099,99,RANBP2,0.29999999999999993,0.27791679999999996,1
73100,99,FBXO11,0.06,0.0480704,1
73101,99,PML,0.5,0.34013960000000004,1
73102,99,AKT2,1.1500000000000006,0.8158239999999999,1
73103,99,CEP89,0.04,0.023506,1
73104,99,LZTR1,0.07,0.1023375,1
73105,99,YWHAE,0.17,0.11326259999999999,1
73106,99,DNAJB1,-0.1,-0.0344823,1
73107,99,PRDM2,0.08,0.0647661,1
73108,99,TPM4,0.4900000000000001,0.3379449,1
73109,99,CREBBP,2.030000000000001,1.6210591,1
73110,99,PMS2,0.9000000000000004,0.7532564999999999,1
73111,99,DDR2,0.0,0.0006222999999999992,1
73112,99,FANCA,0.4000000000000001,0.3357746000000001,1
73113,99,PDE4DIP,0.07,0.0522287,1
73114,99,USP8,-0.05,-0.025674900000000004,1
73115,99,MYH9,-0.47000000000000003,-0.1367356,1
73116,99,MYC,-2.1600000000000006,-0.492772,1
73117,99,NBN,0.6300000000000001,0.5084104,1
73118,99,CCND3,-3.469446951953614e-18,0.020634100000000002,1
73119,99,TRIP11,-0.09,-0.0639557,1
73120,99,CNTRL,-0.08,-0.061746999999999996,1
73121,99,PIK3CA,1.270000000000001,1.0887460000000002,1
73122,99,DDX5,0.37000000000000005,0.3539738,1
73123,99,PICALM,0.010000000000000002,0.012872300000000007,1
73124,99,RARA,0.31000000000000005,0.23709190000000005,1
73125,99,DDX6,0.07,0.1411307,1
73126,99,COL1A1,0.24000000000000002,0.20802930000000006,1
73127,99,VHL,0.29000000000000004,0.2143509,1
73128,99,MAPK1,1.640000000000001,1.1566400999999995,1
73129,99,SRC,0.6600000000000004,0.5377161999999999,1
73130,99,NFE2L2,0.35,0.24305780000000002,1
73131,99,MITF,-0.31,-0.0947637,1
73132,99,SMAD3,1.2400000000000009,1.107918,1
73133,99,RBM15,0.11000000000000001,0.0900851,1
73134,99,ATR,0.7700000000000002,0.6381917,1
73135,99,EPAS1,0.31,0.32342669999999996,1
73136,99,TPM3,0.11000000000000003,0.09342510000000002,1
73137,99,RPL10,0.15,0.14580479999999998,1
73138,99,STAG1,0.09999999999999999,0.14655790000000002,1
73139,99,SBDS,-0.06,-0.021344800000000004,1
73140,99,KMT2D,1.0900000000000005,0.8940859,1
73141,99,MED12,0.37000000000000005,0.3127812,1
73142,99,BCLAF1,-0.12000000000000001,0.0009098999999999999,1
73143,99,ASPSCR1,0.029999999999999995,0.023648400000000014,1
73144,99,CDK12,0.51,0.4153761000000001,1
73145,99,EWSR1,0.27,0.30462100000000003,1
73146,99,NDRG1,-0.12,-0.03662889999999999,1
73147,99,PSIP1,0.11999999999999998,0.10775840000000002,1
73148,99,TRIM33,0.1,0.09390720000000001,1
73149,99,MTOR,1.0600000000000003,0.8737894000000002,1
73150,99,ARHGAP35,0.18999999999999997,0.16119329999999998,1
73151,99,POT1,0.02,0.0202578,1
73152,99,EXT1,0.11,0.07372859999999999,1
73153,99,IL6ST,0.34,0.2808307,1
73154,99,IDH2,-0.10000000000000003,0.012488199999999998,1
73155,99,SMARCE1,0.44,0.29440930000000004,1
73156,99,CRTC3,0.09999999999999999,0.08424899999999999,1
73157,99,TSC1,0.27999999999999997,0.28978339999999997,1
73158,99,BCOR,-0.07,0.034845999999999995,1
73159,99,SDHA,0.28,0.2046702,1
73160,99,EP300,2.35,1.9736648999999993,1
73161,99,HNRNPA2B1,0.53,0.36385100000000004,1
73162,99,CLIP1,-0.13999999999999999,-0.0745557,1
73163,99,PATZ1,-0.4,-0.1159568,1
73164,99,FUBP1,-0.13,0.010243300000000006,1
73165,99,HLA-A,-0.059999999999999984,0.039317200000000004,1
73166,99,CCNC,-0.33,-0.12212010000000001,1
73167,99,RPN1,-0.26,-0.0718342,1
73168,99,TCF7L2,0.02999999999999998,0.10861119999999998,1
73169,99,CANT1,-0.009999999999999981,0.026135600000000016,1
73170,99,RPL5,-0.71,-0.1711978,1
73171,99,CCDC6,0.1,0.1065626,1
73172,99,NCKIPSD,-0.049999999999999996,-0.013428699999999998,1
73173,99,SMARCD1,0.45,0.37968399999999997,1
73174,99,BCL10,0.049999999999999996,0.0706684,1
73175,99,MAX,0.01,0.060695400000000004,1
73176,99,HERPUD1,-0.02,-0.0057744,1
73177,99,RAC1,0.05,0.1498866,1
73178,99,FLNA,0.17,0.13545449999999998,1
73179,99,TFE3,-0.6900000000000001,-0.2599922,1
73180,99,NCOR2,0.6100000000000001,0.5350661,1
73181,99,PRPF40B,0.07,0.0465365,1
73182,99,BCL3,-0.07000000000000002,-0.008312099999999992,1
73183,99,TFPT,-0.27,-0.0957093,1
73184,99,MLH1,0.9500000000000001,0.8142739999999998,1
73185,99,ARHGAP5,0.12999999999999998,0.12101340000000001,1
73186,99,CIC,0.0,0.0,1
73187,99,LYN,0.86,0.6313029,1
73188,99,TCF12,0.31,0.2476773,1
73189,99,KLF6,0.060000000000000005,0.0368851,1
73190,99,KMT2C,0.9300000000000004,0.7843756,1
73191,99,PIM1,-0.13999999999999999,-0.023768800000000014,1
73192,99,CCND1,1.4900000000000009,0.9453010999999997,1
73193,99,MLLT1,-1.09,-0.30094490000000007,1
73194,99,MEN1,0.07999999999999999,0.09305730000000001,1
73195,99,CUL3,0.09000000000000002,0.1264039,1
73196,99,RB1,0.58,0.4956823999999999,1
73197,99,LPP,-0.15000000000000002,-0.0369347,1
73198,99,BUB1B,-0.25,-0.0791249,1
73199,99,SMAD4,1.550000000000001,1.2459966,1
73200,99,FGFR1,0.2799999999999999,0.22773420000000005,1
73201,99,TMSB4X,0.04,0.031179600000000002,1
73202,99,CDK4,1.0900000000000005,0.7506206000000001,1
73203,99,MSI2,0.01,0.007554600000000001,1
73204,99,MSH6,1.0900000000000005,0.9203455999999999,1
73205,99,BRAF,1.0800000000000003,1.0073085000000002,1
73206,99,TCEA1,-0.02000000000000001,0.0348214,1
73207,99,TNFAIP3,0.15000000000000002,0.12327819999999999,1
73208,99,RABEP1,0.0,0.000964000000000003,1
73209,99,GMPS,-0.09,-0.04854510000000001,1
73210,99,MDM2,0.8700000000000006,0.7602863,1
73211,99,NSD2,0.23999999999999996,0.17824700000000002,1
73212,99,CASP8,-0.11000000000000004,0.11886350000000002,1
73213,99,PER1,-0.21000000000000002,-0.07565460000000002,1
73214,99,UBR5,0.02,0.0437114,1
73215,99,EIF3E,-0.010000000000000002,0.057256500000000016,1
73216,99,RFWD3,0.030000000000000002,0.0322062,1
73217,99,BRD3,0.13999999999999999,0.09973050000000001,1
73218,99,PAFAH1B2,0.03,0.0264651,1
73219,99,EXT2,0.0,0.010061699999999993,1
73220,99,PLCG1,0.56,0.4314989999999999,1
73221,99,SF3B1,-0.67,-0.25623900000000005,1
73222,99,ARHGEF10L,0.03,0.016517999999999998,1
73223,99,NFATC2,0.24000000000000002,0.169136,1
73224,99,SDHD,0.31,0.2183476,1
73225,99,PABPC1,-0.7600000000000001,-0.19513400000000003,1
73226,99,POLD1,-0.010000000000000023,0.024217999999999993,1
73227,99,CALR,0.05999999999999999,0.0806198,1
73228,99,PIK3CB,0.8000000000000003,0.6214538,1
73229,99,PPM1D,0.28,0.21274420000000002,1
73230,99,ATRX,0.9700000000000003,0.8369909,1
73231,99,DGCR8,0.17,0.1287598,1
73232,99,DDX10,0.16999999999999998,0.13299950000000002,1
73233,99,DROSHA,0.5300000000000001,0.4132302,1
73234,99,TNFRSF14,-0.09999999999999999,-0.0364952,1
73235,99,BCL9L,0.14,0.10599830000000002,1
73236,99,QKI,0.019999999999999997,0.014838000000000002,1
73237,99,BAZ1A,0.01,0.0077632000000000005,1
73238,99,CHD4,0.41999999999999993,0.36444199999999993,1
73239,99,NSD3,0.05000000000000001,0.08561530000000002,1
73240,99,NT5C2,0.17,0.1051965,1
73241,99,CCNB1IP1,0.09,0.0406365,1
73242,99,PCBP1,-0.8,-0.2370812,1
73243,99,RALGDS,-0.009999999999999995,0.0587324,1
73244,99,ARHGEF12,0.009999999999999995,0.03003870000000001,1
73245,99,HSP90AB1,1.1500000000000006,0.7944794,1
73246,99,FOXO3,1.4300000000000008,1.0469764000000004,1
73247,99,HIP1,-0.04,-0.022147999999999998,1
73248,99,CDC73,0.12,0.12236920000000001,1
73249,99,NIN,-0.009999999999999995,-0.0072599,1
73250,99,MDM4,0.16,0.1944693,1
73251,99,COL3A1,0.22,0.1769325,1
73252,99,CTNND1,0.14,0.15605820000000004,1
73253,99,SPOP,0.019999999999999997,0.0578599,1
73254,99,TMEM127,0.14,0.08648900000000001,1
73255,99,CREB3L2,0.17,0.1065928,1
73256,99,MSH2,1.0200000000000002,0.8998116,1
73257,99,FNBP1,-3.469446951953614e-18,0.014425900000000002,1
73258,99,ATF1,0.16,0.10728620000000001,1
73259,99,EIF1AX,-0.6100000000000001,-0.20783110000000002,1
73260,99,PMS1,0.63,0.4886758,1
73261,99,DEK,0.19999999999999998,0.17136169999999998,1
73262,99,ERBB2,0.9900000000000004,0.6310345999999999,1
73263,99,AKT1,0.7000000000000002,0.5328328,1
73264,99,CHEK2,0.7200000000000002,0.6781853999999998,1
73265,99,SDHB,0.41000000000000003,0.3118722,1
73266,99,NCOA1,0.38999999999999996,0.31088340000000003,1
73267,99,CHIC2,0.08,0.0521608,1
73268,99,RUNX1,0.030000000000000054,0.4955103999999999,1
73269,99,STAT6,0.42000000000000004,0.3331408,1
73270,99,FH,-0.09000000000000001,-0.025032600000000002,1
73271,99,AKT3,1.0200000000000002,0.7379705,1
73272,99,GNAS,0.36,0.24530709999999997,1
73273,99,CTNNB1,1.4300000000000008,1.0171677,1
73274,99,NONO,0.33000000000000007,0.27061419999999997,1
73275,99,SMARCB1,1.0900000000000003,0.8268712999999999,1
73276,99,PRKAR1A,0.22000000000000003,0.1905214,1
73277,99,ITGAV,0.04,0.0560795,1
73278,99,SS18,0.42000000000000004,0.2910315,1
73279,99,MAP2K1,0.9700000000000004,0.5822590999999999,1
73280,99,SIRPA,-0.010000000000000002,0.004382399999999998,1
73281,99,PPFIBP1,0.43,0.3073602,1
73282,99,RPL22,-0.19,0.1055208,1
73283,99,CYLD,0.29000000000000004,0.22715420000000003,1
73284,99,ARID1B,0.8600000000000001,0.6579793,1
73285,99,SETDB1,0.33,0.2351758,1
73286,99,AFDN,-0.45999999999999996,-0.13534140000000003,1
73287,99,ZRSR2,0.019999999999999997,0.016130000000000012,1
73288,99,PBRM1,1.0100000000000005,0.7469652,1
73289,99,XPC,0.49,0.29670450000000004,1
73290,99,ASXL2,0.29000000000000004,0.21104300000000004,1
73291,99,TRIM24,-0.21999999999999997,-0.0398249,1
73292,99,SFPQ,-0.32000000000000006,-0.078616,1
73293,99,NCOA2,0.6500000000000001,0.5196469000000001,1
73294,99,FOXO4,0.42999999999999994,0.27717319999999995,1
73295,99,LEF1,0.12000000000000001,0.14930050000000003,1
73296,99,B2M,-0.40000000000000013,-0.1537792,1
73297,99,DDIT3,-0.26,-0.09272939999999999,1
73298,99,BCL6,0.24000000000000002,0.2173937,1
73299,99,KRAS,-0.4799999999999998,-0.006272999999999968,1
73300,99,FAT1,0.09,0.06812399999999999,1
73301,99,ABL2,0.020000000000000004,0.028867000000000004,1
73302,99,NF1,1.3700000000000006,1.1024685999999995,1
73303,99,BTG1,-0.04,-0.0191008,1
73304,99,EIF4A2,0.1,0.060043200000000005,1
73305,99,SET,0.21000000000000002,0.17188069999999997,1
73306,99,EPS15,0.07,0.061799700000000006,1
73307,99,RNF213,0.05,0.0437701,1
73308,99,CTCF,1.1200000000000003,0.7756276000000001,1
73309,99,WDCP,0.27,0.1701895,1
73310,99,KAT7,0.15,0.1270868,1
73311,99,KDM5C,0.18000000000000002,0.17254360000000002,1
73312,99,TGFBR2,0.16999999999999996,0.16219569999999994,1
73313,99,ATM,1.0800000000000005,1.0348437,1
73314,99,NUMA1,0.010000000000000005,0.021109999999999997,1
73315,99,STAT3,0.9400000000000004,0.8664213000000001,1
73316,99,SUB1,-0.11000000000000001,-0.0406984,1
73317,99,NUP98,0.18999999999999997,0.19728530000000005,1
73318,99,ELL,-0.04000000000000002,-0.01293150000000001,1
73319,99,MAP3K1,0.4,0.3260845,1
73320,99,MALT1,0.14,0.14346160000000002,1
73321,99,XPO1,0.5900000000000002,0.4760517000000001,1
73322,99,SETD1B,0.28,0.2146541,1
73323,99,ETV6,-0.10000000000000002,-0.017998700000000003,1
73324,99,TBL1XR1,0.23,0.16192420000000002,1
73325,99,NUP214,-0.14,0.13866450000000002,1
73326,99,TPR,0.1,0.09036419999999999,1
73327,99,ATIC,0.13999999999999999,0.1608019,1
73328,99,NACA,0.22999999999999998,0.1474162,1
73329,99,MYO5A,0.01,0.007951399999999999,1
73330,99,SMC1A,0.42,0.46390800000000015,1
73331,99,LASP1,-0.26,-0.12873880000000001,1
73332,99,ERCC5,0.4100000000000001,0.25307120000000005,1
73333,99,JUN,-1.5700000000000003,-0.2859248999999998,1
73334,99,THRAP3,0.09,0.0687421,1
73335,99,STAG2,0.3300000000000002,0.32315530000000003,1
73336,99,RAF1,0.9200000000000004,0.6949548,1
73337,99,ERCC3,0.64,0.5488166,1
73338,99,SMAD2,0.5300000000000002,0.5323887,1
73339,99,TAF15,0.21000000000000002,0.17201639999999999,1
73340,99,ARNT,0.17000000000000004,0.1745593,1
73341,99,CLTC,-0.6599999999999999,-0.2850979,1
73342,99,IKBKB,0.5100000000000002,0.4459205,1
73343,99,IDH1,-0.46999999999999986,-0.1351201,1
73344,99,SND1,0.010000000000000009,0.022890900000000002,1
73345,99,KNSTRN,0.02,0.014734400000000002,1
73346,99,RHOA,-2.2600000000000007,-0.5746788,1
73347,99,PALB2,0.7800000000000002,0.6425593,1
73348,99,ARID2,0.8700000000000001,0.6716059999999999,1
73349,99,EZR,-0.25,-0.074129,1
73350,99,TP53,0.06999999999999998,0.312349,1
73351,99,ARAF,0.42,0.2394138,1
73352,99,KIF5B,0.54,0.40688129999999995,1
73353,99,KAT6A,0.25,0.2498453,1
73354,99,KTN1,-0.049999999999999996,-0.0028265000000000018,1
73355,99,GOLGA5,-0.1,-0.0630146,1
73356,99,KDM5A,0.24999999999999997,0.24127099999999999,1
73357,99,RAD21,0.5900000000000001,0.4911754000000001,1
73358,99,GNAQ,0.26999999999999996,0.22410490000000002,1
73359,99,CAMTA1,0.07,0.052082500000000004,1
73360,99,ERCC2,0.7500000000000001,0.5832866999999999,1
73361,99,EZH2,1.420000000000001,1.154291,1
73362,99,TOP1,0.32000000000000006,0.26202369999999997,1
73363,99,SRSF3,-0.6,-0.1540428,1
73364,99,NPM1,0.29000000000000004,0.2738691,1
73365,99,BAX,-0.59,-0.1478342,1
73366,99,NOTCH2,0.28,0.2357461,1
73367,99,TRAF7,0.02,0.0138408,1
73368,99,KDM6A,0.8200000000000003,0.8508431000000001,1
73369,99,SPEN,0.16,0.1241985,1
73370,99,TRIM27,-0.54,-0.15386640000000001,1
73371,99,CRTC1,0.15999999999999998,0.1277698,1
73372,99,EML4,0.2599999999999999,0.2764078,1
73373,99,USP9X,-0.06,-0.0458238,1
73374,99,PTPRK,-0.01,-0.005685,1
73375,99,CD74,-0.16999999999999998,0.0100606,1
73376,99,CBL,0.4500000000000001,0.42276539999999996,1
73377,99,ZNF384,0.05,0.038788600000000006,1
73378,99,NOTCH1,1.0300000000000002,0.7839097000000002,1
73379,99,COX6C,-0.18000000000000002,-0.0574847,1
73380,99,CHCHD7,0.01,0.0058527,1
73381,99,HMGA1,-0.05,-0.0219655,1
73382,99,PTEN,1.540000000000001,1.3451573000000003,1
73383,99,FIP1L1,-0.04,-0.015016400000000003,1
73384,99,JAK1,0.8200000000000001,0.6764211999999998,1
73385,99,ZMYM2,-0.009999999999999997,-0.006903399999999997,1
73386,99,SUZ12,0.7900000000000003,0.6349694,1
73387,99,FUS,-0.5499999999999999,-0.020823199999999972,1
73388,99,BAP1,-0.29000000000000004,-0.1187062,1
73389,99,ZCCHC8,-0.09,-0.0248373,1
73390,99,CRNKL1,0.019999999999999997,0.0152939,1
73391,99,RAD17,0.19999999999999998,0.1435208,1
73392,99,ATP1A1,0.01,0.009788,1
73393,99,DNMT3A,0.9900000000000004,0.825119,1
73394,99,FBXW7,0.7900000000000001,0.7145321000000002,1
73395,99,WWTR1,-0.14,-0.046791799999999995,1
73396,99,CDKN1B,0.40000000000000013,0.29782200000000003,1
73397,99,KMT2A,0.3700000000000001,0.3949897,1
73398,99,PTPN11,1.1500000000000006,0.8853944000000001,1
73399,99,STAT5B,0.7100000000000002,0.5683221,1
73400,99,CUX1,-0.09000000000000001,-0.0545463,1
73401,99,ABI1,-0.29,-0.0822012,1
73402,99,BRCA1,1.9000000000000012,1.5478058999999995,1
73403,99,SH2B3,0.08,0.0453536,1
73404,99,AFF4,0.05000000000000002,0.0512532,1
73405,99,NF2,0.18,0.16827229999999996,1
73406,99,LMNA,0.010000000000000002,0.012169700000000002,1
73407,99,TSC2,0.8200000000000003,0.6499020999999999,1
73408,99,GOLPH3,-0.08,-0.0524256,1
73409,99,PCM1,-0.030000000000000002,-0.0245749,1
73410,99,PPP2R1A,-0.31999999999999995,-0.0666643,1
73411,99,ARID1A,1.7600000000000011,1.3975039000000002,1
73412,99,ABL1,-0.46,-0.012823299999999975,1
73413,99,AFF1,0.12000000000000001,0.13649109999999998,1
73414,99,DAXX,-0.41,-0.09354430000000001,1
73415,99,CBFB,0.11000000000000001,0.1260669,1
73416,99,CBLB,0.17,0.14695350000000001,1
73417,99,POLR2A,-0.16,0.17815979999999992,1
73418,99,PRKACA,0.2500000000000001,0.2845569000000001,1
73419,99,DNM2,-0.11000000000000001,-0.053342200000000006,1
73420,99,RAP1GDS1,0.010000000000000009,0.034809400000000004,1
73421,99,NCOR1,1.0000000000000002,0.9119918,1
73422,99,NFKBIE,-0.33,-0.1057145,1
73423,99,DDX3X,0.2899999999999999,0.2589843,1
73424,99,ELK4,0.03,0.025570799999999998,1
73425,99,MLLT6,0.1,0.0790038,1
73426,99,SRSF2,-2.7800000000000007,-0.6493268,1
73427,99,CTNNA1,0.16,0.12509,1
73428,99,RBM10,0.17,0.1241772,1
73429,99,PTPRC,0.04000000000000001,0.11113530000000002,1
73430,99,HSP90AA1,1.1000000000000005,0.7349315,1
73431,99,NSD1,0.25,0.20980970000000002,0
73432,99,DICER1,0.27,0.24607379999999995,0
73433,99,BIRC6,0.1,0.0827802,0
73434,99,SDHC,0.29000000000000004,0.2033298,0
73435,99,TFG,0.32,0.181431,0
73436,99,MAP2K2,0.28,0.2310259,0
73437,99,TFRC,-0.26999999999999996,-0.12692589999999998,0
73438,99,CREB1,0.7700000000000005,0.5785441,0
73439,99,POLG,0.02,0.0073238,0
73440,99,SETD2,0.7100000000000002,0.6013752,0
73441,99,NAB2,-0.37,-0.12329870000000001,0
73442,99,HIF1A,1.5000000000000007,1.0757614,0
73443,99,FLCN,0.04,0.036204,0
73444,99,MAP2K4,0.029999999999999992,0.08949399999999999,0
73445,99,CNOT3,0.0,0.0139349,0
73446,99,CIITA,0.1,0.06256,0
73447,99,LSM14A,0.1,0.0909875,0
73448,99,AKAP9,-0.11,-0.03461700000000001,0
73449,99,MSN,-0.41999999999999993,-0.10231569999999998,0
73450,99,BCR,0.08,0.06527820000000001,0
73451,99,TRRAP,-0.05,0.10420189999999999,0
73452,99,PPP6C,-0.12000000000000001,-0.0634455,0
73453,99,NCOA4,-0.19,-0.10456370000000001,0
73454,99,BCL9,0.12,0.0985077,0
73455,99,PRCC,0.030000000000000006,0.026125700000000012,0
73456,99,LARP4B,0.01,0.0058174,0
73457,99,CHD2,0.01,0.0079714,0
73458,99,ASXL1,0.42999999999999994,0.4234648000000001,0
73459,99,SMARCA4,1.1100000000000005,0.8682337000000002,0
73460,99,ERC1,-0.02,-0.014898900000000001,0
73461,99,DCTN1,-0.32999999999999996,-0.13290790000000002,0
73462,99,PIK3R1,1.3400000000000007,0.9500797999999999,0
73463,99,EED,-1.0408340855860843e-17,0.05234880000000001,0
73464,99,CNBP,0.01,0.0053518,0
73465,99,SGK1,0.32,0.18338690000000002,0
73466,99,MLLT10,-0.2,-0.0855126,0
73467,99,BRD4,1.0300000000000005,0.7978083999999999,0
73468,99,RANBP2,0.13999999999999996,0.20228859999999999,0
73469,99,FBXO11,0.05,0.041169000000000004,0
73470,99,PML,0.4,0.2889956000000001,0
73471,99,AKT2,0.8400000000000002,0.5851382000000002,0
73472,99,CEP89,0.07,0.0422126,0
73473,99,LZTR1,0.049999999999999996,0.0642484,0
73474,99,YWHAE,0.22000000000000003,0.14076360000000002,0
73475,99,DNAJB1,-0.039999999999999994,-0.006322299999999996,0
73476,99,PRDM2,0.02,0.0146882,0
73477,99,TPM4,0.46,0.29109240000000003,0
73478,99,CREBBP,1.700000000000001,1.4016368000000003,0
73479,99,PMS2,0.55,0.5295730000000001,0
73480,99,DDR2,0.07,0.050042500000000004,0
73481,99,FANCA,0.38,0.297621,0
73482,99,PDE4DIP,0.07,0.0492248,0
73483,99,USP8,-0.09,-0.046294,0
73484,99,MYH9,-0.22999999999999995,-0.026726700000000016,0
73485,99,MYC,-0.7800000000000002,-0.2835051,0
73486,99,NBN,0.53,0.4035925000000001,0
73487,99,CCND3,-0.13999999999999996,-0.006928600000000003,0
73488,99,TRIP11,-0.1,-0.0649005,0
73489,99,CNTRL,-0.09000000000000001,-0.059667700000000004,0
73490,99,PIK3CA,1.570000000000001,1.1326541,0
73491,99,DDX5,0.32999999999999996,0.29236910000000005,0
73492,99,PICALM,0.010000000000000002,0.012186900000000007,0
73493,99,RARA,0.5600000000000002,0.39096719999999996,0
73494,99,DDX6,6.938893903907228e-18,0.0960735,0
73495,99,COL1A1,0.10999999999999999,0.1208724,0
73496,99,VHL,0.17,0.1257044,0
73497,99,MAPK1,1.590000000000001,1.009338,0
73498,99,SRC,-0.9500000000000001,-0.12023420000000001,0
73499,99,NFE2L2,0.26,0.17125649999999998,0
73500,99,MITF,-0.24000000000000002,-0.041259399999999995,0
73501,99,SMAD3,1.270000000000001,0.9576117000000001,0
73502,99,RBM15,0.07,0.0610569,0
73503,99,ATR,0.6600000000000003,0.5721429,0
73504,99,EPAS1,0.39000000000000007,0.3414642,0
73505,99,TPM3,0.24,0.1665432,0
73506,99,RPL10,0.12000000000000001,0.11743400000000001,0
73507,99,STAG1,0.11,0.11584150000000001,0
73508,99,SBDS,-0.08,-0.028517599999999997,0
73509,99,KMT2D,0.9300000000000004,0.680041,0
73510,99,MED12,0.32,0.24832379999999996,0
73511,99,BCLAF1,-0.019999999999999997,0.029991200000000006,0
73512,99,ASPSCR1,-3.469446951953614e-18,0.004780500000000005,0
73513,99,CDK12,0.32999999999999996,0.23976029999999998,0
73514,99,EWSR1,0.44999999999999996,0.36228800000000005,0
73515,99,NDRG1,-0.030000000000000002,-0.013047099999999999,0
73516,99,PSIP1,-0.12000000000000001,-0.055414000000000005,0
73517,99,TRIM33,0.01000000000000001,0.0219415,0
73518,99,MTOR,1.1900000000000006,0.8537762999999997,0
73519,99,ARHGAP35,0.14,0.15292150000000002,0
73520,99,POT1,-0.039999999999999994,-0.006425700000000001,0
73521,99,EXT1,0.1,0.064641,0
73522,99,IL6ST,0.3,0.23016520000000001,0
73523,99,IDH2,0.02000000000000001,0.0507756,0
73524,99,SMARCE1,0.47000000000000003,0.2982076000000001,0
73525,99,CRTC3,0.09,0.0679437,0
73526,99,TSC1,0.32,0.28695780000000004,0
73527,99,BCOR,-0.16999999999999998,-0.013107699999999996,0
73528,99,SDHA,0.22,0.1346851,0
73529,99,EP300,1.6000000000000014,1.2434163000000003,0
73530,99,HNRNPA2B1,0.24999999999999994,0.21087039999999999,0
73531,99,CLIP1,-0.09,-0.044386400000000006,0
73532,99,PATZ1,-0.52,-0.13659120000000002,0
73533,99,FUBP1,-0.22,-0.036775300000000004,0
73534,99,HLA-A,-0.16999999999999998,0.007842899999999993,0
73535,99,CCNC,-0.019999999999999993,-0.003090100000000002,0
73536,99,RPN1,-0.28,-0.0828627,0
73537,99,TCF7L2,0.03999999999999999,0.0722967,0
73538,99,CANT1,0.11000000000000001,0.07052930000000002,0
73539,99,RPL5,-0.5900000000000001,-0.15243199999999998,0
73540,99,CCDC6,0.020000000000000004,0.060030299999999995,0
73541,99,NCKIPSD,0.04,0.0218319,0
73542,99,SMARCD1,0.44,0.3077094,0
73543,99,BCL10,-0.020000000000000004,0.018113199999999996,0
73544,99,MAX,0.009999999999999997,0.0184044,0
73545,99,HERPUD1,0.02,0.0080414,0
73546,99,RAC1,0.05999999999999998,0.13963799999999998,0
73547,99,FLNA,0.11,0.1082709,0
73548,99,TFE3,-0.36,-0.15958039999999998,0
73549,99,NCOR2,0.8000000000000002,0.6062339,0
73550,99,PRPF40B,-0.06,-0.0319406,0
73551,99,BCL3,-0.029999999999999992,0.0020225000000000026,0
73552,99,TFPT,-0.30000000000000004,-0.09195600000000001,0
73553,99,MLH1,0.81,0.6818974,0
73554,99,ARHGAP5,0.15,0.12313950000000001,0
73555,99,CIC,0.01,0.007268,0
73556,99,LYN,0.8200000000000001,0.5801867,0
73557,99,TCF12,0.28,0.21704239999999997,0
73558,99,KLF6,0.03,0.0183022,0
73559,99,KMT2C,1.0200000000000002,0.8133632,0
73560,99,PIM1,-0.15000000000000002,-0.048378199999999996,0
73561,99,CCND1,1.3200000000000007,0.8206691999999999,0
73562,99,MLLT1,-1.2000000000000002,-0.3386319,0
73563,99,MEN1,0.050000000000000024,0.080245,0
73564,99,CUL3,0.13999999999999999,0.13904049999999998,0
73565,99,RB1,0.73,0.5269510000000001,0
73566,99,LPP,-0.04000000000000001,-0.009597700000000011,0
73567,99,BUB1B,-0.16,-0.08453250000000001,0
73568,99,SMAD4,1.3700000000000008,1.0437793000000004,0
73569,99,FGFR1,0.24,0.1605867,0
73570,99,TMSB4X,0.04,0.031769599999999995,0
73571,99,CDK4,0.6200000000000001,0.43929159999999995,0
73572,99,MSI2,0.01,0.0072975,0
73573,99,MSH6,0.8500000000000004,0.679107,0
73574,99,BRAF,0.9800000000000004,0.871793,0
73575,99,TCEA1,-0.09999999999999999,-0.020059300000000006,0
73576,99,TNFAIP3,0.12,0.11178300000000001,0
73577,99,RABEP1,0.020000000000000004,0.014802200000000001,0
73578,99,GMPS,-0.06,-0.03625520000000001,0
73579,99,MDM2,1.2400000000000007,0.8238302000000003,0
73580,99,NSD2,0.16,0.1090305,0
73581,99,CASP8,-0.08000000000000003,0.14676509999999998,0
73582,99,PER1,-0.21000000000000002,-0.057662599999999994,0
73583,99,UBR5,-0.039999999999999994,-0.009418399999999992,0
73584,99,EIF3E,-0.039999999999999994,0.0638011,0
73585,99,RFWD3,0.020000000000000004,0.026306700000000002,0
73586,99,BRD3,0.1,0.08708749999999998,0
73587,99,PAFAH1B2,0.02,0.016457,0
73588,99,EXT2,0.010000000000000009,0.006611700000000012,0
73589,99,PLCG1,0.5599999999999999,0.40586770000000005,0
73590,99,SF3B1,-0.29,-0.1058001,0
73591,99,ARHGEF10L,0.03,0.016938299999999996,0
73592,99,NFATC2,0.19000000000000003,0.13293760000000002,0
73593,99,SDHD,0.29,0.169065,0
73594,99,PABPC1,-0.95,-0.22337889999999996,0
73595,99,POLD1,-0.3399999999999999,-0.076374,0
73596,99,CALR,0.039999999999999994,0.03729210000000001,0
73597,99,PIK3CB,0.51,0.4349426,0
73598,99,PPM1D,0.19000000000000003,0.1434723,0
73599,99,ATRX,0.9900000000000004,0.8046346000000001,0
73600,99,DGCR8,0.14,0.08787679999999999,0
73601,99,DDX10,0.14,0.0954288,0
73602,99,DROSHA,0.39,0.27535309999999996,0
73603,99,TNFRSF14,-0.1,-0.040506,0
73604,99,BCL9L,0.13999999999999999,0.09804460000000001,0
73605,99,QKI,-0.08,-0.04903099999999999,0
73606,99,BAZ1A,0.01,0.0070456,0
73607,99,CHD4,0.21,0.18110960000000004,0
73608,99,NSD3,0.1,0.0904423,0
73609,99,NT5C2,0.17,0.1060944,0
73610,99,CCNB1IP1,0.12,0.05624439999999999,0
73611,99,PCBP1,-0.8899999999999999,-0.2728394,0
73612,99,RALGDS,0.12,0.0948753,0
73613,99,ARHGEF12,-0.009999999999999998,0.005732400000000002,0
73614,99,HSP90AB1,1.1800000000000006,0.8026764,0
73615,99,FOXO3,1.3600000000000005,0.9506994999999998,0
73616,99,HIP1,-0.01,-0.0066432,0
73617,99,CDC73,-0.18,-0.0362216,0
73618,99,NIN,0.03,0.023137099999999997,0
73619,99,MDM4,0.09000000000000001,0.1485824,0
73620,99,COL3A1,0.15,0.13823030000000003,0
73621,99,CTNND1,0.15,0.14947590000000002,0
73622,99,SPOP,0.0,0.031241599999999994,0
73623,99,TMEM127,0.07,0.0621605,0
73624,99,CREB3L2,0.15,0.0902424,0
73625,99,MSH2,0.9100000000000004,0.6917070000000001,0
73626,99,FNBP1,0.0,0.0056153999999999996,0
73627,99,ATF1,0.05,0.031437099999999996,0
73628,99,EIF1AX,-0.52,-0.23953799999999997,0
73629,99,PMS1,0.46,0.3573158,0
73630,99,DEK,0.13,0.1173006,0
73631,99,ERBB2,0.9800000000000004,0.6272635,0
73632,99,AKT1,1.2400000000000007,0.7853138000000002,0
73633,99,CHEK2,0.36,0.37444089999999997,0
73634,99,SDHB,0.43,0.27768829999999994,0
73635,99,NCOA1,0.41000000000000003,0.2910084,0
73636,99,CHIC2,0.049999999999999996,0.027895000000000003,0
73637,99,RUNX1,0.49,0.6223886000000003,0
73638,99,STAT6,0.29000000000000004,0.2106818,0
73639,99,FH,-0.18,-0.0607155,0
73640,99,AKT3,1.0700000000000005,0.7197754000000001,0
73641,99,GNAS,0.24,0.1536237,0
73642,99,CTNNB1,1.3200000000000005,0.8866647999999999,0
73643,99,NONO,0.19999999999999998,0.14313889999999999,0
73644,99,SMARCB1,0.9200000000000004,0.6678481999999998,0
73645,99,PRKAR1A,0.12,0.10841040000000002,0
73646,99,ITGAV,0.030000000000000006,0.039077200000000006,0
73647,99,SS18,0.39,0.250949,0
73648,99,MAP2K1,1.0600000000000005,0.6606152000000001,0
73649,99,SIRPA,0.02,0.0123144,0
73650,99,PPFIBP1,0.36999999999999994,0.24363899999999997,0
73651,99,RPL22,-0.15000000000000002,0.10097219999999998,0
73652,99,CYLD,0.31000000000000005,0.24720960000000003,0
73653,99,ARID1B,0.73,0.5411290999999999,0
73654,99,SETDB1,0.33,0.2377325,0
73655,99,AFDN,-0.3799999999999999,-0.1232072,0
73656,99,ZRSR2,0.33000000000000007,0.23835830000000002,0
73657,99,PBRM1,0.9400000000000004,0.6789926000000001,0
73658,99,XPC,0.5800000000000001,0.3849264,0
73659,99,ASXL2,0.24,0.16052890000000003,0
73660,99,TRIM24,-0.2,-0.0839073,0
73661,99,SFPQ,-0.09999999999999998,-0.0011473000000000039,0
73662,99,NCOA2,0.55,0.3832129,0
73663,99,FOXO4,0.3400000000000001,0.2284776,0
73664,99,LEF1,0.05000000000000002,0.05688170000000001,0
73665,99,B2M,-0.65,-0.22227709999999995,0
73666,99,DDIT3,-0.37,-0.08877270000000001,0
73667,99,BCL6,0.5800000000000001,0.40679529999999997,0
73668,99,KRAS,-1.9900000000000004,-0.5147622999999999,0
73669,99,FAT1,0.030000000000000006,0.041102,0
73670,99,ABL2,0.08,0.0639821,0
73671,99,NF1,0.9400000000000004,0.7636548,0
73672,99,BTG1,-0.02,-0.0107112,0
73673,99,EIF4A2,0.11,0.09547190000000001,0
73674,99,SET,0.17,0.1422887,0
73675,99,EPS15,0.019999999999999997,0.0252964,0
73676,99,RNF213,0.04,0.032,0
73677,99,CTCF,0.8900000000000003,0.6417917999999999,0
73678,99,WDCP,0.11,0.074993,0
73679,99,KAT7,0.13,0.10173239999999999,0
73680,99,KDM5C,0.16,0.1486404,0
73681,99,TGFBR2,0.15999999999999992,0.1292008,0
73682,99,ATM,1.5000000000000009,1.1532962999999996,0
73683,99,NUMA1,6.938893903907228e-18,0.009517200000000003,0
73684,99,STAT3,1.4100000000000008,1.1087792,0
73685,99,SUB1,-0.26,-0.09524039999999999,0
73686,99,NUP98,0.13000000000000003,0.14180659999999995,0
73687,99,ELL,0.04,0.031509700000000015,0
73688,99,MAP3K1,0.39999999999999997,0.31130140000000006,0
73689,99,MALT1,0.11000000000000001,0.1351883,0
73690,99,XPO1,0.36,0.29552,0
73691,99,SETD1B,0.14,0.1029123,0
73692,99,ETV6,-0.18000000000000002,-0.06162170000000001,0
73693,99,TBL1XR1,0.16,0.104413,0
73694,99,NUP214,1.9081958235744878e-17,0.11852180000000001,0
73695,99,TPR,0.09,0.09467129999999999,0
73696,99,ATIC,0.07,0.05973840000000001,0
73697,99,NACA,0.24,0.1658304,0
73698,99,MYO5A,0.03,0.0235593,0
73699,99,SMC1A,0.6300000000000001,0.5130993999999999,0
73700,99,LASP1,-0.22000000000000003,-0.1233723,0
73701,99,ERCC5,0.41000000000000003,0.2620358,0
73702,99,JUN,0.22999999999999995,0.2714563999999999,0
73703,99,THRAP3,0.07,0.05860120000000001,0
73704,99,STAG2,0.5000000000000001,0.38721359999999994,0
73705,99,RAF1,1.0500000000000003,0.7391923000000002,0
73706,99,ERCC3,0.51,0.420593,0
73707,99,SMAD2,0.49000000000000005,0.47992790000000024,0
73708,99,TAF15,0.18000000000000005,0.15602920000000003,0
73709,99,ARNT,0.31999999999999995,0.25450609999999996,0
73710,99,CLTC,-0.5,-0.26849860000000003,0
73711,99,IKBKB,0.45000000000000007,0.41728129999999997,0
73712,99,IDH1,-0.7000000000000002,-0.19925110000000001,0
73713,99,SND1,-0.03,-0.011733700000000001,0
73714,99,KNSTRN,0.03,0.0251388,0
73715,99,RHOA,-1.3800000000000001,-0.3723308000000001,0
73716,99,PALB2,0.51,0.4534626999999999,0
73717,99,ARID2,0.7600000000000002,0.5789441000000001,0
73718,99,EZR,-0.05,0.024185500000000002,0
73719,99,TP53,-1.1300000000000001,-0.15899110000000008,0
73720,99,ARAF,0.42000000000000004,0.2384326,0
73721,99,KIF5B,0.41,0.2912956,0
73722,99,KAT6A,0.15999999999999998,0.16669629999999996,0
73723,99,KTN1,-0.09,-0.028841999999999996,0
73724,99,GOLGA5,-0.15000000000000002,-0.0967322,0
73725,99,KDM5A,0.27,0.23463499999999995,0
73726,99,RAD21,0.49000000000000005,0.3811393,0
73727,99,GNAQ,0.12000000000000001,0.08724150000000001,0
73728,99,CAMTA1,0.02,0.0125068,0
73729,99,ERCC2,0.65,0.4614264,0
73730,99,EZH2,1.8300000000000012,1.1816779,0
73731,99,TOP1,0.13,0.1067382,0
73732,99,SRSF3,-0.36,-0.11631930000000004,0
73733,99,NPM1,0.02999999999999996,0.17331800000000003,0
73734,99,BAX,-0.54,-0.1619817,0
73735,99,NOTCH2,0.27,0.21230870000000002,0
73736,99,TRAF7,0.04,0.031185200000000003,0
73737,99,KDM6A,0.8700000000000003,0.7512508,0
73738,99,SPEN,0.09999999999999999,0.0737122,0
73739,99,TRIM27,-0.42,-0.15454900000000002,0
73740,99,CRTC1,0.13,0.0994296,0
73741,99,EML4,0.32000000000000006,0.2550659,0
73742,99,USP9X,-0.060000000000000005,-0.03899659999999999,0
73743,99,PTPRK,0.01,0.0067203,0
73744,99,CD74,-0.14,-0.009533899999999998,0
73745,99,CBL,0.6300000000000001,0.45781960000000005,0
73746,99,ZNF384,-0.08,-0.0400185,0
73747,99,NOTCH1,0.9200000000000004,0.6909274999999998,0
73748,99,COX6C,-0.11000000000000001,-0.050649200000000005,0
73749,99,CHCHD7,0.03,0.020232,0
73750,99,HMGA1,-0.13,-0.056586700000000004,0
73751,99,PTEN,1.320000000000001,1.1014111000000002,0
73752,99,FIP1L1,-0.04000000000000001,-0.023754200000000003,0
73753,99,JAK1,0.8100000000000003,0.6227245,0
73754,99,ZMYM2,-0.060000000000000005,-0.0407497,0
73755,99,SUZ12,0.8200000000000003,0.5967983,0
73756,99,FUS,-0.14000000000000007,0.14622039999999997,0
73757,99,BAP1,0.09,0.08387850000000001,0
73758,99,ZCCHC8,-0.08,-0.022737599999999997,0
73759,99,CRNKL1,-0.049999999999999996,-0.0273601,0
73760,99,RAD17,0.13999999999999999,0.1026224,0
73761,99,ATP1A1,-0.009999999999999998,-0.0033097000000000005,0
73762,99,DNMT3A,0.8900000000000003,0.7027684999999999,0
73763,99,FBXW7,0.9500000000000003,0.7338685000000001,0
73764,99,WWTR1,-0.09999999999999999,-0.046598,0
73765,99,CDKN1B,0.52,0.33046600000000004,0
73766,99,KMT2A,0.3700000000000001,0.3294202000000001,0
73767,99,PTPN11,0.8600000000000003,0.6404281000000002,0
73768,99,STAT5B,0.5800000000000001,0.45180650000000006,0
73769,99,CUX1,-0.11,-0.07371459999999999,0
73770,99,ABI1,-0.36,-0.111291,0
73771,99,BRCA1,1.6300000000000012,1.2869461999999998,0
73772,99,SH2B3,0.04,0.0323294,0
73773,99,AFF4,-0.020000000000000004,0.011125200000000009,0
73774,99,NF2,-0.04000000000000002,0.045221399999999995,0
73775,99,LMNA,0.07999999999999999,0.07078079999999999,0
73776,99,TSC2,0.42000000000000004,0.3806092,0
73777,99,GOLPH3,-0.09999999999999999,-0.05962049999999999,0
73778,99,PCM1,-0.04,-0.0266081,0
73779,99,PPP2R1A,-0.3400000000000001,-0.09665479999999996,0
73780,99,ARID1A,1.8300000000000012,1.3135480999999998,0
73781,99,ABL1,0.30000000000000004,0.2486333,0
73782,99,AFF1,0.18,0.15152559999999998,0
73783,99,DAXX,-0.37999999999999995,-0.10710339999999997,0
73784,99,CBFB,0.14,0.1053878,0
73785,99,CBLB,0.14,0.10715090000000001,0
73786,99,POLR2A,0.05999999999999997,0.17677909999999997,0
73787,99,PRKACA,0.3900000000000001,0.3076474,0
73788,99,DNM2,-0.17,-0.06330380000000001,0
73789,99,RAP1GDS1,-0.04000000000000001,-0.009876500000000007,0
73790,99,NCOR1,0.9200000000000003,0.7915816999999999,0
73791,99,NFKBIE,-0.33,-0.10742660000000001,0
73792,99,DDX3X,0.1,0.1099707,0
73793,99,ELK4,0.02,0.014563999999999999,0
73794,99,MLLT6,0.13,0.0999478,0
73795,99,SRSF2,-1.26,-0.3500491,0
73796,99,CTNNA1,0.09000000000000001,0.0671675,0
73797,99,RBM10,0.21,0.14369289999999998,0
73798,99,PTPRC,0.06999999999999999,0.09139749999999999,0
73799,99,HSP90AA1,1.2300000000000006,0.8277553999999997,0
